0 0.3896484375 0.840277778125 0.3876953125 0.8368055562500001 0.3740234375 0.8368055562500001 0.37109375 0.8420138890625 0.37109375 0.855902778125 0.369140625 0.859375 0.3701171875 0.878472221875 0.3916015625 0.8819444437499999 0.3935546875 0.8854166671874999 0.4072265625 0.8854166671874999 0.4091796875 0.8888888890625 0.4140625 0.887152778125 0.4140625 0.8767361109375 0.416015625 0.8732638890625 0.4150390625 0.847222221875 0.3896484375 0.840277778125
0 0.11328125 0.7586805562500001 0.11328125 0.7413194437499999 0.1171875 0.734375 0.119140625 0.7100694437499999 0.1123046875 0.6979166671875 0.1005859375 0.6944444437499999 0.0986328125 0.690972221875 0.0869140625 0.690972221875 0.0869140625 0.6979166671875 0.0791015625 0.7013888890625 0.068359375 0.762152778125 0.068359375 0.769097221875 0.0732421875 0.777777778125 0.07421875 0.7760416671875 0.0849609375 0.7604166671875 0.0869140625 0.7638888890625 0.1064453125 0.7708333328125 0.11328125 0.7586805562500001
0 0.19921875 0.36284722187499996 0.19921875 0.3454861109375 0.201171875 0.3420138890625 0.2001953125 0.3298611109375 0.1865234375 0.3263888890625 0.1845703125 0.3229166671875 0.1728515625 0.3229166671875 0.1689453125 0.3333333328125 0.158203125 0.33506944375000003 0.154296875 0.3802083328125 0.15234375 0.38368055624999997 0.15234375 0.39409722187499996 0.1552734375 0.39930555624999997 0.1650390625 0.39930555624999997 0.1669921875 0.40277777812500004 0.1943359375 0.40972222187499996 0.2021484375 0.4166666671875 0.205078125 0.41493055625 0.208984375 0.4045138890625 0.2109375 0.3697916671875 0.2080078125 0.3645833328125 0.19921875 0.36284722187499996
0 0.76953125 0.4114583328125 0.767578125 0.39409722187499996 0.76171875 0.38368055624999997 0.76171875 0.3732638890625 0.7568359375 0.36805555624999997 0.7314453125 0.3611111109375 0.728515625 0.36631944375000003 0.728515625 0.3767361109375 0.7265625 0.3802083328125 0.72265625 0.42534722187499996 0.7255859375 0.43055555625 0.7353515625 0.4270833328125 0.7451171875 0.44097222187499996 0.7509765625 0.44097222187499996 0.7529296875 0.44444444375 0.759765625 0.4427083328125 0.7646484375 0.44097222187499996 0.767578125 0.4357638890625 0.767578125 0.41493055625 0.76953125 0.4114583328125
0 0.666015625 0.359375 0.6552734375 0.35069444375000003 0.6435546875 0.35069444375000003 0.642578125 0.359375 0.6396484375 0.3645833328125 0.630859375 0.3697916671875 0.62890625 0.39756944375000003 0.626953125 0.4010416671875 0.6298828125 0.40625 0.6416015625 0.40625 0.6435546875 0.40972222187499996 0.658203125 0.4079861109375 0.66015625 0.390625 0.6640625 0.38715277812500004 0.666015625 0.3767361109375 0.666015625 0.359375
0 0.8427734375 0.41319444375 0.8251953125 0.40972222187499996 0.822265625 0.41493055625 0.822265625 0.42534722187499996 0.8203125 0.42881944375 0.81640625 0.47743055625 0.8212890625 0.4826388890625 0.8310546875 0.4826388890625 0.8330078125 0.4861111109375 0.845703125 0.484375 0.845703125 0.46006944375 0.84765625 0.45659722187499996 0.849609375 0.421875 0.8427734375 0.41319444375
0 0.9228515625 0.059027778125 0.9111328125 0.05208333281250001 0.8955078125 0.0486111109375 0.8935546875 0.0451388890625 0.8662109375 0.03819444375 0.8564453125 0.03125 0.8388671875 0.027777778125000003 0.8369140625 0.02430555625 0.8310546875 0.02430555625 0.828125 0.0295138890625 0.826171875 0.0364583328125 0.826171875 0.053819443749999994 0.82421875 0.05729166718749999 0.8251953125 0.08333333281250001 0.8369140625 0.08680555625 0.8388671875 0.090277778125 0.8466796875 0.090277778125 0.8486328125 0.09375 0.8720703125 0.097222221875 0.8740234375 0.10069444375 0.9033203125 0.1111111109375 0.9130859375 0.11805555625 0.916015625 0.11631944375 0.919921875 0.112847221875 0.921875 0.09201388906249999 0.923828125 0.08854166718749999 0.9228515625 0.059027778125
0 0.724609375 0.8975694437499999 0.7197265625 0.8888888890625 0.6845703125 0.8854166671874999 0.681640625 0.894097221875 0.6796875 0.9461805562500001 0.6865234375 0.9513888890625 0.71875 0.953125 0.72265625 0.9322916671874999 0.720703125 0.9288194437499999 0.72265625 0.925347221875 0.724609375 0.8975694437499999
0 0.9228515625 0.4270833328125 0.912109375 0.4322916671875 0.912109375 0.4427083328125 0.91015625 0.44618055625 0.9111328125 0.4826388890625 0.9287109375 0.4826388890625 0.9306640625 0.4861111109375 0.9453125 0.48784722187499996 0.94921875 0.4739583328125 0.9501953125 0.43402777812500004 0.9248046875 0.43055555625 0.9228515625 0.4270833328125
0 0.5927734375 0.3333333328125 0.5634765625 0.3263888890625 0.560546875 0.33159722187499996 0.560546875 0.3489583328125 0.55859375 0.35243055624999997 0.55859375 0.3697916671875 0.556640625 0.3732638890625 0.5546875 0.39409722187499996 0.5654296875 0.40625 0.5751953125 0.40277777812500004 0.5791015625 0.40972222187499996 0.59375 0.4079861109375 0.595703125 0.3802083328125 0.599609375 0.36284722187499996 0.599609375 0.3385416671875 0.5927734375 0.3333333328125
0 0.6708984375 0.9618055562500001 0.6689453125 0.9583333328125001 0.658203125 0.9600694437499999 0.65625 0.9670138890625 0.6572265625 1 0.681640625 0.9982638890625 0.681640625 0.9739583328125001 0.68359375 0.9670138890625 0.6806640625 0.9618055562500001 0.6708984375 0.9618055562500001
0 0.93359375 0.7239583328125 0.935546875 0.699652778125 0.9326171875 0.6944444437499999 0.9013671875 0.6875 0.8984375 0.6927083328125 0.896484375 0.7204861109375 0.892578125 0.730902778125 0.892578125 0.7413194437499999 0.8896484375 0.7430555562500001 0.888671875 0.7482638890625 0.8955078125 0.7569444437499999 0.9140625 0.762152778125 0.91796875 0.7586805562500001 0.921875 0.730902778125 0.9248046875 0.7256944437499999 0.93359375 0.7239583328125
0 0.45703125 0.6961805562500001 0.462890625 0.671875 0.4580078125 0.6631944437499999 0.4521484375 0.6631944437499999 0.4501953125 0.659722221875 0.4326171875 0.659722221875 0.4306640625 0.65625 0.4189453125 0.652777778125 0.416015625 0.6579861109375 0.416015625 0.668402778125 0.4140625 0.671875 0.41015625 0.703125 0.4130859375 0.7083333328125 0.4248046875 0.7118055562500001 0.4267578125 0.715277778125 0.4345703125 0.715277778125 0.4365234375 0.71875 0.443359375 0.7170138890625 0.4482421875 0.7048611109375 0.4501953125 0.7083333328125 0.45703125 0.706597221875 0.45703125 0.6961805562500001
0 0.8623046875 0.15972222187500001 0.8330078125 0.15625 0.828125 0.16493055625 0.826171875 0.21354166718749998 0.8310546875 0.21875 0.8408203125 0.21875 0.8427734375 0.222222221875 0.8525390625 0.222222221875 0.8544921875 0.22569444375 0.859375 0.22395833281250002 0.86328125 0.203125 0.86328125 0.17534722187500001 0.865234375 0.16493055625 0.8623046875 0.15972222187500001
0 0.724609375 0.1232638890625 0.7216796875 0.11805555625 0.7138671875 0.11805555625 0.7021484375 0.1111111109375 0.6865234375 0.1111111109375 0.68359375 0.11631944375 0.681640625 0.140625 0.6884765625 0.14236111093749998 0.69140625 0.14756944375 0.689453125 0.171875 0.6962890625 0.1770833328125 0.7060546875 0.1770833328125 0.7080078125 0.18055555625 0.720703125 0.17881944375 0.724609375 0.1614583328125 0.724609375 0.13715277812499999 0.7265625 0.13368055625 0.724609375 0.1232638890625
0 0.052734375 0.42881944375 0.0458984375 0.4201388890625 0.0361328125 0.4201388890625 0.0244140625 0.41319444375 0.0126953125 0.41319444375 0.009765625 0.42534722187499996 0.0078125 0.4635416671875 0.005859375 0.4670138890625 0.005859375 0.48784722187499996 0.013671875 0.4982638890625 0.01171875 0.5017361109375 0.0146484375 0.5069444437499999 0.0302734375 0.5104166671875 0.0322265625 0.5138888890625 0.04296875 0.512152778125 0.046875 0.4947916671875 0.046875 0.47743055625 0.05078125 0.46006944375 0.052734375 0.42881944375
0 0.0673828125 0.3125 0.0634765625 0.30902777812500004 0.0517578125 0.30902777812500004 0.0498046875 0.31597222187499996 0.0400390625 0.31597222187499996 0.0380859375 0.3125 0.021484375 0.3142361109375 0.01953125 0.35590277812500004 0.0224609375 0.3611111109375 0.0263671875 0.3645833328125 0.0380859375 0.3645833328125 0.0400390625 0.36805555624999997 0.072265625 0.3732638890625 0.07421875 0.3697916671875 0.07421875 0.3385416671875 0.068359375 0.32465277812500004 0.0673828125 0.3125
0 0.5732421875 0.9375 0.5673828125 0.9375 0.5654296875 0.934027778125 0.5537109375 0.9375 0.5498046875 0.9305555562500001 0.5146484375 0.9201388890625 0.51171875 0.925347221875 0.509765625 0.9774305562500001 0.5126953125 0.9826388890625 0.546875 0.987847221875 0.5498046875 0.9826388890625 0.5712890625 0.9861111109375 0.576171875 0.9427083328125001 0.5732421875 0.9375
0 0.4580078125 0.5138888890625 0.4501953125 0.5138888890625 0.4482421875 0.5104166671875 0.4365234375 0.5069444437499999 0.43359375 0.512152778125 0.43359375 0.5225694437499999 0.4296875 0.5329861109375 0.42578125 0.581597221875 0.4501953125 0.590277778125 0.4521484375 0.59375 0.458984375 0.5920138890625 0.462890625 0.546875 0.466796875 0.5399305562500001 0.46875 0.5295138890625 0.4580078125 0.5138888890625
0 0.951171875 0.17881944375 0.953125 0.17534722187500001 0.951171875 0.171875 0.951171875 0.1510416671875 0.9423828125 0.1458333328125 0.9326171875 0.15972222187500001 0.9248046875 0.15972222187500001 0.9228515625 0.15625 0.9169921875 0.15625 0.916015625 0.14756944375 0.9130859375 0.14236111093749998 0.8955078125 0.14236111093749998 0.890625 0.21354166718749998 0.8974609375 0.21875 0.9091796875 0.21875 0.9150390625 0.22569444375 0.9189453125 0.22569444375 0.919921875 0.237847221875 0.9228515625 0.24305555625 0.9365234375 0.246527778125 0.9384765625 0.25 0.943359375 0.24826388906250002 0.947265625 0.24131944375 0.94921875 0.19965277812499999 0.951171875 0.19618055625 0.951171875 0.17881944375
0 0.0810546875 0.23958333281250002 0.0634765625 0.23611111093749998 0.0517578125 0.22916666718749998 0.0400390625 0.22916666718749998 0.0380859375 0.22569444375 0.033203125 0.230902778125 0.03125 0.26215277812500004 0.029296875 0.265625 0.029296875 0.2795138890625 0.0322265625 0.28472222187499996 0.0556640625 0.28819444375000003 0.0615234375 0.2916666671875 0.0673828125 0.30555555624999997 0.078125 0.30381944375000003 0.080078125 0.30034722187499996 0.080078125 0.27256944375000003 0.08203125 0.26909722187499996 0.0810546875 0.23958333281250002
0 0.5087890625 0.08333333281250001 0.5078125 0.10243055625 0.509765625 0.105902778125 0.5078125 0.109375 0.5078125 0.13715277812499999 0.5107421875 0.14236111093749998 0.52734375 0.140625 0.529296875 0.08854166718749999 0.5205078125 0.08680555625 0.5185546875 0.08333333281250001 0.5087890625 0.08333333281250001
0 0.3251953125 0.9270833328125001 0.3212890625 0.9513888890625 0.3056640625 0.9479166671874999 0.302734375 0.956597221875 0.3037109375 0.9756944437499999 0.3154296875 0.9756944437499999 0.3173828125 0.9791666671874999 0.337890625 0.9774305562500001 0.33984375 0.9392361109375 0.341796875 0.9357638890625 0.3388671875 0.9270833328125001 0.3251953125 0.9270833328125001
0 0.806640625 0.18923611093749998 0.80859375 0.14409722187500001 0.8056640625 0.13888888906250002 0.7861328125 0.13888888906250002 0.7841796875 0.1354166671875 0.7646484375 0.13194444375 0.7578125 0.15798611093749998 0.755859375 0.1927083328125 0.7607421875 0.1979166671875 0.7724609375 0.1979166671875 0.7841796875 0.20833333281250002 0.787109375 0.206597221875 0.7919921875 0.1875 0.7978515625 0.1875 0.7998046875 0.19097222187500001 0.806640625 0.18923611093749998
0 0.5849609375 0.59375 0.5869140625 0.597222221875 0.591796875 0.5920138890625 0.591796875 0.581597221875 0.59375 0.578125 0.591796875 0.5677083328125 0.5849609375 0.5625 0.5712890625 0.5625 0.5693359375 0.559027778125 0.5419921875 0.5520833328125 0.5390625 0.5642361109375 0.5390625 0.5920138890625 0.537109375 0.6024305562500001 0.5419921875 0.6111111109375 0.5517578125 0.6111111109375 0.5537109375 0.6145833328125 0.568359375 0.612847221875 0.568359375 0.5989583328125 0.5732421875 0.590277778125 0.5751953125 0.59375 0.5849609375 0.59375
0 0.91796875 0.956597221875 0.9169921875 0.9479166671874999 0.9111328125 0.9444444437499999 0.9072265625 0.9375 0.9013671875 0.9375 0.8994140625 0.934027778125 0.8759765625 0.9305555562500001 0.8662109375 0.9236111109375 0.8603515625 0.9236111109375 0.857421875 0.9288194437499999 0.85546875 0.9635416671874999 0.8623046875 0.9791666671874999 0.8681640625 0.9826388890625 0.8720703125 0.9930555562500001 0.8779296875 0.9895833328125001 0.8916015625 0.9895833328125001 0.8935546875 0.996527778125 0.8974609375 1 0.900390625 0.9982638890625 0.9052734375 0.9930555562500001 0.91015625 0.980902778125 0.91015625 0.9739583328125001 0.91796875 0.956597221875
0 0.17578125 0.8072916671874999 0.177734375 0.8038194437499999 0.177734375 0.796875 0.1748046875 0.7916666671875 0.1572265625 0.7881944437499999 0.1552734375 0.784722221875 0.134765625 0.7864583328125 0.134765625 0.796875 0.1328125 0.800347221875 0.134765625 0.831597221875 0.1328125 0.8350694437499999 0.130859375 0.8732638890625 0.1376953125 0.8819444437499999 0.1484375 0.8802083328125001 0.154296875 0.8732638890625 0.1552734375 0.847222221875 0.173828125 0.8454861109375 0.17578125 0.8072916671874999
0 0.2958984375 0.3958333328125 0.2841796875 0.3854166671875 0.2744140625 0.3854166671875 0.271484375 0.390625 0.271484375 0.4045138890625 0.267578125 0.421875 0.267578125 0.4427083328125 0.2900390625 0.4548611109375 0.30078125 0.453125 0.302734375 0.4322916671875 0.3046875 0.42881944375 0.3046875 0.39756944375000003 0.2958984375 0.3958333328125
0 0.5419921875 0.7604166671875 0.5263671875 0.7604166671875 0.5224609375 0.7569444437499999 0.517578125 0.765625 0.517578125 0.7795138890625 0.513671875 0.793402778125 0.513671875 0.8177083328125001 0.5166015625 0.8229166671874999 0.5283203125 0.8298611109375 0.5322265625 0.8263888890625 0.5380859375 0.8263888890625 0.5400390625 0.8298611109375 0.546875 0.828125 0.548828125 0.8072916671874999 0.55078125 0.8038194437499999 0.55078125 0.769097221875 0.5419921875 0.7604166671875
0 0.470703125 0.4704861109375 0.4658203125 0.46527777812500004 0.4404296875 0.4583333328125 0.4375 0.4704861109375 0.4375 0.484375 0.435546875 0.48784722187499996 0.435546875 0.5052083328125 0.4404296875 0.5104166671875 0.45703125 0.512152778125 0.4580078125 0.503472221875 0.4619140625 0.5069444437499999 0.466796875 0.5052083328125 0.470703125 0.4704861109375
0 0.6220703125 0.15625 0.619140625 0.16493055625 0.619140625 0.19618055625 0.6240234375 0.20138888906250002 0.638671875 0.203125 0.642578125 0.18576388906250002 0.642578125 0.1614583328125 0.6396484375 0.15625 0.6220703125 0.15625
0 0.23046875 0.859375 0.228515625 0.9010416671874999 0.2373046875 0.90625 0.2470703125 0.90625 0.2490234375 0.909722221875 0.2578125 0.9079861109375 0.259765625 0.9045138890625 0.259765625 0.862847221875 0.2353515625 0.8506944437499999 0.23046875 0.859375
0 0.6318359375 0.996527778125 0.634765625 0.9704861109375 0.6279296875 0.9618055562500001 0.6201171875 0.9618055562500001 0.6142578125 0.9548611109375 0.6083984375 0.9548611109375 0.5986328125 0.9479166671874999 0.59375 0.956597221875 0.59375 0.9774305562500001 0.591796875 0.980902778125 0.591796875 0.9982638890625 0.59375 0.9982638890625 0.6083984375 0.996527778125 0.6103515625 0.9930555562500001 0.6142578125 0.996527778125 0.6318359375 0.996527778125
0 0.99609375 0.0364583328125 0.994140625 0.0017361109374999999 0.9365234375 0 0.935546875 0.0017361109374999999 0.9384765625 0.006944443749999999 0.94921875 0.00868055625 0.943359375 0.03993055625 0.94140625 0.06423611093750001 0.9443359375 0.06944444375 0.9765625 0.074652778125 0.9853515625 0.07291666718749999 0.9921875 0.053819443749999994 0.9921875 0.046875 0.99609375 0.0364583328125
0 0.4306640625 0.8923611109375 0.3994140625 0.8888888890625 0.3984375 0.9114583328125001 0.396484375 0.9149305562500001 0.396484375 0.953125 0.4072265625 0.9618055562500001 0.421875 0.9600694437499999 0.423828125 0.956597221875 0.42578125 0.9149305562500001 0.43359375 0.8975694437499999 0.4306640625 0.8923611109375
0 0.6572265625 0.11805555625 0.65234375 0.13368055625 0.650390625 0.17534722187500001 0.671875 0.17534722187500001 0.673828125 0.171875 0.67578125 0.12673611093749998 0.6708984375 0.121527778125 0.6572265625 0.11805555625
0 0.560546875 0.6614583328125 0.5625 0.6545138890625 0.5576171875 0.6493055562500001 0.5341796875 0.652777778125 0.529296875 0.668402778125 0.52734375 0.706597221875 0.5322265625 0.7118055562500001 0.5556640625 0.715277778125 0.5615234375 0.7256944437499999 0.56640625 0.7239583328125 0.568359375 0.7170138890625 0.568359375 0.6927083328125 0.560546875 0.6892361109375 0.560546875 0.6614583328125
0 0.052734375 0.5885416671875 0.048828125 0.574652778125 0.048828125 0.5607638890625 0.0458984375 0.5555555562500001 0.0126953125 0.5520833328125 0.005859375 0.5607638890625 0.005859375 0.5711805562500001 0.00390625 0.574652778125 0.00390625 0.605902778125 0.0068359375 0.6111111109375 0.0126953125 0.6145833328125 0.0380859375 0.6145833328125 0.0478515625 0.621527778125 0.05078125 0.6197916671875 0.0576171875 0.6180555562500001 0.0625 0.6024305562500001 0.0595703125 0.59375 0.052734375 0.5885416671875
0 0.54296875 0.42534722187499996 0.54296875 0.44965277812500004 0.552734375 0.453125 0.55859375 0.42534722187499996 0.5556640625 0.4201388890625 0.5458984375 0.4166666671875 0.54296875 0.42534722187499996
0 0 0.769097221875 0.005859375 0.7760416671875 0.005859375 0.7864583328125 0.0087890625 0.7916666671875 0.0224609375 0.7881944437499999 0.025390625 0.793402778125 0.0234375 0.8107638890625 0.0166015625 0.8125 0.0166015625 0.8194444437499999 0.0205078125 0.8194444437499999 0.0263671875 0.8298611109375 0.04296875 0.828125 0.046875 0.8211805562500001 0.048828125 0.793402778125 0.05078125 0.7899305562500001 0.05078125 0.7795138890625 0.0478515625 0.7743055562500001 0.0244140625 0.7673611109375 0.0224609375 0.7638888890625 0 0.765625 0 0.769097221875
0 0.5791015625 0.034722221875 0.5966796875 0.034722221875 0.6103515625 0.0451388890625 0.61328125 0.043402778125 0.615234375 0.03993055625 0.6162109375 0 0.578125 0.0017361109374999999 0.5791015625 0.034722221875
0 0.2080078125 0.847222221875 0.1923828125 0.847222221875 0.1806640625 0.840277778125 0.177734375 0.8454861109375 0.17578125 0.8836805562500001 0.1787109375 0.8888888890625 0.1845703125 0.8888888890625 0.1865234375 0.8923611109375 0.201171875 0.890625 0.2041015625 0.8854166671874999 0.208984375 0.8836805562500001 0.2109375 0.8524305562500001 0.2080078125 0.847222221875
0 0.478515625 0.3732638890625 0.4716796875 0.3645833328125 0.4404296875 0.3576388890625 0.4375 0.36284722187499996 0.435546875 0.390625 0.43359375 0.39409722187499996 0.43359375 0.4322916671875 0.4521484375 0.43402777812500004 0.4638671875 0.44097222187499996 0.470703125 0.4392361109375 0.47265625 0.4357638890625 0.474609375 0.39756944375000003 0.4765625 0.39409722187499996 0.478515625 0.3732638890625
0 0.7861328125 0.972222221875 0.7744140625 0.972222221875 0.7724609375 0.96875 0.7607421875 0.96875 0.7587890625 0.965277778125 0.7548828125 0.965277778125 0.751953125 0.9704861109375 0.751953125 0.980902778125 0.75 0.984375 0.7509765625 1 0.80859375 0.9982638890625 0.80859375 0.984375 0.8056640625 0.9791666671874999 0.7939453125 0.9791666671874999 0.7861328125 0.972222221875
0 0.7958984375 0.940972221875 0.79296875 0.9461805562500001 0.79296875 0.9739583328125001 0.7978515625 0.9826388890625 0.810546875 0.980902778125 0.8125 0.9739583328125001 0.8125 0.9461805562500001 0.8056640625 0.940972221875 0.7958984375 0.940972221875
0 0.8212890625 0.3576388890625 0.8115234375 0.3576388890625 0.8095703125 0.3541666671875 0.7998046875 0.3541666671875 0.7978515625 0.35069444375000003 0.779296875 0.35243055624999997 0.7822265625 0.3645833328125 0.7978515625 0.36805555624999997 0.798828125 0.38368055624999997 0.8037109375 0.3958333328125 0.8095703125 0.3958333328125 0.8115234375 0.39930555624999997 0.818359375 0.39756944375000003 0.8203125 0.390625 0.8203125 0.3697916671875 0.822265625 0.36631944375000003 0.8212890625 0.3576388890625
0 0.294921875 0.862847221875 0.29296875 0.859375 0.294921875 0.8489583328125001 0.2919921875 0.84375 0.2861328125 0.84375 0.2841796875 0.840277778125 0.2802734375 0.840277778125 0.27734375 0.8454861109375 0.275390625 0.8802083328125001 0.2724609375 0.8854166671874999 0.2626953125 0.8854166671874999 0.259765625 0.894097221875 0.2626953125 0.90625 0.271484375 0.9079861109375 0.271484375 0.918402778125 0.2744140625 0.9236111109375 0.28125 0.921875 0.2861328125 0.9201388890625 0.2890625 0.9149305562500001 0.291015625 0.8663194437499999 0.294921875 0.862847221875
0 0.3251953125 0.8506944437499999 0.31640625 0.862847221875 0.314453125 0.8732638890625 0.31640625 0.8836805562500001 0.310546875 0.890625 0.3125 0.8975694437499999 0.310546875 0.918402778125 0.3134765625 0.9236111109375 0.3193359375 0.9236111109375 0.3212890625 0.9270833328125001 0.33984375 0.9288194437499999 0.34375 0.9149305562500001 0.345703125 0.855902778125 0.3427734375 0.8506944437499999 0.3251953125 0.8506944437499999
0 0.9111328125 0.534722221875 0.8935546875 0.534722221875 0.892578125 0.546875 0.888671875 0.5538194437499999 0.888671875 0.5677083328125 0.8916015625 0.5729166671875 0.908203125 0.5711805562500001 0.91015625 0.5607638890625 0.9140625 0.5538194437499999 0.9140625 0.5399305562500001 0.9111328125 0.534722221875
0 0.4794921875 0.07291666718749999 0.4765625 0.1232638890625 0.4794921875 0.12847222187500001 0.4873046875 0.12847222187500001 0.4951171875 0.1354166671875 0.5 0.13368055625 0.50390625 0.1197916671875 0.50390625 0.081597221875 0.4931640625 0.07291666718749999 0.4794921875 0.07291666718749999
0 0.640625 0.14756944375 0.642578125 0.09548611093750001 0.6357421875 0.090277778125 0.6337890625 0.09375 0.6279296875 0.09375 0.6259765625 0.090277778125 0.6142578125 0.090277778125 0.6123046875 0.08680555625 0.6103515625 0.090277778125 0.5810546875 0.08680555625 0.576171875 0.105902778125 0.57421875 0.1510416671875 0.5849609375 0.15277777812499999 0.5869140625 0.15625 0.6005859375 0.15625 0.6025390625 0.15972222187500001 0.609375 0.15798611093749998 0.6142578125 0.1458333328125 0.6240234375 0.15625 0.6357421875 0.15625 0.640625 0.14756944375
0 0.4208984375 0.753472221875 0.4189453125 0.75 0.40625 0.7517361109375 0.404296875 0.7760416671875 0.40234375 0.7795138890625 0.40234375 0.793402778125 0.4052734375 0.7986111109375 0.4072265625 0.7951388890625 0.4130859375 0.7951388890625 0.4150390625 0.7986111109375 0.4228515625 0.7986111109375 0.4345703125 0.8055555562500001 0.44140625 0.8038194437499999 0.443359375 0.796875 0.44140625 0.765625 0.4365234375 0.7569444437499999 0.4208984375 0.753472221875
0 0.9013671875 0.8229166671874999 0.8974609375 0.8368055562500001 0.8818359375 0.8333333328125001 0.876953125 0.8385416671874999 0.875 0.859375 0.873046875 0.862847221875 0.8740234375 0.871527778125 0.8818359375 0.878472221875 0.8896484375 0.878472221875 0.8994140625 0.8854166671874999 0.904296875 0.8836805562500001 0.91015625 0.8697916671874999 0.91015625 0.831597221875 0.9072265625 0.8229166671874999 0.9013671875 0.8229166671874999