0 0.4003416796875 0.8341033046874999 0.40009837812500004 0.8479494234375 0.3980811234375 0.85124061875 0.398724796875 0.870364196875 0.42018470781249995 0.8756993968750001 0.42208031406249996 0.8793312609375 0.4357753265625 0.8805235984375 0.436925 0.8827262984375001 0.4418851328125 0.882755140625 0.4409342921875 0.8419239 0.4189581828125 0.8339907109375 0.417062578125 0.83035885 0.41256074375 0.829966903125 0.403079640625 0.8296362625 0.4003416796875 0.8341033046874999
0 0.101290184375 0.6938092734375 0.096244040625 0.7269355562500001 0.097206375 0.7682603984374999 0.09834310625 0.7682670093749999 0.1085275875 0.7522637140625 0.11056377343749998 0.7555900484375 0.1302805546875 0.7611531640625 0.136842771875 0.748557628125 0.1364396109375 0.7312449734375 0.14018945 0.724047521875 0.140899078125 0.7116141046875 0.14058307187500002 0.6980440796875 0.1344539296875 0.6880314390625 0.1226399890625 0.685386071875 0.12060380625 0.6820597359375 0.1088704953125 0.68287690625 0.10903175937500001 0.689801965625 0.101290184375 0.6938092734375
0 0.16630749843749998 0.3648508296875 0.16441408125 0.3666101 0.1648278578125 0.3843785515625 0.17101337187500001 0.3864108859375 0.17186898281250002 0.3903308953125 0.1960734140625 0.4055613671875 0.1993903671875 0.411072375 0.20704026406249998 0.41111685781249996 0.211659896875 0.405224190625 0.22372253125000002 0.37279867499999997 0.22243911249999998 0.3669186578125 0.21451357343750002 0.3624951703125 0.21960767187500002 0.3459744765625 0.22250092812500002 0.34328620781249997 0.22435347656250001 0.33491909531249997 0.2242590921875 0.3308660375 0.2130273640625 0.32379855156250004 0.21217175312499997 0.3198785421875 0.20092515 0.3161833125 0.1941198234375 0.3248639875 0.183301028125 0.3231287671875 0.16630749843749998 0.3648508296875
0 0.7491914140625 0.37274749687500003 0.7373852359375 0.408809325 0.737698109375 0.42224484375 0.74664898125 0.4204379203125 0.7528561625 0.4355658359375 0.758551109375 0.43638190625 0.7594052234374999 0.4393266734375 0.7663170953125 0.4393668671875 0.7666829828124999 0.4393269875 0.771839321875 0.438286071875 0.7759184453125 0.43353118593750006 0.7808450484375 0.41287948906249994 0.7835644625 0.4097095609375 0.7853733046875 0.39538281875000003 0.7852586453125 0.39045908906250004 0.7825400015625 0.381085871875 0.784818 0.3715367796875 0.7847917203125 0.370408225 0.7814891609375 0.364917040625 0.760048696875 0.355218528125 0.7578451187499999 0.3552057140625 0.7543741296875 0.3592517234375 0.7519108296875 0.369577571875 0.7491914140625 0.37274749687500003
0 0.6435465546875 0.388406065625 0.6409455125 0.3912877203125 0.642797025 0.39706125625 0.654303184375 0.399963375 0.6552084734375 0.4027863265625 0.6712013109375 0.402879321875 0.67559634375 0.389414384375 0.6801150812500001 0.38701642187499996 0.6840828250000001 0.3774040984375 0.684826959375 0.373739409375 0.6844309281250001 0.356732940625 0.678660640625 0.34950379374999996 0.6671544828125 0.3466016703125 0.664487259375 0.3547731703125 0.6605856921875 0.359095646875 0.6509310484374999 0.3619670625 0.6435465546875 0.388406065625
0 0.8322769421875 0.4628861296875 0.8325427078125 0.4742986796875 0.8342587703125 0.47687796718750003 0.8439032687499999 0.47857382187499997 0.84515110625 0.48200920625 0.8582105515625 0.48208514375 0.8620334359375 0.45889030000000003 0.8645259375000001 0.45580988749999996 0.871977725 0.42245955312500005 0.8719603953125 0.42171541875 0.8667487218750001 0.4122171359375 0.849952228125 0.4057450046875 0.8462134734375001 0.410365628125 0.8445226640625 0.42062438437500005 0.8420301625000001 0.4237048 0.8322769421875 0.4628861296875
0 0.8563988468750001 0.0312596234375 0.8384748875 0.0334965078125 0.8358418625 0.0308115078125 0.8301077625 0.0326572140625 0.82891141875 0.036594528125 0.8292758265625 0.05224305781250001 0.8314634453125 0.0622473140625 0.8302737390624999 0.0661627875 0.8366418624999999 0.09060694375 0.8488317234375 0.090215765625 0.8514647484375001 0.0929007671875 0.8591102156250001 0.090439825 0.861743240625 0.0931248234375 0.8854013000000001 0.08904223125 0.8880343265624999 0.091727234375 0.9188698015625001 0.09239940625000001 0.9270436671875 0.0950182015625 0.9307310781250001 0.0950396421875 0.9323761749999999 0.0933507296875 0.9345809921875 0.09012946250000001 0.9343237437499999 0.0790826421875 0.9330586625 0.06840336875 0.9340027031249999 0.0652964125 0.93395735625 0.06334906875 0.927158584375 0.036743503125 0.9142470656249999 0.0338344421875 0.8982344734375 0.035456090625 0.89560145 0.032771090625 0.867398996875 0.0347839171875 0.8563988468750001 0.0312596234375
0 0.7055310296874999 0.8947842781249999 0.7159590125 0.9461946921875001 0.7207619265625 0.9484338515624999 0.732541359375 0.948502346875 0.7544051078125 0.9450576249999999 0.7538909031250001 0.92297651875 0.7517798484375 0.9206559515625001 0.7528593484375 0.916849146875 0.7481851015625 0.8892405390624999 0.741376546875 0.8817562578125001 0.7063283124999999 0.8856738156249999 0.7055310296874999 0.8947842781249999
0 0.9305873468750001 0.4426836859375 0.9295932 0.4463747140625 0.9391335859375 0.4794309671875 0.97022464375 0.47961175625 0.9694624796875001 0.44688271874999996 0.965321190625 0.42940129374999997 0.9397577703125 0.429049521875 0.9369579781249999 0.42583552812500003 0.9278788812500001 0.4323261484375 0.9305873468750001 0.4426836859375
0 0.576384209375 0.3458200828125 0.5763851140625 0.3632150625 0.5744333312500001 0.36676244687500004 0.5724824578125001 0.3877048078125 0.5832188828125 0.3995051578125 0.5929785140625 0.3956842203125 0.5959520953124999 0.40087938906250004 0.6070325671875 0.400943821875 0.6115224296874999 0.40025302500000004 0.6134729437499999 0.37235266718750004 0.615774784375 0.36201315625 0.614999884375 0.32873722031249997 0.61054255625 0.325488803125 0.588506640625 0.32102426875 0.580480940625 0.3209776015625 0.578335084375 0.32487771875 0.5783359906250001 0.342272696875 0.576384209375 0.3458200828125
0 0.71273274375 0.9679456984374999 0.7125333265625 0.9593822828125 0.7117982125 0.9578691546875 0.70204169375 0.9574148593749999 0.7003128046875 0.9538561828125 0.6894694265625 0.955090365625 0.6870732984375 0.9619351390625 0.6864440765625 0.9801875578124999 0.686730409375 0.9924833015625 0.7105745546875 0.9922058500000001 0.7119954203125001 0.9700519359375 0.71273274375 0.9679456984374999
0 0.9157895765624999 0.72723315625 0.9156677890625 0.7376424125 0.9137349859375 0.738845640625 0.913937603125 0.7475465296875 0.9184158874999999 0.753154046875 0.929623946875 0.755914759375 0.9388247812499999 0.7559682609375 0.940864909375 0.75410495625 0.9450973843750001 0.7262105890624999 0.9480890593750001 0.7209037 0.9569017000000001 0.7188620546875 0.9582576640625 0.7041051234375 0.9579863671875 0.69245505 0.9562698421875 0.6894032390625 0.9263134828125 0.6837840859375001 0.9249643484375 0.6837762406250001 0.922097696875 0.68886135625 0.9198190734375 0.716687553125 0.9157895765624999 0.72723315625
0 0.4360981203125 0.6517636828125 0.434945709375 0.6573530078125 0.438241215625 0.6677122609375 0.43747294062500003 0.6714384765625 0.44362590312499994 0.7030624984375 0.44807381875 0.7078324281249999 0.46037297656250004 0.7096467171875 0.46164383750000004 0.7110095828125 0.47982697500000004 0.7111153156250001 0.48057728125 0.6994629578125 0.4835425578125 0.7026429109375 0.4845749125 0.7021801640625001 0.48368868750000005 0.664123675 0.4767291421875 0.656660284375 0.47112881562500003 0.6574796828125 0.4681635375 0.65429973125 0.4513625546875 0.6567579234375 0.44839727968750004 0.653577971875 0.4360981203125 0.6517636828125
0 0.8341795609375 0.208960421875 0.8353718296875 0.21106955156249999 0.8448348171875001 0.2130443359375 0.8458675515625 0.21683996093750002 0.8553305390625001 0.21881474375 0.8559677499999999 0.22115669062499999 0.8618468984375 0.2211908765625 0.8704690671875 0.2022833296875 0.8773479656250001 0.17507798125000001 0.8816298828125 0.165688171875 0.8816014484375 0.164467140625 0.8802710453125 0.1595774984375 0.8543696953125 0.150803853125 0.8522483281250001 0.15079151562499998 0.8458607984375 0.1577667609375 0.833929125 0.198206075 0.8341795609375 0.208960421875
0 0.6949366859375 0.1300688765625 0.69496140625 0.13113041718750001 0.7009441625 0.1339922890625 0.702660528125 0.13966392968750002 0.695687184375 0.1622969578125 0.6957149140625 0.16348768125 0.7009521234375 0.169567253125 0.7104808484375 0.1714305671875 0.7115635609375001 0.1750083328125 0.724788009375 0.17508523125 0.7320121859375 0.15963291562499998 0.7373426984375 0.1357738984375 0.740009946875 0.13273812812500002 0.7401117234375 0.12989033125 0.7398931078125 0.1205024875 0.7386723421875 0.116468528125 0.7310493640625 0.11497787968749999 0.7211378953125 0.10592504062500001 0.7058919375 0.102943740625 0.701891065625 0.10749739218750001 0.6949366859375 0.1300688765625
0 0.028194885937500004 0.4526524171875 0.026097915625000002 0.455956065625 0.0252477265625 0.47673193124999996 0.032643725 0.48775584843750003 0.030546753125 0.491059496875 0.033267115624999996 0.49649195625000003 0.0487675984375 0.5012265671875 0.050129637500000004 0.5039465046875 0.061162189062500004 0.504010659375 0.0614060203125 0.503991359375 0.066025059375 0.4869961265625 0.0667335484375 0.4696829046875 0.071352584375 0.45268767343749994 0.0721620640625 0.4449188015625 0.0715196828125 0.41733350625 0.06809393124999999 0.4124697734375 0.05831756875000001 0.41167479531250006 0.0468693265625 0.4037955328125 0.0351376890625 0.402841559375 0.031708837499999996 0.41472232187499997 0.028194885937500004 0.4526524171875
0 0.0561576609375 0.3046897796875 0.05402295 0.301326328125 0.03751700625 0.3040336625 0.0377498515625 0.34587647499999996 0.0409519140625 0.3509216484375 0.045039210937500004 0.3541711375 0.05675474375 0.35348740156249997 0.05888945156249999 0.35685085 0.077952990625 0.3588080953125 0.088014903125 0.3588666046875 0.08891450625 0.358798309375 0.087964215625 0.317990721875 0.0849254953125 0.311730921875 0.0833117828125 0.29961698281250004 0.082653121875 0.29909333125000004 0.0670704546875 0.29900272031249997 0.0659206046875 0.30411999375 0.0561576609375 0.3046897796875
0 0.5804325109375 0.9264957328125 0.544024228125 0.9156550875 0.5417688921875 0.92083704375 0.5464948203125 0.9729744109375 0.550085046875 0.9782244703125 0.5631062546875001 0.9803268265625 0.5863209312500001 0.9804618171874999 0.5871069624999999 0.9786558 0.5981111640625 0.9805303765625 0.6067319921875 0.9805805046874999 0.605673815625 0.9351399859375 0.6047047 0.9337228281250001 0.5988591328124999 0.9336547218750001 0.5964656484375 0.93015468125 0.5852194796875 0.9334958109375 0.5804325109375 0.9264957328125
0 0.4644155625 0.507507415625 0.46148823281249995 0.5046229734375001 0.44921492812499997 0.5041592625 0.44799833749999995 0.5099383703125 0.45117273906250005 0.5200441390625 0.45060875312500004 0.5311182046875 0.461684246875 0.5792467640625001 0.4876945234375 0.581616403125 0.489154915625 0.583055403125 0.4896167125 0.5830580875 0.4887513171875 0.5458959812499999 0.4866176109375 0.5363620703125 0.4882397328125 0.5286565984375 0.486934521875 0.5180666781250001 0.4718923421875 0.5055708265625001 0.4644155625 0.507507415625
0 0.9370323515625 0.1548326078125 0.931157784375 0.1541845328125 0.93022976875 0.14542346718750002 0.9273231328125 0.1399075984375 0.9096994328125 0.13796337187500002 0.904479234375 0.2071313171875 0.904510825 0.2084879375 0.9112081328125001 0.214326271875 0.9229572656249999 0.21562242187499997 0.9287909687499999 0.22319293906249998 0.9327073468749999 0.2236249890625 0.93361493125 0.235847278125 0.9365215671874999 0.2413631484375 0.9424929671875001 0.24353297187499998 0.9602145906249999 0.243636021875 0.9610091437499999 0.24233284687499998 0.9632125078125 0.20101421406250003 0.965191128125 0.19776901875 0.965293284375 0.180462909375 0.9663445125000001 0.178738759375 0.9662645765625 0.175306125 0.9653341484375 0.1735404671875 0.9654567359374999 0.1527731390625 0.956675534375 0.146609190625 0.946802865625 0.15937395625 0.9389701078125 0.1585098546875 0.9370323515625 0.1548326078125
0 0.04130733125 0.22671700156250002 0.042990925 0.25763454218750004 0.041632028125 0.2610132390625 0.0416888078125 0.263451484375 0.04306326875 0.27500644687500003 0.046580067187500004 0.2794262765625 0.07028352812500001 0.27753441562500003 0.07651150625 0.279601259375 0.0838464796875 0.291660553125 0.08436516875 0.29166356875 0.094425978125 0.28771491562499996 0.09503946875 0.28618956406249996 0.09474756875 0.2736547921875 0.092742384375 0.25679737343750003 0.0942667484375 0.2530072671875 0.0942631625 0.2528532796875 0.0898865234375 0.224406553125 0.07200822343749999 0.2249788484375 0.059552275 0.22084516562499998 0.04790195 0.22348430156250002 0.045557415625 0.2205377453125 0.04130733125 0.22671700156250002
0 0.5181948625 0.1039192359375 0.517738975 0.1126379421875 0.518251996875 0.13466819531250002 0.5191375484375 0.1363925734375 0.523265184375 0.13641657499999998 0.53605103125 0.1348597 0.5392988203125 0.09861823593749999 0.5389201828125 0.0823587015625 0.5320459140625 0.0811042390625 0.5302784734375 0.0776626109375 0.5205325375000001 0.07783354218750001 0.5185583515625 0.0969676109375 0.52032579375 0.1004092375 0.5181948625 0.1039192359375
0 0.33248960312500003 0.9509876187499999 0.33384912031249997 0.9693091359375 0.3455937171875 0.9701292921875 0.3462280953125 0.9712538687500001 0.3682022875 0.9713816453125 0.3692114921875 0.9353313796875 0.36962379843750004 0.934597471875 0.3694553328125 0.9273631421875 0.3679493984375 0.9230941749999999 0.35424737031250003 0.9221373249999999 0.3508992609375 0.9462016578125001 0.335158834375 0.9416312984375 0.3324663765625 0.9499901484375 0.33248960312500003 0.9509876187499999
0 0.7687303703125 0.1883185140625 0.773703903125 0.1934166125 0.7854218515625 0.1931435734375 0.7958735734375 0.2020588375 0.799013175 0.20207709375 0.7992947218750001 0.2020656125 0.8002210421875 0.2014887109375 0.8047696578125001 0.182264784375 0.810628628125 0.1821282640625 0.812642325 0.1855573328125 0.81944744375 0.183660775 0.8194865625000001 0.182141025 0.81838056875 0.1346471359375 0.8175907625000001 0.1333021953125 0.7980608484375 0.133757259375 0.79604715625 0.130328190625 0.7764565421875 0.12730867968749998 0.770076340625 0.15352726249999998 0.7687303703125 0.1883185140625
0 0.5584773328125 0.5607994781250001 0.5584759499999999 0.58858759375 0.5581795281249999 0.590167778125 0.5584658984375 0.6024651609375 0.56098755 0.6069086171875 0.587852421875 0.6070648328125 0.5878530125 0.5951938796875 0.5927496796875 0.5864533015625 0.594708 0.5899041015625001 0.6045004703125 0.58979051875 0.606458790625 0.59324131875 0.611355284375 0.58797425625 0.611355803125 0.5775537125 0.6129135375 0.5747731515625001 0.612837940625 0.571526865625 0.6113564953124999 0.5636596546875 0.604502025 0.5585288890625 0.5907925703125 0.5586879031249999 0.5888342484375 0.55523710625 0.5614156765625 0.5486081031250001 0.5584773328125 0.5607994781250001
0 0.9437042124999999 0.9737917953125 0.942696753125 0.9668927875 0.946846303125 0.9524581328125 0.9466467234374999 0.9438877109374999 0.94568918125 0.9402277375000001 0.939382246875 0.9374586140625001 0.9345059859375 0.9310131953124999 0.9287027828125 0.9316935781250001 0.92626465 0.9284708703125 0.9025481031249999 0.9277428921875 0.8918686359375 0.9219778562500001 0.8860654312499999 0.9226582359375 0.883919425 0.9281726828125001 0.8870223218750001 0.962894509375 0.8960595109374999 0.97762349375 0.9023664468750001 0.9803926140625 0.9075432937500001 0.9899139109374999 0.9082362234374999 0.989905846875 0.9130459109375 0.9861576484375 0.9265867218749999 0.9845700921875 0.9288336484374999 0.989666175 0.9384119156249999 0.989554721875 0.9406312625 0.9864320421875 0.9437042124999999 0.9737917953125
0 0.15644071406249999 0.8641978765625 0.1621382421875 0.8717542406250001 0.168436534375 0.8717908640625 0.17370205156250001 0.8708499625 0.1798321546875 0.8637870109374999 0.1818652125 0.8376690015625 0.200453996875 0.835603675 0.203955625 0.7972881359375 0.205365440625 0.7949179749999999 0.20512323281249997 0.7845170484375 0.20361602968749998 0.7816447203125 0.18621357031250002 0.7784727499999999 0.18522250468749998 0.776584040625 0.17003686093749998 0.7764957375 0.163867334375 0.7771264375 0.1634439671875 0.7875667921875 0.161353559375 0.7910811484375 0.16203275 0.822367975 0.15994234062499998 0.8258823328125 0.15644071406249999 0.8641978765625
0 0.285918234375 0.4120431578125 0.2833787125 0.4327078359375 0.30198152500000003 0.4460410203125 0.31532913749999997 0.446118634375 0.319553353125 0.426863221875 0.321915765625 0.42366842812499994 0.32442405937499996 0.40325787343749997 0.3241654015625 0.3921504703125 0.3172104609375 0.389827425 0.306845259375 0.3779991796875 0.2971494609375 0.3767525890625 0.2936058390625 0.38154478125 0.291912825 0.3953212296875 0.285918234375 0.4120431578125
0 0.5418476984375 0.7776524921875 0.5413325484375 0.7920241015625 0.5470835796875 0.8159475578125001 0.5511670343749999 0.820548221875 0.5565192671875 0.8224893828125 0.566193096875 0.8225456343750001 0.5671944265625 0.8211616328125 0.5728966062499999 0.8201100468750001 0.575104375 0.822597453125 0.5768301234375001 0.8226074875 0.5795757671875 0.8213161375 0.57910958125 0.8012970359375 0.5788319375000001 0.7993851375000001 0.579047528125 0.7986323421875 0.5788771500000001 0.7913159359375 0.571695334375 0.7614406 0.561088121875 0.7544738859375 0.54588230625 0.7572781140625 0.541259275 0.754561534375 0.538561396875 0.763981946875 0.5418476984375 0.7776524921875
0 0.4522741859375 0.49633243125000004 0.45634990468750003 0.5021237359375 0.46766435937499995 0.50481205 0.4728161 0.50484200625 0.47474541875 0.4974777625 0.478106609375 0.5014217578125 0.483188525 0.5003226109375001 0.49162925625 0.468104153125 0.4915719140625 0.4656417890625 0.4880080828125 0.46057784062499996 0.46389638125 0.450445371875 0.459237315625 0.462129578125 0.45722492187499997 0.4759104734375 0.45478967656249997 0.4791063125 0.4522741859375 0.49633243125000004
0 0.63892665625 0.19350325625 0.6425340046875 0.1964800828125 0.6572536796875 0.19656567656249999 0.6566012156250001 0.1685474125 0.654077134375 0.1573831421875 0.6500226296875 0.1523411875 0.6327669703125001 0.1533668078125 0.6318552953125 0.1622259015625 0.63892665625 0.19350325625
0 0.2730396546875 0.8973970031249999 0.277899934375 0.89617893125 0.27893957187499996 0.8974313109375001 0.283818028125 0.8974596765625 0.288772146875 0.89519845 0.28897283125 0.8946726093749999 0.2886192984375 0.8794911078125001 0.2846941421875 0.8508690281250001 0.258891346875 0.8451256578124999 0.2552108421875 0.8547694874999999 0.258826328125 0.8957262531250001 0.26411551875 0.897345109375 0.2730396546875 0.8973970031249999
0 0.627477165625 0.9485322421875001 0.624817934375 0.9692130999999999 0.6224374140625 0.9724218562500001 0.620890590625 0.984451528125 0.621014053125 0.9897533015625 0.6221587046875 0.9898939546875001 0.6369101734375 0.989955934375 0.63929069375 0.9867471796875 0.6427221171874999 0.9906700890625 0.6517452593749999 0.9917788265624999 0.660398275 0.9918291421875001 0.6658724234375 0.96942823125 0.66580050625 0.9663398843750001 0.6607153796875 0.957868359375 0.6529661156250001 0.956916153125 0.6480405796875 0.949308378125 0.642228634375 0.9485942250000001 0.6334284671875 0.9405103499999999 0.627477165625 0.9485322421875001
0 1 0 0.945319371875 0 0.9469163359375001 0.0030073359375000002 0.957622821875 0.005055059375 0.9510330953125001 0.0361198328125 0.94851306875 0.0603570625 0.9513227499999999 0.06564813593749999 0.975660721875 0.07030302031249999 0.9917679250000001 0.07039667968749999 0.99227556875 0.070311646875 0.9995592640625001 0.05142229375 0.9997209921874999 0.0444811421875 1 0.043788884374999996 1 0
0 0.42637164843750003 0.9492747296875 0.43712285 0.954596365625 0.43949748125 0.9546101734375 0.4524732 0.949869721875 0.45396983906250005 0.946024571875 0.45059333125 0.9050859875 0.456044209375 0.88664675 0.45603399375000003 0.8862080562499999 0.45338842812499996 0.8829890703125001 0.44537724062499995 0.8829424875 0.4210853796875 0.886180784375 0.422995140625 0.9083361421875 0.42149849687499996 0.9121812953124999 0.42637164843750003 0.9492747296875
0 0.6892038984375 0.167066475 0.6893824000000001 0.16660614375 0.688952284375 0.1481360640625 0.6861192703125 0.11885049375000001 0.6805599890625 0.11446366875 0.66654049375 0.11317122187499999 0.6638808921875 0.1293918859375 0.667376584375 0.1669395515625 0.6892038984375 0.167066475
0 0.551922778125 0.704814640625 0.5747601453125 0.7121801203125 0.5782997812499999 0.72106213125 0.5849496890625 0.7211007984375 0.5871488796875 0.7160269968749999 0.589251271875 0.6997986734375 0.589052521875 0.6912638671875 0.5829394296875 0.68730409375 0.586490396875 0.6598942765625 0.5882286265625 0.6558839671875 0.588130696875 0.6516786484375 0.5851337890625 0.647410078125 0.5614086796875 0.6468970484375001 0.5545610062499999 0.6614943906249999 0.5483793890625 0.6953442390625 0.54848593125 0.6999194515625 0.551922778125 0.704814640625
0 0.040967145312499995 0.539540446875 0.0335577140625 0.5469446890625 0.0323468296875 0.5573126640625 0.030000053125 0.56052998125 0.026367400000000003 0.5916339046875 0.028676684375 0.597175903125 0.034102503125 0.6013479140625 0.059363446875 0.604450675 0.0674969046875 0.61185086875 0.0698450296875 0.6118645234375 0.071388478125 0.611186046875 0.0783913125 0.6102934078125 0.0805880140625 0.60537113125 0.08007504531250001 0.5833430749999999 0.0769642765625 0.5803207953125 0.074692490625 0.56601948125 0.0763070015625 0.552195515625 0.0739977203125 0.5466535171875 0.043162028125 0.5395532109375 0.040967145312499995 0.539540446875
0 0.5693797328125 0.4142642671875 0.5618801828125 0.41318020781250003 0.559045946875 0.4131637265625 0.5579256125 0.421871325 0.5627136984375001 0.44572032031250003 0.5646919718750001 0.44600627968750006 0.5730095000000001 0.44605464531249994 0.573285784375 0.4187986375 0.5693797328125 0.4142642671875
0 0.047428051562500004 0.7800987421875 0.050662431249999994 0.785071184375 0.0497191296875 0.8025314109374999 0.042980881250000005 0.804779171875 0.0433852 0.811704234375 0.0472933859375 0.81140909375 0.052594659375 0.8195591234374999 0.06334111406250001 0.8196216125 0.07027085625 0.8183683625 0.0737747265625 0.8111481625 0.074111553125 0.7833003374999999 0.0752956765625 0.7808602890625 0.075017975 0.7689351531249999 0.0720226359375 0.764330203125 0.048169196875 0.759175984375 0.0460129453125 0.7558610265625 0.0308933890625 0.7581780796875 0.031837325 0.7813439062499999 0.0339515578125 0.7845942671875 0.047428051562500004 0.7800987421875
0 0.5850938109375 0 0.583184440625 0.0005990687500000001 0.593420615625 0.032308674999999995 0.6103264859374999 0.0278515671875 0.6249914296875 0.03389183125 0.6253286171875 0.033893790624999996 0.6247676484375 0.009804476562500001 0.62217000625 0 0.5850938109375 0
0 0.214166871875 0.880411903125 0.21555238281250003 0.8830014125 0.2307903203125 0.8830900187499999 0.233773403125 0.8780804703125 0.2385325703125 0.8766757890625 0.23768174531250003 0.8401394046874999 0.2224799453125 0.839256765625 0.210821475 0.831640221875 0.20782574375 0.8366710109375 0.20542302031249998 0.8746994984375001 0.20829708125000002 0.88007109375 0.214166871875 0.880411903125
0 0.448203746875 0.4213621109375 0.4664615578125 0.4262952828125 0.474637728125 0.432983684375 0.4855356875 0.43304705468750004 0.4866625015625 0.431567709375 0.49304814218750004 0.3942813 0.4953951390625 0.3912000390625 0.49743464375 0.381772175 0.4970791296875 0.3665055953125 0.4939701546875 0.36127752812499997 0.46368778749999995 0.34900843125000003 0.4601672953125 0.353630321875 0.454993246875 0.3806551859375 0.452646253125 0.383736446875 0.448203746875 0.4213621109375
0 0.83766983125 0.9741475718749999 0.825941553125 0.9742840015625 0.81775859375 0.9674258046875 0.8060303171875001 0.9675622328125 0.8038935484374999 0.964110396875 0.7921652703125 0.9642468265625 0.79002850625 0.9607949921875001 0.7861190796875 0.960840465625 0.783460090625 0.966086434375 0.78400625 0.9765101578125 0.782233590625 0.980007471875 0.7835386328125 0.9913568359375 0.8383159953125 0.99071944375 0.8379402578124999 0.9745844328125 0.83766983125 0.9741475718749999
0 0.8275652359375 0.9771775187499999 0.8410185 0.9772557484375 0.8430614249999999 0.9708487703124999 0.8436426812500001 0.95095659375 0.843452515625 0.9427904843749999 0.8371801328125 0.937400021875 0.8274052546874999 0.9366051625 0.824321034375 0.9415602359375 0.8236430703125001 0.9647620375000001 0.823759046875 0.9697423000000001 0.8275652359375 0.9771775187499999
0 0.8112562593750001 0.3457974203125 0.7944962 0.350432196875 0.7998363203125 0.3619118078125 0.815881090625 0.3626192703125 0.8200075234374999 0.3778641375 0.8272652515625 0.38900399218750004 0.8330180703125001 0.38798473125 0.8345328640625 0.3897677640625 0.8384447109375 0.38979051249999996 0.8399378625 0.3891091921875 0.8393956953125 0.36582733125 0.83828551875 0.36042484531249996 0.8392035640625 0.357576771875 0.8391576484375 0.35560500156249997 0.8367806109375 0.348265721875 0.8271925796874999 0.34996449531249996 0.8245710546874999 0.346878753125 0.8149830234375001 0.348577525 0.8126279375 0.345805396875 0.8112562593750001 0.3457974203125
0 0.3061819046875 0.8740853640624999 0.30271448749999996 0.878642821875 0.29297711406250004 0.8767780187499999 0.2891455609375 0.8847467343750001 0.29079229375 0.8972455921875 0.2993738578125 0.90062954375 0.2982814484375 0.9108633312500001 0.299903153125 0.9147392562500001 0.31312391562499997 0.9148161328125 0.3161728546875 0.9108087125000001 0.32321825 0.863424 0.32747733437500004 0.8607586578124999 0.3258939984375 0.8569744359374999 0.3285374640625 0.8483995203125 0.328482390625 0.846034525 0.326558878125 0.841437275 0.3207164546875 0.84031839375 0.31913311875 0.8365341718750001 0.31523816718750003 0.8357882515625 0.3117707515625 0.8403457046874999 0.3061819046875 0.8740853640624999
0 0.3472466078125 0.8751076359375001 0.340731115625 0.881564359375 0.3419891796875 0.8886577484375 0.33798982031249997 0.90930125625 0.340390909375 0.9147406734375 0.3462210765625 0.9152181734375 0.3478218046875 0.9188444499999999 0.35283575312500004 0.91973415625 0.3669948265625 0.9198164890625 0.3713701 0.9085399765625001 0.3786724359375 0.8532865796875001 0.3785597265625 0.848446534375 0.3767376546875 0.8443188203125 0.36328844843749997 0.8432173078125 0.35898070312499997 0.8431922593750001 0.34930258125 0.8543049625 0.3463312046875 0.8645471312499999 0.3472466078125 0.8751076359375001
0 0.9126736671875 0.568332065625 0.9301002890625 0.5684334 0.93206240625 0.55873590625 0.9344582390625 0.55473796875 0.9339748046875 0.5339782390625001 0.9333441328125 0.5327915437499999 0.9157380125 0.53156389375 0.9146182156249999 0.5436348875 0.9106247812499999 0.5502987593750001 0.9104628578125 0.564172128125 0.9126736671875 0.568332065625
0 0.4998220546875 0.12318699531249999 0.503159165625 0.1253630875 0.5132909031249999 0.12542200312500001 0.5146746390625 0.1152112109375 0.5145044484375 0.10790285156249999 0.5097679984375 0.07432421875 0.49789004375 0.06735829843749999 0.4843139109375 0.06941923125 0.488428496875 0.1196551625 0.49206426406250003 0.12436467031250001 0.4998220546875 0.12318699531249999
0 0.6279580046875 0.0790102640625 0.6166774 0.08237531249999999 0.6138597765625 0.079605925 0.6129171984374999 0.0834969953125 0.583778165625 0.0885793828125 0.5842342890625 0.1082977484375 0.5945419828125 0.152151575 0.605351296875 0.15073206249999999 0.60717871875 0.1525282 0.611350221875 0.15255245625 0.6213296234375 0.14957556249999998 0.624147246875 0.15234494999999998 0.6302588390625 0.1487168921875 0.631677759375 0.1356589859375 0.6438908328124999 0.14284546874999998 0.6551714359374999 0.13948042031250002 0.6558583 0.13664496718750002 0.65550220625 0.12135352031249999 0.6453451421875 0.0792384578125 0.64085088125 0.07753205625000001 0.6370426609375001 0.0775099125 0.6364159296875 0.0800971296875 0.630775628125 0.08177965312499999 0.6279580046875 0.0790102640625
0 0.431650778125 0.7452815390625 0.4318212984375 0.7695808343749999 0.43017200468750005 0.7730326875 0.4313852140625 0.7869309828125 0.43476905937500004 0.7921769203125 0.43641835156250003 0.788725065625 0.442276134375 0.7887932234374999 0.444532034375 0.7922905140625 0.452342415625 0.7923813921875 0.457510990625 0.795353409375 0.4695515 0.7954234234374999 0.46884720625 0.7651795234375001 0.46801069687499997 0.759588775 0.4623709546875 0.7508455406250001 0.446446890625 0.747189215625 0.44419099375000004 0.7436919234375 0.431650778125 0.7452815390625
0 0.9052165499999999 0.8513195171874999 0.902680125 0.854105596875 0.90213125625 0.8627203921875 0.9086427968749999 0.8715917328125 0.9163657296875 0.8737911875 0.9227035656250001 0.8808639375 0.9313460812500001 0.8809141921875 0.9381526515624999 0.8712248984375 0.9441813921875 0.838020771875 0.943969459375 0.8289199140625 0.9434334203124999 0.825364859375 0.9376412234375 0.8237152671875 0.931356984375 0.835959315625 0.9165168187500001 0.8282244609375 0.910781446875 0.8318537203125 0.9052165499999999 0.8513195171874999