0 0.4000709578125 0.1212252375 0.3980855921875 0.14227863125 0.4103833859375 0.14570055625 0.4110040125 0.14901290625000002 0.42189251875 0.150720146875 0.42198497812499997 0.1507305765625 0.4261830046875 0.14469142968749998 0.4354781609375 0.11844878750000001 0.43851429062499997 0.11568997343750001 0.45151299062500005 0.078991259375 0.4519962390625 0.07386675468750001 0.4513885078125 0.0706232390625 0.4307719 0.0648865609375 0.42849513437500003 0.061081039062499995 0.42793775624999997 0.060993646874999995 0.41478551875 0.0838618859375 0.4000709578125 0.1212252375
0 0.79888803125 0.40061434374999993 0.8062298828125 0.405082275 0.827019134375 0.40481940312500003 0.8295033328124999 0.39941280468749996 0.8375804484374999 0.3970394390625 0.8379009999999999 0.3936402109375 0.83448329375 0.3558596734375 0.82486715 0.348162809375 0.8029407562499999 0.3468112125 0.8006664656250001 0.34358228125 0.7965261375 0.35259328125 0.79888803125 0.40061434374999993
0 0.9122822625 0.275944659375 0.9252137218750001 0.27635945624999997 0.931388375 0.2807201546875 0.9358571484375 0.2814208265625 0.9384946718749999 0.28019115625 0.9413512546874999 0.269616753125 0.941364540625 0.2694758671875 0.9368279625 0.22512260468749998 0.93335986875 0.22029577812499998 0.9208854578125001 0.2146561125 0.91142209375 0.21906814218749998 0.9093519625 0.22790894375 0.9122822625 0.275944659375
0 0.22913416562500002 0.8471768828125 0.2219524625 0.8479871187500001 0.21852278125 0.8638835874999999 0.22148707500000003 0.894568228125 0.22018107812499998 0.9016086968750001 0.223622225 0.9063903171875 0.24359889687499997 0.9075831234375 0.24540467656249998 0.9159958046875 0.2488017453125 0.9207161765625 0.2489717265625 0.920742828125 0.25847852968749996 0.9181307234375 0.259481415625 0.9074958421874999 0.2594527625 0.8558193296875001 0.2562982640625 0.8514360249999999 0.254700971875 0.85118558125 0.24029376875000003 0.852810990625 0.23028199218749998 0.8473568546875001 0.22913416562500002 0.8471768828125
0 0.135158134375 0.790606978125 0.1327199078125 0.7937797203125 0.129808803125 0.8142426015625001 0.13127666093749998 0.8178908203124999 0.1283532484375 0.8244740437500001 0.1305550359375 0.8299463687499999 0.138367215625 0.830897321875 0.13923890625 0.8330638218749999 0.147028125 0.8342851171874999 0.1508194109375 0.8341478546875001 0.1522749625 0.8239164140625 0.15715141875 0.8175709281250001 0.15957734375 0.800518525 0.162015571875 0.7973457828125 0.16444149375 0.78029338125 0.16576552656250002 0.7773117984375 0.16624969843749998 0.772177503125 0.163210075 0.7680000921875 0.155371284375 0.7654547109375 0.14423476562499998 0.7637085828125 0.1417265875 0.765384978125 0.137584059375 0.7735545734375 0.135158134375 0.790606978125
0 0.41719243281249996 0.46163341406249997 0.41762215312500006 0.46170079218750004 0.42700594843750006 0.46186900625 0.42783685625 0.4633023859375 0.436741878125 0.46469863125 0.4436718828125 0.46410366718749996 0.44678644843750004 0.43107594374999997 0.44695956875 0.425944690625 0.4439234296875 0.4207071203125 0.43018790156250003 0.42046089531249997 0.4281638109375 0.41696918125 0.41544032656249996 0.4184688125 0.41719243281249996 0.46163341406249997
0 0.4868034609375 0.5755234765624999 0.48588605781250005 0.5852518734375 0.48710362656250006 0.60901624375 0.48883533593750006 0.612247771875 0.5011612109375 0.6141803828125 0.5106401359375 0.613990840625 0.5116825046875 0.608854778125 0.52150605625 0.6094833828125 0.525225565625 0.6058290828125 0.5266363265625 0.590868975 0.52707795625 0.552609521875 0.5182967734374999 0.5468448515625 0.48968057812500004 0.54501371875 0.48804204999999995 0.5623891453125001 0.4875037 0.57435675 0.4868034609375 0.5755234765624999
0 0.28759666093749997 0.0766760703125 0.2903013609375 0.11818970625 0.29720006250000003 0.1200410890625 0.2991004078125 0.116619725 0.3049870609375 0.1167252515625 0.307011153125 0.1202169640625 0.32568316406250003 0.12227939843749999 0.329061921875 0.1193173484375 0.3296648765625 0.11292345156250001 0.330579840625 0.06708030937500001 0.32754370312500003 0.0618427375 0.3216570484375 0.061737212500000006 0.31963295625 0.0582454984375 0.29412411875 0.057788221875000004 0.28759666093749997 0.0766760703125
0 0.29358781875 0.7943397640625001 0.292742075 0.804613265625 0.2880438140625 0.8215124765624999 0.2861068671875 0.842052425 0.286546690625 0.8437708546874999 0.292453428125 0.8442191796875 0.3017341671875 0.8518153875 0.311578734375 0.8525625953124999 0.31326573125 0.8561365359374999 0.3287351234375 0.8607565656249999 0.329764290625 0.8629368734374999 0.332445778125 0.8633573125 0.3335164484375 0.8628424171875 0.338581934375 0.8494433015625 0.3399915046875 0.8323207968749999 0.34356588593750004 0.8210753359374999 0.34491014531249997 0.8068204343750001 0.32762092656249997 0.8020917375 0.32593393125 0.7985177953125 0.3104645390625 0.7938977671874999 0.3087775421875 0.790323821875 0.2969640609375 0.7894271765624999 0.29358781875 0.7943397640625001
0 0.19694681875 0.0755251359375 0.200930375 0.08526988437500001 0.20867320937499997 0.0872119375 0.20949761718749998 0.089228640625 0.22759667656250002 0.092066446875 0.23065058125000001 0.08572781874999999 0.2361154203125 0.090596746875 0.2387533015625 0.0872074796875 0.24288914374999998 0.04334985 0.231913471875 0.0335710203125 0.2090272546875 0.024332471875 0.20561026093749998 0.028722778124999997 0.204583396875 0.0389599328125 0.20230540156250001 0.0418868046875 0.19694681875 0.0755251359375
0 0.3846738390625 0.9134771031250001 0.37725470625 0.932834453125 0.374167175 0.9354081078125001 0.36772685625 0.952211621875 0.3661253375 0.969194571875 0.388453596875 0.9770664046875 0.40073294062500003 0.9789917203125 0.406233715625 0.9723483046875 0.4273219703125 0.9226701203125 0.427602309375 0.9196973281249999 0.42633286562499995 0.911684275 0.42139432499999996 0.9136053499999999 0.4041207578125 0.9038533890625 0.40350627031249997 0.8999745890625 0.39301470312500003 0.899937946875 0.3846738390625 0.9134771031250001
0 0.45253000625000006 0.72593498125 0.45503050624999997 0.7306678437499999 0.45747044531250003 0.731050409375 0.472126071875 0.73007603125 0.47561953125 0.7147218453125 0.481414946875 0.7183690484375 0.5050732109375 0.719215640625 0.5063568468749999 0.7106620218749999 0.509486825 0.7056242140625 0.5110569578125 0.6889740734375 0.5117297 0.66957641875 0.487145253125 0.6669767734375001 0.4852928828125 0.6634706671874999 0.457954971875 0.6624924046875 0.45603215625000004 0.6828824734375 0.45253000625000006 0.72593498125
0 0.2074330046875 0.2662189265625 0.20565218125 0.28510327968750004 0.21598418281249998 0.2891380328125 0.22512282187500002 0.2905709078125 0.22633640000000002 0.28971618125 0.2595785671875 0.218660784375 0.2602742359375 0.21128372187500002 0.26013917656249996 0.21006792812500003 0.2452686203125 0.199064071875 0.23735746406249997 0.20463593124999999 0.22783073125 0.2263797140625 0.2160579578125 0.24326222187500002 0.2074330046875 0.2662189265625
0 0.6445744921875 0.31493249843750004 0.6447125687499999 0.3392461875 0.64277859375 0.342561159375 0.6428969437500001 0.3634014625 0.64098269375 0.3701898203125 0.6435831390625 0.374975546875 0.665322234375 0.3783840859375 0.66950416875 0.3340376578125 0.6699726171875 0.31699183125 0.6631050734375 0.3112273203125 0.6552902640625 0.3105936796875 0.64743600625 0.3030132703125 0.6445744921875 0.31493249843750004
0 0.5179818375 0.0034437140625 0.5191308109375 0.028024884374999996 0.5239608312499999 0.035172906250000004 0.5673243125 0.041971998437500005 0.5681029 0.033715640625 0.5669374296874999 0.024412157812499998 0.56842745625 0.020897078125 0.5659131984375 0.0065511875 0.5458548703125 0.002344953125 0.5179818375 0.0034437140625
0 0.95601020625 0.24837492656250001 0.9549468765625001 0.2596507578125 0.95423888125 0.28083235 0.957336653125 0.28601756875 0.9789253468749999 0.2860318703125 0.9824017453125 0.2918508578125 0.9843725140625 0.2921598609375 0.9859483359375 0.291219690625 0.9869485234375001 0.2893622734375 0.9881978015625 0.276114571875 0.9888478328125 0.256667171875 0.9902830671875 0.254001846875 0.9906239765624999 0.2503867390625 0.9896821484375 0.21865784062500002 0.9827772484375 0.2102821734375 0.981063834375 0.21001352187500003 0.9629305 0.21000150624999997 0.9608584515624999 0.23937140625 0.95601020625 0.24837492656250001
0 0.197995315625 0.823226571875 0.19884855625 0.784976484375 0.18602746718750002 0.7740888828125 0.18153489218750002 0.78554766875 0.180681646875 0.8237977546874999 0.1771072546875 0.8336661703124999 0.1764506296875 0.8789301234375 0.17950009218750002 0.8846798187499999 0.19507571562499998 0.8907963109375 0.199512359375 0.8973271296875 0.204990159375 0.8981860109375001 0.21073370625 0.8372798203125 0.2098982296875 0.835704546875 0.20868512187500002 0.8267741109375001 0.20307775 0.8328093953125 0.20196295156250002 0.827385896875 0.197995315625 0.823226571875
0 0.2587659578125 0.082858840625 0.262371065625 0.0768828390625 0.2694420375 0.050319840625 0.2722265171875 0.04755938125 0.279272684375 0.0265945328125 0.28017180937499997 0.0170599421875 0.26735258281249996 0.0091678265625 0.26493887968749996 0.008789373437500001 0.258523678125 0.022037996875 0.2405805171875 0.0740441640625 0.24734920312500003 0.08106877343749999 0.2587659578125 0.082858840625
0 0.7381908921875 0.36057203125 0.7397512640625 0.34402539375 0.7317735125 0.3419828640625 0.728878628125 0.3357066015625 0.71508445625 0.3341864015625 0.709815625 0.390058584375 0.7335714359375001 0.3937833296875 0.7381908921875 0.36057203125
0 0.43739319062500004 0.3355850921875 0.433735159375 0.3800334734375 0.4315177890625 0.38294428125 0.43107918749999996 0.38827369375 0.431020115625 0.3933257265625 0.44892475000000004 0.39973998593750004 0.44941797968749997 0.40091073593750004 0.46365830937499997 0.40314351875 0.470988371875 0.325413475 0.4708845015625 0.3251669265625 0.459268615625 0.322117134375 0.45455249374999995 0.331357859375 0.44100062968750003 0.327799771875 0.43739319062500004 0.3355850921875
0 0.6160458390625 0.6293179609374999 0.6133276890625 0.6464255765625 0.63261050625 0.65045153125 0.6377224671875 0.65125305 0.6403197140625 0.6486944015625 0.6458577171875 0.6288088390625 0.6482576578125 0.6264445656250001 0.6498315906250001 0.6097541203125 0.6376308203125001 0.6032438015625 0.6366569671875 0.5993932281250001 0.616278503125 0.5954190781250001 0.60699764375 0.62139685 0.6084584234375 0.6271727109375 0.6160458390625 0.6293179609374999
0 0.6028087953125 0.521246653125 0.6196879515625 0.5238931874999999 0.6206440843750001 0.5264209265625001 0.632985078125 0.5283559078125 0.6398430015625001 0.528794509375 0.6416601859375 0.5265388234375 0.64248531875 0.5198988046874999 0.6463434875 0.478985684375 0.6239756015625 0.47233092499999996 0.6154129109375 0.4883998671875 0.6095764328125 0.487484746875 0.60584033125 0.49212240625000003 0.604711396875 0.501070915625 0.6028087953125 0.521246653125
0 0.321492359375 0.8816384812500001 0.31043916718750003 0.935162715625 0.30969805 0.9430217390625 0.3224800765625 0.9667222171875001 0.34792159218749996 0.97071126875 0.3484586421875 0.9700996734375 0.3519614609375 0.9498600703125 0.354468778125 0.9470047109375 0.3600352546875 0.9148411421875 0.3613354921875 0.901053065625 0.3600486625 0.8973154828125001 0.3408135375 0.89213640625 0.34239284375 0.8713789000000001 0.33340049843749997 0.868957703125 0.32688348125 0.8675524796875 0.321492359375 0.8816384812500001
0 0.46861543437500003 0.278634246875 0.47372814375 0.279435884375 0.48174033437499997 0.278499528125 0.4821811359375 0.27382515625 0.48064779062499996 0.2546576390625 0.48235085624999996 0.251034384375 0.47983362031250004 0.2444801171875 0.468838409375 0.24405297343750001 0.46628380937499997 0.2494878578125 0.46861543437500003 0.278634246875
0 0.3354062765625 0.27012446875 0.33449371562499997 0.2842773453125 0.34913081875 0.28694030625 0.3497414171875 0.2881850953125 0.360314746875 0.28984291875 0.363767921875 0.2896032703125 0.3683644015625 0.279561790625 0.37194068125 0.25176936250000004 0.3722365734375 0.24863163125 0.3697043515625 0.24346933124999998 0.34261775625 0.23483835156250002 0.3388938328125 0.24665866093750002 0.33800883125 0.26038411093749997 0.3360450203125 0.2633510484375 0.3354062765625 0.27012446875
0 0.673522990625 0.120223884375 0.6707916765624999 0.1153914328125 0.6642107375 0.11616808593750001 0.6570706421875 0.122165521875 0.637323625 0.179136775 0.650795209375 0.186825540625 0.6564395328125 0.1937598109375 0.671310521875 0.196091478125 0.6775533953124999 0.18572957343750002 0.68450850625 0.163258634375 0.6876181406249999 0.15872773125 0.6878561828125 0.1562034484375 0.6838890906249999 0.1447744828125 0.6868698515625 0.13514408125 0.6837041046875 0.1283009796875 0.6799792046875 0.1266786609375 0.6763790281250001 0.1178249125 0.673522990625 0.120223884375
0 0.8569852140625001 0.10225401249999999 0.8570556375 0.1128680578125 0.8630407015625 0.144026334375 0.867554909375 0.1470324609375 0.866960325 0.154184471875 0.8766830921875 0.20480124531250002 0.8815646734374999 0.20556664218749998 0.8865584359375 0.204975175 0.8942216265624999 0.19875634375 0.905353984375 0.19839730625000002 0.9084711875 0.1653416109375 0.8968072359375 0.10461903749999998 0.8923273640625 0.10105368125 0.8879120890625 0.10036139687500001 0.8775260218750001 0.10159153437499999 0.8749364156249999 0.09835745625 0.8569852140625001 0.10225401249999999
0 1 0.44142611093750006 0.9930486515625001 0.42788555781250004 0.9793777609375001 0.42558215937500005 0.9777693078125 0.4218172015625 0.9667949265625 0.41745860625000003 0.9612129625 0.41658339375000003 0.9582394656250001 0.4185266328125 0.9544486624999999 0.4266228015625 0.9493948984375 0.45721686093749997 0.9616876624999999 0.47326386718749996 0.9615734625 0.49420833281250004 0.9546809140624999 0.5035288687499999 0.9489380890625 0.5409947328125 0.946640575 0.544101578125 0.9490532515625001 0.549749015625 0.9549122062500001 0.5507361859375 0.9563034328125 0.5539926703125 0.9603441328125 0.5546262234375 0.9693873234374999 0.5549220625 0.9728335937500001 0.5502617953125 0.9806455296875001 0.5515780218749999 0.9844363359375 0.5434818531250001 0.988456503125 0.5231954984375 0.9937405984375 0.5101100046875 0.9958776546875001 0.4966383625 1 0.45292383750000004 1 0.44142611093750006
0 0.557513978125 0.816751534375 0.5827656953125 0.8217469453125 0.583928690625 0.824484009375 0.5908511203125 0.8255693984375 0.593094040625 0.8255733890625001 0.5961674 0.7929826125 0.58373153125 0.790522490625 0.5821753515625 0.7868600859375 0.5768801640625 0.7859988734375001 0.5537852859375 0.7828530796875001 0.5520098 0.812172059375 0.557513978125 0.816751534375
0 0.4572358515625 0.8008127421875001 0.45712517343750003 0.8484125234375 0.45978399531249997 0.8520014281250001 0.4633131640625 0.8525547781249999 0.46844978125000003 0.8517613 0.4697899671875 0.8535702953125 0.4742322546875 0.8542668156250001 0.48062857656249997 0.85327874375 0.48229742968749995 0.855531378125 0.484143878125 0.8558208890625 0.48969379999999996 0.8535777781249999 0.49106609375000004 0.8506356515625001 0.49134058906250005 0.8477248390625001 0.49035548906250004 0.81269040625 0.493496734375 0.8020088734374999 0.48802408750000004 0.7967616984375 0.47628826718750006 0.7949216031249999 0.4597984140625 0.79531874375 0.4572358515625 0.8008127421875001
0 0.0774870390625 0 0.07621960156249999 0.0396650640625 0.078250321875 0.046783378125000004 0.07978847812499999 0.04853209375 0.099248109375 0.051583228125000005 0.101635446875 0.045199114062500004 0.1015174234375 0.034758628125 0.103968590625 0.023462803125 0.1061811703125 0 0.0774870390625 0
0 0.427580528125 0.7878668328125 0.42549213906250005 0.7908432078125001 0.425438990625 0.791406796875 0.4312895078125 0.8002008390625001 0.44307695 0.8010214203125001 0.44375203281250003 0.8025052859375 0.45162880625 0.803740309375 0.45371032656250004 0.803486775 0.455369934375 0.792998884375 0.45785857500000005 0.7666086265625001 0.4566789703125 0.7640157921874999 0.45339449375 0.76320005 0.43706942499999996 0.7606403921875 0.4355356046875 0.7677192453125 0.4289547640625 0.77416158125 0.427580528125 0.7878668328125
0 0.3896983703125 0.3654249234375 0.3900588203125 0.3842740359375 0.3883453796875 0.387797459375 0.3900546640625 0.41199372343749996 0.38834122187500003 0.41551714375 0.38980215937499996 0.46397648125 0.40069119531249997 0.4653373125 0.40180435625 0.467051078125 0.40714926875 0.46788912343750005 0.4133729 0.46666380468749996 0.41353811250000005 0.4649118296875 0.4135420140625 0.4389116421875 0.41623867031249995 0.43627436406250003 0.418187384375 0.41560965312500003 0.41722140156250004 0.3798820390625 0.40828999374999997 0.3784543953125 0.404987278125 0.373369703125 0.40339800937500003 0.3647615859375 0.38971689062500003 0.3652285234375 0.3896983703125 0.3654249234375
0 0.7195064109375 0.1225386015625 0.7208027109375 0.108792275 0.6963149 0.09132292812500001 0.6782662671875 0.1332018328125 0.6837529640625 0.144709690625 0.6927258703125 0.14776856875 0.7066065984375001 0.14994496875000002 0.7195064109375 0.1225386015625
0 0.3500558828125 0.1472870703125 0.372802796875 0.150853628125 0.3718483796875 0.14718881718750002 0.379817046875 0.11791896406249999 0.38084175625 0.1070526640625 0.380289803125 0.1049332484375 0.36733903749999997 0.10143143125000001 0.36695676875 0.10137149375000001 0.3609628 0.11217799375 0.3503143109375 0.1445466328125 0.3500558828125 0.1472870703125
0 0.054743582812500004 0.2107869515625 0.056392653125000004 0.2140005859375 0.06422509531250001 0.215228659375 0.069899946875 0.2059850171875 0.0764116453125 0.21248262968749998 0.0806412 0.2089037265625 0.087274596875 0.1936847015625 0.0914103734375 0.1901851484375 0.095081203125 0.151258628125 0.0777707265625 0.1368855625 0.073541171875 0.1404644671875 0.061187237500000005 0.174933125 0.058367534374999995 0.1773190609375 0.056710898437500004 0.182893646875 0.054743582812500004 0.2107869515625
0 0.27852436406250003 0.9359394078125 0.28571088125 0.9374658421875001 0.2875208359375 0.9377496296875 0.29033946718750003 0.9353994578125 0.30916031875 0.88395855625 0.31015446562500004 0.8734163484374999 0.30996459375 0.8724786953124999 0.2932181921875 0.8654910171875001 0.28568355156249997 0.87875699375 0.2891574296875 0.8874998156249999 0.2735930640625 0.9284117796875 0.27852436406250003 0.9359394078125
0 0.8484307484375 0.24842833749999998 0.8473663359374999 0.2597156765625 0.8631465 0.262189896875 0.865498334375 0.259028153125 0.879373296875 0.22226793125 0.879741184375 0.21836674218750002 0.8791230984375 0.21455802343750002 0.8692493453125 0.20722634218749997 0.8646553890625001 0.2110247484375 0.8585824828125 0.22711425937500002 0.8555198484375 0.2296465328125 0.8484307484375 0.24842833749999998
0 0.72331983125 0.1297698015625 0.7219736625000001 0.14404495 0.7235051421875001 0.16132427968750002 0.7218524578125 0.1648786125 0.7233832 0.18214965 0.722036665625 0.18915819218750002 0.7242784437500001 0.190301746875 0.7384951281250001 0.1925308234375 0.7430446984375 0.19167079843749998 0.743758871875 0.184097490625 0.7433995921875 0.163777234375 0.7450522765625001 0.1602229 0.7426030890625 0.132589240625 0.7392056171875 0.12755811718750001 0.723534978125 0.12835912031250002 0.72331983125 0.1297698015625
0 0.4642006375 0.7647426890625 0.47003380781250004 0.765862278125 0.47169518281249995 0.77314828125 0.477528353125 0.7742678703125 0.479331234375 0.77809746875 0.4858999984375 0.7793582453125001 0.496055528125 0.7809505625 0.49839882500000005 0.7561015906249999 0.49601841562500004 0.7534318140625 0.47657451562500003 0.7496998500000001 0.474771634375 0.7458702500000001 0.464006734375 0.745545871875 0.4642006375 0.7647426890625
0 0.3317512125 0 0.331765471875 0.0006271375 0.32990229531250004 0.0038509609374999996 0.328674725 0.035028620312499995 0.3340686578125 0.039852928125 0.3349603765625 0.03999274375 0.338731753125 0 0.3317512125 0
0 0.28752336875 0.26136606093750003 0.283237834375 0.27411220625 0.280314365625 0.27647914375 0.27106227031249996 0.3071610375 0.289514159375 0.3163278359375 0.3084701390625 0.3193000015625 0.31842748906249996 0.289684584375 0.321350959375 0.287317646875 0.32324128281250003 0.281695396875 0.3244669109375 0.2686984890625 0.3244654359375 0.2685623046875 0.3133529140625 0.263644709375 0.30750597343749997 0.268378584375 0.294541365625 0.26264139062499997 0.2937606609375 0.2586352578125 0.28752336875 0.26136606093750003
0 0.6193587171875 1 0.6201220468749999 0.9919054218750001 0.620003884375 0.971670546875 0.62194629375 0.9683081515625 0.6208329890625001 0.945655353125 0.59137205625 0.9404707203125 0.5874872390625 0.9471955140625001 0.5815788125 0.9433775593749999 0.5454756359374999 0.9430107421875 0.5452903359375 0.94497571875 0.5454615484375 0.974295309375 0.5513902749999999 0.9815895484375 0.549488465625 0.991904515625 0.5499498859374999 1 0.6193587171875 1
0 0.1650596515625 0.199363559375 0.1629137953125 0.195939259375 0.1572125796875 0.1994931359375 0.15313656250000002 0.21512925 0.1516061859375 0.2601310765625 0.149828509375 0.263620165625 0.150748953125 0.28090364375 0.148971271875 0.28439273125 0.1537668484375 0.2887792765625 0.17052438125 0.291406740625 0.17484243593749998 0.29088499687499997 0.176556903125 0.2493398671875 0.1783345796875 0.245850775 0.1782713671875 0.2077947359375 0.1748684921875 0.1992015875 0.1650596515625 0.199363559375
0 0.8105546734375 0.16644444687499999 0.8069708484375001 0.1707427171875 0.8022649796874999 0.1905857328125 0.8068480296875 0.19360844375 0.809041865625 0.199496671875 0.8010926843749999 0.2431081796875 0.80328651875 0.2489964078125 0.8089935640625001 0.25056693124999996 0.8315633078125 0.254105709375 0.8346868484375 0.231214946875 0.837076065625 0.2283494296875 0.8461324625 0.17214564062499998 0.8488014156249999 0.14384331875 0.84792804375 0.1414992 0.8325209515625 0.1372593171875 0.8247671546875001 0.172117084375 0.8177948890625 0.1719598859375 0.8163323312499999 0.168034403125 0.8105546734375 0.16644444687499999
0 0.6658115984374999 1 0.6662363171875 0.9996059 0.671702090625 0.981759378125 0.6720826609375 0.9777237156249999 0.6511995515625 0.971151615625 0.6458876046875 0.9703187390625001 0.6403332546875 0.9860281796875 0.6372869062500001 0.9888549031249999 0.6338039140625 1 0.6658115984374999 1
0 0.5845129640625 0.43877539062500004 0.586191184375 0.44428096093749997 0.6030235953124999 0.44692016562500003 0.60634829375 0.440859825 0.6106208046875 0.42163016718749996 0.611701459375 0.4101706078125 0.6006065609375 0.40590692656250005 0.598755265625 0.40561665625 0.59505095 0.4095935296875 0.59132686875 0.4263548359375 0.5867474125000001 0.42871860625 0.5845129640625 0.43877539062500004
0 0.9684225468750001 0.1472688640625 0.9690517421875 0.143630253125 0.9703733937499999 0.129615075 0.9655021703125 0.12567237656250002 0.9506328749999999 0.124996990625 0.9477412171875 0.15329940625 0.9663237609375 0.15621301875 0.9673578468749999 0.14863139375 0.9684225468750001 0.1472688640625
0 0.58863990625 0.71248420625 0.575589334375 0.75361144375 0.5912700359375 0.7623744 0.5894065609375 0.77084416875 0.592395 0.777269790625 0.6028467140625 0.7770580500000001 0.6054580796875 0.77246483125 0.6088173375 0.7717481562499999 0.6050872625 0.779607125 0.606886196875 0.78893155 0.6200888531250001 0.7910016343749999 0.6278572921875 0.779794440625 0.6345695515625 0.7601999609375001 0.6375548609374999 0.7575450125 0.641812753125 0.7451153406250001 0.6419240953124999 0.743934640625 0.6409078625 0.7386672062499999 0.6259750546875 0.7337807953125 0.6244792718750001 0.7260277015625001 0.6114130624999999 0.7217520937499999 0.610665171875 0.7178755453125001 0.58863990625 0.71248420625
0 0.23798044062499998 0.8018607828125001 0.2377338671875 0.815742846875 0.2357227515625 0.818976059375 0.23648173749999998 0.8312415171875 0.25396535625 0.8368477562500001 0.25489256718750003 0.8386688578125 0.26581047343750003 0.840380709375 0.2688127609375 0.8085436187499999 0.2681664578125 0.8072742359375 0.25263231249999996 0.801905296875 0.2507444828125 0.7981974796875 0.240997115625 0.797010965625 0.23798044062499998 0.8018607828125001
0 0.487605390625 0.3301602640625 0.48913679062500004 0.3304003765625 0.49461946562500003 0.3214950015625 0.5077856171875 0.2874953796875 0.508432175 0.28063910000000003 0.5051087796875 0.27557063125000003 0.5015582828125 0.2744029671875 0.4970561 0.27369705624999996 0.4930563078125 0.2770928953125 0.48677486718749996 0.2933137734375 0.4836698453125 0.29594995156250004 0.47469550624999995 0.3191248484375 0.4740744875 0.3257103078125 0.487605390625 0.3301602640625
0 0.1415124203125 0.20385555156250001 0.1502560484375 0.2052264921875 0.1561154109375 0.20379669687500002 0.155869015625 0.18300425625 0.15788367812499998 0.17417161406249998 0.1610807421875 0.1727371828125 0.1618211265625 0.1648859453125 0.161485984375 0.1617434703125 0.1478650171875 0.15415974999999998 0.14004719999999998 0.15478420937499998 0.136811703125 0.170651740625 0.1381585171875 0.20176234375000002 0.1415124203125 0.20385555156250001
0 0.731358309375 0.456658715625 0.7289443515625 0.46666366249999996 0.7370446328125 0.4679337296875 0.7440589515625 0.44787216093750004 0.74567531875 0.43073175625 0.745855709375 0.430273684375 0.7467582859374999 0.4207025125 0.74582920625 0.41860866874999997 0.7363767921875 0.4139325140625 0.732959178125 0.4187002140625 0.72845558125 0.44703227187500005 0.72821568125 0.449576246875 0.731358309375 0.456658715625
0 0.46780294843750003 0.9881743406249999 0.47354629218750005 0.9693176640625 0.47601681406249996 0.9431195640625001 0.475655765625 0.9422721375 0.4535443109375 0.9355914875 0.4524626578125 0.9354218921875 0.444838915625 0.9428524515625 0.44801529218749997 0.950307840625 0.44496829531250004 0.9603118109375 0.443246725 0.9856575859375001 0.45043096250000003 0.9867840250000001 0.46780294843750003 0.9881743406249999
0 0.341570509375 0.3020236390625 0.340685821875 0.3114051015625 0.3415872484375 0.312200971875 0.34206783125 0.319301834375 0.3495545640625 0.3312531234375 0.3556641328125 0.332964015625 0.3708176578125 0.3353399828125 0.372148375 0.333842171875 0.37868471875 0.30355970781249997 0.3813440796875 0.3005664171875 0.3819697171875 0.296400171875 0.3830906609375 0.28451338437499996 0.380505753125 0.2811319 0.37084024375 0.279274765625 0.3594765296875 0.29461265000000003 0.3563365859375 0.290505078125 0.345341390625 0.29014459062500003 0.341570509375 0.3020236390625
0 0.51198861875 0.148238071875 0.51382910625 0.15104043125 0.5218381390625 0.15229619218749998 0.522121821875 0.152245953125 0.5250806953125 0.120869215625 0.5250132468750001 0.12014271562500001 0.525183925 0.11977454531250001 0.5256261484375 0.11508507187499999 0.5234539546875 0.1117776484375 0.5213949875 0.11145481718750001 0.5134677187500001 0.111549571875 0.5113494875 0.12030604062500001 0.5132928109375 0.14123756406250002 0.51198861875 0.148238071875
0 0.439351109375 0.2568189078125 0.4395210984375 0.25648384375 0.44068584062499994 0.2441325828125 0.4363146109375 0.23906794531250003 0.41801564999999996 0.23359877187500003 0.4144278984375 0.24660467968750002 0.41777998906249997 0.25334897968750003 0.418359940625 0.2535276390625 0.439351109375 0.2568189078125
0 0.885215925 0.37839550625 0.8838158640625 0.3760814546875 0.8736713921874999 0.38193882343749996 0.8638524421874999 0.41421048281250006 0.8796726328125001 0.4166909796875 0.8828974015625001 0.40298179218749997 0.885215925 0.37839550625
0 0.3747265640625 0.0884714484375 0.378843140625 0.0947177734375 0.3779436921875 0.135451546875 0.38064807031250003 0.1395550609375 0.3861162828125 0.1404124390625 0.39205773593750004 0.140675871875 0.3938021125 0.137374665625 0.3939655015625 0.1356420296875 0.394311159375 0.0760897625 0.39591236093750004 0.0664437859375 0.3913388125 0.0657266859375 0.3810559171875 0.0656918453125 0.37636151875 0.0711339390625 0.3747265640625 0.0884714484375
0 0.9165433015625 0.4004491296875 0.9133879671875 0.40743790625000004 0.914469709375 0.4179463390625 0.922086478125 0.42490725625000003 0.92773200625 0.4257924359375 0.9298394234374999 0.4252429125 0.9317247296875 0.4052505984375 0.9313281265625 0.39351087812499996 0.9329057921875 0.3900164875 0.9294575484375001 0.38474964218749996 0.9194057250000001 0.3812047234375 0.9158221375 0.3934435078125 0.9165433015625 0.4004491296875
0 0.1618266453125 0 0.1596030015625 0.002140340625 0.1558342921875 0.0153346828125 0.1482789359375 0.0273904125 0.142980228125 0.045941315625 0.142386559375 0.0522367546875 0.1553946078125 0.04206664375 0.161074584375 0.043774559375 0.1658123859375 0.0487810625 0.16799685625 0.0576643078125 0.17271932968749998 0.058404759375000004 0.175754590625 0.0535615375 0.18046547500000001 0.0370686125 0.18330097812499999 0.0343393328125 0.1861445046875 0.024384076562500002 0.187107734375 0.014169721875 0.186585140625 0.012044567187499999 0.1771185109375 0.009198040624999999 0.1714295609375 0.000323646875 0.170353215625 0 0.1618266453125 0
0 0.8133819078125001 0.20415426406249998 0.8101460625 0.2315053390625 0.806986490625 0.2413656171875 0.809469009375 0.24750931406249999 0.8190726187499999 0.24901509375000003 0.82001398125 0.2478046484375 0.82695580625 0.17419158125 0.8147097515624999 0.16766142343749998 0.811183828125 0.1721951875 0.806810815625 0.19231212343749998 0.8134200390625 0.19540886875000002 0.8157325203125 0.20113175156250002 0.8133819078125001 0.20415426406249998
0 0.5821027125 0.5229712703125 0.588907465625 0.5009029890625001 0.5895598578125 0.49398485000000003 0.5891645953125 0.49140708125000004 0.5836222234374999 0.48958246875 0.5722931265625 0.51650969375 0.5717997078125 0.5204803296875 0.5785529921875 0.5227035875 0.5821027125 0.5229712703125
0 0.7989590640625 0.147198296875 0.8013765546875 0.1437949859375 0.8057978406249999 0.1301449875 0.807195884375 0.1153197328125 0.7972691703125 0.10714799531250001 0.79294190625 0.1106421390625 0.7818081578125 0.1384387265625 0.7896343781249999 0.14387326875 0.7900264906250001 0.14579773125 0.7989590640625 0.147198296875
0 0.10761135937499999 0.7795563171875 0.1160636953125 0.780881584375 0.12744754375 0.753912371875 0.1292170953125 0.745488484375 0.1297664375 0.7396630984375 0.126522828125 0.7342077640625 0.1080336671875 0.7257980703125 0.0959216953125 0.763047734375 0.095155484375 0.7711728625000001 0.10130786249999998 0.7771013984375 0.10761135937499999 0.7795563171875
0 0.23551455468750002 0.114726246875 0.24127267031250002 0.1255323765625 0.245211265625 0.1261499203125 0.2620268078125 0.1238052171875 0.264277275 0.11850716562500001 0.2646265234375 0.11480364218750001 0.2589731375 0.0907787203125 0.2527245765625 0.0876155515625 0.2371914328125 0.0884366234375 0.2349832 0.0936352421875 0.23492689218749999 0.0942323625 0.23551455468750002 0.114726246875
0 0.21651821875000002 0.3431331875 0.21899675 0.3475553953125 0.23115839375 0.34946225625 0.2360819375 0.348428146875 0.23636677343749998 0.2995850625 0.23327217500000003 0.2940636578125 0.221605071875 0.29298764374999997 0.2171587 0.304794909375 0.21651821875000002 0.3431331875
0 0.386097746875 0.359660934375 0.396417246875 0.3612789609375 0.40056286406249997 0.3173176609375 0.39021382656250003 0.31394524687500003 0.386388940625 0.3237807734375 0.38154774375 0.324736196875 0.3797554828125 0.352331934375 0.386097746875 0.359660934375
0 0.682535353125 0.335406421875 0.6840711171875 0.36879512812500004 0.6976650234374999 0.3709265578125 0.6978158046875 0.369327640625 0.6982964 0.3396108765625 0.6960254640625 0.332545609375 0.690909628125 0.3270899015625 0.6870094718749999 0.326910746875 0.682535353125 0.335406421875
0 0.5147698453125 0.34291986093750004 0.5168065828125 0.344135296875 0.5244786234375 0.34533821875 0.5265128390625 0.32376683125 0.5251789125 0.3205141890625 0.5261245484375 0.3119882859375 0.518742934375 0.3213869234375 0.5138224453125 0.33360095156249997 0.5147698453125 0.34291986093750004
0 0.7445551296875 0.0741802375 0.75088505625 0.054853115625000004 0.7530797671875 0.051704646875 0.7538067703125 0.0439953 0.7536462484374999 0.043207203124999996 0.7443335624999999 0.0394896171875 0.731517371875 0.0689756171875 0.732570453125 0.0741457671875 0.74272154375 0.0757373875 0.7445551296875 0.0741802375
0 0.1045835171875 0.2030414515625 0.10156203125 0.205178403125 0.09253212499999999 0.22278723125000002 0.09883331875 0.2316175578125 0.1148319921875 0.2341260375 0.1221979859375 0.21976193125000001 0.125219471875 0.21762498125000002 0.1371352828125 0.191801409375 0.137890109375 0.183797021875 0.13569101249999999 0.1765517 0.1265919984375 0.171764553125 0.11326981093749999 0.1722087296875 0.1075358953125 0.178508528125 0.111793621875 0.1844751921875 0.1045835171875 0.2030414515625
0 0.7967705031250001 0.48669481875000004 0.80165185625 0.47607324999999995 0.8018054546875 0.47444445156250004 0.7984506796875 0.46549563125000004 0.7892726234375 0.4597365578125 0.7813008328125 0.46655682187499997 0.77936689375 0.480121346875 0.780898225 0.48420615624999996 0.7967705031250001 0.48669481875000004
0 0.0782825875 0.37560700156250004 0.0849766453125 0.375840284375 0.0874305125 0.34981880468750004 0.085607771875 0.34610105 0.069993103125 0.3439261390625 0.066882903125 0.34871000625000004 0.066396371875 0.3625544453125 0.07051649531250001 0.3743893328125 0.0782825875 0.37560700156250004
0 0.2886909625 0.0485988265625 0.2904045671875 0.042754728125 0.2907049046875 0.039569871875 0.29078825625000004 0.0245034453125 0.2923812671875 0.0217932390625 0.292625525 0.0192030625 0.2918560109375 0.0090020453125 0.278111190625 0.0084378234375 0.2751372109375 0.013497487499999999 0.273096615625 0.0490859140625 0.2824111859375 0.050546375 0.2886909625 0.0485988265625
0 0.3255343984375 0.256704890625 0.325740428125 0.2551937765625 0.325836321875 0.2541768875 0.3216250296875 0.22290132499999998 0.308643984375 0.22336945937500002 0.3063813265625 0.22892094218749998 0.310151484375 0.256920365625 0.31746499687499996 0.2580670734375 0.3255343984375 0.256704890625
0 0.6119216359374999 0.47493870156250007 0.6140584671875 0.4522791375 0.6130262265625 0.44956796875 0.5905112609375001 0.445809021875 0.587727975 0.46618692968750003 0.5897356625 0.4714600953125 0.6119216359374999 0.47493870156250007
0 0.38216304375 0.242602609375 0.38266058125 0.2511827078125 0.3848271546875 0.2545342578125 0.39566501718749997 0.256233559375 0.3976213359375 0.25399661875 0.3998272078125 0.24124011875 0.40150968750000005 0.2233986421875 0.40067929218750004 0.220825096875 0.39252708593749996 0.2195468890625 0.3909234953125 0.2193237453125 0.384150890625 0.2270678375 0.3832589734375 0.2309810640625 0.38216304375 0.242602609375