0 0.008994737499999999 0.15728659375 0.01400839375 0.18593152968749999 0.020403490625 0.193789946875 0.028095210937499997 0.1927468 0.0362809328125 0.19691629375 0.04775955 0.1956340671875 0.049280292187500005 0.19516595781249998 0.050540340625 0.191466890625 0.0478888125 0.1777137703125 0.051668957812500006 0.166616571875 0.051167410937500005 0.16151641562500002 0.0486281109375 0.144749759375 0.038641334375 0.13486566718749998 0.0328725453125 0.13564802812500001 0.022572315625 0.1304014859375 0.012318528125 0.13154689375 0.012416060937499999 0.1472427796875 0.008994737499999999 0.15728659375
0 0.7870253265625 0.784455540625 0.793041296875 0.7920930828125 0.7965687046875 0.793376640625 0.8194896359375001 0.790816240625 0.819119159375 0.74116671875 0.8181485828125 0.7347581328125 0.8035383234375001 0.72944173125 0.77778251875 0.727697490625 0.7753254078125 0.743948659375 0.7785083890625 0.7649654546875 0.7883207718749999 0.7664022125 0.7870253265625 0.784455540625
0 0.8382357171875 0.1640642 0.845974915625 0.21516508750000002 0.8489058390625001 0.2186266625 0.8622967906250001 0.216406396875 0.8649322796875 0.21951905 0.8699487625 0.215137671875 0.8848550421875 0.2222777765625 0.8942269671874999 0.221230878125 0.8897613281250001 0.180789515625 0.88710633125 0.16325893125 0.8839801843749999 0.159566784375 0.8679537421875001 0.1586743984375 0.8543082875 0.1502879734375 0.8409173375 0.1525082390625 0.8379411031249999 0.1618757796875 0.8382357171875 0.1640642
0 0.37188080625 0.09618990937500001 0.3782002859375 0.0954839859375 0.3819499171875 0.09467486875 0.3822941234375 0.0950266796875 0.3928757515625 0.0938446515625 0.3936513296875 0.090342734375 0.37986591718749996 0.0324337015625 0.375106965625 0.032600440625 0.3519569640625 0.0360900703125 0.3633695015625 0.0896485875 0.37188080625 0.09618990937500001
0 0.1842652578125 0.8471635093750001 0.1549098375 0.8368448546874999 0.1473069703125 0.8383377937500001 0.13806154843750001 0.8330052578125 0.1312799609375 0.83791093125 0.1304820796875 0.847002625 0.137357253125 0.8921146703125 0.1525863828125 0.9016332265625 0.16779211249999998 0.8986473515625001 0.173775821875 0.9028333703125 0.17541837656249998 0.90965884375 0.1771387921875 0.9115799390625 0.19703596875 0.909357309375 0.1982269765625 0.9051800328124999 0.1932993078125 0.8847036156250001 0.194378746875 0.8809176437499999 0.19191491562500002 0.8706794312499999 0.186470928125 0.8646004265625 0.1842652578125 0.8471635093750001
0 0.6537713734375 0.6001415 0.653024 0.604132346875 0.6696057984375 0.6605166734375 0.6739760796875001 0.664354171875 0.6812978625 0.6614891421875 0.69005755 0.662989171875 0.69725368125 0.662185321875 0.7058030515625 0.657447809375 0.70586088125 0.657139009375 0.7042497812499999 0.6465011296875 0.7022181328125 0.6403585890625 0.699380584375 0.619278521875 0.688214153125 0.5792671578124999 0.6505601390625 0.5810568546875 0.649439078125 0.587043128125 0.6537713734375 0.6001415
0 0.6674563765625 0.446356646875 0.6645047453124999 0.44341236093749997 0.652181078125 0.4426050484375 0.652062528125 0.45167534531250003 0.6652692609375 0.49930628906249996 0.6644720796875 0.50310536875 0.67121546875 0.5305062171875 0.675642915625 0.5349226484375 0.6868893593750001 0.532358278125 0.6898409921875001 0.5353025671875 0.7134111015625 0.533545509375 0.71373479375 0.5338683953125 0.7206442 0.5330965734374999 0.722104503125 0.5261373140625001 0.7207472390625 0.5155948734375 0.7132066671875 0.4919931 0.7192284812499999 0.48881137499999994 0.71946645 0.4876772921875 0.714771184375 0.45667507343749997 0.7115264156250001 0.44896854375000006 0.7025529734375 0.4492059796875 0.6996013421875 0.44626169375 0.6864804906249999 0.44925345781250003 0.6768284140625 0.4442196734375 0.6674563765625 0.446356646875
0 0.646421225 0.241615984375 0.643449753125 0.250612378125 0.6417744843750001 0.2744223734375 0.643142865625 0.283457609375 0.6498125421875 0.28708169687499996 0.65942630625 0.2864105015625 0.6602654 0.2986564359375 0.6630971234375 0.3037320953125 0.6688653812500001 0.30332937968749996 0.6764865171875 0.30982845625 0.681310865625 0.3077338515625 0.683338428125 0.2970455703125 0.6892114984375 0.2860888078125 0.6912516890625 0.2598914109375 0.6907587125 0.2566363484375 0.6885820265625 0.2527347921875 0.680891015625 0.2532717484375 0.6713471281250001 0.24690691406249998 0.66173336875 0.24757810624999999 0.6598455515625 0.24419433124999998 0.646421225 0.241615984375
0 0.9590711796875 0.6403204875 0.9532820078125 0.6403131296875 0.9515286656249999 0.6367989640625 0.94573949375 0.636791609375 0.9439861531249999 0.6332774375 0.9381969781249999 0.6332700828125 0.9364436375 0.6297559171875 0.9287247390625 0.629746109375 0.91942888125 0.62271041875 0.9125866578125 0.624457696875 0.9094222546875 0.6490372640625 0.905939859375 0.6597491796875 0.9089967781249999 0.6799336031250001 0.9183601046875 0.682412059375 0.9201134484375 0.6859262312500001 0.9485301625 0.69649815625 0.9502835046874999 0.700012321875 0.958002403125 0.700022128125 0.9653685359375 0.707055371875 0.9730874296875 0.7070651765625 0.9868248171875 0.716790734375 0.9946787578125 0.715913403125 0.9948383046875 0.7158726609375 0.996129246875 0.7119016953124999 0.9964374703125 0.6589225359374999 0.960824521875 0.6438346546875 0.9590711796875 0.6403204875
0 0.13428126093749998 0.9289418625 0.13757079218749999 0.9426158656249999 0.13867675468750001 0.9637154328124999 0.14278157656249998 0.9684017640624999 0.172047046875 0.9745373265625 0.1727246890625 0.9753109656250001 0.184810621875 0.973960896875 0.18161078749999998 0.96065974375 0.18192664218750002 0.9522987953125 0.17866572187500002 0.930767375 0.167098571875 0.9292139687500001 0.159711309375 0.9232598125000001 0.1474039328125 0.9216070000000001 0.14466738437499999 0.91848278125 0.1370107203125 0.91965990625 0.13428126093749998 0.9289418625
0 0.00940591875 0.4543424421875 0.0180791484375 0.46135354531250006 0.023755628125 0.46006434531249996 0.0384895875 0.46682822343749997 0.0407634671875 0.46643745625 0.043781815625 0.464497053125 0.045105332812499996 0.45341938906249996 0.04264453125 0.4432011875 0.0430492296875 0.4398139109375 0.040626903125 0.4238196203125 0.030941859375000002 0.41532395 0.02066079375 0.414066546875 0.013343779687499998 0.4085436109375 0.0076672984375 0.409832809375 0.0050529578125 0.444553975 0.00940591875 0.4543424421875
0 0.22167126874999998 0.14448464218749998 0.22292323125000002 0.1757515375 0.2295483140625 0.1922653453125 0.23426602187499998 0.19634855625 0.246511771875 0.19616758437499998 0.26091245 0.20647552187499998 0.270419853125 0.2166091390625 0.279275825 0.21561987500000002 0.269302671875 0.14976848125 0.26858660156249997 0.1462830734375 0.2589036328125 0.1400583453125 0.2443426515625 0.14470332187499998 0.24119751093750003 0.1419811828125 0.22167126874999998 0.14448464218749998
0 0.321167334375 1 0.3221457046875 0.9974707640625 0.319281646875 0.9698817640625 0.3201021828125 0.9622981859375 0.31695514375 0.9415187078124999 0.3021978015625 0.9340620953125001 0.2904622265625 0.93440636875 0.2883578625 0.9448454859375 0.28249007187499997 0.945017621875 0.2771505671875 0.95382208125 0.279976565625 1 0.321167334375 1
0 0.8562885171874999 0.74241831875 0.8543945296875 0.7426298874999999 0.8514199671875 0.7636338390625 0.8612098375 0.804218546875 0.8682825671875 0.8090800203124999 0.876521134375 0.808159725 0.8830720546874999 0.8059316296875 0.8844721453125001 0.80727155 0.8895344406250001 0.8067060625 0.8955895281249999 0.8035039625 0.8931198015625 0.7915355843749999 0.8986732312499999 0.7896467578124999 0.9014944593750001 0.7923467390625001 0.906493428125 0.789120465625 0.9038623328125001 0.7717476999999999 0.9015788859375 0.761211965625 0.9019881640625 0.759372803125 0.9008087890625 0.7515855546875 0.8976095234375 0.7406048078125 0.8850920484374999 0.743032471875 0.8822708203125 0.740332490625 0.8693128187499999 0.7447397578125 0.8664915921875 0.742039778125 0.8562885171874999 0.74241831875
0 0.5447781421875 0.4962430859375 0.5507230187500001 0.535496315625 0.5516001125 0.5366988359375 0.565195121875 0.535503003125 0.5656871796875 0.536177628125 0.5837378390625 0.534161265625 0.5813069390625001 0.508899440625 0.5774366375 0.4833443578125 0.56405365 0.48293380468749997 0.5616469796875 0.47963418906250005 0.5519362578125 0.48048835624999997 0.5475874421875 0.4773595734375 0.5438933984375 0.48646277343750005 0.5447781421875 0.4962430859375
0 0.7221828828125 0.50540514375 0.722377909375 0.5068457453125 0.7269775093749999 0.5372162828125 0.7302602296875 0.540973675 0.739732515625 0.53865400625 0.7423060328125 0.5415996437499999 0.7619296656250001 0.540369878125 0.7637949890625 0.5425049203125 0.7655526781249999 0.5423085765625 0.7670053390625 0.540914825 0.76825259375 0.53297121875 0.7674803015625 0.5246650453124999 0.7673710093749999 0.523943396875 0.76271690625 0.5044184296875 0.7551390765625 0.5062741625 0.7525655609374999 0.5033285265624999 0.7449877296875 0.5051842625 0.73226286875 0.5011487203125 0.7221828828125 0.50540514375
0 0.927153234375 0.8013446125 0.9266899703125 0.8052895187500001 0.9320394640625 0.818307615625 0.9398844984375 0.8247179765625001 0.9452864171875 0.8226468359375 0.946950490625 0.8240065890625001 0.953463171875 0.8232790859374999 0.957427628125 0.82175908125 0.9585873171875001 0.8227066890625 0.964428634375 0.8220541796875 0.9691788984375 0.819263971875 0.9688236140625 0.8169180718750001 0.9573008406250001 0.79355305625 0.9569424218749999 0.767319484375 0.9472967453125 0.7615995015625 0.9176241875000001 0.7692682828125 0.9181053203125 0.7724451390625 0.927153234375 0.8013446125
0 0.4800134921875 0.0921225 0.47834282968749997 0.13424858125 0.4815323078125 0.1393565328125 0.49725185937500005 0.1421305890625 0.505737575 0.1476371796875 0.5179256156250001 0.14627570625 0.52071915625 0.088102634375 0.5174255828125001 0.06635560625 0.504476965625 0.0576980671875 0.4907506 0.0558819421875 0.48450138281250005 0.056580014062499996 0.4808488234375 0.0710594546875 0.48177095625 0.08853684375000001 0.4800134921875 0.0921225
0 0.613291925 1 0.6132023484375 0.9891699140625001 0.6129348625000001 0.9874037359375001 0.609857603125 0.9829937703124999 0.6041010109375 0.9838783859375001 0.5897592140625 0.9755044515625 0.5702673218750001 0.9749738234375 0.5680452093749999 0.9717893515625 0.56420748125 0.9723790953125 0.5617840609375 0.978040415625 0.561965690625 1 0.613291925 1
0 0.7621717796875 0.13134681875 0.7587811265625 0.1432764671875 0.7607661968749999 0.1741911453125 0.7592340765625 0.17758706562499998 0.760553025 0.1879066015625 0.7641701546874999 0.1931322546875 0.7838878609375 0.1935715046875 0.7974028343749999 0.20200866718750002 0.8085240265625 0.200766365625 0.8091944718749999 0.19928033125 0.80676975 0.16492580625 0.807839228125 0.1480919140625 0.801800540625 0.10821926562499999 0.79655788125 0.108102478125 0.7943729375 0.12177400468749999 0.78539338125 0.128434071875 0.7823291375 0.1352259125 0.777945946875 0.1316982203125 0.7621717796875 0.13134681875
0 0.6040273734375 0.7411087515625 0.6033779671875 0.7450122921875 0.611678934375 0.7681823828125001 0.6140448625 0.7679180953125 0.622414715625 0.7667095546875 0.622684096875 0.7669530421874999 0.6279081234375 0.7663694890625 0.6293357125 0.7637955953125 0.626697834375 0.7463780359375 0.6171189375 0.7147724156249999 0.6125759796875 0.7106661734374999 0.5966820265624999 0.7120091578125 0.596777690625 0.7126408046875 0.5992689125 0.72782668125 0.6040273734375 0.7411087515625
0 0.5141390703125001 0.29747181093749997 0.51256460625 0.3008560796875 0.5161545328125 0.33180929375 0.5145800671874999 0.3351935640625 0.5181384078125 0.340434896875 0.522483978125 0.34398409218750003 0.529519765625 0.34418010312499997 0.5430870765625 0.34266455625000003 0.5437918890625 0.3411495765625 0.5453388296874999 0.342413021875 0.5690363781250001 0.33976586875 0.5705990171875001 0.324105584375 0.5644412359375 0.28344657500000003 0.5527976812500001 0.283122196875 0.5504254546875 0.2796279765625 0.5405587296875 0.2793531 0.5381865046875001 0.275858878125 0.51371913125 0.276891309375 0.5141390703125001 0.29747181093749997
0 0.5566539625 0.4353946171875 0.5592001 0.441836778125 0.5563659421875 0.45065131249999996 0.5652774218750001 0.473198878125 0.564757059375 0.477210746875 0.5686204609375001 0.4789358109375 0.574410296875 0.47828905468749994 0.5881072578125 0.47082584375 0.5871729 0.464656409375 0.5753409921875 0.43471966562500003 0.5745882875 0.4274867140625 0.5691673859375 0.4250662046875 0.566546571875 0.425358965625 0.5574345078125 0.4293768078125 0.5566539625 0.4353946171875
0 0.495335309375 0.48554123593750004 0.5083211578125 0.48409064218750003 0.5127703875 0.466763959375 0.513264009375 0.453753246875 0.5117188140625 0.44355052656250005 0.5089549875 0.4404036921875 0.50009118125 0.4404410953125 0.49736386250000003 0.44074575312500003 0.4932957765625 0.4779493140625 0.4940707390625 0.4830662859375 0.495335309375 0.48554123593750004
0 0.9355140703125 0.25139974062500003 0.9427733390625 0.2505888390625 0.9477784359375001 0.2229133015625 0.9499165734374999 0.21978846875000002 0.9500958390625 0.21615374687500002 0.9439706140625 0.1757097109375 0.9316792859374999 0.1671744140625 0.9222261890624999 0.17781916874999998 0.9157590609374999 0.22848972500000003 0.9283087484375001 0.2355142484375 0.93084185 0.244494965625 0.9355140703125 0.25139974062500003
0 0.7141140765625 1 0.7241960046875 0.9961077234375001 0.7209913671875 0.975063475 0.71367765625 0.9481784453125 0.7092274625 0.94432614375 0.672959325 0.9471872687499999 0.6797097187500001 0.987287284375 0.68313655625 0.9971050281249999 0.68263993125 1 0.7141140765625 1
0 0.49171003906250005 0.5845316328125 0.46883874062500003 0.5909485296875 0.45938648593750003 0.5876939765625 0.4437732546875 0.5908931984375 0.439917634375 0.5885209625 0.40732465781249994 0.5921617875 0.40128002343749997 0.5948415125000001 0.3981632828125 0.5931851640625 0.3287480796875 0.60093924375 0.3246487203125 0.60275658125 0.31892516875 0.6020365187500001 0.306297628125 0.6034470875 0.300680328125 0.6059373640625 0.299962903125 0.609977896875 0.2927048375 0.6131955640625 0.2916287015625 0.6192563578125 0.30078512343749997 0.652421896875 0.30373865312500004 0.6734474078125 0.3139712078125 0.7005521484375 0.333213471875 0.695744090625 0.3462947609375 0.6973898109375 0.3553673484375 0.6933677234375 0.35827895625 0.69579941875 0.36553702499999996 0.692581746875 0.3786183140625 0.6942274703125 0.3876909 0.690205384375 0.3906025109375 0.692637078125 0.39786057812500003 0.6894194078125 0.40712003125 0.691433025 0.411119865625 0.6909862203125 0.420014453125 0.6870430437499999 0.43243313906249997 0.6886054046875 0.4340277421875 0.688427278125 0.45596704062500004 0.68227186875 0.45887865000000005 0.6847035640625 0.4744918828125 0.681504340625 0.47702954999999997 0.6836237296875 0.4784712265625 0.683462684375 0.48647607812500004 0.67991395 0.49454040624999995 0.681667665625 0.5009216734375 0.680954840625 0.506815434375 0.678342 0.5088795578124999 0.6800659 0.5112440968749999 0.6798017656249999 0.51915834375 0.67473134375 0.5187017296875001 0.6659800703125 0.5173579484374999 0.6571072515624999 0.5129135328125 0.6439975 0.51363095625 0.63995696875 0.5044745359375 0.6067914328125 0.505191959375 0.602750903125 0.5008035828125 0.58980645625 0.49171003906250005 0.5845316328125
0 0.9214344015625 0.2909152890625 0.930117984375 0.2899452828125 0.9325270328125 0.28528118281250003 0.9336525531250001 0.263159409375 0.93124661875 0.2472733453125 0.926844971875 0.2420228296875 0.915040884375 0.241622475 0.9108872046875 0.253539975 0.910886203125 0.2845472 0.9141649468749999 0.2898262796875 0.9214344015625 0.2909152890625
0 0.7173885953125 0.7929424921875 0.7186536859375 0.8012957265624999 0.7237936046875 0.8148863515625001 0.7298524 0.8182196718749999 0.7375118484375001 0.8173640687500001 0.7451376484375001 0.8127592531250001 0.74161010625 0.78946736875 0.7386892015625001 0.781744103125 0.7341731609375 0.778171725 0.7287775921875 0.7806423984374999 0.725766896875 0.7782608140625 0.716774284375 0.782378603125 0.7173885953125 0.7929424921875
0 0.6973079859375 0.1779848625 0.7009397109375 0.18174135625 0.706549453125 0.17998193906249998 0.7084145796875 0.18191114218749999 0.7114263765625 0.1815747078125 0.7172409296875 0.178437590625 0.71741049375 0.173317021875 0.71669206875 0.168573353125 0.712885540625 0.1562881859375 0.7072757984375 0.158047603125 0.704591984375 0.1552715875 0.6947144109375001 0.16017842499999999 0.6952356640625 0.1643016 0.6973079859375 0.1779848625
0 0.7480632265625 0.7905888453125 0.75800123125 0.79768485 0.76627271875 0.7967608765625 0.7675452093749999 0.7948335578125 0.7686511296874999 0.777499546875 0.7708197140624999 0.774214996875 0.77447121875 0.7471474109375 0.7743683953125 0.746468484375 0.7663262453125 0.737175690625 0.75269444375 0.735899921875 0.7500618578125 0.7618098109375 0.747893275 0.7650943609375 0.7467992015625 0.782242665625 0.7480632265625 0.7905888453125
0 0.7348833984375001 0.25335726406250003 0.7328426203125 0.26318504374999996 0.7337875765625 0.2751883703125 0.7457455859375 0.28050709375 0.753697478125 0.2885641734375 0.7591743984375 0.29006928125 0.7694762578125001 0.2889185046875 0.765594628125 0.263288628125 0.7538483515625 0.2547297421875 0.7458662859375 0.2534395515625 0.7438858515625 0.24973356249999998 0.7378993046875 0.24876592031250003 0.7348833984375001 0.25335726406250003
0 0.40151390937500003 0.0892706640625 0.40203877187500003 0.0927362734375 0.40570230937499996 0.098735646875 0.411950840625 0.09803765 0.4167252203125 0.096761928125 0.41950635312499995 0.0612668484375 0.4213213203125 0.057564114062500005 0.420790821875 0.0400081125 0.42196503906249994 0.037612573437500005 0.42020226875000005 0.0259732265625 0.40690964999999996 0.027458090624999997 0.40563449062499995 0.048562790625000005 0.40381952343750005 0.0522655265625 0.404456121875 0.0733327296875 0.40151390937500003 0.0892706640625
0 0.29787696874999997 0.1803421 0.29960613125 0.1794138453125 0.303646115625 0.17611087812499998 0.30626158281250004 0.1552495484375 0.3054766921875 0.1500670109375 0.300298375 0.14274730625 0.29253510625 0.1423779359375 0.2871288453125 0.1543538671875 0.28633710625000003 0.1717921359375 0.29608455 0.1805423234375 0.29787696874999997 0.1803421
0 0.717682596875 0.1160569578125 0.71907769375 0.1159011171875 0.719286921875 0.1155957140625 0.7224959875 0.110911559375 0.735387040625 0.1111003765625 0.73375511875 0.1039797296875 0.7358545546874999 0.0980346 0.733600528125 0.0831515734375 0.73189926875 0.0813481046875 0.7220481328125 0.0798896015625 0.7188390609375 0.084573759375 0.7138836953125 0.10447719531249999 0.7155156171875 0.11159784375 0.717682596875 0.1160569578125
0 0.14958674375 0.22485931875 0.1473844546875 0.22136759062500003 0.099324240625 0.206739 0.09372915312499999 0.2532818515625 0.0944483578125 0.26365779218749996 0.098613196875 0.26718260312500003 0.09952744999999999 0.3086532796875 0.1447637 0.3249615640625 0.1480671296875 0.33019915625 0.1463443125 0.33362471875 0.1457754796875 0.381979603125 0.1490789078125 0.3872171984375 0.16894417343749998 0.39100667968749997 0.16974345156249998 0.3922739328125 0.1838409984375 0.39069915625 0.1843073421875 0.37226533125 0.1860301609375 0.36883977031250004 0.1850712265625 0.35500518593749997 0.1867940453125 0.35157962343750004 0.1858351109375 0.3377450359375 0.1875579296875 0.3343194703125 0.18659899687499998 0.32048488750000004 0.188321815625 0.317059325 0.1873628796875 0.3032247375 0.1890857 0.2997991765625 0.18788703281250002 0.2825059453125 0.188645075 0.280998690625 0.182435659375 0.23999875468749998 0.1775419546875 0.23223977968749998 0.1716542953125 0.2321405296875 0.1694520078125 0.22864879999999999 0.1596392421875 0.2284833828125 0.15743695468750002 0.22499165156249998 0.14958674375 0.22485931875
0 0.6342659734375 0.1532917390625 0.63485844375 0.15720373906250001 0.635651990625 0.1584201703125 0.644332271875 0.15745053281250002 0.6488175171874999 0.15155422031250002 0.6480606546875001 0.1203412953125 0.6490284109375 0.11831727656249999 0.6475223578125 0.10598718124999999 0.6468074703125 0.101266875 0.6375789203125 0.1012685265625 0.633432984375 0.109939565625 0.635244415625 0.13074795 0.63358604375 0.13421636406249998 0.6350955671875 0.1515566828125 0.6342659734375 0.1532917390625
0 0.6734206421875 0.760833446875 0.6754923890625 0.7696613484375 0.678006071875 0.773018896875 0.68818416875 0.77544579375 0.7026146062499999 0.7738338312499999 0.6973159718749999 0.754690165625 0.6994197234375 0.7494435890625 0.697502678125 0.7367855953125 0.694891478125 0.7358795796875001 0.68077889375 0.722138784375 0.68001505625 0.722161078125 0.6732716203125 0.7251692656250001 0.6717444046875001 0.7438922406249999 0.6734206421875 0.760833446875
0 0.26113709531249996 0.248577775 0.26083327968750003 0.252393409375 0.27167378593749997 0.27178219375 0.27534644375 0.2729729625 0.29238609531250004 0.271069534375 0.2896165921875 0.25278288125000004 0.2834534296875 0.23493787500000002 0.27335862187500004 0.2284030984375 0.2573809125 0.22909393437499997 0.2566213703125 0.23863302343749998 0.26113709531249996 0.248577775
0 0.0382345109375 0.6050890359375 0.0362641078125 0.5920787359374999 0.0284818796875 0.572206796875 0.0011327125 0.5668743171874999 0.0049479890625 0.5866623640624999 0.015502023437500002 0.61028406875 0.032598240625000004 0.6083743234375001 0.0382345109375 0.6050890359375
0 0.5843776296875001 0.32224267812499996 0.5872803203125 0.3201591078125 0.5842245796875 0.29998246093750003 0.5806986234375 0.2885489109375 0.5694030859375 0.28355264375 0.562163128125 0.28636693750000003 0.5732303546875 0.317735634375 0.581302534375 0.3225861828125 0.5843776296875001 0.32224267812499996
0 0.594936428125 0.75424313125 0.5973336812500001 0.75397534375 0.59941971875 0.7529584765624999 0.5926251578125 0.7080949125 0.589015346875 0.7048853640625 0.5753983875 0.70146869375 0.566202815625 0.7041557593750001 0.569254259375 0.7199044640625 0.5808744875 0.7497896359375 0.594936428125 0.75424313125