0 0.9052734375 0.10069444375 0.8974609375 0.10069444375 0.888671875 0.14756944375 0.88671875 0.17534722187500001 0.9033203125 0.1875 0.9111328125 0.1875 0.919921875 0.1927083328125 0.92578125 0.18576388906250002 0.931640625 0.1614583328125 0.93359375 0.11631944375 0.9052734375 0.10069444375
0 0.7666015625 0.90625 0.7607421875 0.8993055562500001 0.7548828125 0.8993055562500001 0.75 0.918402778125 0.75 0.9357638890625 0.759765625 0.9427083328125001 0.7578125 0.9461805562500001 0.7578125 0.9600694437499999 0.7626953125 0.96875 0.7724609375 0.96875 0.7744140625 0.972222221875 0.787109375 0.9704861109375 0.794921875 0.9288194437499999 0.794921875 0.918402778125 0.7919921875 0.9131944437499999 0.7666015625 0.90625
0 0.1123046875 0.215277778125 0.0908203125 0.20833333281250002 0.087890625 0.22395833281250002 0.080078125 0.24131944375 0.08203125 0.265625 0.0888671875 0.27430555624999997 0.0966796875 0.27430555624999997 0.1064453125 0.28125 0.11328125 0.2795138890625 0.1171875 0.25868055624999997 0.123046875 0.24479166718749998 0.125 0.22743055625 0.1123046875 0.215277778125
0 0.771484375 0.02256944375 0.7685546875 0.0173611109375 0.7607421875 0.0173611109375 0.7578125 0.02256944375 0.7568359375 0.03125 0.740234375 0.0295138890625 0.740234375 0.03993055625 0.734375 0.06423611093750001 0.734375 0.081597221875 0.73046875 0.09895833281250001 0.73046875 0.112847221875 0.7333984375 0.11805555625 0.7431640625 0.11805555625 0.7607421875 0.12847222187500001 0.765625 0.12673611093749998 0.76953125 0.1232638890625 0.775390625 0.03993055625 0.771484375 0.0329861109375 0.771484375 0.02256944375
0 0.060546875 0.08506944375 0.064453125 0.081597221875 0.064453125 0.0607638890625 0.0595703125 0.05208333281250001 0.0537109375 0.05208333281250001 0.0517578125 0.0486111109375 0.0458984375 0.055555556250000006 0.0400390625 0.055555556250000006 0.037109375 0.0607638890625 0.029296875 0.105902778125 0.029296875 0.1197916671875 0.0234375 0.14409722187500001 0.0234375 0.14756944375 0.0302734375 0.15625 0.0380859375 0.15625 0.0400390625 0.15972222187500001 0.048828125 0.15798611093749998 0.0546875 0.1302083328125 0.056640625 0.10243055625 0.060546875 0.09548611093750001 0.060546875 0.08506944375
0 0.4501953125 0.1458333328125 0.447265625 0.15798611093749998 0.447265625 0.1822916671875 0.4453125 0.18576388906250002 0.443359375 0.21701388906250002 0.4560546875 0.22569444375 0.47265625 0.22395833281250002 0.478515625 0.1510416671875 0.4677734375 0.14930555625 0.4658203125 0.1458333328125 0.4501953125 0.1458333328125
0 0.994140625 0.862847221875 0.9912109375 0.8576388890625 0.9482421875 0.840277778125 0.9462890625 0.8368055562500001 0.9404296875 0.8368055562500001 0.9384765625 0.8333333328125001 0.9326171875 0.8333333328125001 0.9306640625 0.8298611109375 0.9228515625 0.8298611109375 0.9052734375 0.8194444437499999 0.9013671875 0.8194444437499999 0.8984375 0.824652778125 0.8984375 0.8350694437499999 0.892578125 0.8663194437499999 0.8955078125 0.875 0.9052734375 0.8819444437499999 0.9267578125 0.8888888890625 0.9345703125 0.8958333328125001 0.9423828125 0.8958333328125001 0.9580078125 0.90625 0.9658203125 0.90625 0.9833984375 0.9166666671874999 0.986328125 0.9149305562500001 0.990234375 0.9079861109375 0.990234375 0.9010416671874999 0.994140625 0.890625 0.994140625 0.862847221875
0 0.7431640625 0.4270833328125 0.7197265625 0.4201388890625 0.7099609375 0.41319444375 0.69921875 0.41493055625 0.697265625 0.4427083328125 0.6953125 0.44618055625 0.6982421875 0.4513888890625 0.7158203125 0.4583333328125 0.716796875 0.4635416671875 0.71484375 0.4670138890625 0.7197265625 0.47569444375 0.7275390625 0.47569444375 0.7294921875 0.4791666671875 0.73828125 0.47743055625 0.73828125 0.4704861109375 0.74609375 0.453125 0.74609375 0.4322916671875 0.7431640625 0.4270833328125
0 0.7353515625 0.6666666671875 0.740234375 0.6510416671875 0.740234375 0.6302083328125 0.7373046875 0.625 0.7314453125 0.625 0.7294921875 0.621527778125 0.7197265625 0.621527778125 0.7177734375 0.6180555562500001 0.7099609375 0.6180555562500001 0.7001953125 0.6111111109375 0.6845703125 0.6076388890625 0.6796875 0.6232638890625 0.677734375 0.671875 0.673828125 0.6927083328125 0.6806640625 0.7013888890625 0.6923828125 0.7013888890625 0.7041015625 0.7083333328125 0.71875 0.7100694437499999 0.7216796875 0.7083333328125 0.724609375 0.699652778125 0.7265625 0.668402778125 0.7353515625 0.6666666671875
0 0.9052734375 0.03125 0.8974609375 0.02430555625 0.8857421875 0.02430555625 0.8818359375 0.0208333328125 0.876953125 0.0295138890625 0.876953125 0.03993055625 0.875 0.043402778125 0.876953125 0.050347221875 0.8818359375 0.05208333281250001 0.8857421875 0.0625 0.9169921875 0.07986111093750001 0.9248046875 0.07986111093750001 0.9267578125 0.08333333281250001 0.93359375 0.081597221875 0.939453125 0.053819443749999994 0.9365234375 0.0451388890625 0.9267578125 0.03819444375 0.9052734375 0.03125
0 0.6171875 0.4427083328125 0.6142578125 0.4375 0.6103515625 0.43402777812500004 0.6005859375 0.43402777812500004 0.5986328125 0.43055555625 0.5869140625 0.43055555625 0.5849609375 0.4270833328125 0.5625 0.42881944375 0.560546875 0.4635416671875 0.55859375 0.4670138890625 0.55859375 0.47743055625 0.560546875 0.48090277812500004 0.55859375 0.48784722187499996 0.5615234375 0.49305555625 0.5712890625 0.49305555625 0.5732421875 0.49652777812500004 0.5810546875 0.49652777812500004 0.5830078125 0.49305555625 0.5869140625 0.49652777812500004 0.611328125 0.4947916671875 0.615234375 0.47743055625 0.615234375 0.4635416671875 0.6171875 0.46006944375 0.6171875 0.4427083328125
0 0.953125 0.4045138890625 0.955078125 0.4010416671875 0.955078125 0.38715277812500004 0.95703125 0.38368055624999997 0.958984375 0.36284722187499996 0.9541015625 0.3576388890625 0.9462890625 0.3576388890625 0.9443359375 0.3541666671875 0.9150390625 0.34375 0.91015625 0.35243055624999997 0.908203125 0.3802083328125 0.904296875 0.4010416671875 0.9111328125 0.40972222187499996 0.9287109375 0.40972222187499996 0.931640625 0.41493055625 0.9296875 0.44618055625 0.9384765625 0.4513888890625 0.947265625 0.44965277812500004 0.951171875 0.4357638890625 0.951171875 0.421875 0.953125 0.41840277812500004 0.953125 0.4045138890625
0 0.6923828125 0.746527778125 0.6611328125 0.7395833328125 0.65625 0.765625 0.654296875 0.8211805562500001 0.6591796875 0.8298611109375 0.6669921875 0.8298611109375 0.6767578125 0.8368055562500001 0.6875 0.8350694437499999 0.69140625 0.828125 0.69921875 0.7586805562500001 0.697265625 0.7517361109375 0.6923828125 0.746527778125
0 0.8759765625 0.30555555624999997 0.8701171875 0.30555555624999997 0.8583984375 0.31944444375000003 0.8330078125 0.31944444375000003 0.830078125 0.32465277812500004 0.826171875 0.35590277812500004 0.82421875 0.359375 0.8251953125 0.375 0.8291015625 0.37847222187499996 0.8447265625 0.37847222187499996 0.8583984375 0.3888888890625 0.869140625 0.38715277812500004 0.873046875 0.36631944375000003 0.873046875 0.3489583328125 0.876953125 0.33159722187499996 0.8759765625 0.30555555624999997
0 0.6005859375 0.8645833328125001 0.5849609375 0.8611111109375 0.580078125 0.9149305562500001 0.5830078125 0.9201388890625 0.599609375 0.918402778125 0.6015625 0.890625 0.603515625 0.887152778125 0.603515625 0.8697916671874999 0.6005859375 0.8645833328125001
0 0.3388671875 0.25694444375000003 0.3037109375 0.25 0.302734375 0.25868055624999997 0.296875 0.26909722187499996 0.29296875 0.2829861109375 0.29296875 0.32465277812500004 0.291015625 0.328125 0.2939453125 0.3333333328125 0.3076171875 0.33680555624999997 0.30859375 0.33159722187499996 0.3134765625 0.3263888890625 0.3173828125 0.3333333328125 0.3212890625 0.3298611109375 0.3251953125 0.33680555624999997 0.3310546875 0.34027777812500004 0.3359375 0.3385416671875 0.337890625 0.32465277812500004 0.34375 0.3072916671875 0.34765625 0.265625 0.3388671875 0.25694444375000003
0 0.7666015625 0.684027778125 0.7646484375 0.6805555562500001 0.7451171875 0.6770833328125 0.7431640625 0.6736111109375 0.73828125 0.675347221875 0.73828125 0.6892361109375 0.736328125 0.6927083328125 0.7373046875 0.7118055562500001 0.7548828125 0.715277778125 0.7666015625 0.722222221875 0.775390625 0.7204861109375 0.779296875 0.699652778125 0.779296875 0.6892361109375 0.7763671875 0.684027778125 0.7666015625 0.684027778125
0 0.6025390625 0.25347222187499996 0.6123046875 0.25347222187499996 0.6142578125 0.25694444375000003 0.6259765625 0.2604166671875 0.630859375 0.24479166718749998 0.62890625 0.230902778125 0.6123046875 0.22569444375 0.6064453125 0.21875 0.5869140625 0.21180555625 0.5849609375 0.20833333281250002 0.5654296875 0.20486111093749998 0.5625 0.21354166718749998 0.560546875 0.24479166718749998 0.55859375 0.24826388906250002 0.5546875 0.2829861109375 0.5576171875 0.28819444375000003 0.5693359375 0.28819444375000003 0.5849609375 0.2986111109375 0.59375 0.296875 0.59765625 0.2760416671875 0.59765625 0.2552083328125 0.6005859375 0.25 0.6025390625 0.25347222187499996
0 0.51171875 0.1614583328125 0.4970703125 0.15625 0.49609375 0.171875 0.494140625 0.17534722187500001 0.494140625 0.19618055625 0.490234375 0.21354166718749998 0.490234375 0.230902778125 0.4931640625 0.23611111093749998 0.50390625 0.234375 0.505859375 0.230902778125 0.509765625 0.18923611093749998 0.51171875 0.18576388906250002 0.51171875 0.1614583328125
0 0.1142578125 0.9131944437499999 0.1044921875 0.9131944437499999 0.099609375 0.921875 0.099609375 0.9392361109375 0.095703125 0.956597221875 0.095703125 0.9704861109375 0.1025390625 0.9791666671874999 0.1279296875 0.9826388890625 0.12890625 0.9947916671874999 0.1318359375 1 0.14453125 0.9982638890625 0.1484375 0.980902778125 0.1484375 0.953125 0.15234375 0.9357638890625 0.1142578125 0.9131944437499999
0 0.0556640625 0.4895833328125 0.0498046875 0.4826388890625 0.0419921875 0.4826388890625 0.033203125 0.515625 0.03515625 0.5260416671875 0.0380859375 0.53125 0.0615234375 0.5451388890625 0.064453125 0.543402778125 0.068359375 0.5364583328125 0.072265625 0.5017361109375 0.0693359375 0.49652777812500004 0.0556640625 0.4895833328125
0 0.67578125 0.0607638890625 0.677734375 0.019097221875 0.6630859375 0.013888889062500001 0.662109375 0.0607638890625 0.67578125 0.0607638890625
0 0.236328125 0.3767361109375 0.23828125 0.3732638890625 0.23828125 0.3489583328125 0.240234375 0.3420138890625 0.2275390625 0.3298611109375 0.2197265625 0.3298611109375 0.2099609375 0.3229166671875 0.2001953125 0.3229166671875 0.1982421875 0.31944444375000003 0.1728515625 0.3125 0.1630859375 0.30555555624999997 0.1533203125 0.30555555624999997 0.1484375 0.32465277812500004 0.1484375 0.3385416671875 0.14453125 0.35590277812500004 0.1484375 0.36631944375000003 0.146484375 0.4045138890625 0.1708984375 0.41319444375 0.1728515625 0.4166666671875 0.1904296875 0.4201388890625 0.193359375 0.42881944375 0.19140625 0.4322916671875 0.19140625 0.44618055625 0.1875 0.4635416671875 0.1875 0.484375 0.1962890625 0.4895833328125 0.2041015625 0.4895833328125 0.2060546875 0.49305555625 0.2138671875 0.49305555625 0.2158203125 0.49652777812500004 0.22265625 0.4947916671875 0.2265625 0.47743055625 0.232421875 0.41493055625 0.234375 0.4114583328125 0.236328125 0.3767361109375
0 0.9287109375 0.9618055562500001 0.9169921875 0.9583333328125001 0.9150390625 0.9548611109375 0.9033203125 0.9548611109375 0.9013671875 0.9513888890625 0.8955078125 0.9513888890625 0.892578125 0.956597221875 0.890625 0.984375 0.888671875 0.987847221875 0.8896484375 1 0.919921875 0.9982638890625 0.923828125 0.9947916671874999 0.927734375 0.9774305562500001 0.931640625 0.9704861109375 0.9287109375 0.9618055562500001
0 0.1298828125 0.065972221875 0.1123046875 0.07291666718749999 0.1025390625 0.059027778125 0.0986328125 0.059027778125 0.091796875 0.105902778125 0.0966796875 0.1145833328125 0.1142578125 0.11805555625 0.115234375 0.13368055625 0.11328125 0.140625 0.1162109375 0.1458333328125 0.1396484375 0.15277777812499999 0.1416015625 0.15625 0.1484375 0.15451388906250002 0.154296875 0.081597221875 0.1513671875 0.07638888906249999 0.1455078125 0.07638888906249999 0.1298828125 0.065972221875
0 1 0.3732638890625 0.9853515625 0.37152777812500004 0.98046875 0.38715277812500004 0.9765625 0.4322916671875 0.9853515625 0.43402777812500004 0.9873046875 0.4375 0.994140625 0.4357638890625 0.998046875 0.4010416671875 1 0.39756944375000003 1 0.3732638890625
0 0.4599609375 0 0.45703125 0.0052083328125 0.455078125 0.02256944375 0.4599609375 0.03125 0.4755859375 0.034722221875 0.4775390625 0.03819444375 0.48828125 0.0364583328125 0.490234375 0.012152778125 0.4921875 0.00868055625 0.4912109375 0 0.4599609375 0
0 0.517578125 0.612847221875 0.515625 0.6163194437499999 0.515625 0.6302083328125 0.5224609375 0.6354166671875 0.533203125 0.6336805562500001 0.537109375 0.612847221875 0.537109375 0.5920138890625 0.5205078125 0.5868055562500001 0.517578125 0.612847221875
0 0.56640625 0.02256944375 0.568359375 0.019097221875 0.568359375 0.0052083328125 0.5654296875 0 0.541015625 0.0017361109374999999 0.541015625 0.015625 0.537109375 0.0329861109375 0.537109375 0.053819443749999994 0.546875 0.053819443749999994 0.5537109375 0.0451388890625 0.5595703125 0.05208333281250001 0.564453125 0.046875 0.56640625 0.02256944375
0 0.875 0.953125 0.875 0.9322916671874999 0.8310546875 0.9236111109375 0.82421875 0.9392361109375 0.82421875 0.949652778125 0.822265625 0.953125 0.822265625 0.980902778125 0.826171875 0.9947916671874999 0.869140625 0.9947916671874999 0.87109375 0.9739583328125001 0.873046875 0.9704861109375 0.873046875 0.956597221875 0.875 0.953125
0 0.9697265625 0.44444444375 0.9677734375 0.44097222187499996 0.962890625 0.44618055625 0.9609375 0.484375 0.9638671875 0.4895833328125 0.9765625 0.49131944375 0.98046875 0.47743055625 0.982421875 0.44965277812500004 0.9794921875 0.44444444375 0.9697265625 0.44444444375
0 1 0.074652778125 0.9931640625 0.06944444375 0.9814453125 0.06944444375 0.9765625 0.08506944375 0.96875 0.17534722187500001 0.9833984375 0.18402777812499999 1 0.18576388906250002 1 0.074652778125
0 0.60546875 0.6302083328125 0.60546875 0.5920138890625 0.6025390625 0.5868055562500001 0.5908203125 0.5868055562500001 0.5869140625 0.597222221875 0.5830078125 0.597222221875 0.5810546875 0.621527778125 0.5693359375 0.6180555562500001 0.564453125 0.6302083328125 0.564453125 0.6510416671875 0.5625 0.6545138890625 0.5625 0.6822916671875 0.5654296875 0.6875 0.5791015625 0.6875 0.5810546875 0.690972221875 0.595703125 0.6892361109375 0.59765625 0.6788194437499999 0.59765625 0.644097221875 0.599609375 0.637152778125 0.60546875 0.6302083328125
0 0.6748046875 0.8958333328125001 0.6591796875 0.8854166671874999 0.650390625 0.887152778125 0.64453125 0.918402778125 0.6455078125 0.9305555562500001 0.6572265625 0.9375 0.6650390625 0.9375 0.6669921875 0.940972221875 0.681640625 0.9392361109375 0.681640625 0.925347221875 0.677734375 0.921875 0.677734375 0.9010416671874999 0.6748046875 0.8958333328125001
0 0.8232421875 0.06944444375 0.8203125 0.074652778125 0.8203125 0.08506944375 0.818359375 0.08854166718749999 0.814453125 0.14409722187500001 0.8232421875 0.14930555625 0.83203125 0.14756944375 0.837890625 0.11631944375 0.837890625 0.074652778125 0.8310546875 0.06944444375 0.8232421875 0.06944444375
0 0.98046875 0.9774305562500001 0.982421875 0.9704861109375 0.982421875 0.949652778125 0.9794921875 0.9444444437499999 0.9638671875 0.9444444437499999 0.958984375 0.956597221875 0.958984375 0.9739583328125001 0.95703125 0.9774305562500001 0.955078125 0.9982638890625 0.978515625 0.9982638890625 0.98046875 0.9947916671874999 0.978515625 0.987847221875 0.982421875 0.980902778125 0.98046875 0.9774305562500001
0 0.8671875 0.08506944375 0.865234375 0.06770833281250001 0.8623046875 0.0625 0.8427734375 0.0625 0.8388671875 0.07291666718749999 0.8232421875 0.06944444375 0.818359375 0.08506944375 0.814453125 0.14409722187500001 0.8212890625 0.14930555625 0.8447265625 0.15277777812499999 0.8466796875 0.15625 0.857421875 0.15451388906250002 0.86328125 0.105902778125 0.865234375 0.10243055625 0.865234375 0.08854166718749999 0.8671875 0.08506944375
0 0.501953125 0.0260416671875 0.501953125 0.043402778125 0.5126953125 0.05208333281250001 0.515625 0.050347221875 0.51953125 0.03993055625 0.5234375 0.0017361109374999999 0.5068359375 0 0.501953125 0.0260416671875
0 0.0244140625 0.6805555562500001 0.01953125 0.6927083328125 0.015625 0.7239583328125 0.0224609375 0.7326388890625 0.033203125 0.730902778125 0.04296875 0.7100694437499999 0.04296875 0.6857638890625 0.0400390625 0.6805555562500001 0.0244140625 0.6805555562500001
0 0.3623046875 0.2638888890625 0.359375 0.26909722187499996 0.359375 0.29340277812500004 0.3662109375 0.2986111109375 0.373046875 0.296875 0.376953125 0.29340277812500004 0.37890625 0.27256944375000003 0.3681640625 0.2604166671875 0.3623046875 0.2638888890625
0 0.5078125 0.8038194437499999 0.509765625 0.800347221875 0.509765625 0.7829861109375 0.5078125 0.7795138890625 0.5078125 0.769097221875 0.5048828125 0.7638888890625 0.4794921875 0.7569444437499999 0.4775390625 0.753472221875 0.4677734375 0.753472221875 0.4658203125 0.75 0.4541015625 0.75 0.4482421875 0.7395833328125 0.4423828125 0.7395833328125 0.4404296875 0.7361111109375 0.4384765625 0.7395833328125 0.4267578125 0.7326388890625 0.4169921875 0.7361111109375 0.4130859375 0.7291666671875 0.4072265625 0.7291666671875 0.3818359375 0.715277778125 0.3681640625 0.715277778125 0.3603515625 0.7083333328125 0.3486328125 0.7083333328125 0.3466796875 0.7048611109375 0.3388671875 0.7048611109375 0.3291015625 0.6979166671875 0.3193359375 0.6979166671875 0.3154296875 0.7083333328125 0.306640625 0.7135416671875 0.30078125 0.7760416671875 0.298828125 0.7795138890625 0.2998046875 0.7986111109375 0.3173828125 0.8020833328125001 0.3193359375 0.8055555562500001 0.3349609375 0.809027778125 0.3369140625 0.8125 0.3564453125 0.815972221875 0.3662109375 0.8229166671874999 0.3759765625 0.8229166671874999 0.3857421875 0.8298611109375 0.3955078125 0.8298611109375 0.3974609375 0.8333333328125001 0.4130859375 0.8368055562500001 0.4150390625 0.840277778125 0.4365234375 0.84375 0.4462890625 0.8506944437499999 0.4755859375 0.8576388890625 0.4775390625 0.8611111109375 0.4853515625 0.8611111109375 0.4951171875 0.8680555562500001 0.498046875 0.8663194437499999 0.501953125 0.862847221875 0.50390625 0.8350694437499999 0.505859375 0.831597221875 0.5078125 0.8038194437499999
0 0.7373046875 0.4826388890625 0.732421875 0.48784722187499996 0.732421875 0.5052083328125 0.7353515625 0.5104166671875 0.7392578125 0.5138888890625 0.7490234375 0.5138888890625 0.7509765625 0.5173611109375 0.759765625 0.515625 0.76171875 0.5052083328125 0.7607421875 0.49305555625 0.7431640625 0.4895833328125 0.7373046875 0.4826388890625
0 0.9658203125 0.19444444375 0.9638671875 0.19097222187500001 0.951171875 0.1927083328125 0.94921875 0.21701388906250002 0.9521484375 0.222222221875 0.9775390625 0.22916666718749998 0.9794921875 0.23263888906250002 0.990234375 0.230902778125 0.9921875 0.22743055625 0.9921875 0.206597221875 0.9892578125 0.20138888906250002 0.9658203125 0.19444444375
0 0.75 0.9045138890625 0.7470703125 0.8993055562500001 0.7373046875 0.8993055562500001 0.7353515625 0.90625 0.7255859375 0.90625 0.720703125 0.9322916671874999 0.720703125 0.949652778125 0.71875 0.956597221875 0.7236328125 0.965277778125 0.740234375 0.9704861109375 0.7421875 0.9670138890625 0.74609375 0.921875 0.75 0.9114583328125001 0.75 0.9045138890625
0 0.705078125 0.0260416671875 0.703125 0.053819443749999994 0.7060546875 0.059027778125 0.71875 0.05729166718749999 0.72265625 0.0260416671875 0.7197265625 0.0208333328125 0.7080078125 0.0208333328125 0.705078125 0.0260416671875
0 0.6376953125 0.034722221875 0.6318359375 0.034722221875 0.62890625 0.03993055625 0.626953125 0.046875 0.626953125 0.06423611093750001 0.625 0.06770833281250001 0.6259765625 0.08333333281250001 0.634765625 0.081597221875 0.63671875 0.078125 0.63671875 0.0607638890625 0.638671875 0.05729166718749999 0.6376953125 0.034722221875
0 0.767578125 0.33506944375000003 0.765625 0.3454861109375 0.7666015625 0.3541666671875 0.7724609375 0.3541666671875 0.7744140625 0.3576388890625 0.78515625 0.35590277812500004 0.787109375 0.3454861109375 0.7861328125 0.33680555624999997 0.7802734375 0.3333333328125 0.767578125 0.33506944375000003
0 0.6904296875 0.9479166671874999 0.685546875 0.9739583328125001 0.6923828125 0.9826388890625 0.70703125 0.984375 0.7109375 0.9670138890625 0.7109375 0.953125 0.7060546875 0.9479166671874999 0.6904296875 0.9479166671874999
0 0.337890625 0.5538194437499999 0.337890625 0.5364583328125 0.33984375 0.5329861109375 0.33984375 0.5225694437499999 0.3349609375 0.5173611109375 0.3154296875 0.5138888890625 0.3076171875 0.5069444437499999 0.2880859375 0.503472221875 0.2861328125 0.5 0.2802734375 0.503472221875 0.279296875 0.512152778125 0.2744140625 0.5173611109375 0.2646484375 0.5104166671875 0.2451171875 0.5069444437499999 0.2431640625 0.503472221875 0.1962890625 0.4895833328125 0.1943359375 0.4861111109375 0.1884765625 0.4861111109375 0.1708984375 0.47569444375 0.1630859375 0.47569444375 0.1455078125 0.46527777812500004 0.1337890625 0.46527777812500004 0.130859375 0.4704861109375 0.126953125 0.5225694437499999 0.125 0.5260416671875 0.125 0.543402778125 0.123046875 0.546875 0.125 0.550347221875 0.119140625 0.581597221875 0.1220703125 0.59375 0.1240234375 0.59375 0.126953125 0.5850694437499999 0.12890625 0.5538194437499999 0.1357421875 0.5520833328125 0.1376953125 0.5555555562500001 0.1455078125 0.5555555562500001 0.1552734375 0.5625 0.1748046875 0.565972221875 0.1826171875 0.5729166671875 0.1904296875 0.5729166671875 0.2001953125 0.5798611109375 0.2099609375 0.5798611109375 0.2275390625 0.590277778125 0.2451171875 0.59375 0.2626953125 0.6041666671875 0.2822265625 0.6076388890625 0.2998046875 0.6180555562500001 0.3095703125 0.6180555562500001 0.3193359375 0.625 0.326171875 0.6232638890625 0.3291015625 0.621527778125 0.33203125 0.612847221875 0.333984375 0.5677083328125 0.337890625 0.5538194437499999
0 0.712890625 0.27256944375000003 0.712890625 0.2829861109375 0.7109375 0.2864583328125 0.708984375 0.32465277812500004 0.72265625 0.32465277812500004 0.728515625 0.27256944375000003 0.7255859375 0.2673611109375 0.7158203125 0.2673611109375 0.712890625 0.27256944375000003
0 0.7998046875 0.25694444375000003 0.796875 0.26909722187499996 0.796875 0.2795138890625 0.7998046875 0.28472222187499996 0.810546875 0.2829861109375 0.814453125 0.27256944375000003 0.814453125 0.26215277812500004 0.8076171875 0.25694444375000003 0.7998046875 0.25694444375000003
0 0.8056640625 0.4375 0.8037109375 0.43402777812500004 0.7958984375 0.43402777812500004 0.7939453125 0.43055555625 0.7900390625 0.43055555625 0.78515625 0.4392361109375 0.78515625 0.453125 0.7880859375 0.4583333328125 0.8056640625 0.46527777812500004 0.8076171875 0.46875 0.8134765625 0.46875 0.8154296875 0.47222222187499996 0.818359375 0.4704861109375 0.8203125 0.4670138890625 0.8203125 0.44618055625 0.8173828125 0.44097222187499996 0.8056640625 0.4375
0 0.494140625 0.5295138890625 0.4990234375 0.5381944437499999 0.505859375 0.5364583328125 0.515625 0.4739583328125 0.5048828125 0.46527777812500004 0.5 0.48090277812500004 0.494140625 0.5295138890625