0 0.5741110921875 0.1025347015625 0.5595846640625 0.10540540937500001 0.5587769640625 0.11131050468749999 0.570360328125 0.1406215203125 0.569821859375 0.14455825 0.584727878125 0.1875763328125 0.589396696875 0.1914415796875 0.6058262546875001 0.18532203593750002 0.6089388015625 0.187898865625 0.6198918421874999 0.1838191734375 0.6222992765625001 0.185812253125 0.6248385125 0.185348221875 0.6324011546875 0.18102789218749998 0.629616965625 0.16338409843749999 0.6218947265625 0.1438434203125 0.6227024265625001 0.137938328125 0.6275316734375 0.1397934140625 0.62043284375 0.1031905 0.6127344625 0.096817125 0.5999559171875 0.1015767671875 0.596843371875 0.0989999375 0.584064825 0.10375958125 0.5810529718749999 0.1012661140625 0.5741110921875 0.1025347015625
0 0.6183233984375 0.6751990546875 0.628301134375 0.68630570625 0.6381328046875 0.6865248921875 0.6386482109375 0.6874076921875 0.6575748421875 0.683948959375 0.663708271875 0.6439034734375 0.6633378796875 0.6274032593750001 0.662328621875 0.62219933125 0.6582104125 0.617865940625 0.646412409375 0.6176029140625 0.6344591984375 0.6104257750000001 0.624627528125 0.6102065859375 0.61754051875 0.6711623765625 0.6183233984375 0.6751990546875
0 0.08604115 0.5739104484374999 0.076514303125 0.575825471875 0.07368733125 0.5728315859374999 0.06797122343749999 0.5739806015625 0.0664955734375 0.57962044375 0.0738062265625 0.6137723562499999 0.07282245781249999 0.61753225 0.075587265625 0.627662925 0.0798277234375 0.6321537515625 0.11117307031250001 0.636539353125 0.113508159375 0.6414131875 0.11871314531249999 0.6455327828125 0.1358051703125 0.6424093125 0.1278477484375 0.6013793390625 0.12340799531249999 0.59667744375 0.11830809843750001 0.5816729390625001 0.113575759375 0.5790620578125 0.10404891093749999 0.58097708125 0.08604115 0.5739104484374999
0 0.7040735406249999 0.390870684375 0.70287613125 0.4043649421875 0.70376825 0.40896487812500004 0.71180778125 0.4123254 0.7082466796875 0.43205651093749997 0.7086493609375 0.43413281093749995 0.7123507046875 0.43879174218749994 0.73279970625 0.4441742796875 0.7365886828125 0.4434818671875 0.740673325 0.4345953984375 0.7422324046875 0.4170252875 0.7444652484375001 0.413585384375 0.7485975015624999 0.3873462390625 0.748199453125 0.385293828125 0.73301979375 0.37964629843750003 0.73141058125 0.3760581578125 0.7098789812499999 0.3718888265625 0.708599975 0.372122559375 0.706306384375 0.38743077812500004 0.7040735406249999 0.390870684375
0 0.572797496875 0.2613712953125 0.581407634375 0.2914905765625 0.58049089375 0.2953760671875 0.5852343624999999 0.3048769234375 0.5852743046875 0.312109 0.5895194609375001 0.31632052499999996 0.6026334140625 0.312548203125 0.6054635187499999 0.3153558875 0.61483063125 0.312661371875 0.6164098640625 0.3142280953125 0.6199445765625 0.313582146875 0.6053408375 0.2382824984375 0.592470478125 0.23260792968750002 0.5883023359374999 0.23336963125 0.5693892 0.23881012968749998 0.5737142375000001 0.2574858078125 0.572797496875 0.2613712953125
0 1 0.650931496875 0.9937582656249999 0.6502898906250001 0.9897380234375 0.6464927453125 0.9848150718750001 0.657830321875 0.9831389406250001 0.7084164125 0.99421076875 0.7213981421875 1 0.7219932359375 1 0.650931496875
0 0.8444944281250001 0.4100310578125 0.8580505578125001 0.45601733125 0.8624136765625 0.459602003125 0.876188953125 0.45698004531249997 0.8785547484375 0.45892374843750006 0.88044699375 0.45857795156250003 0.8928206 0.4513161125 0.8900969703125 0.4372725609375 0.88258230625 0.41112119375 0.88181385 0.3965503328125 0.87824599375 0.3949615640625 0.865037753125 0.3973752921875 0.8455645734375 0.4039405171875 0.8444944281250001 0.4100310578125
0 0.6400061265625 0.19420066875 0.6598708234374999 0.19445975937499999 0.6661506484374999 0.196899603125 0.6773542390625 0.1948522109375 0.677979996875 0.1885997640625 0.677170965625 0.18283378749999998 0.6728094234374999 0.16034484843750002 0.643598865625 0.158302725 0.641069 0.15518874375 0.632703471875 0.158331784375 0.6351556328125 0.180140609375 0.6372165296875 0.1907669875 0.6400061265625 0.19420066875
0 0.24590752500000002 0.646609790625 0.24105856874999998 0.646948203125 0.23399528749999998 0.6482389765625001 0.23107610312500002 0.658120653125 0.2213497796875 0.6587994593750001 0.21879722968749998 0.6642154875 0.21904405468750002 0.6956255640625 0.2163713546875 0.71327170625 0.21685848437500002 0.720221553125 0.22014173124999997 0.7252302984375001 0.23594741406250003 0.72761913125 0.2541854953125 0.7368220515624999 0.257832459375 0.733075603125 0.2631013578125 0.738527528125 0.27289684062499997 0.736737459375 0.2757035625 0.7230985640625 0.2755852015625 0.708036340625 0.272141140625 0.69027810625 0.2613527515625 0.6856889671874999 0.26183662343749997 0.6647036640625 0.2635383234375 0.661092978125 0.2600115125 0.6526093078125 0.24809635624999998 0.6499489546875 0.24590752500000002 0.646609790625
0 0.871655328125 0.270050940625 0.8639163046875 0.27095609062500003 0.8453513593749999 0.2626104453125 0.8376123312500001 0.2635155953125 0.8352935312499999 0.2602811375 0.8314240171874999 0.260733715625 0.8290979500000001 0.26626426406250003 0.8306195921875 0.29763724687500004 0.829068878125 0.30132427968750003 0.8321485 0.3202452296875 0.8364020562500001 0.3232533984375 0.846075840625 0.32212196249999997 0.8565177125 0.3279120109375 0.8661914953125001 0.326780571875 0.8727638546875 0.3330232 0.8824376375 0.3318917609375 0.8847564390624999 0.335126215625 0.9087416078125001 0.33933225 0.9188170828125 0.344919134375 0.921111815625 0.344499784375 0.9276978609375 0.3423736359375 0.9297702203125 0.314282684375 0.9246020015624999 0.2876343703125 0.90840116875 0.2832814828125 0.9060823671874999 0.2800470234375 0.9002781000000001 0.2807258875 0.8979592984375 0.27749143125 0.8739741296875 0.27328539375 0.871655328125 0.270050940625
0 0.0748064375 0.7637046375 0.076504121875 0.7799685171874999 0.088487646875 0.812880465625 0.08806385 0.8168097875000001 0.097713990625 0.8393518312499999 0.1011068734375 0.839898440625 0.115152515625 0.8531102953125 0.11551275937500001 0.8530444625 0.1224189640625 0.8503276968750001 0.1266495953125 0.8510092703125001 0.13775222812500001 0.8489803281249999 0.12725333125 0.794846025 0.116156728125 0.764369953125 0.1113852546875 0.7606030515625 0.09018036093750001 0.76518204375 0.0802136109375 0.7615775609375001 0.0748064375 0.7637046375
0 0.5219809171875001 0.8566315171875001 0.5262918921875 0.878859721875 0.5496298234375 0.8851342015625001 0.5538656734375 0.884360125 0.5568513265624999 0.8538320015625 0.5542797546875 0.8224541078125001 0.5550724734375 0.8143486203125001 0.5544121921875 0.8109440828125001 0.546012140625 0.804461871875 0.52659469375 0.8043558484375 0.524153534375 0.8100925562500001 0.5250107234375 0.82055185625 0.5220415703125 0.8316872328124999 0.5219809171875001 0.8566315171875001
0 0.335678328125 0.7489351953125001 0.3381745734375 0.761806309375 0.348084809375 0.7649940859375 0.3497543625 0.7685344 0.3574388671875 0.7686036171875 0.359010603125 0.7719365 0.367923540625 0.7703077109375001 0.3729793921875 0.7528798796875 0.377343325 0.7168250796875 0.37670187187500004 0.7135176249999999 0.35286469062500003 0.6980569937500001 0.3471013125 0.698005078125 0.34359069062500003 0.7067866328125 0.3425844 0.720878653125 0.3404117015625 0.7243843515624999 0.335678328125 0.7489351953125001
0 0.0783227578125 0.7018285828125 0.1076898078125 0.7079623500000001 0.10942838125000001 0.7108993124999999 0.1203745171875 0.70889896875 0.119803909375 0.6849507906250001 0.12211203906250001 0.67825955625 0.11890562812500001 0.6617266859375001 0.102633984375 0.6592900109375 0.0918854953125 0.65326999375 0.078199384375 0.655771053125 0.07867343125000001 0.675666603125 0.0768097234375 0.6792068453125 0.0783227578125 0.7018285828125
0 0.7874533046875001 0.63639258125 0.7862370515625 0.6402721203125 0.7903233890625 0.6607055453124999 0.7896121593750001 0.66297419375 0.79604778125 0.6961574828125 0.796525825 0.6967010203124999 0.798958328125 0.68894194375 0.8065475578125 0.6870460734375 0.814077634375 0.6935508484375 0.8300729765625 0.690627790625 0.8357611531250001 0.6886874656249999 0.8335721234375001 0.667780075 0.834298809375 0.665462125 0.8297354125 0.6419323859375 0.8248642531250001 0.6341983375 0.823502140625 0.6273871953125 0.8132616171875 0.6210061234375 0.7872345109375 0.6203565609374999 0.785410134375 0.6261758703125 0.7874533046875001 0.63639258125
0 0.6495994921875 0.9290223234375 0.6464397828124999 0.9342842359375 0.6417251375 0.9676097421875 0.6451355953125 0.9851947125 0.6472076484375 0.9850915312499999 0.680212434375 0.9790600968750001 0.6833255281249999 0.969480653125 0.6741914875 0.958925628125 0.6764727500000001 0.951905846875 0.6769971203125 0.941370325 0.6752402281250001 0.9378545812500001 0.67694144375 0.9350215234375 0.675670259375 0.92846705625 0.6710227890625 0.9255533874999999 0.6697947625 0.9308191984375 0.6668098437500001 0.93256926875 0.6652277421874999 0.925541684375 0.6629464781250001 0.93256146875 0.6495994921875 0.9290223234375
0 0.6660779640625 0.889321890625 0.6693491453125 0.8887241015624999 0.6755304359375 0.886802009375 0.66537539375 0.8344406796875001 0.6379068078125 0.8309721265625001 0.6373730875 0.8398605953124999 0.6448147 0.88087775 0.6538997078125 0.8881821000000001 0.6635184359374999 0.8865979812499999 0.6660779640625 0.889321890625
0 0.544713728125 0.43079356718749995 0.5460218390625 0.4305545171875 0.5477132140625 0.43019406406250005 0.5558334609375 0.42520918593749996 0.551375253125 0.40222181562500003 0.5392824640625 0.3776788296875 0.5341307578125 0.3742411578125 0.5185444968749999 0.3776979859375 0.52018679375 0.38671235312499996 0.540531315625 0.42800269531249996 0.544713728125 0.43079356718749995
0 0.8835616125 0.6683773109375 0.9008745171875001 0.7182404390625 0.9088545953124999 0.722391503125 0.9190914734375 0.720520771875 0.9299942343750001 0.71668979375 0.9269681249999999 0.7010865953125001 0.9171119484375 0.68038183125 0.9173728109375 0.6764317921874999 0.910093884375 0.6566429984375 0.89685635 0.6490761671875 0.8811978453125 0.6521667156250001 0.8835616125 0.6683773109375
0 0.6941756484375 0.6439368421875 0.6918638125000001 0.649438978125 0.6916698109375 0.6506558203125 0.6971441703125 0.6788826593749999 0.7056654515624999 0.6799359093749999 0.727188725 0.6760026546875 0.7281710218749999 0.673664803125 0.72740293125 0.6400891734374999 0.7268992078125 0.6357736703125 0.7257025546875 0.6296035015625 0.7236863062500001 0.6268073984375 0.7089511875000001 0.6220476406250001 0.7073392203125 0.6222172953125 0.707756109375 0.6337428296875001 0.7054442734374999 0.63924496875 0.6941756484375 0.6439368421875
0 0.5062805984375001 0.6964300203125 0.5098391109375 0.701333078125 0.5336588765625 0.7025925421875 0.535202915625 0.7047199796875 0.5484872703125 0.7022923390625 0.54841185 0.694228546875 0.5589242750000001 0.6914982453125 0.5586773796875 0.6855374859375 0.5541650421875 0.662271015625 0.5465584390625 0.66298361875 0.52774281875 0.6542734578125 0.505109225 0.654648346875 0.5061174875 0.6789905453125 0.504590296875 0.6826245671875 0.5062805984375001 0.6964300203125
0 0.781373678125 0.40737386875 0.7902483484375 0.4447122 0.7945529265625 0.4490679109375 0.8021170078125 0.44726909218750005 0.80357943125 0.44874888437499993 0.8248615875 0.4448596921875 0.822851853125 0.4351656078125 0.83512509375 0.43224690312499997 0.8258704109374999 0.384527996875 0.8214085093750001 0.38171499999999997 0.7987162671875 0.38711146093750004 0.795846546875 0.38420765156250003 0.7816307078125 0.384002078125 0.7831319437500001 0.39261070937500003 0.781373678125 0.40737386875
0 0.41024822343749995 0.1620839546875 0.41284849218749997 0.1651936203125 0.42708168124999996 0.1625925875 0.4193901140625 0.12293340312500001 0.41839540468749997 0.12174383124999999 0.40860013281249996 0.12255048125000001 0.40590153124999995 0.11932321875 0.40407226874999996 0.124648103125 0.41024822343749995 0.1620839546875
0 0.11735172187500001 0.8983700765625 0.1114939953125 0.8977570859374999 0.10615630312499999 0.90243591875 0.099555453125 0.9398676796875 0.1027222703125 0.9561963921875 0.1297540390625 0.959025171875 0.1314024453125 0.962689275 0.133021575 0.9628587109375 0.15038666875 0.959685340625 0.15165660625 0.9452404 0.14986016562499999 0.9359776109375 0.146463759375 0.9258577640625001 0.1397818265625 0.923412725 0.1398701296875 0.91120135625 0.1287630109375 0.9030558296875 0.11900013125 0.9020341796875 0.11735172187500001 0.8983700765625
0 0.9315735374999999 0.161129053125 0.9349932421875 0.16020975625 0.9361128921875 0.15513154843750002 0.9354077125 0.13863023593749998 0.9297517531249999 0.10946703437500001 0.9256398921875 0.10953861250000001 0.9190308078125 0.1107463859375 0.9134337578125 0.11937563281250001 0.9134690000000001 0.156758125 0.9149073828125 0.16417469843750002 0.9315735374999999 0.161129053125
0 0.618289859375 0.7325134281250001 0.6299130734375 0.730389353125 0.631613625 0.7298259875 0.6296614390624999 0.7076144625 0.628347821875 0.7008412078124999 0.6251740625 0.697541990625 0.6150641375 0.697268378125 0.6134281406250001 0.703244675 0.6157564390625 0.713341971875 0.615062996875 0.7158751125 0.618289859375 0.7325134281250001
0 0.722789128125 0.8912103640625 0.71982054375 0.87759754375 0.7201989656250001 0.871456921875 0.716280634375 0.8512532640625 0.7098852640625 0.8457421765625 0.7021922171874999 0.8470090546875 0.7074030359375 0.8937441171874999 0.7079697546875 0.8944003640625 0.7226267140625 0.891721890625 0.722789128125 0.8912103640625
0 0.5332196609375 0.8053623328124999 0.5399367171875 0.802139634375 0.5421061203125 0.803738384375 0.5446802 0.8032679859374999 0.5503794640625 0.7990411515625 0.547846425 0.7906978328125 0.555209903125 0.79049078125 0.5506436609375001 0.766946365625 0.5463826921875 0.7550773546875 0.515866915625 0.7563361093750001 0.516625646875 0.7655307046875001 0.5281258921875 0.802071046875 0.5327166875 0.8054542484375 0.5332196609375 0.8053623328124999
0 0.920935834375 0.3727240703125 0.9197917828125 0.3904317546875 0.917650334375 0.39402275000000003 0.9139956375 0.4294775546875 0.9176207875 0.44816951875 0.926078296875 0.4556781765625 0.927304503125 0.466253328125 0.9328136062500001 0.469646490625 0.936867690625 0.46600603749999997 0.9421479828124999 0.4729407390625 0.951711171875 0.472693446875 0.95308690625 0.4755465765625 0.9623141687500001 0.4738603484375 0.9642577203125 0.47060120000000005 0.9680008421874999 0.44221944375 0.9701422890625 0.43862844843750004 0.971286340625 0.4209207609375 0.9734277890625 0.4173297671875 0.9758463687500001 0.3798948984375 0.97544761875 0.3778388703125 0.9679098609375 0.369741575 0.9619431374999999 0.3734314859375 0.9602593109375 0.36993940625 0.924872928125 0.36738980468750004 0.9240243875 0.3675448703125 0.920935834375 0.3727240703125
0 0.4639587328125 0.1990396734375 0.46924325156249996 0.20741538125 0.477789853125 0.20585353906249998 0.491264303125 0.20208012968750003 0.4925625875 0.20315390781249998 0.498002525 0.20215979062499997 0.4982484875 0.20198946874999998 0.4931943796875 0.1759295359375 0.4841874703125 0.15062614218749998 0.4795028484375 0.14675161406249998 0.4509078796875 0.15350209374999998 0.451437896875 0.16262635 0.46447449531249996 0.1951233 0.4639587328125 0.1990396734375
0 0.465674659375 0.132729990625 0.4699559953125 0.14798938749999999 0.47183023437499994 0.1496398125 0.49367413281249994 0.145647965625 0.4911342921875 0.1325520625 0.4818100171875 0.107206071875 0.47722615 0.103169590625 0.464317803125 0.10739194062499999 0.46348701875 0.1214501 0.465674659375 0.132729990625
0 0.5601536859375 1 0.5619459953125 0.996945021875 0.5695709421874999 0.9966151765625 0.572770196875 0.9911620718749999 0.5779422609375 0.969679496875 0.5785586781250001 0.96001440625 0.5768933515625 0.951427665625 0.576329196875 0.95026200625 0.5706104859375001 0.9505093921875 0.5689308484375 0.9470389078125001 0.5572668281250001 0.95108661875 0.5457667640625 0.9419315140625001 0.5409492265625 0.942811890625 0.5367514203125 0.9448878125 0.532872371875 0.9609997437500001 0.5319659765625 0.9752115109374999 0.5298331421875 0.9788469140625 0.5293980796875 0.98566845625 0.5318931265625 0.9985333921875 0.5343298625 1 0.5601536859375 1
0 0.8832280359375 0.088369821875 0.9010750578125 0.0900631109375 0.90589558125 0.0989682703125 0.919872834375 0.09641400624999999 0.9200204171875 0.079884840625 0.922033946875 0.07665422656250001 0.9220935406249999 0.06997983437500001 0.9199429171875 0.058890809375 0.9192273328124999 0.05756888125 0.9033938390625 0.0526449859375 0.9014413640625 0.0490380921875 0.8845705781250001 0.04914825 0.882526525 0.0557976109375 0.8832280359375 0.088369821875
0 0.07110922187499999 0.1098553921875 0.0803529125 0.108166159375 0.08363451875 0.10674500468749999 0.08457842812500001 0.107393971875 0.09586511875 0.10533139375 0.097560096875 0.1045973546875 0.098047634375 0.1049325515625 0.10439606718750001 0.1037724109375 0.10110335468750001 0.086794565625 0.0942849515625 0.0717693859375 0.0801015890625 0.0740202609375 0.0576674578125 0.084984528125 0.06797636562500001 0.10770145312499999 0.07110922187499999 0.1098553921875
0 0.66016711875 0.4733649171875 0.6753180734375 0.47059616562500006 0.6710480734375001 0.44092527812500004 0.6639869140625 0.4334728796875 0.6478400515625 0.43325126249999996 0.6463064765625 0.44604976875 0.6517733984375 0.4734451671875 0.66016711875 0.4733649171875
0 0.6333168984374999 0.734215675 0.63399398125 0.7377068437500001 0.6402624328125001 0.7543937296875 0.6415103140625 0.7553296859375 0.651308571875 0.7535391109375 0.66108265625 0.747310546875 0.664951115625 0.7434022921875 0.665735540625 0.7380318609375001 0.6653917625 0.7362592765625 0.6596127968750001 0.7235089609375 0.6524735109375001 0.7272338828125 0.6430711828125 0.7246684796875 0.6428102203125 0.72471616875 0.6340357390625 0.729294253125 0.6333168984374999 0.734215675
0 0.685628296875 0.44801935000000004 0.6900746125 0.44240692968750006 0.692886615625 0.44532128125000003 0.7037564859375001 0.444528334375 0.703159646875 0.43147981093750004 0.7005590109375001 0.4180704390625 0.6965112718750001 0.40325573437499995 0.6956502375 0.39275987031250004 0.6937319203125 0.382868665625 0.6911330765625 0.3833435890625 0.6734741625 0.3890268890625 0.672013846875 0.3947484953125 0.676609996875 0.411570390625 0.675636453125 0.4153847953125 0.6846041390625001 0.448206509375 0.685628296875 0.44801935000000004
0 0.506177765625 0.4251018328125 0.520959253125 0.42240060156250003 0.5220767125 0.418342246875 0.5217460375 0.396846659375 0.516199821875 0.3682493171875 0.49855002343750005 0.36407287187500004 0.4956675234375 0.369098090625 0.4961433640625 0.4000301015625 0.49422169531250004 0.40338025 0.49438031093749996 0.4136909203125 0.506177765625 0.4251018328125
0 0.24219660156249997 0.789731709375 0.24470944218750001 0.802688396875 0.2512924125 0.807538828125 0.2569791671875 0.8064996062500001 0.2572756625 0.8063811624999999 0.2620346 0.79553264375 0.2636501703125 0.7776807078125 0.2658680828125 0.7740416421874999 0.2690477359375 0.7562160953125 0.2679142875 0.7503718203124999 0.265449240625 0.7473667500000001 0.25408045156250003 0.747778815625 0.2528253875 0.7449825359375 0.25198525156249996 0.7451360671875 0.246963984375 0.7533747671875 0.24219660156249997 0.789731709375
0 0.3227172375 0.2786129828125 0.31283421875 0.273382509375 0.274435540625 0.2735372359375 0.2723455984375 0.2703834796875 0.25713724375 0.2732555859375 0.255047303125 0.2701018296875 0.24554208281249998 0.271896896875 0.24345213906250002 0.2687431390625 0.23394692031250003 0.27053820625 0.23220500312499998 0.267909628125 0.22853695468750002 0.26857994375 0.2214956828125 0.271115409375 0.220527090625 0.32452500156249997 0.21881494531249998 0.32839678437500003 0.219187975 0.33533365000000004 0.2241838046875 0.361093096875 0.22916418906249997 0.36015255 0.23334407499999998 0.366460065625 0.24475033906250002 0.364305984375 0.246840284375 0.3674597421875 0.2622375359375 0.3681004046875 0.2643274765625 0.3712541609375 0.29493308125 0.3690227203125 0.30671714375 0.373894178125 0.323637640625 0.3671502875 0.347205765625 0.37689320937500004 0.356710984375 0.375098140625 0.35880092812500003 0.37825190000000003 0.3664051046875 0.37681584687499997 0.378189165625 0.3816873078125 0.3895954296875 0.3795332265625 0.391685375 0.382686984375 0.4011905921875 0.3808919171875 0.40328053906249994 0.3840456734375 0.4127857578125 0.38225060625 0.41433164062500005 0.3845833703125 0.41820331250000004 0.3838758453125 0.4214349046875 0.3823914328125 0.4222025515625 0.36095579375 0.42391469531250003 0.3570840078125 0.42297019843749994 0.33952015156250004 0.42468234374999997 0.3356483671875 0.42336004687499995 0.31105896875 0.425072190625 0.307187184375 0.4245098890625 0.2967306453125 0.42448612187499996 0.2966080953125 0.41909173437499997 0.28525170625 0.39019827500000004 0.28361136875000004 0.37841421249999996 0.27873990625 0.34001553281249997 0.27889463281250004 0.337925590625 0.2757408765625 0.3227172375 0.2786129828125
0 0.9534296250000001 0.2397434578125 0.9463863515625001 0.20342700468750002 0.9295779015625 0.2044669046875 0.9266048359375001 0.20163339531250002 0.9205848828125 0.2050232796875 0.9319394031250001 0.23638114375 0.9499254390624999 0.2352683921875 0.9534296250000001 0.2397434578125
5 0.54088333125 0.6241322921875 0.5398512859375 0.6286036109375 0.543543184375 0.6476397390625 0.5486067390625 0.6653195875 0.54736635625 0.66735274375 0.610595446875 0.993373946875 0.6197943687499999 0.991692896875 0.622025446875 0.9892141484374999 0.6224344890625 0.9799770984375 0.61484709375 0.9605951953125 0.615755846875 0.9566580265625 0.6004450453125 0.896088825 0.6013537999999999 0.89215165625 0.581181865625 0.8003890468750001 0.576184725 0.747390246875 0.5609192562499999 0.694089509375 0.560828584375 0.6795525828125 0.5551493703125 0.6668332703125001 0.5578756359375 0.655021765625 0.5577849625 0.6404848375000001 0.5510609828125 0.609897303125 0.5509259484375 0.5882479125 0.550834271875 0.5877752109375 0.5471086078125 0.574766725 0.547762203125 0.5719350421875 0.5465628734375 0.5657510734375 0.5394305390625 0.5408478921875 0.53520513125 0.5367597546875 0.5296165890625 0.5385773703125001 0.5277514234375 0.566214421875 0.53224848125 0.5894021031250001 0.54088333125 0.6241322921875
0 0.606066653125 0.4304876609375 0.6108362374999999 0.43445560156249996 0.6218282546875 0.43078516093749997 0.6236353625 0.432288540625 0.6294131125 0.4312326890625 0.6314479562499999 0.43021748593750003 0.628705271875 0.416075678125 0.6244918109375 0.409506909375 0.6245952421875 0.394883584375 0.6244089796875001 0.393923178125 0.6210380609375 0.381003690625 0.61077246875 0.37887097187499996 0.6034444578125 0.38131793593749996 0.5934210078125 0.3772508296875 0.5935580203125 0.3901797953125 0.606066653125 0.4304876609375
0 0.170768453125 0.106709525 0.16629030625000002 0.103570003125 0.161252740625 0.121204615625 0.15341608281250002 0.1217580421875 0.1508971015625 0.11848016406249999 0.1371829484375 0.119448665625 0.134663965625 0.1161707859375 0.1248681421875 0.11686256718750002 0.12234915937499999 0.11358469062500001 0.0982793671875 0.11182873906249999 0.095760384375 0.1085508609375 0.0820462328125 0.1095193609375 0.069171609375 0.10351703125 0.0411834875 0.10203779375 0.038664503125 0.0987599125 0.0165538765625 0.0968656046875 0.0140348921875 0.093587725 0.008577362500000001 0.1026125671875 0.0113764578125 0.1196937484375 0.010817040625 0.140467884375 0.0144560640625 0.17476860624999999 0.027190834375 0.18596446875 0.033068328125000004 0.1855493984375 0.042024623437500006 0.1918284421875 0.053779609375 0.1909983 0.056298592187499996 0.1942761828125 0.0621760875 0.1938611109375 0.06889310781249999 0.1864752078125 0.07141208906249999 0.189753084375 0.0792487484375 0.18919965625 0.084286715625 0.19575541875 0.090164209375 0.195340346875 0.0926831921875 0.1986182265625 0.10835650781249999 0.1975113703125 0.1192719671875 0.20365205312499998 0.129067790625 0.20296026875 0.13802408593749999 0.20923931406250001 0.149779071875 0.20840917343749998 0.16069453281249998 0.214549859375 0.1640530421875 0.2108569078125 0.1730093375 0.21713595312499998 0.1783270125 0.21330464531249999 0.180845996875 0.216582528125 0.20170633593749998 0.218104340625 0.23279565156249998 0.2124229453125 0.23332347343749998 0.20423711249999998 0.227165465625 0.1666585125 0.2286297625 0.1629389328125 0.21991946406250001 0.1180269796875 0.2149897109375 0.11049814375 0.20127555937500002 0.11146664375 0.198756575 0.1081887640625 0.1850424234375 0.10915726249999999 0.182523440625 0.1058793828125 0.170768453125 0.106709525
0 0.6207139781250001 0.9164406828124999 0.621729725 0.9216780703125 0.6235468640625 0.924577171875 0.6292876749999999 0.9238062546875 0.6306834968749999 0.9260331781250001 0.638598434375 0.92458676875 0.63987699375 0.924150803125 0.6407337875 0.9121043140625 0.6389233953125 0.9027695843749999 0.6380816406250001 0.90142663125 0.6304272281250001 0.9024545234374999 0.6283913515624999 0.899206446875 0.628329653125 0.8992177234375 0.6217515109375 0.901853003125 0.6207139781250001 0.9164406828124999
0 0.8383018906249999 0.6366206359375 0.8426820828125001 0.649910828125 0.8419137750000001 0.6537821546875 0.8501170625000001 0.672639146875 0.8541060593750001 0.6719101796875 0.8552265828125 0.6662641046875 0.8749551765625 0.664098840625 0.877913578125 0.666872609375 0.8857511515625 0.6627418203125 0.8811085421874999 0.62840221875 0.878961175 0.6173299859375 0.8734937125 0.6007408390625 0.8578759828125 0.599872875 0.85491758125 0.597099109375 0.8314622796875 0.6003619328124999 0.8390701999999999 0.6327493078125 0.8383018906249999 0.6366206359375
5 0 0.357375390625 0.0010709796875 0.3554204515625 0.0025317921875 0.31367205781249996 0.0061908921875 0.2927812328125 0.0057402109375 0.2545220390625 0.011269834375 0.22666390937499997 0.0127716171875 0.1883936265625 0.018260265625 0.157057390625 0.0162258625 0.150112259375 0.0198849625 0.129221434375 0.0189713921875 0.1055026890625 0.0165315078125 0.0929221828125 0.0019030843749999998 0.0945401234375 0.000565184375 0.14672284062500002 0 0.1477545171875 0 0.357375390625
0 0.8012848140625 0.7574869359374999 0.8016260531249999 0.7579043515625 0.8193630515624999 0.754663015625 0.8196668875 0.753793503125 0.8141424015625001 0.7253082 0.81351621875 0.7245422359375 0.7994119453125 0.723258328125 0.79808025 0.7322752515625 0.801194603125 0.749392175 0.8007077640625001 0.7545115609375 0.8012848140625 0.7574869359374999
0 0.2218982109375 0.778990509375 0.21780815312500001 0.7540572265625001 0.2171474296875 0.75065040625 0.2055721359375 0.7505036171875 0.2085026875 0.779775834375 0.209993740625 0.787463984375 0.2105743359375 0.7879201609375001 0.221599396875 0.78590539375 0.2218982109375 0.778990509375
0 0.9526052187499999 0.3037261609375 0.9638353828125 0.3016739125 0.9619413937499999 0.2836317578125 0.9598495359375001 0.2728457375 0.9521513234375 0.24932879687499998 0.9470769125 0.2497735921875 0.9451807328124999 0.2599274265625 0.9461474781250001 0.27490523906250003 0.9515685765624999 0.3028574578125 0.9526052187499999 0.3037261609375
0 1 0.7604973828125 0.98194560625 0.7559902546874999 0.9792805609374999 0.7611390703125 0.9798673812500001 0.771460278125 0.9780906843749999 0.7748928234375 0.979068715625 0.7920948375 0.9880418859375 0.793850403125 0.989850784375 0.796727625 0.9989560796875001 0.795063684375 0.9985961453125001 0.7887330234375 1 0.7860208046875 1 0.7604973828125
0 0.081757590625 0.8647955265625 0.08251079375 0.8777076421875 0.0856582375 0.8822171093750001 0.09254986875 0.8834852140624999 0.1120239984375 0.8801905281250001 0.11259640468750001 0.880637071875 0.1198137046875 0.879318153125 0.1178099671875 0.8689865046874999 0.11351585156249999 0.8608134656249999 0.09913585 0.86602808125 0.0958392203125 0.8634563234374999 0.08685171875 0.86671545625 0.081757590625 0.8647955265625
0 0.143917978125 0.8305795859374999 0.1536028578125 0.8300223203125 0.1536788421875 0.8301523828124999 0.169888034375 0.8271902453125 0.1691869625 0.8145321796875 0.16795149843749999 0.8081618953125 0.1649573875 0.808334175 0.159057346875 0.8016620640625 0.14067835 0.8044724859375 0.1388811453125 0.8150576765625 0.138907390625 0.8151930015625 0.143917978125 0.8305795859374999
0 0.22162341562500001 0.78908449375 0.22428824218750001 0.7874697953124999 0.2190172109375 0.7602913546875001 0.215955046875 0.75217415 0.2111278671875 0.748436615625 0.2021310359375 0.7520373828125 0.2143288921875 0.7868419953125 0.21806502499999997 0.78973476875 0.22162341562500001 0.78908449375
0 0.4666677984375 0.03968453125 0.4668424265625 0.0404427375 0.46954787187499997 0.043409996875 0.48167565156250003 0.0411937140625 0.48733736250000004 0.039275015625 0.48258852343749997 0.014789096875 0.47716945 0.011165621875 0.47691967812499997 0.011197820312499999 0.4714358328125 0.0125007296875 0.4653944984375 0.02109626875 0.4646121328125 0.0290851265625 0.4666677984375 0.03968453125
0 0.8923331343750001 0.39983943593750004 0.8879551703124999 0.4167027515625 0.88725325625 0.4441811484375 0.8851081453124999 0.45089540625 0.8876142796875 0.45567642656249996 0.8929051234375001 0.45470955625 0.893162159375 0.44464717499999995 0.8962482203125001 0.4397279875 0.9020693812499999 0.4436288140625 0.9149158749999999 0.44292113593750004 0.9155300484375 0.41887753749999995 0.917587421875 0.4155980828125 0.9173610359375 0.39769728125000003 0.9156065859375 0.3886510078125 0.9056183203125 0.3819577625 0.8938005171875 0.38102571093750004 0.8919186218749999 0.3774355671875 0.886862928125 0.3821994140625 0.8865997125 0.3925038125 0.8923331343750001 0.39983943593750004
0 0.937175121875 0.45891839531249995 0.9296277359375 0.459730803125 0.9308030625000001 0.46745804843750005 0.9345715109375 0.4868888828125 0.94189974375 0.485549690625 0.94215090625 0.48457447968749995 0.937175121875 0.45891839531249995
0 0.409956525 0.8278879640625 0.42328948281249995 0.825451440625 0.42376953124999994 0.825186340625 0.419581409375 0.80359159375 0.41241213125 0.78772204375 0.400624065625 0.782470834375 0.393394090625 0.78499336875 0.392529696875 0.7946590140625001 0.4071470578125 0.827015253125 0.409956525 0.8278879640625
0 0.9297050812500001 0.5021039 0.9361936015625 0.5009181593750001 0.9359400109375 0.48873465781250003 0.9420634859374999 0.4851227140625 0.9420195609375 0.48389724218749997 0.9366603265625001 0.4562640125 0.9334398374999999 0.4568525390625 0.9299078875 0.45789069375 0.9310488734375 0.4738638203125 0.9249253968750001 0.4774757625 0.9234306515625 0.483351284375 0.9278235406249999 0.5001806296875 0.9297050812500001 0.5021039
0 0.8146659187499999 0.7173195156250001 0.817280434375 0.7167302859375 0.8179819359374999 0.7123502984375001 0.813284984375 0.6881319265625 0.8054365734375001 0.683271384375 0.7966466203125 0.689160040625 0.79612543125 0.70183606875 0.7987701734375 0.7154728609375 0.8023573390625 0.7195688375 0.8146659187499999 0.7173195156250001
0 0.700916996875 0.9603782265625 0.6922279890625 0.9155760484375 0.6837981875 0.91083815625 0.682179659375 0.9239587140625 0.6939563296875 0.9765484796875 0.7035219500000001 0.9748004171875 0.7011000640625 0.965523046875 0.700916996875 0.9603782265625
0 0.722639065625 0.3047679734375 0.7282407656250001 0.321487971875 0.7332024125000001 0.32471982499999996 0.736340415625 0.32414637343749997 0.7290740234374999 0.286679471875 0.7276614078125 0.2852716171875 0.721172015625 0.2859163640625 0.7200660562500001 0.2910664578125 0.7234270765625 0.3010984578125 0.722639065625 0.3047679734375
0 0.590159603125 0.381103228125 0.58649613125 0.36221367187500003 0.5767400968749999 0.3612706515625 0.575667146875 0.3614667265625 0.5742536421875 0.3667701921875 0.5795916046875 0.38303447031250004 0.590159603125 0.381103228125
0 0.142908059375 0.827471465625 0.15444282812500001 0.8341718437500001 0.16192128125 0.8350131031249999 0.169952615625 0.8335454234374999 0.175960453125 0.816702315625 0.175122375 0.812381021875 0.173573128125 0.8097179046875 0.16177940156249998 0.8063090171875 0.1597632125 0.8028432328124999 0.1412162328125 0.8046899171874999 0.1424591234375 0.8251566671875 0.142908059375 0.827471465625
0 0.5346761515625 0.9339980499999999 0.5405698078125 0.9336162859374999 0.5462876125 0.93668080625 0.5592794921875 0.934306615625 0.55497256875 0.9120993000000001 0.5495252328125 0.9124521515625 0.5381036640625 0.906330640625 0.527698334375 0.9087199859374999 0.530530215625 0.9291205953125001 0.5346761515625 0.9339980499999999
0 0.5612200484375001 0.9373822109375001 0.5659109499999999 0.9415627546875 0.5733273328124999 0.9395121109375 0.5797541328125 0.94170720625 0.5843733531249999 0.9408630703125 0.5801989609375 0.9193391109375 0.578666965625 0.9161253453124999 0.5731046796875 0.9176633265625 0.5631419515625 0.913114590625 0.5554351078125 0.91707140625 0.5612200484375001 0.9373822109375001
0 0.831820465625 0.49096706562500003 0.8339695453125 0.49253935625 0.8424789593750001 0.49098430937500004 0.8446660125 0.4896305140625 0.83990523125 0.46508301718749995 0.8301917078125 0.4418910109375 0.8196856796875001 0.4446143484375 0.8176267312500001 0.4493537953125 0.8186907859374999 0.458459996875 0.821387403125 0.46876059999999997 0.831820465625 0.49096706562500003
0 0.6779183890625 0.869648928125 0.6909113312499999 0.8640481890625 0.6906724953125 0.8584227234374999 0.6880688562499999 0.8449978687499999 0.6852403453125 0.8350914843749999 0.6807033234375 0.8328438968749999 0.665115253125 0.8393160375000001 0.6726658765625 0.8677097593750001 0.676940903125 0.8698275578124999 0.6779183890625 0.869648928125
0 0.5605774218749999 0.0966877109375 0.557634134375 0.065563634375 0.5586329875 0.062958478125 0.5554575609375 0.04658538125 0.542022859375 0.048079207812500004 0.5404664 0.056988756249999994 0.543812065625 0.0849013546875 0.548405590625 0.10858644218749999 0.5593811046875 0.10658073125 0.5605774218749999 0.0966877109375
0 0.21209363125 0.8416822156249999 0.21359383125 0.843079434375 0.2198736765625 0.8419318296875 0.22339400468749998 0.8401806546874999 0.2201184359375 0.8232912046875001 0.2180448234375 0.821359934375 0.2003483171875 0.8236890734375001 0.19911845156250002 0.8295977125 0.2022136453125 0.8395345171875 0.20653870468750002 0.8435626859375001 0.21209363125 0.8416822156249999
5 1 0.569374415625 0.98661755625 0.56944720625 0.9840563265625001 0.566267353125 0.9762991078125 0.5672220546875 0.9717250359375 0.5747751421875 0.9620285093750001 0.5759685218749999 0.9504662234374999 0.5669063125 0.9465876156249999 0.5673836624999999 0.9402213203124999 0.5541868937500001 0.9214501921875 0.5599921812499999 0.9143884359375001 0.55387115 0.8607833578124999 0.5534783359375 0.857600215625 0.54687995 0.8504649140625 0.5512531859375 0.8305234875 0.5397271453125 0.8111304390624999 0.5421139046875 0.8085692124999999 0.53893405 0.77885771875 0.5390956578125 0.776296490625 0.5359158046875 0.7510855249999999 0.539018590625 0.7440237703125 0.53289755625 0.7368884703125 0.5372707906249999 0.7272654890625 0.527969903125 0.7117510499999999 0.5298793093749999 0.7091898249999999 0.5266994546875 0.695614690625 0.528370184375 0.686613628125 0.5224878296875 0.6627200484375 0.521933409375 0.6537189875 0.5160510515625 0.650535840625 0.5094526687500001 0.6492184562500001 0.513109871875 0.611749740625 0.514226184375 0.6091885140625 0.5110463265625 0.5994919890625 0.512239709375 0.5969307640625 0.509059853125 0.57691579375 0.5080280828125 0.57435456875 0.504848228125 0.5607794328125 0.506518959375 0.5472778421875 0.49769542343750006 0.5356420109375 0.49912747656249995 0.522762340625 0.49372247343750003 0.505308596875 0.49587055468749996 0.492428925 0.49046555 0.46853534531249996 0.489911128125 0.45953428281250003 0.4840287734375 0.45371636875 0.4847448 0.45053322187499995 0.47814641562500004 0.4466546125 0.4786237671875 0.43253109843750004 0.4663817 0.42671318437499994 0.4670977265625 0.42353004062500005 0.46049934531250003 0.4157728203125 0.46145404687499997 0.41321159218750003 0.4582741921875 0.3796214890625 0.45891315156249995 0.3770602625 0.4557332984375 0.3525447609375 0.4517603484375 0.349983534375 0.44858049062500005 0.34416561875 0.44929651875000004 0.34284823593749997 0.4529537265625 0.3364084015625 0.450251221875 0.3189546546875 0.45239930624999997 0.3163934296875 0.44921945 0.315076046875 0.4528766578125 0.305379521875 0.4540700359375 0.30541629375 0.44882290312500006 0.3015744546875 0.444053121875 0.284120709375 0.4462012046875 0.2808640203125 0.45009708593750003 0.2757415703125 0.4437373796875 0.2641057390625 0.4451694328125 0.240285703125 0.43412074531249994 0.2118180484375 0.4411194140625 0.20281698750000002 0.43523705625 0.1834239375 0.43762381406250006 0.1808627125 0.4344439609375 0.1717881078125 0.43905587031250004 0.16472635156249998 0.43293483593750004 0.1537124421875 0.43778542187499997 0.1511512171875 0.43460556875 0.09622875625 0.43786996250000004 0.09366753125 0.43469010781249995 0.0781530921875 0.4365995140625 0.0755918671875 0.433419659375 0.060077428125 0.43532906562499996 0.0575162015625 0.4321492109375 0.0478196765625 0.43334259062499997 0.0452584515625 0.4301627375 0.0355619265625 0.431356115625 0.0330007 0.42817626249999996 0.025243481249999998 0.4291309640625 0.012363809375 0.4237259578125 0.0007279796875 0.42515801406250003 0 0.4283036625 0 0.46130370468750004 0.0043124171875 0.46665772812500006 0.0159482484375 0.465225675 0.0185094734375 0.468405528125 0.0282059984375 0.46721215000000005 0.030767225 0.4703920046875 0.03596321875 0.4662574453125 0.0501602734375 0.46800524374999997 0.0514776578125 0.4643480390625 0.0611741828125 0.46315465937500006 0.0612109546875 0.4579075265625 0.0651263359375 0.45218304218750005 0.0676875609375 0.4553628953125 0.0922030625 0.4593358453125 0.0960449 0.4641056265625 0.0979106640625 0.47436121875000004 0.1017525015625 0.47913100000000003 0.105009190625 0.475235115625 0.1127296390625 0.4795275484375 0.10431372812499999 0.48231085625 0.1036550359375 0.48413945937499997 0.1074968734375 0.48890923906249995 0.1171934 0.487715859375 0.1198281671875 0.48040145 0.1320859171875 0.482387925 0.13464714375 0.48556777812499996 0.13596452812499998 0.481910571875 0.1631147953125 0.47856910937499997 0.17855569531249998 0.48715397187500004 0.19213082812499999 0.485483240625 0.1946920546875 0.48866309374999994 0.21276771874999997 0.48993354062499994 0.2204881671875 0.494225971875 0.21979270468749998 0.5013017078125 0.224293234375 0.5042428859375 0.22359777187500002 0.511318621875 0.22550030625 0.51632708125 0.22809830312499998 0.5142598015625001 0.22626931093749997 0.49875707656249996 0.2495409703125 0.4958929671875 0.252102196875 0.499072821875 0.27017786250000003 0.50034326875 0.27273908750000003 0.5035231234374999 0.30501180781250004 0.5065413703125 0.32433131406250004 0.514648878125 0.3714965546875 0.5123391890625 0.3779363890625 0.515041690625 0.38305884218749997 0.5214014 0.3908160625 0.5204466953125 0.401756428125 0.5260903781249999 0.40695242187499997 0.5219558203125 0.4095136484375 0.5251356765625 0.42308878281249995 0.52346494375 0.42565000937499997 0.5266447984375 0.435346534375 0.52545141875 0.4379077578125 0.528631275 0.4534221984375 0.5267218671875 0.4559834234375 0.5299017203124999 0.47405909062499996 0.5311721687500001 0.48174276562499996 0.5407117312499999 0.48499945625 0.5368158484375 0.48756068125 0.5399957046875 0.5088930359375 0.5373702687499999 0.5114542609375 0.5405501265625 0.53146923125 0.541581896875 0.5340304578125 0.5447617499999999 0.5695598687500001 0.5438841140624999 0.5721210937500001 0.5470639703125 0.5985758984375 0.55079824375 0.6011371249999999 0.5539780984375 0.614712259375 0.5523073671875001 0.617273484375 0.555487221875 0.6269700109375 0.5542938421875 0.629531234375 0.5574737 0.657303425 0.557550765625 0.65986465 0.560730621875 0.669561175 0.5595372421875 0.6785622359375 0.5654195984375 0.69019806875 0.5639875421875 0.6927592921875 0.5671673984375001 0.7127742625 0.568199171875 0.7153354890625 0.5713790234375 0.7592440390624999 0.5729652171875 0.7618052640624999 0.576145071875 0.769562484375 0.5751903671874999 0.78050285 0.5808340484375 0.7940779859375 0.5791633171874999 0.7966392109375 0.5823431703125 0.808275040625 0.580911115625 0.8108362671875 0.5840909734374999 0.8289119328125001 0.5853614203124999 0.8314731578125001 0.5885412734375 0.8592453484375 0.5886183421875 0.8618065734375 0.5917981984375 0.86956379375 0.5908434921875 0.87212501875 0.5940233484374999 0.8798822390625001 0.59306864375 0.8824434640625001 0.5962484984375 0.890200684375 0.595293796875 0.8927619109375 0.5984736484375001 0.9005191296874999 0.5975189453125 0.9133988000000001 0.602923953125 0.9489282093750001 0.6020463171875 0.9500514624999999 0.6034408734375 1 0.5943130640625001 1 0.569374415625
5 0.462482596875 0.025466459375 0.4617644203125 0.029371864062500003 0.4647462046875 0.032069798437500005 0.4681416171875 0.0419748078125 0.47123248437500004 0.0629923 0.4791551140625 0.0861039875 0.481114175 0.1038198078125 0.49510945624999997 0.150646921875 0.49439128125 0.1545523296875 0.5181591703125 0.22388739531250001 0.5174409953125 0.22779279843750003 0.52042278125 0.23049073281250002 0.5197046046875 0.2343961390625 0.5264954296875 0.2542061578125 0.5257772546874999 0.2581115640625 0.5341135140625 0.28843032812499997 0.53720438125 0.30944781875 0.5530496421875 0.3556711953125 0.552331465625 0.35957660156250004 0.5701357875 0.4235158015625 0.5694176109375 0.42742120625 0.5829992625 0.46704124374999995 0.5822810875 0.47094664843749995 0.5868083046875 0.484153328125 0.5930059046875 0.4872299875 0.6055335421875 0.4849406328125 0.6015444125 0.464371928125 0.5996490828125001 0.46160761875 0.600310615625 0.458010234375 0.6000992453125 0.45692037343749997 0.5935764328124999 0.4378921953125 0.5942946078125 0.433986790625 0.5761857375 0.381160071875 0.5769039140625 0.377254665625 0.57124489375 0.3607463171875 0.5692858296875001 0.343030496875 0.5560087265625 0.292297975 0.5563132734375 0.28118549531250003 0.551067878125 0.2718842203125 0.5465406625 0.2586775421875 0.5457134046875 0.24426339062500002 0.535527165625 0.21454836406250002 0.531413578125 0.208548759375 0.532131753125 0.20464335312499998 0.5219455125 0.174928325 0.5226636890624999 0.1710229203125 0.5109320187499999 0.130799146875 0.51165019375 0.1268937390625 0.491277715625 0.067463684375 0.491995890625 0.063558278125 0.47110467656250005 0.0054817984375 0.4644774765625 0.005404684375 0.45682357500000004 0.008958109374999999 0.462482596875 0.025466459375
5 0.0378878296875 0.5541688796875001 0.035664223437499996 0.567860603125 0.0397700296875 0.615614528125 0.038223425 0.6190513859375 0.0410248265625 0.65657829375 0.0393290828125 0.6727893640625 0.0646011484375 0.7652518328125 0.0648226984375 0.7652113453125 0.0596774765625 0.69388240625 0.061901084375000005 0.6801906843750001 0.0584226765625 0.6529186375 0.059969282812500004 0.6494817859375 0.058230079687500005 0.6358457625 0.0597766828125 0.6324089078124999 0.058037478125 0.618772884375 0.0593914859375 0.598263153125 0.055720481249999995 0.5539182312500001 0.057267084375 0.550481371875 0.053788678125 0.5232093328125 0.055335284375 0.519772471875 0.05322195625 0.5032031734375 0.050608582812500004 0.4897281234375 0.033493128125 0.48080563749999994 0.029191814062499998 0.4859887703125 0.034409423437499996 0.5268968375 0.03286281875 0.5303336921875 0.035279026562499996 0.5337148468749999 0.0378878296875 0.5541688796875001