0 0.8130806937499999 0.168633025 0.8208778421874999 0.1692763359375 0.8253920609375 0.1723082546875 0.8334316015625 0.1710478265625 0.8354651531249999 0.168738246875 0.8408602703125 0.1448005359375 0.8419664640625 0.09970255156249999 0.8419353656249999 0.0995885 0.813413034375 0.08157887968750001 0.8056158859375 0.0809355671875 0.7977172484375 0.127307928125 0.7972111078124999 0.1371163640625 0.8037476187499999 0.1610882765625 0.8130806937499999 0.168633025
0 0.8866167140625001 0.9526199015625 0.89140048125 0.9616615156250001 0.9009897796875 0.9621422234375 0.902903284375 0.9657588671875 0.9095506671875 0.9651535718750001 0.9154442390625 0.9642295859375001 0.9230952406249999 0.9227620625 0.923104071875 0.9156212359375001 0.9211749499999999 0.90854639375 0.9202380453125001 0.9067755859375 0.8953145734374999 0.898484740625 0.8895697015625 0.8911553109374999 0.8876170437500001 0.891057425 0.883609796875 0.8916856750000001 0.8789975234374999 0.909989296875 0.8789784203125001 0.9254352546875 0.8797273578125001 0.9281818984375001 0.888556346875 0.9351135265625 0.8866341312499999 0.938537890625 0.8866167140625001 0.9526199015625
0 0.073406859375 0.37689973593750004 0.08063695625 0.37506132812500004 0.086134309375 0.3770500421875 0.0980440625 0.3751828484375 0.092698540625 0.35520629531250003 0.09253884531249999 0.351965509375 0.0845050109375 0.3225023359375 0.06896465625 0.3146074953125 0.0460074671875 0.31298346875 0.050213607812500005 0.3287020828125 0.050669539062500005 0.3472396125 0.06323750312500001 0.37015878125 0.073406859375 0.37689973593750004
0 0.63712386875 0.0841250546875 0.635147075 0.10079327499999999 0.6367625859375 0.1144455015625 0.6403655406250001 0.1198628890625 0.6503559984375 0.120855546875 0.6665269671875 0.130987190625 0.6771405328125 0.12932321093750002 0.677936053125 0.1286553171875 0.674957225 0.063165925 0.6716103343750001 0.0508915875 0.6376524203125 0.0483184109375 0.6351044796875 0.0670597703125 0.63712386875 0.0841250546875
0 0.37537872499999997 0.2131145953125 0.385419959375 0.2348353984375 0.3851825765625 0.23875683906249998 0.3971682984375 0.26911881875 0.40321769218750003 0.27080233125 0.4247560109375 0.2674255859375 0.4258399171875 0.2669010375 0.42314676718750005 0.2570242125 0.39991325624999996 0.1952277796875 0.3894403390625 0.1969653140625 0.3861471796875 0.19427662031249998 0.37202504062499997 0.19920762812499998 0.3736999109375 0.20695773125 0.37537872499999997 0.2131145953125
0 0.6963382703125001 0.4548325375 0.696077246875 0.45669031093749995 0.6969475140625 0.459881921875 0.700263765625 0.46284536249999997 0.71868746875 0.46354166093750004 0.72139819375 0.4682164734375 0.7208358359375 0.47221889843750003 0.7283155890625 0.47890289375000006 0.735424103125 0.4762452375 0.7378414249999999 0.4784053859375 0.73969015625 0.47811554375 0.7458056984375 0.47425996875000004 0.7433761515625 0.46758394531249997 0.744316403125 0.45000151875 0.7421145421875 0.441926446875 0.7371221671875 0.4282081578125 0.7326343171875 0.424197759375 0.708879228125 0.4254947015625 0.6975640375000001 0.422140746875 0.6883972140625 0.42746403125 0.6963382703125001 0.4548325375
0 0.7568121953125 0.6253639890625 0.7447533843749999 0.6197090546874999 0.7282996453125 0.6181273875 0.729371128125 0.63396548125 0.745550784375 0.681704328125 0.7495065421875 0.7025197765625 0.7593678859375 0.7102113421875 0.7707398875 0.708852290625 0.77708138125 0.7113192515625 0.8015446078125 0.707483940625 0.8013673609374999 0.7034180265625001 0.7916430578125 0.672647875 0.7981345015625 0.6704113203125 0.7871750921875 0.630218928125 0.7859290078125001 0.6289803421875 0.78024300625 0.6296598703125 0.7770566031249999 0.626492640625 0.7675799328124999 0.627625184375 0.7643935296875 0.6244579546875 0.7568121953125 0.6253639890625
0 0.57155611875 0.4520848046875 0.5702390453125 0.48591780625 0.56832125625 0.4890290390625 0.5685214953125 0.4992696296875 0.570572775 0.5029854546875 0.5687217343750001 0.50951021875 0.5717986515625 0.515083959375 0.58172131875 0.5165954453125 0.5837725984375 0.520311271875 0.5917107328125 0.5215204625000001 0.5936285203125 0.5184092296875 0.597664334375 0.522427353125 0.606750446875 0.523187284375 0.6233002921875 0.520592625 0.6260729640625 0.50803625 0.62580598125 0.4943821296875 0.62772376875 0.49127089843749994 0.627674490625 0.4887506984375 0.6213960468749999 0.4657252203125 0.6202773078125 0.46461138437500005 0.6103546390625 0.4630998984375 0.6083033609374999 0.4593840703125 0.5963961609374999 0.4575702875 0.59434488125 0.453854459375 0.57155611875 0.4520848046875
0 0.8837485578125 0.35422652656250003 0.8820020156249999 0.368253440625 0.8851510593749999 0.379802196875 0.888576690625 0.384018359375 0.9061807328124999 0.38504586875 0.909448996875 0.39044428125 0.9094985359375001 0.42169308125000005 0.912478740625 0.42356573593749997 0.9284589203125 0.42106038593750006 0.9303460734375 0.41249460468750004 0.92945471875 0.3985555078125 0.931187884375 0.3951849015625 0.9302965343749999 0.38124580468749997 0.9320296984375 0.37787519999999997 0.9311383453125 0.3639361046875 0.9328715125 0.360565496875 0.9333983484375 0.3428664796875 0.932176128125 0.3383841234375 0.9282662187499999 0.33425843906249997 0.9204422015624999 0.33380177187500004 0.9182633578124999 0.3302028265625 0.888254775 0.3180359890625 0.8839218578124999 0.326462503125 0.8837485578125 0.35422652656250003
0 0.7722445796875 0.8402673484375001 0.77971226875 0.8449774953125001 0.7953429046875 0.8425269468750001 0.796579753125 0.8392216250000001 0.791487403125 0.784262034375 0.7856575421875001 0.7628816765625 0.7808385671875 0.7586463078125 0.74781021875 0.75092995625 0.748210984375 0.7765201828125 0.7576255375 0.8313446640625 0.7643434234375001 0.840053196875 0.7722445796875 0.8402673484375001
0 0.7924093015625 0.34416088125 0.798329009375 0.36587073124999997 0.812675871875 0.36638726718750003 0.8249278578125001 0.3759100640625 0.8376809953125001 0.37391064531249996 0.8401615859374999 0.35514327031250004 0.83922606875 0.3376330609375 0.842172009375 0.320262596875 0.8404905890625001 0.30163223437500003 0.8383853406249999 0.293911471875 0.8339761812500001 0.293752728125 0.823080221875 0.3073416625 0.797850740625 0.30643331875 0.7952203 0.31158157656249996 0.7930227734375 0.3429602078125 0.7924093015625 0.34416088125
0 0.72184548125 0.9380458734375001 0.7354688968749999 0.935910015625 0.723811459375 0.8931576859374999 0.720836984375 0.88705424375 0.7157815296875001 0.8830018109375001 0.700057046875 0.8844484343750001 0.7205288734375 0.9369904859375 0.72184548125 0.9380458734375001
0 0.2703913828125 0.391046 0.268938321875 0.3941422203125 0.2691593625 0.3949528671875 0.27231796875000003 0.3997487703125 0.2864271921875 0.40383911406250006 0.2868404875 0.39868912500000003 0.2911768984375 0.393718321875 0.29585665781250003 0.4008238890625 0.2994014515625 0.3975398875 0.3040812109375 0.404645453125 0.3078646 0.4068998828125 0.315094878125 0.4057663296875 0.31550720625 0.3931066421875 0.319500265625 0.3760594734375 0.3188950328125 0.335453459375 0.3186168078125 0.334433096875 0.30911069687500003 0.32561923125000003 0.27304601562499997 0.31708017499999996 0.27301104375 0.32569335625 0.2682613375 0.3358141453125 0.2658515140625 0.3494877203125 0.2703913828125 0.391046
0 0.8019375468750001 0.677249115625 0.7983026515625 0.6801622 0.8049027875 0.6934135921875 0.8047688562499999 0.697229103125 0.814736025 0.7151984359375 0.832441740625 0.713987296875 0.8401379734375001 0.7159711171875001 0.8509283140624999 0.7142794234375 0.842358796875 0.6828516953125 0.8372150484375 0.678642353125 0.8282952265624999 0.6811556796875 0.8248612265625 0.6783454953125 0.8053715453124999 0.680059296875 0.8019375468750001 0.677249115625
0 0.5117270203125 0.241132840625 0.49806039999999996 0.24474468906250002 0.4996653109375 0.253955503125 0.512887753125 0.2835471421875 0.5128529203125 0.28755576562499996 0.526040528125 0.32115602499999996 0.531064253125 0.32473671875 0.5412162015625 0.3198722359375 0.5572758546875 0.322568878125 0.561012675 0.32198302343749996 0.5665089937500001 0.3177325890625 0.559950021875 0.2969238328125 0.5500070671875 0.2777365703125 0.5500593140625 0.2717236390625 0.553408465625 0.2741107671875 0.5618684218750001 0.2700570296875 0.5652175734375 0.2724441578125 0.57702668125 0.27077755625 0.5753862296875 0.262432390625 0.5727880890625 0.252904003125 0.5654788171875 0.24237948125000003 0.5486111499999999 0.2444740171875 0.54022085625 0.24051050625 0.5199866234375 0.24222222499999999 0.517244571875 0.2402678078125 0.5117270203125 0.241132840625
0 0.4352055859375 0.25474470781249997 0.43901949218749997 0.2720809921875 0.441052903125 0.274562440625 0.4535354890625 0.2726054390625 0.45423165781249997 0.2703537359375 0.44888132656249996 0.2283148484375 0.4500200671875 0.22463168437499997 0.4482876015625 0.2167566875 0.44375844062500003 0.20014650312499999 0.429516884375 0.1968355375 0.429289971875 0.1968739546875 0.4317567765625 0.21248991562500003 0.43061803593750003 0.21617307812500003 0.435194721875 0.236976615625 0.4352055859375 0.25474470781249997
0 0.075171246875 0.616248315625 0.079566315625 0.6323667234375 0.08263946875 0.6372470921875 0.0873112828125 0.6411754000000001 0.1078077515625 0.64502415625 0.1156533484375 0.643794134375 0.11587860937500001 0.643488621875 0.1166443734375 0.6361930703125 0.112152696875 0.619720359375 0.106770403125 0.601097603125 0.1020985875 0.59716929375 0.08703628906250001 0.595357965625 0.079040565625 0.5908055046875 0.071973990625 0.5935466375 0.075171246875 0.616248315625
0 0.556203934375 0.07693389843750001 0.5602194390624999 0.0765802984375 0.568071684375 0.07534923593750001 0.566770796875 0.042947323437500004 0.552623184375 0.04187528125 0.5544869140625 0.07063692187500001 0.556203934375 0.07693389843750001
0 0.1612021921875 0.39749959375 0.15102291875 0.392593109375 0.140639046875 0.394221078125 0.1407836046875 0.4134324734375 0.144310746875 0.4272618921875 0.1449588984375 0.4451618078125 0.151365028125 0.4549207296875 0.1591842765625 0.493258203125 0.1848935734375 0.49806945 0.187655746875 0.5012202359375 0.20546101249999998 0.5019184515624999 0.21048605625 0.51010198125 0.2094874546875 0.513865909375 0.2130145953125 0.527695328125 0.213662746875 0.5455952421875 0.2189534578125 0.5663393703125 0.22873787812500002 0.5701458328125 0.236259421875 0.568919546875 0.23902159687500002 0.5720703312500001 0.24654314375 0.5708440484375 0.2483580375 0.572914284375 0.25340921875 0.5721223671875 0.2554457765625 0.5711931578125 0.2547976234375 0.5532932421875 0.24456665156250001 0.49014114375 0.24556525312500002 0.48637721406249995 0.238627790625 0.4514970984375 0.2396025765625 0.447822934375 0.2304476640625 0.41424833281250006 0.2182619484375 0.40620238124999997 0.21074039843749998 0.4074286625 0.1995748984375 0.402046809375 0.1901729609375 0.403579665625 0.1874107921875 0.40042887968749996 0.1612021921875 0.39749959375
0 0.025051967187500003 0.20436105625 0.0317626640625 0.21283119374999998 0.050027898437499996 0.21574505781250003 0.054316671875 0.2312284015625 0.05384236875 0.23818233125 0.0578687875 0.2432644140625 0.0827135375 0.24944778437499998 0.0830864078125 0.249918415625 0.09153951406250001 0.24859314999999998 0.0860519625 0.20722593749999998 0.076799425 0.1732933109375 0.0723499046875 0.17342872812500001 0.054558971874999994 0.16356093437500002 0.038503715625000004 0.1709890578125 0.025818982812500002 0.1574961109375 0.02192374375 0.15761465937500002 0.025051967187500003 0.20436105625
0 0.9777287828125001 0.39718283125 0.9757559125 0.3655984390625 0.9766371953125 0.36321185312500004 0.96960803125 0.3374331890625 0.9580902 0.3366755078125 0.9559902749999999 0.3525973484375 0.9587573781250001 0.3840455203125 0.9626827625000001 0.3984414234375 0.9663597656249999 0.39896525 0.9777287828125001 0.39718283125
0 0.3593493640625 0.0816971609375 0.3747322078125 0.07914935937499999 0.377092421875 0.08106103906249999 0.37947984687499997 0.08068674218750001 0.385088746875 0.077134190625 0.3760726796875 0.0440687875 0.3602984046875 0.0465418546875 0.3467421796875 0.052190709375 0.3462217453125 0.05820088125 0.35147797812500003 0.0753216390625 0.3593493640625 0.0816971609375
0 0.5845888140625 0.6655783937499999 0.59156909375 0.6644840359375 0.59358298125 0.6632183703125001 0.5845051125 0.6299263203125001 0.5797279859375 0.6208667218749999 0.562514059375 0.6218660781249999 0.572762465625 0.6472390078125 0.5727503515625 0.6511742421875 0.5795947375 0.6641542953124999 0.5845888140625 0.6655783937499999
0 0.4286388453125 0.036650812500000005 0.43084469687500004 0.05069615937500001 0.43012219375000005 0.064238534375 0.436571096875 0.08788915625 0.4432826109375 0.0868369359375 0.447651196875 0.078412903125 0.4543475359375 0.084452675 0.4581815234375 0.078366584375 0.4561857546875 0.0534595890625 0.4574987640625 0.04962061875 0.457252159375 0.04805040625 0.45352071250000003 0.0343657453125 0.44303219531250004 0.033570971875 0.4371014171875 0.034500790625 0.4286388453125 0.036650812500000005
0 1 0.915412428125 0.9997840468750001 0.9146204453125 0.9953851374999999 0.9058359484375 0.9520739171875 0.9122162828124999 0.953344496875 0.929200290625 0.9582584234375 0.9390132640625 0.958153453125 0.94293126875 0.9712572609375 0.9690991984374999 0.9804398328125 0.979884628125 0.9866046374999999 0.9789181203125 1 0.9739455124999999 1 0.915412428125
0 0.9629329500000001 0.45765365312500006 0.9767020734375 0.45549495 0.9777799640625 0.4450428875 0.9755614375 0.4226212140625 0.9734499124999999 0.41487744062500004 0.9712535000000001 0.411955921875 0.9617002890625 0.4128077515625 0.9592032093749999 0.4094863125 0.9553062578124999 0.4151499375 0.9583151984375 0.4407185765625 0.9629329500000001 0.45765365312500006
0 0.8851516578125 0.1486486953125 0.89413168125 0.152721428125 0.89914471875 0.152668871875 0.9102354078125 0.1509300890625 0.9011896328125 0.0932180875 0.8959125328124999 0.0678881921875 0.87277165 0.06613468125000001 0.876463621875 0.1167863046875 0.8851516578125 0.1486486953125
0 0.6222255390625 0.645451828125 0.6216044640625 0.6580129421875001 0.6286460625 0.678477096875 0.6279281906249999 0.682137265625 0.6373169859375001 0.7094228 0.6419145890625 0.71416461875 0.6551548703125001 0.7124182671875 0.655363628125 0.712633575 0.6715233406250001 0.710100078125 0.670189821875 0.7015214875 0.6584538296875 0.6674145703125001 0.6579981 0.6603437078125001 0.6594367234375 0.6570706546875 0.6478861 0.614710053125 0.643818109375 0.6105144625000001 0.6324693 0.612011334375 0.6322071593749999 0.622742365625 0.6284242203125 0.6232413203125 0.6347479500000001 0.6473656453125 0.6222255390625 0.645451828125
0 0.7749876953125 0.8974917671875 0.7746875390625 0.9299165703125001 0.77489536875 0.9307549187499999 0.7780137953125 0.9421913937499999 0.790134584375 0.9473794218749999 0.7976372125 0.9462503124999999 0.7993631921875 0.948507096875 0.8057788796875001 0.9475012546875 0.8138601921875 0.9455101875 0.811947140625 0.9341693984375 0.8111772500000001 0.9313459156249999 0.8071655796874999 0.9286265265625 0.8036143687499999 0.907574546875 0.7999130796875 0.9027349640625 0.7834852796875 0.8946411390625 0.7820636359375001 0.894864021875 0.7749876953125 0.8974917671875
0 0.718383196875 0.07901579375 0.7182724 0.0829211984375 0.7410373015625 0.1366489890625 0.7467031609375 0.1378010015625 0.7531403296875 0.13679179218749998 0.7378770984374999 0.080815621875 0.7292317015625 0.063545890625 0.7206344578125 0.0608158703125 0.7136237109375 0.0633183375 0.7134575187500001 0.06917644218749999 0.718383196875 0.07901579375
0 0.7217247046875 0.061210450000000007 0.720481378125 0.0769877015625 0.7301818765625 0.1358182671875 0.7381480828125 0.1406277578125 0.7621541671875 0.14283113125 0.762606046875 0.14338431875 0.7748569468750001 0.141463640625 0.769752140625 0.0952918703125 0.770887990625 0.0917397015625 0.7676954031250001 0.077946040625 0.7681318203124999 0.07658122187500001 0.7630155453125 0.0578178609375 0.7390873499999999 0.056004690625 0.7379948125 0.06382884062500001 0.7217247046875 0.061210450000000007
0 0.4207351359375 0.0887565859375 0.42121706562499994 0.0886810296875 0.411635903125 0.0535432046875 0.4048638765625 0.0395549453125 0.401838721875 0.040029225 0.3895093984375 0.0440883828125 0.3996514109375 0.069832571875 0.4091936203125 0.08570696718750001 0.4207351359375 0.0887565859375
0 0.1197479484375 0.8371868390625 0.1212942671875 0.8383622421875 0.1327212578125 0.8365707359375 0.1337762578125 0.8360732578125001 0.1368444734375 0.8139457890624999 0.1309632625 0.7923771140625 0.13002698125 0.7891548078125 0.12611149531250002 0.7851237078125 0.12184937656249999 0.7858990125 0.1111671828125 0.7888752343750001 0.11009298125 0.8017783375 0.1197479484375 0.8371868390625
0 0.337631478125 0.3550991109375 0.34312710156250004 0.35614280625 0.3474172578125 0.35547020156250003 0.350979990625 0.352050278125 0.3513519921875 0.350814528125 0.3474417453125 0.3364741359375 0.34319582656250003 0.3274386625 0.32851418906249996 0.3216129203125 0.32753139062500003 0.3217670015625 0.324649525 0.3271072640625 0.32490565781249997 0.33313865625 0.337631478125 0.3550991109375
0 0.5494335640625 0.798081015625 0.5423235828124999 0.787824296875 0.5365560328125001 0.7880603046875 0.5341860406250001 0.7846413984375 0.5327109984375 0.78821764375 0.520280946875 0.7816945078125 0.5111158359375 0.78558543125 0.50637585 0.7787476203125 0.5006082984375 0.7789836296875 0.47382567499999995 0.7660160281249999 0.46036805625 0.7665667140625 0.4517830359375 0.759886240625 0.440247934375 0.7603582578125 0.4378779421875 0.75693935 0.430187871875 0.757254028125 0.4196803359375 0.7506522234374999 0.41006774999999995 0.751045571875 0.40756514218750006 0.7616956375 0.3995850296875 0.7672960140625 0.401872046875 0.8304883843749999 0.4009532375 0.832716040625 0.40667807187499994 0.853711221875 0.4215695109375 0.8560515125 0.42393950468749997 0.85947041875 0.4397671140625 0.8623386390625001 0.44213710937500006 0.86575754375 0.461809753125 0.868468425 0.4723172921875 0.8750702312499999 0.48192987656249997 0.8746768828124999 0.49243741406249997 0.881278684375 0.50205 0.8808853375 0.5044199921875 0.8843042453125 0.520247603125 0.8871724656250001 0.522617596875 0.8905913703125 0.544212759375 0.89322358125 0.554720296875 0.8998253859374999 0.5844530031249999 0.9056404953125 0.586822996875 0.9090594031249999 0.5945130640625 0.908744725 0.599653321875 0.9119743078125 0.6106882890625001 0.9102442625 0.6110781953125 0.9098248218749999 0.60942090625 0.8817655453125001 0.6108959484375001 0.8781893015625 0.6092386578125 0.8501300281249999 0.6107136984375 0.8465537796874999 0.6094313437500001 0.8365306046875001 0.6066953749999999 0.8264967515625001 0.6061063250000001 0.8256469984375 0.6057904484375001 0.8231780328125 0.6028495703125001 0.812392696875 0.601208909375 0.810025909375 0.5753212359375001 0.8040534609375 0.5729512437500001 0.80063455625 0.5633386578125 0.8010279046875001 0.5609686640625 0.7976089984375 0.5494335640625 0.798081015625
0 0.75177129375 0.50954955625 0.756122196875 0.5130730125 0.765895828125 0.513181375 0.7676408328125001 0.5157315312499999 0.7769137046875 0.51427774375 0.77731399375 0.5076618515625 0.7730541 0.49203917500000005 0.7569414906249999 0.48875557187499996 0.751039490625 0.482610253125 0.749244715625 0.48289163593750006 0.74596976875 0.48689631875000006 0.748177025 0.5042968796875 0.75177129375 0.50954955625
0 0.8794392249999999 0.1890895953125 0.9047757296875 0.19993995 0.9064205734374999 0.2032180859375 0.9190603578125 0.201236440625 0.9195314734375 0.2005152890625 0.9199326859375001 0.18405203750000002 0.9173278671875 0.1744991640625 0.9172169265625 0.17427805937500002 0.8938422718749999 0.163733559375 0.8919641875 0.15999058125 0.8791702906250001 0.15972109375000001 0.876622096875 0.18347512500000002 0.8794392249999999 0.1890895953125
0 0.8577066640625001 0.950032925 0.85764675 0.9559660750000001 0.858178634375 0.9578753624999999 0.864567240625 0.9650649265625001 0.8723603687500001 0.9661382828124999 0.882589603125 0.9645345578125 0.8828135406250001 0.9636649343749999 0.87485825 0.9181557953124999 0.87573526875 0.9089272578125 0.8730428453125001 0.8990531 0.8699439625000001 0.8955657015625 0.8605775250000001 0.897210459375 0.860504525 0.9044396015625 0.8511380890625 0.9060843562500001 0.8532059484375001 0.93278245 0.8577066640625001 0.950032925
0 0.5950646921875 0.06390404375 0.5970439125 0.06757639374999999 0.611051221875 0.065380346875 0.6133553734375 0.046477290625 0.5958806734375 0.0451531375 0.5947534140624999 0.0627624609375 0.5950646921875 0.06390404375
0 0.5288461484375 0.10411329375 0.537960740625 0.10268432187500001 0.5390303296875001 0.1000652859375 0.5365150515625 0.08267187499999999 0.5379497671875 0.0791587703125 0.5378917921874999 0.07884973749999999 0.5318243453125 0.056598065625000006 0.527897709375 0.05666782031249999 0.525745634375 0.0619374796875 0.5248139734375 0.0689292671875 0.5273292515625 0.086322678125 0.525894534375 0.0898357828125 0.5288461484375 0.10411329375
0 0.745533353125 0.3526146140625 0.7468937625 0.3542226296875 0.757028428125 0.35263373124999997 0.751463153125 0.33222371562499997 0.7481798875 0.33085563125 0.7362794953125 0.3342102953125 0.7368502593749999 0.34483982968750004 0.7398512671875 0.353364490625 0.745533353125 0.3526146140625
0 0.8336172906250001 0.9806457749999999 0.84193384375 0.985446296875 0.8567068015625001 0.983130215625 0.8501626953124999 0.9591304453125 0.8467838593750001 0.9521269078125 0.8419025937500001 0.94979934375 0.835084696875 0.9508682437499999 0.82612255 0.954378209375 0.8336172906250001 0.9806457749999999
0 0.31279230468749997 0.582611425 0.31369238125 0.5913709609375 0.310019909375 0.597002728125 0.29896003437499996 0.590918115625 0.2790692421875 0.5891577781249999 0.276411475 0.585859078125 0.2274848 0.576082865625 0.22482703124999998 0.5727841671875 0.2190826890625 0.5732969546875 0.19962070468749998 0.56442643125 0.19196158593749998 0.565110146875 0.1724996 0.5562396281249999 0.16101091875 0.5572652015624999 0.159253228125 0.5627260359374999 0.1665684734375 0.6151123187499999 0.1653966796875 0.618752878125 0.169111615625 0.6361010203124999 0.16793982031250002 0.639741578125 0.1705975890625 0.6430402765625 0.17104008906249998 0.6579411875 0.1788286703125 0.686504921875 0.17892753749999998 0.686496096875 0.1799422390625 0.67756563125 0.1751701359375 0.646168046875 0.181500375 0.6438349796875 0.18415814218749998 0.6471336796875 0.1918172625 0.6464499640625 0.2028771390625 0.652534575 0.222767928125 0.654294909375 0.23191302500000002 0.66055045 0.239572146875 0.6598667359375 0.250632021875 0.66595134375 0.260205925 0.6650967 0.2796679109375 0.6739672234375 0.2976439203125 0.6758984875 0.3171059046875 0.684769009375 0.3369966953125 0.686529346875 0.347704134375 0.691409659375 0.3865855234375 0.6853138921874999 0.379194021875 0.6420989968749999 0.3800516359375 0.6278786249999999 0.3763367 0.6105304828125 0.3773436296875 0.6074021296875001 0.3741069078125 0.5955318187499999 0.36937810312499997 0.591703921875 0.3494873125 0.589943584375 0.340342215625 0.5836880468750001 0.320451425 0.581927709375 0.31779365937500004 0.578629009375 0.31279230468749997 0.582611425
0 0.6778339609375 0.3278976 0.6911859703125 0.3258042921875 0.689238759375 0.317124615625 0.677479059375 0.27399724999999997 0.6756806140625 0.272228409375 0.6665168312499999 0.274545125 0.6654915984375 0.2803345625 0.6689394015625 0.290523409375 0.6682559125 0.29438303593750004 0.6778339609375 0.3278976
0 0.7531558031250001 0.27570600624999997 0.766875096875 0.273555115625 0.7629321796874999 0.25909490625 0.7605709265625 0.2545229953125 0.7518202484375001 0.25140098437499997 0.744744753125 0.25349695781250003 0.7480638828124999 0.2658469203125 0.7531558031250001 0.27570600624999997
0 0.7871019078125 0.423189590625 0.783645703125 0.43131221093749994 0.78613406875 0.44491704375 0.7900740671875 0.450247096875 0.809359409375 0.45841895624999995 0.8119860734375001 0.46197232499999996 0.8179997921875 0.4624288046875 0.8181182671875 0.46258907968749996 0.8229255859375 0.4618353953125 0.8156196484375 0.43504169687500005 0.8043826781250001 0.43120928750000004 0.8017560125 0.4276559171875 0.79373771875 0.427047278125 0.79111105625 0.42349390937500003 0.7871019078125 0.423189590625
0 0.52757175625 0.5132818265625 0.5265306640625 0.5094637390625001 0.51426553125 0.5039753453125 0.5144551484375001 0.5170137359375 0.5304131984375 0.575538071875 0.53467510625 0.5748698953125 0.5371090046875 0.5734247875 0.52757175625 0.5132818265625