0 0.111328125 0.078125 0.1025390625 0.065972221875 0.0966796875 0.065972221875 0.0869140625 0.059027778125 0.0771484375 0.059027778125 0.07421875 0.074652778125 0.068359375 0.08506944375 0.068359375 0.112847221875 0.0732421875 0.121527778125 0.0810546875 0.121527778125 0.0908203125 0.12847222187500001 0.1015625 0.12673611093749998 0.103515625 0.1232638890625 0.103515625 0.109375 0.109375 0.09895833281250001 0.111328125 0.078125
0 0.744140625 0.7482638890625 0.744140625 0.769097221875 0.75390625 0.7725694437499999 0.75 0.7899305562500001 0.7548828125 0.7986111109375 0.7607421875 0.8020833328125001 0.78125 0.8038194437499999 0.7890625 0.7482638890625 0.7744140625 0.7395833328125 0.7490234375 0.7326388890625 0.744140625 0.7482638890625
0 0.9150390625 0.17013888906250002 0.9013671875 0.17013888906250002 0.896484375 0.17881944375 0.892578125 0.230902778125 0.8955078125 0.23611111093749998 0.9091796875 0.23611111093749998 0.9111328125 0.23958333281250002 0.9169921875 0.23611111093749998 0.9365234375 0.25 0.939453125 0.24826388906250002 0.9453125 0.18923611093749998 0.9423828125 0.18402777812499999 0.9267578125 0.18055555625 0.9150390625 0.17013888906250002
0 0.4296875 0.053819443749999994 0.4365234375 0.0625 0.4462890625 0.0625 0.4482421875 0.065972221875 0.45703125 0.06423611093750001 0.458984375 0.0607638890625 0.462890625 0.0017361109374999999 0.4345703125 0 0.4296875 0.053819443749999994
0 0.14453125 0.8107638890625 0.140625 0.8038194437499999 0.142578125 0.7864583328125 0.1162109375 0.7708333328125 0.1083984375 0.7708333328125 0.1005859375 0.7638888890625 0.0927734375 0.7673611109375 0.08984375 0.7760416671875 0.0859375 0.8211805562500001 0.0986328125 0.8333333328125001 0.1142578125 0.8333333328125001 0.119140625 0.8385416671874999 0.119140625 0.8454861109375 0.1220703125 0.8506944437499999 0.138671875 0.8524305562500001 0.142578125 0.8454861109375 0.142578125 0.824652778125 0.14453125 0.8211805562500001 0.14453125 0.8107638890625
0 0.689453125 0.581597221875 0.6533203125 0.5694444437499999 0.650390625 0.574652778125 0.650390625 0.5885416671875 0.6484375 0.5920138890625 0.646484375 0.6510416671875 0.6494140625 0.65625 0.6572265625 0.65625 0.6689453125 0.6631944437499999 0.681640625 0.6614583328125 0.68359375 0.6579861109375 0.68359375 0.644097221875 0.6875 0.6232638890625 0.689453125 0.581597221875
0 0.7236328125 0.49305555625 0.728515625 0.484375 0.73046875 0.4739583328125 0.728515625 0.453125 0.7197265625 0.4513888890625 0.7177734375 0.4479166671875 0.7041015625 0.4479166671875 0.6962890625 0.44097222187499996 0.6865234375 0.44097222187499996 0.6845703125 0.4375 0.6728515625 0.43402777812500004 0.669921875 0.4427083328125 0.66796875 0.49131944375 0.666015625 0.4947916671875 0.6640625 0.5225694437499999 0.6669921875 0.527777778125 0.6787109375 0.527777778125 0.6806640625 0.53125 0.7041015625 0.534722221875 0.7060546875 0.5381944437499999 0.7109375 0.5364583328125 0.71484375 0.5295138890625 0.716796875 0.519097221875 0.716796875 0.4947916671875 0.7236328125 0.49305555625
0 0.7314453125 0.25347222187499996 0.7236328125 0.25347222187499996 0.7138671875 0.246527778125 0.7041015625 0.246527778125 0.7021484375 0.24305555625 0.6884765625 0.23958333281250002 0.685546875 0.24826388906250002 0.68359375 0.2795138890625 0.6923828125 0.28472222187499996 0.7021484375 0.28472222187499996 0.703125 0.296875 0.7060546875 0.3020833328125 0.7119140625 0.3020833328125 0.7197265625 0.30902777812500004 0.724609375 0.3072916671875 0.7265625 0.296875 0.732421875 0.2864583328125 0.734375 0.25868055624999997 0.7314453125 0.25347222187499996
0 0.1005859375 0.9583333328125001 0.0810546875 0.9583333328125001 0.0732421875 0.9513888890625 0.06640625 0.953125 0.0625 0.984375 0.060546875 0.987847221875 0.0615234375 1 0.103515625 0.9982638890625 0.103515625 0.984375 0.10546875 0.980902778125 0.1044921875 0.9618055562500001 0.1005859375 0.9583333328125001
0 0.9404296875 0.6666666671875 0.9345703125 0.6666666671875 0.9326171875 0.6631944437499999 0.9267578125 0.6631944437499999 0.9248046875 0.659722221875 0.9189453125 0.659722221875 0.9169921875 0.65625 0.9091796875 0.65625 0.8994140625 0.6493055562500001 0.892578125 0.6510416671875 0.890625 0.675347221875 0.88671875 0.6892361109375 0.8876953125 0.7048611109375 0.9013671875 0.7083333328125 0.9033203125 0.7118055562500001 0.9326171875 0.722222221875 0.9345703125 0.7256944437499999 0.9423828125 0.7256944437499999 0.9501953125 0.7326388890625 0.9580078125 0.7326388890625 0.9736328125 0.7430555562500001 0.98046875 0.7413194437499999 0.986328125 0.7204861109375 0.9853515625 0.6875 0.9423828125 0.6701388890625 0.9404296875 0.6666666671875
0 0.1103515625 0.8645833328125001 0.1044921875 0.8576388890625 0.0927734375 0.8541666671874999 0.0908203125 0.8506944437499999 0.0830078125 0.8506944437499999 0.078125 0.859375 0.078125 0.8732638890625 0.07421875 0.894097221875 0.0771484375 0.8993055562500001 0.1044921875 0.909722221875 0.1064453125 0.9131944437499999 0.1171875 0.9114583328125001 0.1171875 0.8975694437499999 0.123046875 0.8767361109375 0.1220703125 0.8680555562500001 0.1103515625 0.8645833328125001
0 0.0625 0.35590277812500004 0.0537109375 0.34375 0.0439453125 0.34027777812500004 0.0380859375 0.3333333328125 0.0322265625 0.3333333328125 0.021484375 0.36631944375000003 0.0234375 0.3767361109375 0.0302734375 0.3854166671875 0.0361328125 0.3854166671875 0.0498046875 0.3958333328125 0.0546875 0.39409722187499996 0.05859375 0.38368055624999997 0.05859375 0.3732638890625 0.0625 0.36284722187499996 0.0625 0.35590277812500004
0 0.3115234375 0.09375 0.2919921875 0.090277778125 0.28125 0.1197916671875 0.28125 0.13715277812499999 0.2841796875 0.14236111093749998 0.2958984375 0.1458333328125 0.3056640625 0.15972222187500001 0.3115234375 0.17361111093749998 0.322265625 0.17881944375 0.3359375 0.105902778125 0.3291015625 0.097222221875 0.3134765625 0.097222221875 0.3115234375 0.09375
0 0.25390625 0.918402778125 0.2578125 0.9045138890625 0.2578125 0.890625 0.2431640625 0.8819444437499999 0.2314453125 0.8819444437499999 0.2275390625 0.8923611109375 0.2216796875 0.8923611109375 0.21484375 0.9010416671874999 0.208984375 0.953125 0.2119140625 0.9583333328125001 0.2236328125 0.9618055562500001 0.2314453125 0.96875 0.2392578125 0.96875 0.2412109375 0.972222221875 0.248046875 0.9704861109375 0.25 0.9670138890625 0.25 0.949652778125 0.251953125 0.9461805562500001 0.25390625 0.918402778125
0 0.865234375 0.8142361109375 0.8671875 0.7864583328125 0.869140625 0.7829861109375 0.869140625 0.765625 0.8564453125 0.7638888890625 0.8544921875 0.7604166671875 0.8408203125 0.7604166671875 0.8388671875 0.7569444437499999 0.8271484375 0.753472221875 0.818359375 0.7725694437499999 0.81640625 0.8142361109375 0.8232421875 0.8229166671874999 0.8369140625 0.8229166671874999 0.8388671875 0.8263888890625 0.849609375 0.824652778125 0.8505859375 0.8125 0.8564453125 0.8125 0.8583984375 0.815972221875 0.865234375 0.8142361109375
0 0.5615234375 0.46180555625 0.5576171875 0.4583333328125 0.552734375 0.4670138890625 0.55078125 0.512152778125 0.5537109375 0.5173611109375 0.5673828125 0.5173611109375 0.5693359375 0.5208333328125 0.5859375 0.519097221875 0.587890625 0.4670138890625 0.5732421875 0.46527777812500004 0.5712890625 0.46180555625 0.5615234375 0.46180555625
0 0.7587890625 0.5104166671875 0.7509765625 0.5104166671875 0.7392578125 0.503472221875 0.728515625 0.5052083328125 0.7265625 0.5364583328125 0.7294921875 0.5416666671875 0.7392578125 0.5416666671875 0.7412109375 0.5451388890625 0.7607421875 0.5486111109375 0.7626953125 0.5520833328125 0.765625 0.550347221875 0.76953125 0.5399305562500001 0.7685546875 0.5138888890625 0.7607421875 0.5138888890625 0.7587890625 0.5104166671875
0 0.8876953125 0.784722221875 0.884765625 0.8177083328125001 0.8828125 0.8211805562500001 0.8828125 0.8350694437499999 0.8876953125 0.84375 0.8935546875 0.84375 0.8955078125 0.847222221875 0.9052734375 0.847222221875 0.9072265625 0.8506944437499999 0.91796875 0.8489583328125001 0.916015625 0.8211805562500001 0.92578125 0.796875 0.9189453125 0.7881944437499999 0.8876953125 0.784722221875
0 0.546875 0.053819443749999994 0.546875 0.07118055625 0.544921875 0.074652778125 0.541015625 0.11631944375 0.5439453125 0.121527778125 0.5595703125 0.125 0.5693359375 0.13194444375 0.580078125 0.1302083328125 0.587890625 0.053819443749999994 0.5712890625 0.0416666671875 0.5517578125 0.03819444375 0.546875 0.053819443749999994
0 0.3388671875 0.9548611109375 0.3330078125 0.9548611109375 0.330078125 0.9600694437499999 0.326171875 0.9913194437499999 0.32421875 0.9947916671874999 0.3251953125 1 0.361328125 0.9982638890625 0.36328125 0.9947916671874999 0.36328125 0.9739583328125001 0.3603515625 0.96875 0.3388671875 0.9548611109375
0 0.5244140625 0.9583333328125001 0.5048828125 0.9548611109375 0.5029296875 0.9513888890625 0.4990234375 0.9513888890625 0.49609375 0.956597221875 0.494140625 0.980902778125 0.4921875 0.984375 0.4931640625 1 0.544921875 0.9982638890625 0.546875 0.9739583328125001 0.5439453125 0.96875 0.5380859375 0.96875 0.5244140625 0.9583333328125001
0 0.8623046875 0.11805555625 0.8564453125 0.11805555625 0.8525390625 0.13194444375 0.8427734375 0.13888888906250002 0.8388671875 0.1458333328125 0.8349609375 0.14236111093749998 0.8193359375 0.14236111093749998 0.814453125 0.15451388906250002 0.8125 0.18576388906250002 0.810546875 0.18923611093749998 0.810546875 0.19965277812499999 0.8134765625 0.20486111093749998 0.8330078125 0.20486111093749998 0.8486328125 0.215277778125 0.85546875 0.21354166718749998 0.857421875 0.21006944375 0.859375 0.17534722187500001 0.86328125 0.15451388906250002 0.8623046875 0.11805555625
0 0.5927734375 0.6979166671875 0.5771484375 0.6944444437499999 0.57421875 0.7100694437499999 0.57421875 0.7239583328125 0.572265625 0.7274305562500001 0.572265625 0.7517361109375 0.5830078125 0.753472221875 0.5849609375 0.7569444437499999 0.587890625 0.7552083328125 0.591796875 0.7517361109375 0.59375 0.7413194437499999 0.595703125 0.703125 0.5927734375 0.6979166671875
0 0.5888671875 0.2638888890625 0.5869140625 0.2604166671875 0.5771484375 0.2604166671875 0.5751953125 0.25694444375000003 0.55078125 0.25868055624999997 0.548828125 0.2795138890625 0.546875 0.2829861109375 0.546875 0.3142361109375 0.544921875 0.3177083328125 0.5478515625 0.3229166671875 0.5517578125 0.3263888890625 0.5712890625 0.3263888890625 0.5732421875 0.3229166671875 0.5771484375 0.3263888890625 0.59765625 0.32465277812500004 0.603515625 0.296875 0.603515625 0.26909722187499996 0.6005859375 0.2638888890625 0.5888671875 0.2638888890625
0 0.5791015625 0.41319444375 0.576171875 0.41840277812500004 0.576171875 0.42534722187499996 0.5703125 0.4322916671875 0.5703125 0.45659722187499996 0.568359375 0.46006944375 0.5732421875 0.46527777812500004 0.59375 0.4635416671875 0.59375 0.42534722187499996 0.595703125 0.41840277812500004 0.5908203125 0.41319444375 0.5791015625 0.41319444375
0 0.5087890625 0.4201388890625 0.505859375 0.46006944375 0.5087890625 0.46527777812500004 0.521484375 0.4635416671875 0.525390625 0.44618055625 0.525390625 0.42534722187499996 0.5205078125 0.4201388890625 0.5087890625 0.4201388890625
0 1 0.206597221875 0.9775390625 0.19444444375 0.96875 0.206597221875 0.96484375 0.25868055624999997 0.9775390625 0.2638888890625 0.98046875 0.27256944375000003 0.9873046875 0.28125 0.9921875 0.2795138890625 0.99609375 0.24826388906250002 0.998046875 0.24479166718749998 0.998046875 0.234375 1 0.230902778125 1 0.206597221875
0 0.6181640625 0.934027778125 0.611328125 0.9739583328125001 0.611328125 0.984375 0.609375 0.987847221875 0.609375 0.9982638890625 0.650390625 0.9982638890625 0.654296875 0.9774305562500001 0.65625 0.949652778125 0.6533203125 0.9444444437499999 0.6181640625 0.934027778125
0 1 0.796875 0.9931640625 0.7916666671875 0.9775390625 0.7881944437499999 0.974609375 0.7829861109375 0.9736328125 0.7708333328125 0.9580078125 0.7708333328125 0.953125 0.7795138890625 0.94921875 0.8420138890625 0.9580078125 0.8506944437499999 0.9736328125 0.8541666671874999 0.9765625 0.859375 0.9775390625 0.871527778125 0.9912109375 0.875 0.9931640625 0.878472221875 1 0.8767361109375 1 0.796875
0 0.498046875 0.6232638890625 0.5 0.6197916671875 0.5 0.605902778125 0.4931640625 0.597222221875 0.4697265625 0.59375 0.4619140625 0.5868055562500001 0.4462890625 0.5833333328125 0.4384765625 0.5729166671875 0.4306640625 0.5729166671875 0.4287109375 0.5694444437499999 0.4052734375 0.5694444437499999 0.3994140625 0.5625 0.3740234375 0.5555555562500001 0.3720703125 0.5520833328125 0.3603515625 0.5520833328125 0.3505859375 0.5451388890625 0.3310546875 0.5451388890625 0.3193359375 0.5381944437499999 0.3076171875 0.5381944437499999 0.3056640625 0.5416666671875 0.2978515625 0.5416666671875 0.294921875 0.546875 0.29296875 0.581597221875 0.2890625 0.6024305562500001 0.2900390625 0.6319444437499999 0.3095703125 0.6354166671875 0.3212890625 0.6423611109375 0.3310546875 0.6423611109375 0.3330078125 0.6458333328125 0.3408203125 0.6458333328125 0.3525390625 0.652777778125 0.3623046875 0.652777778125 0.3642578125 0.65625 0.3720703125 0.65625 0.3818359375 0.6631944437499999 0.3935546875 0.6631944437499999 0.4052734375 0.6701388890625 0.4287109375 0.6736111109375 0.4306640625 0.6770833328125 0.4462890625 0.6805555562500001 0.4482421875 0.684027778125 0.4580078125 0.684027778125 0.4677734375 0.690972221875 0.4775390625 0.690972221875 0.4794921875 0.6944444437499999 0.490234375 0.6927083328125 0.494140625 0.6788194437499999 0.494140625 0.6614583328125 0.49609375 0.6579861109375 0.498046875 0.6232638890625
0 0.9541015625 0.2673611109375 0.94921875 0.2795138890625 0.947265625 0.3107638890625 0.9501953125 0.31597222187499996 0.96484375 0.3177083328125 0.96875 0.3107638890625 0.97265625 0.2760416671875 0.9658203125 0.2673611109375 0.9541015625 0.2673611109375
0 0.6962890625 0.78125 0.6943359375 0.777777778125 0.6845703125 0.777777778125 0.6796875 0.793402778125 0.6796875 0.8107638890625 0.6865234375 0.8194444437499999 0.701171875 0.8177083328125001 0.705078125 0.800347221875 0.705078125 0.7864583328125 0.7021484375 0.78125 0.6962890625 0.78125
0 0.9658203125 0.02430555625 0.9638671875 0.0208333328125 0.9482421875 0.0173611109375 0.9462890625 0.013888889062500001 0.9375 0.015625 0.935546875 0.02256944375 0.935546875 0.043402778125 0.9384765625 0.0486111109375 0.9638671875 0.055555556250000006 0.9658203125 0.059027778125 0.9765625 0.05729166718749999 0.978515625 0.050347221875 0.978515625 0.0295138890625 0.9755859375 0.02430555625 0.9658203125 0.02430555625
0 0.7646484375 0.15972222187500001 0.75390625 0.1614583328125 0.751953125 0.17881944375 0.7548828125 0.18402777812499999 0.7607421875 0.18402777812499999 0.7626953125 0.1875 0.771484375 0.18576388906250002 0.7734375 0.17881944375 0.7724609375 0.16319444375 0.7666015625 0.16319444375 0.7646484375 0.15972222187500001
0 0.740234375 0.7482638890625 0.7314453125 0.7395833328125 0.7177734375 0.7395833328125 0.716796875 0.765625 0.71484375 0.769097221875 0.71484375 0.793402778125 0.7294921875 0.8020833328125001 0.734375 0.800347221875 0.736328125 0.796875 0.736328125 0.7795138890625 0.73828125 0.7760416671875 0.740234375 0.7482638890625
0 0.7919921875 0.2604166671875 0.7841796875 0.2604166671875 0.7822265625 0.25694444375000003 0.7763671875 0.25694444375000003 0.7734375 0.26215277812500004 0.771484375 0.27256944375000003 0.7724609375 0.28472222187499996 0.7841796875 0.28819444375000003 0.7919921875 0.2951388890625 0.806640625 0.296875 0.80859375 0.29340277812500004 0.80859375 0.2829861109375 0.8037109375 0.2673611109375 0.7919921875 0.2604166671875
0 0.498046875 0.012152778125 0.4970703125 0 0.482421875 0.0017361109374999999 0.48046875 0.02256944375 0.478515625 0.0260416671875 0.478515625 0.046875 0.474609375 0.06423611093750001 0.4794921875 0.07291666718749999 0.490234375 0.07118055625 0.494140625 0.0364583328125 0.49609375 0.0329861109375 0.49609375 0.015625 0.498046875 0.012152778125
0 0.3505859375 0.10069444375 0.345703125 0.112847221875 0.345703125 0.1302083328125 0.3564453125 0.13888888906250002 0.359375 0.13715277812499999 0.36328125 0.13368055625 0.365234375 0.109375 0.3583984375 0.10069444375 0.3505859375 0.10069444375
0 0.80078125 0.10243055625 0.7998046875 0.090277778125 0.7958984375 0.08680555625 0.7861328125 0.08680555625 0.783203125 0.09201388906249999 0.779296875 0.112847221875 0.78125 0.1197916671875 0.7841796875 0.125 0.78515625 0.1232638890625 0.7880859375 0.11805555625 0.80078125 0.11631944375 0.798828125 0.109375 0.80078125 0.10243055625
0 0.21875 0.28993055624999997 0.21875 0.2760416671875 0.220703125 0.27256944375000003 0.220703125 0.25868055624999997 0.22265625 0.2552083328125 0.22265625 0.24131944375 0.224609375 0.237847221875 0.224609375 0.22048611093749998 0.2265625 0.21701388906250002 0.224609375 0.1822916671875 0.2177734375 0.17013888906250002 0.2119140625 0.17013888906250002 0.2099609375 0.1666666671875 0.2001953125 0.1666666671875 0.1982421875 0.16319444375 0.1904296875 0.16319444375 0.1884765625 0.15972222187500001 0.1416015625 0.1458333328125 0.1328125 0.1927083328125 0.1328125 0.203125 0.13671875 0.206597221875 0.134765625 0.24826388906250002 0.1787109375 0.2638888890625 0.181640625 0.26909722187499996 0.1796875 0.27256944375000003 0.17578125 0.32118055624999997 0.1787109375 0.3263888890625 0.1982421875 0.3298611109375 0.2001953125 0.3333333328125 0.212890625 0.33159722187499996 0.21484375 0.3107638890625 0.216796875 0.3072916671875 0.216796875 0.29340277812500004 0.21875 0.28993055624999997
0 0.7119140625 0.097222221875 0.7021484375 0.097222221875 0.697265625 0.105902778125 0.697265625 0.12673611093749998 0.6953125 0.1302083328125 0.6953125 0.14756944375 0.693359375 0.1510416671875 0.6962890625 0.15625 0.703125 0.15451388906250002 0.708984375 0.14756944375 0.7109375 0.11631944375 0.712890625 0.112847221875 0.7119140625 0.097222221875
0 0.8740234375 0.010416667187500001 0.8798828125 0.010416667187500001 0.8876953125 0.0173611109375 0.8935546875 0.0173611109375 0.8955078125 0.0208333328125 0.908203125 0.019097221875 0.912109375 0.00868055625 0.9111328125 0 0.87109375 0.0017361109374999999 0.8740234375 0.010416667187500001
0 0.66796875 0.730902778125 0.6630859375 0.7291666671875 0.6513671875 0.715277778125 0.6435546875 0.71875 0.638671875 0.737847221875 0.63671875 0.762152778125 0.6396484375 0.7673611109375 0.662109375 0.7725694437499999 0.6640625 0.769097221875 0.662109375 0.7482638890625 0.666015625 0.7413194437499999 0.66796875 0.730902778125
0 0.306640625 0.18923611093749998 0.306640625 0.19965277812499999 0.3046875 0.203125 0.306640625 0.22395833281250002 0.3193359375 0.23263888906250002 0.330078125 0.230902778125 0.333984375 0.1927083328125 0.3271484375 0.18402777812499999 0.3115234375 0.18055555625 0.306640625 0.18923611093749998
0 0.0009765625 0.4826388890625 0 0.5329861109375 0.015625 0.5329861109375 0.0244140625 0.53125 0.02734375 0.5260416671875 0.029296875 0.4982638890625 0.0009765625 0.4826388890625
0 0.6044921875 0.2708333328125 0.603515625 0.30381944375000003 0.6103515625 0.3125 0.6171875 0.3107638890625 0.619140625 0.3072916671875 0.62109375 0.2795138890625 0.6123046875 0.2708333328125 0.6044921875 0.2708333328125
0 0.5458984375 0.684027778125 0.54296875 0.699652778125 0.54296875 0.730902778125 0.5556640625 0.7395833328125 0.56640625 0.737847221875 0.5703125 0.6961805562500001 0.5673828125 0.690972221875 0.5556640625 0.684027778125 0.5458984375 0.684027778125