0 0.9111112796875 0.7676469953125 0.9094079624999999 0.762720396875 0.89748645 0.758211503125 0.8906749984375001 0.770480903125 0.8872690453125 0.772618625 0.8793675249999999 0.7880108421875 0.8757761281249999 0.80365048125 0.8787559828125 0.8099387359374999 0.8879917015625001 0.8142575328125 0.9111655843750001 0.8190682656250001 0.9213319734375001 0.8111960171874999 0.9264405625000001 0.8019939656249999 0.9264401078125 0.7940000171875 0.9315486953125 0.78479796875 0.9366577375 0.78358986875 0.9445507687499999 0.76821419375 0.9474665718749999 0.7555165984375 0.928140359375 0.7449674515625 0.9230314328125001 0.7481740390625 0.921328796875 0.7552383625 0.91621998125 0.7604434359375001 0.9162202078125 0.7644404109375 0.9111112796875 0.7676469953125
0 0.833990209375 0.7371572093750001 0.8343078921875 0.7722831125 0.84037659375 0.77711176875 0.8422205187499999 0.7774945546875001 0.8497796921875 0.7761242968750001 0.8548030109375 0.7700698359375 0.8554868984375 0.767091678125 0.8553790953125 0.7551719796875 0.8583894796875 0.75445165625 0.8647694687499999 0.726668396875 0.8644890546875 0.695663315625 0.8442081265624999 0.6934757390625 0.8422463546875001 0.6899220734375 0.8375325328125 0.7021134546875001 0.8376596062500001 0.7161638171875 0.833990209375 0.7371572093750001
0 0.756699340625 0.737937984375 0.7812169765625 0.7471910484375 0.7911167640625 0.749246175 0.799658053125 0.72542823125 0.8041806515625 0.7057334453124999 0.7955896484375 0.7020134109375 0.7925548703125 0.7044682109375 0.7932295828125 0.6972225609375 0.7737293890625 0.6906631296875 0.7558566625 0.7319197359375 0.756699340625 0.737937984375
0 0.6679009078125 0.6895929171875 0.663179734375 0.7112627515625001 0.6665188875 0.715362534375 0.6720224703125 0.7165050390625 0.6812725687500001 0.7166362296875 0.6821256531250001 0.7186023890625 0.68661344375 0.7195340234375001 0.692745 0.718683003125 0.6984368015625 0.693896621875 0.70329055625 0.6674853625 0.6975850578125 0.6588763171875 0.689655578125 0.6587638546875 0.6787475984375 0.65178665 0.67559526875 0.6560858875 0.6679009078125 0.6895929171875
0 0.6138424062500001 0.604418803125 0.6075849140625 0.6209013999999999 0.6044723656250001 0.62368338125 0.6007035890625 0.6336105562500001 0.5975701203125 0.6472560281249999 0.598182475 0.6510846046875 0.5944077046875 0.6610275671875 0.5923277359375 0.6700853109375 0.5928393078124999 0.6732837796875 0.60772770625 0.677400053125 0.6033312609375 0.694397184375 0.613402853125 0.701128821875 0.6188920546875 0.7022683421875 0.6234980343750001 0.6981515328125 0.646132734375 0.6438295984375 0.6464415890625 0.6424846140625 0.6345539375 0.633821459375 0.6405066546875 0.615433334375 0.639592325 0.6097167546875 0.6218560531249999 0.601748525 0.6177773046875 0.60090180625 0.6138424062500001 0.604418803125
0 0.5238171625 0.5862103125 0.52809234375 0.5943969296875 0.51567076875 0.645191628125 0.5130758671875 0.6481567515625 0.513565053125 0.6554408203125 0.536876559375 0.662789946875 0.5374048421875 0.6645053703125 0.5482693953125 0.6667607734375001 0.5558065265625001 0.667302684375 0.5596988796875 0.6628550015625 0.566016028125 0.63210741875 0.5699083796875 0.6276597328125 0.5870500671875 0.6302276499999999 0.5999834421875 0.5739060203124999 0.5723757843749999 0.56732459375 0.5697808828125 0.5702897171875 0.5527439109375 0.56622825 0.5515528203125 0.5623605796875 0.52943240625 0.5588791265624999 0.5238171625 0.5862103125
0 0.596889059375 0.3459239828125 0.5847549875 0.3447565328125 0.5815781421875 0.351170496875 0.5764064875 0.38400222500000003 0.592765571875 0.39148943593749996 0.592100634375 0.40029535625 0.5958579375 0.4065701203125 0.5996363578125 0.40747122343750003 0.604702415625 0.40150780625 0.60779478125 0.4165884875 0.6134624140625 0.417940140625 0.61379484375 0.4189765671875 0.6243519359375 0.42116814375 0.6280935328125 0.41676379218750004 0.6302365171875 0.40743162968749996 0.6343915765625 0.3852805578125 0.6356682625000001 0.3837777296875 0.6385741703125001 0.3711232296875 0.636987965625 0.3661778640625 0.6237634859375001 0.363024009375 0.6225180921875 0.359141203125 0.5986021640625 0.34985178906250003 0.5973830875 0.3460510375 0.596889059375 0.3459239828125
0 0.5821731046874999 0.4445025921875 0.5852494515625 0.4435821296875 0.5898524140625 0.4235373765625 0.589222953125 0.41093720625 0.5848011718749999 0.406543284375 0.5805556921874999 0.4056619515625 0.5471690125 0.40373315625000006 0.544527715625 0.40908964531249997 0.5469801875 0.43878192031249996 0.547086834375 0.4388040578125 0.5800626249999999 0.44107521875 0.5821731046874999 0.4445025921875
0 0.6314070765625 0.228739796875 0.6240372828125 0.255735703125 0.6270953046875001 0.2652848484375 0.63281379375 0.266471965625 0.6326710953125 0.27713952656249996 0.6460142375 0.27990946875 0.64650534375 0.2814430203125 0.65554675 0.2833199515625 0.6657015625 0.2390982734375 0.664423459375 0.2373766265625 0.6472679890624999 0.2338152734375 0.64618255 0.23042582656250002 0.64274748125 0.22971272968749998 0.6314070765625 0.228739796875
0 0.6312022015625 0.154246865625 0.63461774375 0.1518384015625 0.6364610890625 0.1564867015625 0.6632402890625 0.1662506640625 0.6683537671875001 0.1673121859375 0.6912454046875001 0.1278612 0.691330740625 0.127489584375 0.69120016875 0.1218529796875 0.666165140625 0.10752463593749999 0.6642759515625001 0.10713245468749999 0.6596920265625 0.1103648 0.6529965140625 0.12103425625 0.644276890625 0.11925203749999999 0.6307453640625 0.141269425 0.6296530140625001 0.1460263375 0.6312022015625 0.154246865625
0 1 0.089699565625 0.9988547328124999 0.0895036046875 0.9978947125 0.0858107515625 0.9921394843750001 0.08482600312500001 0.9820706953125 0.0954532375 0.9741320015625 0.118448625 0.9716737390624999 0.12915374531249998 0.9806404671875001 0.1322586734375 0.9859189531249999 0.1455119015625 0.9840021765625 0.15224110625 0.9715366015625 0.1677511140625 0.9638678671875001 0.18761047343749998 0.9609910703125 0.19064682500000002 0.9552407437499999 0.210834434375 0.9565620453125 0.2159169875 0.9734551796875 0.2194238828125 0.97778164375 0.212927003125 0.9888120890625001 0.213050075 1 0.1864546078125 1 0.089699565625
0 0.5092792421875 0.2187148765625 0.508981553125 0.22597825 0.516737084375 0.2305070015625 0.5173789531249999 0.23379049218749998 0.5190359453125 0.23413447187499997 0.5208079328124999 0.23375909374999998 0.5277911390625001 0.2343369953125 0.534685871875 0.2256761046875 0.5354581984375 0.229626953125 0.5461260921875 0.231481521875 0.555012459375 0.20712106718749998 0.5621030171875 0.17624345624999999 0.5352250484375001 0.1669308125 0.53315651875 0.16330019375 0.531859640625 0.16303097187499999 0.5296980203125 0.165015815625 0.5241709921875 0.16310081875 0.51980245625 0.1671120984375 0.51659240625 0.1770496546875 0.5199794015625 0.1855896890625 0.5092792421875 0.2187148765625
0 0.48652672656249996 0 0.486221003125 0.0004593390625 0.4846038609375 0.025074859375 0.5025494015625 0.029806326562500002 0.5063955796874999 0.034267599999999995 0.509997290625 0.035015289062499996 0.518038 0 0.48652672656249996 0
0 0.7524648453125 0.06992395 0.755351534375 0.0715166953125 0.7618008109375001 0.0728555203125 0.7760552656249999 0.07110335625 0.7830583109375 0.0406068328125 0.7821484421875 0.0339385953125 0.769433628125 0.0311428328125 0.7691911046875 0.031092487499999998 0.7501962546875001 0.032810646875 0.7517320078124999 0.050468129687499995 0.7501261796875001 0.0540648046875 0.7524648453125 0.06992395
0 0.6245952046875 0.0710125921875 0.6250313875 0.0768940125 0.6409595140625 0.08130825781249999 0.6556181921875 0.0537923109375 0.6569934171875 0.047803551562500005 0.655474896875 0.043300384375 0.6465451625 0.039758871875000004 0.64162350625 0.0435153859375 0.6341477234374999 0.059578615625 0.6275855171875 0.0645872984375 0.6245952046875 0.0710125921875
0 0.4595662015625 0.047919490625 0.4613845421875 0.05128322187499999 0.45918668125 0.0582202828125 0.4591822890625 0.0875531265625 0.46507904062499994 0.0874585953125 0.466525790625 0.0901349203125 0.4690827578125 0.0906657296875 0.48644923906250004 0.08893950625 0.48782239218749995 0.082959765625 0.488322021875 0.068105959375 0.49040374531250003 0.0646216734375 0.49005971875 0.045647159375 0.46265768281249997 0.042635525 0.4596070796875 0.047741478125 0.4595662015625 0.047919490625
0 0.4567881171875 0 0.4564095078125 0.000414465625 0.445489365625 0.0258187609375 0.44236372968750004 0.028119585937500004 0.43280860624999995 0.05034834375 0.42968296875 0.05264917031250001 0.417397809375 0.0812290046875 0.42815932187500005 0.0885023875 0.42832739999999997 0.0902232046875 0.43787388906249997 0.09220498906249999 0.43852523593750004 0.0917255234375 0.44808036093750003 0.0694967625 0.45882228593749996 0.0594187453125 0.47412906250000003 0.0314555203125 0.477521175 0.0166837109375 0.4728484796875 0.014362223437499998 0.47342229375 0.0030861937499999997 0.46978487500000005 0 0.4567881171875 0
0 0.12846114687500002 0.4099051484375 0.1288717609375 0.42038276249999995 0.1328932078125 0.42373409375 0.13344069218750002 0.4377042484375 0.14419170625 0.43906219531249996 0.1460676796875 0.44214972656249996 0.1469266625 0.44232804375 0.15027759375 0.4415304875 0.1580904609375 0.4075073953125 0.1583059 0.3773426234375 0.1494971734375 0.3759140734375 0.1474180125 0.3724921375 0.1318797171875 0.3730569734375 0.13026656406249998 0.406342 0.12846114687500002 0.4099051484375
0 0.185746415625 0.38109110625 0.18190810156249998 0.3860119375 0.17455236093749998 0.416644278125 0.1644773 0.44016183125 0.15472312500000002 0.48447007031249995 0.172436759375 0.49091353125000003 0.1775072828125 0.49999157031249997 0.18251902656250002 0.501031971875 0.185632246875 0.5004991234375 0.1966760296875 0.46174741406250003 0.2007782765625 0.44388315624999997 0.1989038484375 0.4304793703125 0.18782807031249998 0.43142754375000003 0.19082611249999998 0.414332671875 0.1933849875 0.4110521203125 0.1989419046875 0.39067669843749997 0.185746415625 0.38109110625
0 0.20670354375 0.48050451406250005 0.2032964984375 0.5082666140625001 0.2223732421875 0.5200219640625 0.2226935390625 0.525374009375 0.224034571875 0.5272899078125 0.23379586875 0.529316284375 0.24804236093749998 0.467276359375 0.22620262656249998 0.45697063125000004 0.2247102734375 0.453207065625 0.21277499687499998 0.4549175015625 0.20904765625000002 0.47732755625 0.20670354375 0.48050451406250005
0 0.3121198640625 0.40596495 0.3103204484375 0.40249041406249997 0.300527465625 0.40242758125 0.29922915781250004 0.3999206484375 0.2963341109375 0.39931965625 0.2878761796875 0.400614915625 0.2873986359375 0.4110008234375 0.28009021562499997 0.44212085312499994 0.2826301578125 0.450794625 0.29046454375 0.4508448921875 0.292263959375 0.454319428125 0.309732146875 0.4578944984375 0.3191202125 0.4636418078125 0.32345921093749996 0.4645425515625 0.3319088 0.4632485734375 0.3320434296875 0.46266229531249997 0.33265395781249996 0.4493840890625 0.3399623796875 0.41826405937500005 0.33726325625000003 0.41305225468750006 0.3237122625 0.4095023203125 0.321912846875 0.40602778281249996 0.3121198640625 0.40596495
0 0.313819221875 0.4786859453125 0.3090331109375 0.4776923828125 0.2998454859375 0.4762457515625 0.29675928749999997 0.48161056562500004 0.296437084375 0.4986245125 0.29437961874999996 0.5022010546875 0.291355540625 0.55681944375 0.298234465625 0.56131549375 0.304020215625 0.5710026046875 0.3119923140625 0.5703075953125001 0.31369879843750004 0.5731647718749999 0.3147876859375 0.5733908171875 0.3344930828125 0.57007590625 0.335079290625 0.5675231171874999 0.3400903015625 0.5050103296875 0.337197425 0.5001667703125 0.31533859375 0.49867526093750003 0.31443874374999997 0.4936579515625 0.3165606515625 0.48667861874999996 0.313819221875 0.4786859453125
0 0.386955884375 0.5262404671875001 0.385037434375 0.522885771875 0.35360115 0.5173944125000001 0.3523772390625 0.532925553125 0.3503529171875 0.53645425625 0.350088228125 0.5536627484375 0.3480639046875 0.5571914484375 0.34540433125000003 0.602020521875 0.35210892031249996 0.6067960421875 0.3524570453125 0.6068683125 0.36208169843750004 0.6064435515625 0.3636538453125 0.6091926875 0.36545100937499997 0.609565765625 0.3788120015625 0.6074248812499999 0.3811010125 0.5866876890625 0.388027328125 0.5846623328125 0.3889231984375 0.583100696875 0.39115597343749997 0.5733775109375 0.3914343765625 0.555277396875 0.393458696875 0.5517486953125 0.3937233859375 0.5345402046875 0.3957477078125 0.531011503125 0.3928700375 0.5259794609374999 0.386955884375 0.5262404671875001
0 0.4267368859375 0.5513977437500001 0.41522077187499995 0.550612928125 0.40837432187499995 0.558964978125 0.40821985781250003 0.5695368078125 0.4110731453125 0.5714949828125 0.411955590625 0.5768463015624999 0.4080654 0.580108640625 0.4097788015625 0.5943352171875 0.40682254531249995 0.599424928125 0.404954678125 0.59577018125 0.40199841718749996 0.60085989375 0.4037633109375 0.6115625265625 0.4015865234375 0.6290514421875 0.409981703125 0.6380532265625 0.4292638125 0.6420560562500001 0.43121628125000006 0.642033284375 0.4374291453125 0.614977803125 0.43862057656250003 0.5927733078124999 0.44059141718749995 0.5893801671875 0.442871178125 0.5648433671875 0.440069378125 0.559361246875 0.42860475156250005 0.5550524875 0.4267368859375 0.5513977437500001
0 0.41961763281250003 0.40081238125 0.4190847640625 0.40313289374999994 0.41942003124999994 0.407755075 0.4318473546875 0.41301264375 0.43198495625 0.4149097234375 0.44378269843749996 0.4173588515625 0.4590556375 0.3888266609375 0.459277471875 0.3878606296875 0.458883978125 0.3824356859375 0.444395503125 0.3724865515625 0.43949823749999994 0.3761440359375 0.4365192140625 0.38252284375 0.42821419374999997 0.3866484078125 0.41961763281250003 0.40081238125
0 0.4526826265625 0.4476740828125 0.4489061375 0.4573103265625 0.4519449390625 0.46740294843749997 0.46276983749999995 0.47101205156250003 0.47756065468750003 0.47408252187500005 0.48365533593750004 0.45073704687499994 0.486213653125 0.4442091453125 0.4905568640625 0.42529554531249997 0.481386703125 0.41547871093750005 0.47025211718750004 0.41176635624999997 0.4690365953125 0.4077293046875 0.4628290609375 0.409291453125 0.45780456875000003 0.42032749375 0.4526826265625 0.4476740828125
0 0.5228734609375 0.28778273906249996 0.5199977953125 0.282749984375 0.47472833124999997 0.281315403125 0.4688701 0.2781348328125 0.46759083593749995 0.29711205625 0.4655668234375 0.300641821875 0.46487195468750003 0.34539390625 0.46804254375000004 0.348629415625 0.4732478140625 0.3497099921875 0.4825535578125 0.34805068125 0.48574993125 0.3324286265625 0.515254903125 0.3345616078125 0.5164272640625 0.3224693171875 0.5204752890625 0.3154097828125 0.5228734609375 0.28778273906249996
0 0.0329106953125 0.5538756234375 0.029497770312499998 0.5589170046875 0.028217828125 0.5727300296875 0.0259425453125 0.5760909546875 0.02274268125 0.6106235125 0.025122590625000003 0.6126815999999999 0.0394567296875 0.615657265625 0.0478415515625 0.61527709375 0.053529756250000005 0.6068747859375 0.057440349999999994 0.607059453125 0.0586868453125 0.60422291875 0.06197635 0.589897940625 0.0637331484375 0.570938765625 0.0624178234375 0.5639399218750001 0.059964859375 0.5586215375 0.052143671875 0.5582522046875 0.0505083640625 0.5547066203125001 0.0329106953125 0.5538756234375
0 0.08219025468749999 0.5612443390624999 0.07909622499999999 0.5660338984375 0.0756346546875 0.5975320640625 0.0782041 0.603356928125 0.0884997078125 0.6070240578125 0.087275684375 0.6317910421875 0.08503813906249999 0.638522225 0.0876075828125 0.6443470859375 0.0884853 0.645078453125 0.1226430734375 0.6521693640625 0.131207290625 0.6148743328124999 0.126099171875 0.5978319 0.10173230625 0.589807440625 0.099687440625 0.573368153125 0.09523016875 0.567198190625 0.08219025468749999 0.5612443390624999
0 0.1281384625 0.656667609375 0.1397536234375 0.6496916015624999 0.14102351875000002 0.6652987453125 0.14281795 0.669186328125 0.14476779687500002 0.6695911031249999 0.1465683625 0.6692765015625 0.152797415625 0.660273628125 0.164620578125 0.634464309375 0.1670124796875 0.6326005265625 0.1677045140625 0.629586890625 0.1675763703125 0.628011978125 0.16855847968749998 0.6258680828125 0.17050743125 0.61738088125 0.164669840625 0.613680103125 0.1643523671875 0.6097783156250001 0.1535801546875 0.6057245874999999 0.148670259375 0.609550403125 0.12618435781249998 0.654041096875 0.1281384625 0.656667609375
0 0.2204939546875 0.645339240625 0.199014225 0.64210965 0.1973083015625 0.6387283906250001 0.1971604796875 0.638697703125 0.18938911875 0.6387699109375 0.1860448453125 0.6439447406250001 0.184522378125 0.66453390625 0.1822928609375 0.667983790625 0.1807703953125 0.68857295625 0.178540878125 0.6920228453124999 0.1776256796875 0.7177501203125 0.191202328125 0.721053140625 0.192924353125 0.7244663109375 0.2126820578125 0.7242827296875001 0.2167903671875 0.7294432843750001 0.222423390625 0.730612659375 0.23412440937499998 0.7293182828125 0.23595131249999998 0.7213625734375 0.2402972515625 0.6845906859374999 0.2425267671875 0.6811408015625 0.2401974734375 0.67258951875 0.2263670796875 0.672718025 0.2265210453125 0.6572853296875001 0.2204939546875 0.645339240625
0 0.3566230828125 0.800165171875 0.369850709375 0.74256215 0.324355115625 0.7148901624999999 0.3241449640625 0.7148465359375 0.318165071875 0.7299225625 0.3116466515625 0.76441358125 0.3308797515625 0.7791251421875 0.3459796359375 0.7845068828125 0.350579778125 0.798910625 0.3566230828125 0.800165171875
0 0.3637420234375 0.81251491875 0.3623493921875 0.8086496921874999 0.35285893281249997 0.8066212140625 0.34956820781250003 0.80235029375 0.343053875 0.813444415625 0.341032040625 0.8272825375 0.338628490625 0.8303363734375001 0.33660665624999997 0.8441744999999999 0.3342031046875 0.8472283359375 0.3321812703125 0.861066459375 0.32977772031249997 0.8641202968749999 0.324846875 0.8844717859375001 0.32693582499999996 0.8902696265625 0.345916740625 0.8943265765625 0.34647581562499996 0.8958782812500001 0.34990955625 0.8965911015625 0.35161101562499997 0.8955436625000001 0.3528956921875 0.8972110015625001 0.3625865921875 0.8992227640625 0.3683774984375 0.8740048125 0.36634691875000003 0.868368971875 0.36875046718750004 0.8653151359375 0.37721952187499996 0.820746928125 0.37323248124999997 0.8145433921875 0.3637420234375 0.81251491875
0 0.47138300781250003 0.75913434375 0.45110942343750005 0.813815825 0.4520054671875 0.8199087421875 0.4627450234375 0.8249810546875 0.46280895937500005 0.825415809375 0.475294684375 0.8280077578125 0.4785535140625 0.8192181078124999 0.48013982187500004 0.8179569437499999 0.487162284375 0.787375871875 0.48540805625 0.7865473453125 0.4800361171875 0.7726707453125 0.4785427109375 0.7625158859375001 0.4809278375 0.7560827703124999 0.4800317953125 0.7499898546875 0.47138300781250003 0.75913434375
0 0.54807181875 0.7660526125 0.5325781765625 0.7661703125 0.529109946875 0.8309773781249999 0.5313321015625 0.8348299296875 0.5377592546875001 0.8361641609375001 0.5379364875 0.8361628140624999 0.5379614765625 0.836206140625 0.54792040625 0.83827354375 0.5505621921875 0.8378177328125 0.5533558843749999 0.8325440171875 0.5599946874999999 0.831398559375 0.5647818906250001 0.8105514828124999 0.5652391406249999 0.79918796875 0.5671016015625 0.7956721609375 0.5665818875 0.7711644859375 0.5617030015625 0.7694507171875 0.55596713125 0.7729959515625 0.54807181875 0.7660526125
0 0.6135659765625 0.789237665625 0.6133241734375 0.7891874703124999 0.5933887906249999 0.7915271609375 0.591900521875 0.8134999421875 0.58981324375 0.81709846875 0.58922040625 0.8439964890624999 0.591250046875 0.8472684718749999 0.595928034375 0.8482395875 0.6042080640624999 0.8472678124999999 0.6061237890625 0.8503561546875 0.606219559375 0.8503760359375001 0.6192698265625001 0.84717688125 0.624921834375 0.8403871234375 0.6254987484375001 0.837874803125 0.6257539796875 0.8262945453125001 0.6306915656250001 0.8152613796875 0.6316591203125 0.8110479156249999 0.6282858874999999 0.8025225046875001 0.6284340953124999 0.7957979984375 0.6259607609375 0.7918107359375 0.6236441796875 0.7913298296875 0.6154596140625 0.7922904015625 0.6135659765625 0.789237665625
0 0.6511185421875 0.8652180390625 0.6512699984375 0.8667037343749999 0.662169490625 0.8705015656249999 0.6622851859375001 0.8716364640625001 0.6817653046875 0.8756804 0.681954521875 0.8755281140625 0.687641846875 0.8625708953125001 0.6941186734375 0.8573582265624999 0.6951457546875 0.8502466468750001 0.7003433218749999 0.838405221875 0.702447378125 0.8292425796874999 0.6976348671875 0.8231034875000001 0.675890990625 0.8118680015624999 0.6753073078125 0.811743253125 0.6705835078125 0.8155450500000001 0.655402240625 0.846563596875 0.6511185421875 0.8652180390625
0 0.6998513203125001 0.9225089359374999 0.71583854375 0.9275540718749999 0.7339878015625 0.8999997015625001 0.7511500609375 0.8602629578125001 0.752690078125 0.8535565625 0.737933125 0.840228140625 0.7330752296874999 0.84424208125 0.7288584953125 0.8540053234375 0.7201208375 0.85494593125 0.709967971875 0.8784534374999999 0.6998513203125001 0.9225089359374999
0 0.7694035312499999 0.9215194 0.7747670656250001 0.9238517125 0.7818810078125 0.925328515625 0.7882036968749999 0.9176146781250001 0.8048407921875 0.8765075781249999 0.8062068671875 0.8705586625 0.8038959171875 0.8655120343749999 0.7790337484375 0.85499544375 0.772068415625 0.8658142874999999 0.7592394734375 0.9014410890625 0.7590243328125 0.9023779703124999 0.7694035312499999 0.9215194
0 0.8302931156250001 0.87960024375 0.8264554390625 0.8761763968749999 0.8233196203125001 0.8848787 0.8202516718749999 0.9334491734375 0.8230704937500001 0.9386178765625001 0.8386589499999999 0.94191001875 0.8396549828125 0.9437363859375001 0.8449886359375001 0.9448436140625001 0.8531657796875001 0.9439025046875 0.862010165625 0.9053874046875 0.8625681359374999 0.8809719296875 0.8569771359375 0.8767180984375 0.8529378671875 0.8758795750000001 0.849956996875 0.8759129859374999 0.8479192875000001 0.8794026859375 0.8302931156250001 0.87960024375
0 0.8857222406249999 0.9647936843749999 0.89316821875 0.9708813578125 0.8974674531250001 0.9717738468749999 0.8999305937500001 0.9625239515624999 0.90698755625 0.931792634375 0.9091490375 0.9206174062500001 0.9053063015625 0.9148369328125 0.8975714437500001 0.9137905359375 0.8877794140624999 0.938768915625 0.88381321875 0.959274809375 0.8857222406249999 0.9647936843749999
0 0.531793421875 0.8330094390625 0.528236625 0.8435125953125 0.5239249203125 0.8622889984375 0.5236843625 0.8694196640625 0.5192841234375 0.883303803125 0.5187003531250001 0.9006080578125 0.5262165390625 0.9109091359375 0.526724709375 0.9172606765625 0.5328821125000001 0.918538909375 0.5369525859375 0.9178492687500001 0.5448335171875 0.8835297750000001 0.5454338437499999 0.865734759375 0.5475172078125 0.8622535421874999 0.548100978125 0.8449492875000001 0.5503010984375 0.8380072171874999 0.5475263140625 0.8328464906249999 0.531793421875 0.8330094390625
0 0.582110803125 0.8915599656250001 0.5792829015625001 0.8946575234375 0.5799244109374999 0.9035346859375 0.5857078625 0.9043846328124999 0.58650308125 0.9072198406249999 0.5928839953125 0.9085444734375001 0.613211159375 0.9101831453125 0.619253184375 0.898775059375 0.626450584375 0.8980762265625 0.628266978125 0.8942067093749999 0.631611896875 0.8807131234375 0.636754475 0.85831846875 0.6273580890625 0.8563678453125 0.6247846203125 0.8591867125 0.6215705 0.8674972390625 0.5993367859375 0.860716578125 0.598309053125 0.8570523874999999 0.5921393859374999 0.8614154109375001 0.582110803125 0.8915599656250001
0 0.6513383328125 0.8788597906250001 0.6498288156250001 0.882542765625 0.64556734375 0.8794210250000001 0.641379409375 0.885132565625 0.6473971875 0.927879028125 0.650252625 0.928471796875 0.6532890625000001 0.9281765 0.654055475 0.929261240625 0.6618525843749999 0.9308798656249999 0.6729398343749999 0.9298016234375 0.67527764375 0.9331104421875 0.675417528125 0.9330589390625 0.6822722031249999 0.90320853125 0.6799261953125 0.8902242921875001 0.6645368953124999 0.8917209156249999 0.6610301828125 0.8867576859374999 0.6625396968749999 0.8830747109375 0.65903298125 0.8781114828125001 0.6513383328125 0.8788597906250001
0 0.6223964171875 0.9416821046875 0.616011053125 0.9363322843749999 0.60825875 0.9352823546875 0.6054821859375 0.9384012265624999 0.59663029375 0.933707459375 0.5924654515625 0.9383857671875001 0.587684678125 0.9539239828125 0.5829408296875 0.974582265625 0.5837919031250001 0.9774025671875 0.5915442078125001 0.9784524984375 0.5937433875 0.9857401687499999 0.5965176328124999 0.9861158984375 0.60952288125 0.9858131968749999 0.6190183296875 0.9563928374999999 0.6223964171875 0.9416821046875
5 0.5422159484375 0 0.5389193640625 0.0247412796875 0.5404304609375 0.028261082812499998 0.5381487203125 0.0453858234375 0.53965981875 0.0489056265625 0.5364653828125 0.0728802609375 0.5316177953125 0.0795404484375 0.5288797093750001 0.1000901359375 0.5303908078124999 0.1036099390625 0.5208075 0.175533846875 0.5183837078125 0.17886394218749999 0.502725825 0.281517528125 0.5003020328125001 0.284847621875 0.502867878125 0.29531217656250003 0.4995313890625 0.305492165625 0.49876074687500005 0.32613670625 0.48860922812499996 0.34288202968750003 0.4825346515625 0.37361170625 0.48011085781249996 0.3769417984375 0.4773727703125 0.3974914875 0.4687323484375 0.4177566125 0.4631141203125 0.44506134218750004 0.460690325 0.4483914359375 0.46174507499999995 0.455336184375 0.45855064062500006 0.47931082187499996 0.46354027656249996 0.48644528125 0.46413868125 0.49681498125 0.4609442453125 0.5207896171875 0.4585204515625 0.5241197109375 0.44788239687500003 0.5890988687500001 0.4454586046875 0.5924289609375 0.44272051718750005 0.6129786515625 0.44029672499999994 0.61630874375 0.42920231875 0.6847128484375 0.426778528125 0.6880429421875001 0.425409484375 0.6983177875 0.41283417031249997 0.7183932000000001 0.41234763281250003 0.7666270374999999 0.40992384218750005 0.76995713125 0.403392915625 0.80411175625 0.40096912500000004 0.8074418515625 0.39549295 0.848541228125 0.39306915625 0.8518713203124999 0.39092946875 0.88279070625 0.38137635312499996 0.9099057281249999 0.37414698281250003 0.9641630265625001 0.391816784375 0.9678311515625 0.3945709421875 0.9613715890625001 0.39868970312499996 0.9434354140625001 0.39891111874999996 0.9417736624999999 0.3993389 0.940608321875 0.40426484374999994 0.919157059375 0.404072996875 0.9178938796875 0.4051174203125 0.915444303125 0.41002116875 0.8940896984375 0.41014757343749997 0.8871642015625 0.412746121875 0.882223209375 0.4175582859375 0.8612674265625 0.42047133593749997 0.8394046375 0.42289512656249995 0.836074546875 0.42851335781250005 0.8087698156249999 0.4301206265625 0.8065615609375 0.430824903125 0.8034946125 0.43033874687499996 0.7950700234375 0.44129109843750003 0.712871271875 0.45098626875000003 0.6995508984375001 0.44327363750000004 0.690561684375 0.4414633375 0.6818570296875001 0.445099028125 0.676861890625 0.4510013625 0.6771464546875 0.45902829062499995 0.6689160765625 0.46131003125000003 0.651791334375 0.4637338234375 0.6484612421875 0.462222725 0.644941440625 0.4658735078125 0.61754185625 0.4749702796875 0.5938517828125 0.47756631406250005 0.5595074484375 0.4763695109375 0.53876805 0.491114696875 0.442964359375 0.49353849062500005 0.43963426562499996 0.49536388281250004 0.42593447500000003 0.500667815625 0.415849340625 0.503862253125 0.391874703125 0.506286046875 0.388544609375 0.5103931765625 0.3577200796875 0.5088820796875 0.354200275 0.510251121875 0.34392543125 0.5134304640625 0.342355240625 0.5199462953125 0.3306050578125 0.5269335671875 0.293025484375 0.5293573625 0.289695390625 0.531182753125 0.2759956 0.5296716546875 0.27247579375000003 0.5330081421874999 0.2622958078125 0.542135103125 0.193796846875 0.5391129046875001 0.18675724062500001 0.5400256046874999 0.17990734375 0.537302609375 0.1780525859375 0.5354923109375 0.1693479359375 0.537317703125 0.15564814531249999 0.5426216359375 0.145563009375 0.54293593125 0.1283434140625 0.5496089078125 0.1079834359375 0.5595065109374999 0.018839932812499998 0.56435409375 0.01217974375 0.567690584375 0.00199975625 0.5674673640625 0 0.5422159484375 0
5 0.9297763015625 0.8325533203125 0.9297837171875001 0.8325210296875 0.92941050625 0.8324773828125 0.9297763015625 0.8325533203125
5 0 0.577159771875 0.0091134078125 0.5841616125 0.01682759375 0.585063778125 0.0272414546875 0.5968332390625 0.052312560937499995 0.599765290625 0.063112225 0.608062684375 0.0901118765625 0.6112202812499999 0.1005257359375 0.6229897375 0.12328248906249999 0.62916831875 0.13215360781250002 0.6372401671875 0.1444965 0.631649284375 0.154524553125 0.6468908156250001 0.1819100125 0.6465763375 0.1919380640625 0.66181786875 0.20698063125 0.667094275 0.21585174999999998 0.675166128125 0.24285140156249999 0.6783237203125 0.25365106875 0.6866211109375 0.2671508953125 0.6881999078125001 0.276044546875 0.696843228125 0.3976096390625 0.7220792828125 0.3982915734375 0.72112268125 0.40214866562499996 0.721573765625 0.4028100015625 0.7231588421875 0.41864484218750003 0.7264460421875001 0.4195055859375 0.7236036453125 0.4349339578125 0.7254079859375 0.43724831093749994 0.722161459375 0.444962496875 0.72306363125 0.44997652343750005 0.7306843953125 0.457690709375 0.731586565625 0.46000506249999995 0.728340040625 0.5078329187499999 0.73745066875 0.5093756593750001 0.74114828125 0.522875484375 0.742727075 0.5264027078125 0.7488158125 0.541388575 0.7519267734375 0.5413893390625 0.7519266390625 0.543703690625 0.7486801125 0.5533464234375 0.7498078234375 0.554889165625 0.753505434375 0.5610606109375 0.7507099937499999 0.580346075 0.7529654203125 0.583565834375 0.7606824750000001 0.5939391921875 0.7628359109375 0.598859928125 0.7621649796875001 0.59963301875 0.7640179078125 0.929010309375 0.83239430625 0.92748348125 0.8287348296875001 0.9178407500000001 0.827607115625 0.9097412421875 0.812591128125 0.8831273968750001 0.805961465625 0.88158465625 0.8022638546874999 0.8750274046875001 0.8085313640624999 0.830670834375 0.8033438890625 0.82912809375 0.7996462796875 0.8160140734375 0.7945954140625 0.8129285968750001 0.787200190625 0.8075287624999999 0.78305149375 0.79942876875 0.78562139375 0.794414740625 0.7780006296875001 0.7732007296875001 0.7755196625 0.7685720218750001 0.7820127171875 0.7435009171875 0.7790806640625 0.7419581796875 0.775383053125 0.7396438265625 0.778629578125 0.710715625 0.77524644375 0.7091728875000001 0.771548828125 0.6995301546875 0.770421115625 0.697987415625 0.76672350625 0.6937445140625 0.7697444921875001 0.6902732281249999 0.7658213390624999 0.6787019484375 0.764468084375 0.6679022828125001 0.7561706906250001 0.6655879296875 0.7594172171875 0.6559451968750001 0.7582895046875 0.6544024578125 0.7545918953124999 0.638974084375 0.7527875546875 0.63743134375 0.7490899421874999 0.6277886109375 0.74796223125 0.6262458718749999 0.74426461875 0.5934605796875 0.740430396875 0.5919178406250001 0.7367327890625 0.5745609218750001 0.7347029046875 0.5703180234375 0.7377238875 0.56877528125 0.734026278125 0.5514183640625 0.7319963953124999 0.549875625 0.728298784375 0.5402328890625 0.7271710734375 0.53869015 0.7234734625 0.5363757984374999 0.7267199875 0.5267330640625 0.725592275 0.5251903234374999 0.721894665625 0.49819067187500005 0.71873706875 0.4920192265625 0.721532509375 0.49047648749999995 0.7178349015625 0.47890520781249996 0.7164816484375 0.47736246875 0.712784034375 0.471191021875 0.715579478125 0.4657911890625 0.711430778125 0.45730539062500003 0.717472746875 0.45190555625 0.713324053125 0.4472773359375 0.7022312187499999 0.42374897031250003 0.7029967781249999 0.42066349062499997 0.6956015546875001 0.41102075937500004 0.6944738453125 0.4075494703125 0.6905506890625001 0.40523511875 0.6937972171875 0.39173529375 0.69221841875 0.38710658593749997 0.698711471875 0.3793924 0.6978093000000001 0.3728356328125 0.6864909265625 0.347764528125 0.6835588765625 0.3462217875 0.6798612640624999 0.33465050937499996 0.6785080078125 0.3331077703125 0.674810396875 0.317679396875 0.6730060578125 0.3126653703125 0.66538529375 0.30687973125 0.6647086671875 0.2980086125 0.6566368171875 0.2864373328125 0.6552835625 0.281808625 0.6617766171875 0.2721658921875 0.6606489046874999 0.265222834375 0.6703884812500001 0.26368009375 0.6666908703125001 0.2559659078125 0.6657887 0.2513372015625 0.67228175 0.247480109375 0.671830665625 0.23745205625 0.6565891390624999 0.21006708281250003 0.6393177265625 0.21045313437500002 0.627052715625 0.20813902343750001 0.6215062984374999 0.1946391984375 0.619927503125 0.19232484375 0.6231740265625 0.190782103125 0.6194764171875 0.1849964640625 0.6187997875 0.1819109828125 0.61140456875 0.174196796875 0.6105023968750001 0.1726540578125 0.6068047859375 0.164939871875 0.6059026171874999 0.1626255171875 0.609149140625 0.1595400375 0.6017539203125 0.1537543984375 0.6010772921875 0.1460397265625 0.617761009375 0.14488279375 0.610591328125 0.1363974796875 0.5990474125 0.134083128125 0.6022939390625 0.12714055468750002 0.5944476296875 0.11942636874999998 0.5935454578125 0.1171120140625 0.5967919875 0.11364072968750001 0.59286883125 0.111326375 0.5961153593749999 0.1024557421875 0.5704576234375 0.085098821875 0.568427740625 0.0835560828125 0.5647301296875 0.053085143749999994 0.557649384375 0.0515424046875 0.5539517703125 0.0403569328125 0.5491264484375 0.030328879687499997 0.53388491875 0.018757598437500002 0.532531665625 0.012200831249999999 0.5212132875 0 0.519786409375 0 0.577159771875