0 0.0970529078125 0.8619066375 0.0921949203125 0.8749419328125001 0.09543723750000001 0.885601325 0.12239701562500001 0.888142915625 0.12279394375 0.8874838265625 0.13062276875 0.8831794531250001 0.1315445421875 0.8779223406250001 0.12823738125 0.8784451140625 0.1306663734375 0.8719274671875 0.137573421875 0.8728802109375 0.14209508125 0.8690986125 0.1530225515625 0.8437905234375 0.1556423390625 0.8276935984374999 0.1509765015625 0.8257811671875 0.14440578125 0.8155747265625 0.12280646875000001 0.8067216234375 0.1146413171875 0.8202796921875001 0.10006735 0.8593855734375 0.0970529078125 0.8619066375
0 0 0.8781854421874999 0.0015037140625000001 0.878327203125 0.00811788125 0.8585875046875 0.017813203125 0.7990159125 0.0164203265625 0.78869723125 0.0123026046875 0.7833338890625 0 0.7828997703125 0 0.8781854421874999
0 0.7073146546875 0.3131919828125 0.7158526359375 0.3158768796875 0.7159677921875 0.31972955937499997 0.7269078828125 0.322093046875 0.7365037890624999 0.3229976875 0.7387756328124999 0.32117712656249997 0.75364885625 0.2915060109375 0.7593817296875 0.283549196875 0.759837809375 0.280746875 0.754668078125 0.26701946875 0.740526184375 0.2625723390625 0.7386432890625 0.2581637671875 0.7300925 0.2650160109375 0.7088718625 0.3036239265625 0.7073146546875 0.3131919828125
0 0.4814032359375 0.943510278125 0.4762126484375 0.93485511875 0.4608233828125 0.9352432281249999 0.45874714843750003 0.9317811624999999 0.44720519843749995 0.9320722453125001 0.44512896562500004 0.92861018125 0.44039610781249994 0.9304867531250001 0.43893017656250005 0.941067 0.439998209375 0.9656410453125 0.43822712656249996 0.9692001375 0.43911881875000003 0.9765101359375 0.4529883625 0.977817665625 0.477457825 0.9766779812499999 0.48129465781249997 0.9531030843750001 0.4814032359375 0.943510278125
0 0.41711744843750004 0 0.4169621671875 0.000144665625 0.4136352875 0.010149059375 0.41068364687500003 0.012898923437500001 0.4051388484375 0.02957291875 0.4021872078125 0.032322784375000004 0.38925493125 0.065085840625 0.3863032890625 0.06783570312500001 0.38776235937500003 0.08488956875 0.4075880328125 0.095906253125 0.41212922656249995 0.09633436875 0.41798736875 0.08895385781250001 0.4224232078125 0.075614659375 0.43090289375 0.0746196015625 0.439399334375 0.055195740625 0.4423509765625 0.05244587656250001 0.44624499999999995 0.042753646875 0.45111517812499996 0.0128294875 0.44681193906249994 0.0114634828125 0.4435018140625 0.0030390828125000002 0.4339279859375 0 0.41711744843750004 0
0 0.1304987296875 0.9139870890624999 0.1324561734375 0.9186693484375 0.1383239375 0.9187400359375 0.1412326875 0.9256978515625001 0.155651325 0.92760225 0.1588359828125 0.925909921875 0.162958390625 0.9174411375 0.1709607203125 0.8682719015625 0.163951971875 0.8636665906250001 0.1419352875 0.8668627437499999 0.1382490890625 0.8720104125000001 0.133233625 0.9065638593750001 0.1307758546875 0.9122843328125001 0.1304987296875 0.9139870890624999
0 0.6595325421875 0.4005963640625 0.659527953125 0.41453439375 0.6575749265625 0.41811037031250003 0.6585445562500001 0.437229434375 0.6780621984375 0.4397993109375 0.6796505500000001 0.4425620390625 0.68151785 0.4427380765625 0.6818136109374999 0.44264879687500003 0.688292940625 0.40283743281250006 0.6878376562499999 0.3905588765625 0.676127528125 0.3876231453125 0.6702684515625 0.39835105937500004 0.6683177171875 0.394958015625 0.6624620796875 0.39523240312499996 0.6595325421875 0.4005963640625
0 0.24115963593749998 0 0.2372484171875 0.008768909375 0.23670626874999998 0.012100076562500001 0.23784328437500002 0.0200769296875 0.2420600875 0.024873553125 0.25307183125 0.027767246875000002 0.2559413890625 0.0357517828125 0.2667833828125 0.0367738953125 0.273183546875 0.0201424171875 0.2845885453125 0.0010083046874999999 0.2849765640625 0 0.24115963593749998 0
0 0.9662229640625 0.345635825 0.960956540625 0.353622 0.954759028125 0.3514486734375 0.9489769625 0.3647167953125 0.9507389359375 0.40575920312499997 0.963959971875 0.40821040937499997 0.9695214796875 0.41296173593749996 0.97190870625 0.4131867890625 0.9791433875 0.410257228125 0.982016359375 0.4069225328125 0.982695128125 0.40275192187500003 0.9817167437500001 0.35106914218749996 0.9783076234375001 0.346595978125 0.9724204765625 0.34780915156250003 0.9705064218749999 0.3452976890625 0.968693303125 0.3451267609375 0.9662229640625 0.345635825
0 0.123946234375 0.108203009375 0.122456053125 0.11735922343750001 0.1229752046875 0.11964574375 0.13014206875 0.1188444640625 0.1284720390625 0.1114890875 0.13142921093749999 0.108330184375 0.13567352187499998 0.094656996875 0.14010927812500001 0.089918640625 0.1424228796875 0.0920168765625 0.121427384375 0.15328682031250002 0.123501559375 0.1624221859375 0.13118713906249999 0.1631467328125 0.157777759375 0.165453903125 0.1592193171875 0.16549607187499998 0.1669336171875 0.1595122234375 0.1727594765625 0.1452338546875 0.17502577187499999 0.13130890625 0.1748132890625 0.12139217656250001 0.17865282031250002 0.10902301249999999 0.17894544375000002 0.10722501874999998 0.177805078125 0.1022024609375 0.15232085312500002 0.09515268125000001 0.1426650296875 0.083600784375 0.13912973906249998 0.0832675015625 0.1331684765625 0.08362393125 0.123946234375 0.108203009375
0 0.6555860359375 0.2405967734375 0.6529471906250001 0.259700740625 0.650707671875 0.2630814578125 0.6476694984375 0.297908675 0.6517492078125 0.306870490625 0.6614277109375 0.3073805125 0.66172875 0.308041796875 0.67423174375 0.3092204953125 0.6805764125 0.2996427484375 0.685193040625 0.287184321875 0.6889517734374999 0.2640892984375 0.68615791875 0.25795209375 0.686765553125 0.25098664843749996 0.680446328125 0.2454055515625 0.672703525 0.244997534375 0.671071640625 0.24141280625 0.6555860359375 0.2405967734375
0 0.8206015140625 0.3499783015625 0.8215634671875 0.3586480109375 0.829785515625 0.3681619875 0.84477644375 0.369575234375 0.852101346875 0.35465739375 0.8580742625 0.33140354375 0.8613582187500001 0.31122571250000003 0.85922734375 0.3077643421875 0.8351748750000001 0.3018258421875 0.830242053125 0.317200390625 0.8274408765624999 0.32044597812500003 0.82189205625 0.3420487390625 0.8206015140625 0.3499783015625
0 0.27118900468749996 0.1478794140625 0.265429225 0.14413315625 0.24429265937500003 0.13976600781249998 0.23947112656249997 0.1483555453125 0.23943854999999997 0.165922671875 0.2355552640625 0.186848 0.2355226921875 0.2044151265625 0.23359407812500002 0.20785094062499998 0.2335810484375 0.21487779218749997 0.23645442343749998 0.220264346875 0.26335728281250004 0.22486432656250002 0.2743052921875 0.23198509843749998 0.283767078125 0.23287709374999999 0.29274514375 0.17771258437499998 0.292279965625 0.17684054062500001 0.28266947343750004 0.176452484375 0.2797961015625 0.1710659296875 0.27980913125 0.16403907812500002 0.27118900468749996 0.1478794140625
0 0.5561166109375 0.921855090625 0.5543269859375 0.9149792640625 0.5495678953125 0.909962140625 0.5261379234375 0.910920384375 0.5242668625 0.9075224000000001 0.51840936875 0.9077619609375001 0.515971765625 0.9120257390625 0.51528474375 0.9162470656249999 0.5148698546875 0.93396554375 0.51283591875 0.9375232390624999 0.5119567109375 0.9750711703125001 0.551387259375 0.9732346625 0.5540826765625 0.9254127859375 0.5561166109375 0.921855090625
0 0.7220510515624999 0.1138095109375 0.7133538078125 0.1584529125 0.7104058390625 0.16503299531249999 0.7124758156250001 0.170734221875 0.7238916859375 0.1727773171875 0.72403736875 0.17317856250000002 0.737983284375 0.17449329375 0.746624878125 0.12139618125 0.7455727890625 0.11979611718750001 0.739864853125 0.118774565625 0.7352022375 0.11083241562499999 0.7256890109375 0.10912983437499998 0.7220510515624999 0.1138095109375
0 0.9066417484375 0.3227901625 0.8891554125000001 0.322694278125 0.8821179062500001 0.32788566406249997 0.8821062187500001 0.3279574765625 0.8806340359375 0.3593021828125 0.8785271937499999 0.3627815484375 0.878597109375 0.38198197968750003 0.8919902734375 0.3850954703125 0.9147541828125 0.387241503125 0.9168524265625001 0.3743491296875 0.9185331421875 0.338564496875 0.9209678218749999 0.32810509374999997 0.9182993078124999 0.3228540875 0.9087485953125001 0.3193107984375 0.9066417484375 0.3227901625
0 0.067838975 0.7822863671875 0.050463971875 0.7790108765625 0.0472310984375 0.7842658296875 0.0421117046875 0.8051945171874999 0.037731996875 0.84698355 0.0410793609375 0.853594415625 0.052283153125 0.8546506359375 0.062716878125 0.8536484390625001 0.0648721265625 0.8501451343750001 0.0658832453125 0.8327425328125001 0.0723489921875 0.8222326265625 0.07275343906250001 0.815271584375 0.0753615640625 0.811032140625 0.0777590578125 0.7963010796875001 0.0780750546875 0.7908623765625 0.0771996546875 0.789133503125 0.07571758125 0.7978461984375 0.07268693125 0.79962063125 0.072215978125 0.7909307203125 0.067838975 0.7822863671875
0 0.3003488390625 0.67404600625 0.2969764640625 0.6793918640625 0.2919428546875 0.71746999375 0.2896946046875 0.721033903125 0.2919528375 0.7294937328125 0.3133411671875 0.7317078359375 0.31444348125 0.7338841640625 0.31940595312500003 0.73435199375 0.3308509546875 0.7325338578125 0.332932934375 0.71974141875 0.33330687187499997 0.7151078421875 0.3338192390625 0.7142956421875 0.3360816015625 0.7003948531249999 0.33693781875 0.6822630859375 0.3310286734375 0.6826005359375 0.321737171875 0.676260109375 0.3099188796875 0.676935009375 0.3082277 0.6735960703125 0.3003488390625 0.67404600625
0 0.784873484375 0.2901751640625 0.7790453125 0.29139749843749996 0.7797022421875 0.3035289859375 0.7774859953125 0.30925205624999996 0.7728617984375 0.31197463281250004 0.7774322375 0.36009315000000003 0.785644215625 0.3703259046875 0.786677859375 0.37042335 0.7955736812499999 0.36855764375 0.7979216046875 0.3714833359375 0.79812820625 0.37150281406249996 0.8016561359375001 0.3701713109375 0.8077056593749999 0.333000828125 0.8058062843749999 0.31908726249999997 0.803398334375 0.3160867703125 0.8020844765625 0.2918237921875 0.787559521875 0.28677949687500004 0.7862367421875 0.2866547921875 0.784873484375 0.2901751640625
0 0.322499534375 0.6145703124999999 0.31893624374999996 0.6194093109375001 0.3125423015625 0.6364576671875 0.3097270359375 0.662588309375 0.330517484375 0.6678158 0.331642734375 0.67067156875 0.3367026640625 0.6711485859375 0.3382955984375 0.6711951796875 0.34019697031249996 0.6686130875 0.34388135000000003 0.671358571875 0.3536079015625 0.6716430859375 0.354463990625 0.67154575 0.358286475 0.6601743234375 0.36403046093749997 0.6248811734374999 0.3544981390625 0.6240960062500001 0.34911305625 0.63419745625 0.34625011875 0.6269316296875 0.3375794859375 0.6191874312500001 0.3232305984375 0.6146392328125 0.322499534375 0.6145703124999999
0 0.5892665359375 0.23677000312500002 0.579362525 0.276710703125 0.577537809375 0.2883401796875 0.5975921453125 0.2908325078125 0.60155088125 0.2860217125 0.612453046875 0.285609028125 0.6167888765625 0.26493675625 0.61942803125 0.2617295609375 0.623763859375 0.2410572890625 0.626128246875 0.2363784609375 0.6266755125000001 0.2330158609375 0.6253348328125 0.2288793734375 0.610002690625 0.22697391093750002 0.599948859375 0.21865405937500001 0.59407360625 0.22322667031250001 0.5919056921875 0.23356280468750001 0.5892665359375 0.23677000312500002
0 0.8066401671874999 0.1494062671875 0.8064339593750001 0.1506732859375 0.8057358796875 0.191949790625 0.8280298171875 0.194051515625 0.8415686234375 0.1922844546875 0.8448317734374999 0.1722344578125 0.8456929843750001 0.150545378125 0.8429446687500001 0.145587853125 0.82732770625 0.1433067140625 0.8254954953125001 0.140001696875 0.8086883484375 0.14297061875 0.8066401671874999 0.1494062671875
0 0.3677998796875 0.2078884625 0.3621233546875 0.242767103125 0.3620453953125 0.2515899828125 0.38475931874999997 0.2604567984375 0.3986193125 0.2619918265625 0.4034407171875 0.2726228640625 0.40894417812499995 0.27314169375 0.411411675 0.2722025734375 0.41861191093750005 0.24140569687500002 0.41966893125000004 0.23491098125 0.4198017515625 0.21987948125 0.4070093828125 0.20966873437500003 0.3990721390625 0.210743878125 0.3832882109375 0.20264457500000002 0.36942821875 0.2011095484375 0.3677998796875 0.2078884625
0 0.30387614531249996 0 0.3031346578125 0.0412468953125 0.305737415625 0.04519018125 0.3070651859375 0.04531535625 0.3100477734375 0.042178900000000005 0.3141274421875 0.045179215625000005 0.3177281078125 0.043451009375 0.3192793671875 0.0339195078125 0.320676259375 0 0.30387614531249996 0
0 0.40047454531250004 0.683846121875 0.3962756703125 0.6926872921875 0.39719169375 0.7068155046875 0.39551214375 0.710351971875 0.3964281640625 0.7244801843750001 0.3996345015625 0.7297716421875 0.4064289453125 0.7315222218749999 0.4049018859375 0.7668515796875 0.4102457828125 0.775670678125 0.41115742656250004 0.7762093953125 0.41605538593749997 0.77667114375 0.4252482609375 0.72018678125 0.4251329859375 0.69615313125 0.4219266453125 0.6908616734375 0.41429243125 0.6908793296875 0.4121548703125 0.6873516921875 0.40047454531250004 0.683846121875
0 0.1357752609375 0.8023334234374999 0.1376085921875 0.8081827265625 0.1451312796875 0.8100872906250001 0.1454971953125 0.8112547609374999 0.154822478125 0.8121338874999999 0.15580420156250002 0.8109943656249999 0.16107181875 0.783607203125 0.16137818125 0.782829065625 0.164750571875 0.762107865625 0.1606500796875 0.7601647828125 0.15942785937499998 0.7562652437499999 0.1481438265625 0.7534084015625 0.13916220625 0.7744701203125001 0.139725975 0.78179305 0.1357752609375 0.8023334234374999
0 0.64797735 0.32223789062499997 0.647968646875 0.33283111249999997 0.6454037578125 0.3360592828125 0.6423389687500001 0.3469282796875 0.640403971875 0.3588176109375 0.6415390140625 0.36208798125 0.665874978125 0.3684966453125 0.6658843453125 0.3685236328125 0.67563325625 0.36944269687500003 0.6767648671875001 0.36801845 0.6786950625 0.35765240781249996 0.6857419734375 0.35671985624999997 0.6889268984375 0.350835015625 0.694693775 0.3154012234375 0.685776796875 0.31434696875 0.6819251125 0.32448583593749997 0.6671965953125001 0.3192130640625 0.6659185046875 0.31553053593749997 0.65438956875 0.3141674671875 0.64797735 0.32223789062499997
0 0.5810141453125001 0.022490321875 0.575070415625 0.0219299859375 0.5710005390624999 0.026667237500000003 0.5656966375 0.0473319953125 0.5677676265625 0.0545821578125 0.5571598234375 0.095911675 0.5543563640625 0.099174846875 0.5517044140625 0.10950722500000001 0.5532576546875 0.11494484687499999 0.5628550406249999 0.1158496265625 0.563890534375 0.11947471093749999 0.5719195015625 0.1208862578125 0.5864039937500001 0.12225176093750001 0.5897277234375 0.11838300625 0.59460216875 0.1223700015625 0.5988073625 0.1174752453125 0.6067632125 0.08647810624999999 0.6109684046875 0.08158335156249999 0.6139233749999999 0.0853893890625 0.6287614453125 0.0850244984375 0.632448890625 0.0783171984375 0.6341247765625 0.0717877078125 0.6404371078125 0.033002432812499996 0.6146307703125 0.0290166765625 0.611827309375 0.0322798484375 0.6041494000000001 0.031556025 0.6031139078125001 0.027930942187500002 0.58199965625 0.0259404296875 0.5810141453125001 0.022490321875
0 0.342866865625 0 0.32663798437499997 0.0362732671875 0.32466477031249996 0.0380809921875 0.323991940625 0.04221510625 0.3243841421875 0.044889496875000004 0.3298823421875 0.046403832812500004 0.331011646875 0.05410446249999999 0.340175315625 0.05662835468750001 0.34073996875 0.0604786703125 0.34990363750000003 0.0630025671875 0.35248535312499996 0.0701544015625 0.35565463125 0.07045318125 0.3562488171875 0.07029237187500001 0.3707623828125 0.0373417875 0.3738632 0.034501029687500004 0.38231984375 0.0121901796875 0.3833692046875 0.0057425171875 0.38153013593749996 0 0.342866865625 0
0 0.28412875937500004 0.8247137171875 0.2853341859375 0.83052298125 0.29541924062499997 0.83693081875 0.295988440625 0.839673953125 0.3094339421875 0.8409415062500001 0.3360611953125 0.7774916843749999 0.3387321828125 0.7610801656249999 0.33182103125 0.7591925546875 0.3310174125 0.7553197109374999 0.3170692671875 0.7515101203125 0.31608170625 0.75141701875 0.30468404531250004 0.7718742078124999 0.28412875937500004 0.8247137171875
0 0.45111950624999997 0.07220823750000001 0.44661069218750005 0.086409115625 0.44623606093749996 0.0965578875 0.4422267515625 0.097227071875 0.44172724687500003 0.1107587671875 0.44446337968750005 0.11519579843750001 0.4451747359375 0.1152628609375 0.473551978125 0.11217112656249999 0.47430998750000003 0.11084786875 0.47667547031249996 0.096313490625 0.47930955781250006 0.0641410078125 0.481439090625 0.060423492187500004 0.48419300468750004 0.0397913578125 0.47761378125 0.029122203125000003 0.47159981406249996 0.0301259796875 0.46202105937500004 0.0251345921875 0.4617965328125 0.025113423437499997 0.4585071171875 0.033992296875 0.45343304218749997 0.0365202421875 0.45074447187500005 0.042775350000000004 0.449188303125 0.052337015625000004 0.4516190171875 0.0586765421875 0.45111950624999997 0.07220823750000001
0 0.3402156328125 0.46533511406250005 0.33228702499999996 0.48317436718750006 0.3299358328125 0.49762095000000006 0.3372125328125 0.5004143328125 0.34793011093750004 0.501424715625 0.353399278125 0.49294044374999996 0.3718228640625 0.49800000000000005 0.3764333578125 0.49373120156250005 0.38761631093750004 0.4607182671875 0.3880308 0.45817148906250005 0.3810714328125 0.4562602828125 0.3804603796875 0.45240250625 0.358352078125 0.44633103749999997 0.3500476734375 0.460655296875 0.34543718125 0.4649240921875 0.3402156328125 0.46533511406250005
0 0.9325463296875001 0.2479039921875 0.9351407406250001 0.24810227343750002 0.9352403499999999 0.24843552343750003 0.967289759375 0.25145693125 0.9722018468750001 0.24568679843750002 0.9796661296875 0.22893459218749998 0.9809767703125001 0.2208815375 0.9802978390625 0.2095698734375 0.9678348046874999 0.21211599374999998 0.9607575296875 0.20107918906250002 0.9452909593750001 0.199897121875 0.939193834375 0.2070592921875 0.9325463296875001 0.2479039921875
0 0.4644865453125 0.4898174125 0.4605892984375 0.49421732656249995 0.44744544218750004 0.5343407734375 0.44199742343750004 0.5678153859374999 0.4533479140625 0.5699884875000001 0.453773846875 0.571493046875 0.46852381875000004 0.572883578125 0.46987485468749995 0.5713582859375 0.47562768125000005 0.5473386265625 0.47697389218749997 0.54581878125 0.4833999984375 0.51682418125 0.48605142343749996 0.50053285625 0.48280424687499995 0.49667611718750004 0.48008641093750004 0.4997445 0.47901224062500003 0.49595012031249996 0.46763622343750005 0.4937721296875 0.4648565578125 0.48988140625 0.4644865453125 0.4898174125
0 0.1910983390625 0.15897529531250001 0.1941539140625 0.15736824062500002 0.19939351875 0.176867190625 0.203156275 0.17941941875 0.20544297656250002 0.17963499375 0.20901644375 0.1726150203125 0.2158086703125 0.1308811046875 0.210586865625 0.1231325875 0.1933874484375 0.118825675 0.187255278125 0.134290909375 0.1821941 0.1725602765625 0.1849661640625 0.17444052968749998 0.1910983390625 0.15897529531250001
0 0.074529634375 0.10439322499999999 0.0729835609375 0.10807469375 0.07635289375 0.1394423515625 0.0795665375 0.14404841875000002 0.08135331875 0.144216865625 0.08555644531249999 0.1437875171875 0.086173015625 0.144671234375 0.0948660546875 0.1454907578125 0.1020674046875 0.143862696875 0.10465023749999999 0.140378934375 0.10943186875 0.11099883749999999 0.10872325000000001 0.09737682343750001 0.10298621562500002 0.089154015625 0.0968505125 0.086257240625 0.0753512640625 0.08492984218750001 0.073032153125 0.09045204531249999 0.074529634375 0.10439322499999999
0 0.6409102640625 0.1049091875 0.640813275 0.10550512812499999 0.6416680109375 0.11620839218750001 0.637797321875 0.1370405140625 0.6532826546875 0.1422970828125 0.6508682421875001 0.1544142953125 0.6522482765625 0.1601451796875 0.6578827734375 0.16140003125 0.6580793890625001 0.162216521875 0.669013659375 0.16324733281249998 0.671528059375 0.1590154234375 0.6763187703125 0.14200389375 0.6791550765625 0.1390198734375 0.6875222375 0.10930858750000001 0.688252015625 0.10482455156249999 0.6751293296875 0.10015853125 0.6809163 0.07252180312499999 0.6574582921875 0.0636818015625 0.652245690625 0.0715601375 0.645538696875 0.0953762765625 0.6409102640625 0.1049091875
0 0.816603659375 0.9518283796875 0.8013299265624999 0.9430660953125001 0.7986446546875 0.9346032953125001 0.7896415703125 0.9314743484375001 0.7891992421875 0.9275558437500001 0.77861670625 0.9257603609375 0.7632331984375 0.958061715625 0.7638290234375 0.9633400296874999 0.814931621875 0.9609598874999999 0.815266996875 0.96004133125 0.816603659375 0.9518283796875
0 0.3741640390625 0.3428003421875 0.37105452968749997 0.36190630625 0.40003654062500005 0.3766689125 0.40194820625 0.3768491328125 0.41307484062500005 0.36196469531250003 0.41626990781249995 0.3553535375 0.41598977656249997 0.34959359375 0.41232782187500006 0.34660484999999996 0.43884863906250005 0.2998710390625 0.4392112484375 0.29764303124999997 0.4253049640625 0.2880549171875 0.425118209375 0.2842149578125 0.4174822234375 0.28192803125 0.41398801875 0.2815986203125 0.386414015625 0.31992369374999996 0.3741640390625 0.3428003421875
0 0.191837396875 0 0.20067916718749998 0.00815430625 0.2082508609375 0.0093283421875 0.2081243125 0.015430725000000001 0.2180655875 0.0163679234375 0.2190243609375 0.016359709375 0.22193762343749998 0.013237510937499999 0.22659522499999998 0 0.191837396875 0
0 0.8837297984375001 0.16875861875 0.871891884375 0.2124184046875 0.8935547515625 0.21446063906249999 0.8964713062499999 0.20707285 0.9001941999999999 0.20817826093749997 0.904354546875 0.20396129531249999 0.9131790390625 0.1756268796875 0.9176843937499999 0.1479443328125 0.9128894421875 0.1465206046875 0.9119401140625 0.14260388906250002 0.8970485421875001 0.13818225312500002 0.8901518359375 0.15249125624999998 0.8865033640625001 0.16594731093749998 0.8837297984375001 0.16875861875
0 0.356560153125 0.900193334375 0.3455825375 0.93066055 0.34111325937500003 0.9581214265625 0.3425191484375 0.9594967609375 0.3646919796875 0.9615870703124999 0.38832719843749997 0.8989360859375 0.3905011328125 0.8855786421875 0.3890955640625 0.8828319484374999 0.381255159375 0.888577315625 0.3778090140625 0.8807342703125001 0.3665224671875 0.8786365921874999 0.3595398125 0.8971458453125001 0.356560153125 0.900193334375
0 0.7030274828125 0.3740528640625 0.7240740515625 0.38495195781249997 0.7249048499999999 0.388916553125 0.73041824375 0.390807778125 0.7332630421874999 0.3881039984375 0.734491721875 0.3939673015625 0.74580211875 0.395033571875 0.7514018265625 0.385127003125 0.7566265890625 0.3678277953125 0.7572317203125001 0.36410964687499997 0.75619764375 0.3591749859375 0.7204486906249999 0.3432326265625 0.7137520890625 0.3519743734375 0.70865409375 0.3520654453125 0.7017812890624999 0.368105971875 0.7030274828125 0.3740528640625
0 0.25025158593749997 0.8639973203125001 0.24751118125 0.8692302359375 0.24614436093749997 0.8903181281249999 0.24431742500000003 0.8938067390625 0.24532967343749998 0.9325251625 0.247469771875 0.9363042671875 0.28150599375 0.939512978125 0.288505259375 0.896506946875 0.2878092953125 0.8698864265624999 0.27529005781250004 0.8679233921874999 0.27327907812499996 0.864372290625 0.27145214375000004 0.867860896875 0.25025158593749997 0.8639973203125001
0 0.4357412625 0.6836479328125 0.43748699843749994 0.6780402624999999 0.44335088125000005 0.6720157234374999 0.4466623453125 0.665582275 0.4473762 0.6611960875 0.4369786140625 0.650847509375 0.429479296875 0.64931393125 0.41961868906250005 0.677805471875 0.41958481093750005 0.67801363125 0.42414765 0.6825549625 0.4357412625 0.6836479328125
0 0.8480258609375 0.40276601406249996 0.8501521015625 0.38970161875 0.8384737281250001 0.38637555 0.8317491578125 0.38574160156250004 0.824617040625 0.39180145 0.8196931203125001 0.40268889531249996 0.8178183015625 0.4142084625 0.8371956125000001 0.41788141406249996 0.8372385140624999 0.417885459375 0.8480258609375 0.40276601406249996
0 0.1907504984375 0.775540578125 0.1806757203125 0.776087340625 0.175820440625 0.7932577078125 0.176545540625 0.7952059828125 0.1873836484375 0.796227728125 0.1907504984375 0.775540578125
0 0.332223825 0.53480285625 0.3306824671875 0.5419136453125 0.32487956875 0.5423283578125 0.3222728265625 0.547765125 0.3215173578125 0.5688210171875 0.32471351249999997 0.573843075 0.33825360937500004 0.572875415625 0.3403843828125 0.5762234515625 0.351990178125 0.57539403125 0.353558684375 0.5778585953125 0.35567274531250004 0.5780578953125 0.357703659375 0.5771624828124999 0.36002532187499997 0.56289734375 0.359417459375 0.552111171875 0.36115528750000003 0.5484866578125 0.359304015625 0.5328675359374999 0.34576391875 0.5338351953125 0.3440260921875 0.537459709375 0.332223825 0.53480285625
0 0.603487165625 0.291688715625 0.5938176937499999 0.29169884218750003 0.58891674375 0.300473821875 0.5874310078125 0.3082413328125 0.5868995640625 0.3115067265625 0.5868239359375 0.32152364843750003 0.582823715625 0.33906753749999996 0.5826383125000001 0.36362330468750004 0.5874598062499999 0.365372225 0.5923735375 0.380569328125 0.6007680515625 0.3813607078125 0.6018448281250001 0.3811428890625 0.6043705078125 0.3700659421875 0.6058655796875 0.360879671875 0.605977478125 0.3460591671875 0.60793785625 0.3425491734375 0.6080702875 0.325009340625 0.6100306671875 0.321499346875 0.6121234765625 0.30044951875 0.603487165625 0.291688715625
0 0.1674307140625 0.226653615625 0.17068511718749999 0.22532949218749998 0.1745432515625 0.2016237 0.1724321640625 0.175850146875 0.1651994765625 0.171680840625 0.1535254109375 0.1733826453125 0.152466565625 0.2205499578125 0.163856778125 0.2263166875 0.1674307140625 0.226653615625
0 0.426103028125 0.2212922453125 0.4270717109375 0.2305954421875 0.44015643437499996 0.23447556406249997 0.4403027265625 0.23498370937500002 0.455440421875 0.23641079375000001 0.45895663437499995 0.2148059046875 0.44342571093750005 0.21020038749999997 0.4422905375 0.2062573890625 0.431642646875 0.20490306875000003 0.42870634843750005 0.2184578546875 0.426103028125 0.2212922453125
0 0.5394714890625 0.285421075 0.542014775 0.26459750937500004 0.5437353609375 0.26155887187500004 0.5441369984375 0.2590910703125 0.5446524375 0.240340875 0.5418284390625 0.235528996875 0.53787435625 0.23597929374999999 0.5331676921875 0.2279594953125 0.533356440625 0.22109335625 0.5307350328125 0.21662667500000002 0.528965828125 0.21645988593749999 0.516693159375 0.21785752343749998 0.5134916609375 0.22677792187499998 0.5119816687500001 0.2817070296875 0.5136096859375 0.2877528265625 0.516556740625 0.2880306546875 0.5394714890625 0.285421075
5 0.5348919859375 0.276264065625 0.5299085781249999 0.2819457640625 0.5284100234375 0.28911340625 0.5234266171875 0.294795103125 0.5219280625 0.301962746875 0.51694465625 0.30764444687500003 0.517066590625 0.3115997546875 0.5073436499999999 0.330873765625 0.5039807359374999 0.33334312499999996 0.484656784375 0.3758464578125 0.466221715625 0.391405603125 0.46310267187500004 0.40178558124999997 0.4355543375 0.45639527968750004 0.43219142499999996 0.458864640625 0.42408897031250004 0.474926315625 0.42072605625000004 0.47739567968749996 0.412623603125 0.49345735625 0.4092606859375 0.49592671875 0.378471371875 0.5569610859374999 0.375108459375 0.5594304484375 0.3620226015625 0.5811738203125 0.3552967703125 0.5861125453125 0.348692875 0.595006578125 0.30793674531250004 0.667404340625 0.2963494453125 0.68198006875 0.28500601406250003 0.7044664171874999 0.281643096875 0.706935778125 0.2590781671875 0.7558637796875 0.25571525156249997 0.758333140625 0.24424988593750002 0.7768641796875 0.235903565625 0.7850152390625 0.234405009375 0.79218288125 0.2259977203125 0.7983562875 0.224194328125 0.795635659375 0.22357426406249997 0.79663784375 0.2140322296875 0.8552675828125 0.22067414218749998 0.848781059375 0.2239151234375 0.8423563890624999 0.23562435937499998 0.8317359671875 0.2421063203125 0.818886628125 0.24198438437499997 0.81493131875 0.24684585625 0.8052943125 0.255192175 0.7971432546874999 0.2728956359375 0.7578522578125 0.2862253609375 0.744019503125 0.29756879375 0.72153315625 0.3059151140625 0.713382096875 0.3481697953125 0.6338166875 0.3515327125 0.6313473265625 0.3628761453125 0.60886098125 0.366239059375 0.6063916171875 0.3743415125 0.59032994375 0.3777044265625 0.5878605828125 0.3858068796875 0.5717989046875 0.38916979218750003 0.5693295421875 0.3939093296875 0.5557372296875001 0.39727224375 0.5532678671875 0.4250644515625 0.5065687859375 0.43341076875000006 0.4984177265625 0.43328883749999997 0.49446241718749995 0.43815030468750005 0.48482541250000005 0.4415132234375 0.48235605000000004 0.4674410671875 0.4309586875 0.4708039796875 0.428489325 0.48052692500000005 0.4092153140625 0.48388983906250005 0.4067459515625 0.5033357234375 0.36819792812499996 0.5149230234375 0.3536221984375 0.5262664578125 0.331135853125 0.53623326875 0.3197724609375 0.5574215765625 0.28196740937500003 0.5607844921875 0.2794980484375 0.577539096875 0.24628500937500003 0.57977865625 0.23252433906249997 0.5799255390625 0.2310617546875 0.5659861375 0.22511796875 0.557578846875 0.23129137187499998 0.5397534578125 0.26662705937500003 0.5363905390625 0.269096421875 0.5348919859375 0.276264065625
5 0.5278528484375 0 0.516835621875 0.0342881140625 0.5139489 0.037446853125 0.5041336000000001 0.07163516875 0.5012468765625 0.0747939109375 0.49960193750000004 0.08052350781249999 0.48788815156250004 0.15249727500000002 0.48838333125 0.15254395781250002 0.49974454843749994 0.14209251875 0.501707609375 0.13525485625 0.5113493078125 0.1223597984375 0.5114071734375 0.115262046875 0.543675059375 0 0.5278528484375 0