5 0.0229021078125 0.583946240625 0.041044475000000004 0.5809374015625 0.21899720781249998 0.524997428125 0.6086860484375001 0.4008448875 0.8406793968749999 0.32553046874999997 0.8406485968749999 0.32538425000000004 0.4566987734375 0.38906078593750004 0.00929636875 0.53258861875 0.0093380671875 0.53497748125 0.009397496875 0.5352244578125 0.0229021078125 0.583946240625
5 0.7568978015625001 0.3696275453125 0.7840197734375 0.35695757499999997 0.772865690625 0.3040052765625 0.6585984984375 0.019163259374999998 0.5879356875 0.01710718125 0.7402813 0.37238332500000004 0.7568978015625001 0.3696275453125
0 0.120226040625 0.280313525 0.11986373125000001 0.2664168859375 0.1118171640625 0.24708563749999998 0.10657354999999999 0.2479552703125 0.10318449375000001 0.250951415625 0.08413119999999999 0.25459432187500003 0.0837711671875 0.2775073953125 0.0655437296875 0.276104334375 0.059348665625 0.295544240625 0.06096829687500001 0.3576667375 0.07333277656250001 0.41636520312499997 0.094264784375 0.41726481406250004 0.10736020937499999 0.4150929921875 0.12457145781250001 0.4102634703125 0.149547521875 0.40809639531249997 0.1638371984375 0.405726509375 0.1655696796875 0.40372162500000003 0.162445640625 0.3501474890625 0.16053190312500001 0.3410623171875 0.1570454953125 0.333826003125 0.145582465625 0.3348206046875 0.1396956734375 0.3293622046875 0.1271997546875 0.32746183906250004 0.12415056718749999 0.28395245625 0.120226040625 0.280313525
0 0.1265811890625 0.287389759375 0.1474387421875 0.283930615625 0.1640389015625 0.2789284328125 0.17215845624999998 0.2757022234375 0.17309190937500002 0.2730147796875 0.1642283625 0.2309364578125 0.16173616875000002 0.222327946875 0.156250078125 0.22075166875000002 0.1101662140625 0.23530643593749997 0.10819111562499999 0.23890830156249998 0.12377053125 0.285773071875 0.1265811890625 0.287389759375
0 0.29480322812500004 0.3742193796875 0.2981527546875 0.37125890625 0.2984032296875 0.3579870515625 0.3331593390625 0.34337374062500003 0.3324009671875 0.33836714843750004 0.3301424609375 0.3276452359375 0.32181466875 0.293604184375 0.2738965390625 0.30588369375 0.26302605 0.26726154375 0.24726794375 0.267571428125 0.243727940625 0.250273428125 0.24185814843750003 0.2491153046875 0.232612578125 0.250648646875 0.193938378125 0.263072175 0.22477365468750002 0.3895871015625 0.2263582578125 0.390568584375 0.24183193125 0.3880023375 0.24443532499999998 0.387426484375 0.29480322812500004 0.3742193796875
0 0.2579264703125 0.1623328890625 0.28968924218750003 0.21085200781250002 0.2954388328125 0.2098984625 0.3118945421875 0.2028279015625 0.317303846875 0.19910365000000002 0.3138241421875 0.1825842875 0.2994298625 0.1580573234375 0.28870145156250004 0.14589879375 0.2845201953125 0.1445678171875 0.2715249328125 0.1467230296875 0.2649283609375 0.1485320515625 0.2579264703125 0.1623328890625
0 0.442274884375 0.221879778125 0.44904799687499997 0.2322533859375 0.383136265625 0.2566552078125 0.39542494375000004 0.29919151093749996 0.3617598328125 0.31126576250000004 0.3707657359375 0.35401990625 0.3755145703125 0.3567817890625 0.39575746562499997 0.3572946703125 0.40321956718749996 0.36283319999999997 0.42446218125 0.3593101984375 0.4869919234375 0.3411859328125 0.4905670984375 0.3387671625 0.49040547187500005 0.337444353125 0.4867095328125 0.31989845625 0.45960136562500004 0.23034812031250002 0.45045078437499997 0.21859179375 0.4450116546875 0.217037040625 0.4293440484375 0.22240232343750002 0.43528772031249996 0.2258591203125 0.442274884375 0.221879778125
0 0.5666187671875 0.33339161875 0.5817610796875 0.32277671093750004 0.6103847171875 0.3111464 0.613779371875 0.3007092703125 0.6336983453125 0.2888861328125 0.6340863406249999 0.28320055 0.6181926718749999 0.2556916265625 0.6305627390625 0.244284303125 0.629955678125 0.241402375 0.6293706484375 0.2392947203125 0.61935665625 0.23863487656250001 0.58903569375 0.255483753125 0.58429536875 0.261072921875 0.5865260390625 0.2676925421875 0.5755543734375 0.2564991546875 0.5872293578125001 0.2475594921875 0.5858110171875001 0.23394965 0.5700263546875 0.2195835484375 0.551271365625 0.214349934375 0.5382507140625 0.2184416375 0.5132269265625 0.21528435156249998 0.5118855234375 0.21550681875 0.49561241875000006 0.2192491671875 0.4882897640625 0.22828524374999998 0.5404321171875 0.324051259375 0.5524347890625 0.33968280625 0.55420540625 0.3393891578125 0.5666187671875 0.33339161875
0 0.78284845 0.1847755796875 0.7733955578125 0.18860222499999998 0.78318393125 0.26009817343749997 0.7985247171875 0.2649848578125 0.81718208125 0.2640902234375 0.823566821875 0.2592862359375 0.85213449375 0.26284081875 0.856487534375 0.2621188859375 0.86341678125 0.253226740625 0.8576705484374999 0.2259473796875 0.855987365625 0.221748990625 0.8541919453125001 0.20943324843750002 0.8444774875000001 0.1633153484375 0.8424228156250001 0.16086090625 0.8110332234375001 0.1626727328125 0.8081389828125 0.1723182953125 0.7883885078125 0.17224311406249998 0.7837676453125 0.1751224984375 0.78284845 0.1847755796875
0 0.12055392499999999 0.6543011609375 0.1217040375 0.676927896875 0.1483202234375 0.7604873015625 0.157047290625 0.7596465359375 0.1988272640625 0.7527174953125 0.1990001390625 0.7417284828125 0.1927889484375 0.718797475 0.20782269375 0.711806140625 0.21343594062500001 0.7031205703125 0.2256630625 0.70047201875 0.2189342734375 0.6756300953125 0.2292060015625 0.66708204375 0.2249627453125 0.6469378390625 0.22391500625 0.646228703125 0.1912595171875 0.6506567875 0.1761108578125 0.6388432234375 0.16702390312499998 0.6420565171875 0.162813965625 0.6485706953125 0.12055392499999999 0.6543011609375
0 0.6248666609375 0.6213991703125 0.6313356234375 0.6153192953125 0.6549472765625 0.612902234375 0.6713384390625 0.5955195125 0.6738450921875 0.584945103125 0.66521084375 0.5439553312500001 0.6643000531250001 0.542811309375 0.664224709375 0.539273821875 0.6606354921875 0.522234559375 0.6371692046875 0.5188742703125 0.6331375875 0.5147536328125 0.6173827203125 0.5157187953125 0.6038496203125 0.509947365625 0.599991059375 0.51058729375 0.59087121875 0.520861284375 0.589227021875 0.5362486828125 0.5984050843750001 0.5968331109375 0.605625578125 0.61179876875 0.61956646875 0.6222781859375 0.6248666609375 0.6213991703125
0 0.861618678125 0.5375902234375001 0.8641144265625 0.5494384140624999 0.8693107937500001 0.5561393015625 0.8775431953125 0.56108041875 0.8969330828125001 0.5606709249999999 0.9018739015625 0.5719769125 0.9095565578125001 0.5710277453125 0.9217394015625 0.5769530765625001 0.9346966812499999 0.5748041640625 0.9367648109375001 0.560715003125 0.9426859593750001 0.5492653796875 0.937020815625 0.5050173421874999 0.936944953125 0.5046571921874999 0.9342399640625001 0.5024379062500001 0.90561325625 0.5079607203125 0.9023216765625 0.51432559375 0.8660123171875 0.5207975796875 0.8616687765625001 0.5262993828125 0.861618678125 0.5375902234375001
0 0.91697099375 0.234760084375 0.9219372187499999 0.239750878125 0.9361751234375 0.239324903125 0.9450284140624999 0.23785661875000003 0.9501414703125001 0.2353562078125 0.9495799890625 0.2041481359375 0.9366109140625 0.142579446875 0.9198927609374999 0.1417374171875 0.917987559375 0.14205338750000002 0.915383128125 0.1465037828125 0.91697099375 0.234760084375