2 0.45953123749999997 1 0.45056054218749997 0.98409665 0.43366918125 0.9616351890624999 0.4208111984375 0.9307330328125 0.39174531562500003 0.9024354578124999 0.3690259 0.8680828421875001 0.38704475 0.866505984375 0.4221525578125 0.8917945859374999 0.45980360937500003 0.8852645921875 0.4546915703125 0.8598312484375 0.410833540625 0.8263579796875 0.3770345421875 0.8007391687500001 0.327439121875 0.7672288109375 0.2778274234375 0.75302256875 0.24742017968750002 0.763663440625 0.2198281609375 0.7780478890625 0.18477846250000002 0.8032215828125 0.17630023125 0.8305990875000001 0.1691308140625 0.8576463859375 0.18261414843749998 0.8631522859375 0.22476816406250003 0.8881477703125 0.23199569531250003 0.911562771875 0.21546698125 0.9365175359375 0.17603753125 0.90341156875 0.159006684375 0.9270084031250001 0.15988774687500001 0.95647844375 0.1511049796875 0.9869020140625 0.1434261890625 0.9902634359375 0.1453484890625 1 0.45953123749999997 1
2 1 0.46594543125000004 0.99902525625 0.4660204125 0.9930897828124999 0.4680883953125 0.9814899031250001 0.48799325 0.9548576796875 0.51681453125 0.9437100640624999 0.5466385140625001 0.9405327874999999 0.566963584375 0.9209006703125 0.573579146875 0.8802758328125 0.58697254375 0.8816945328125 0.639518140625 0.8835208343750001 0.6622854140625 0.8932605046875001 0.7116174484375 0.8948369078124999 0.7177352906250001 0.906885259375 0.7376692265625 0.921005465625 0.7687538593750001 0.919316384375 0.8045734109374999 0.9211911531249999 0.8371184734374999 0.9347585281249999 0.8442758640625 0.9399360218749999 0.8438775890624999 0.9753563359375 0.829233834375 0.998876978125 0.8136061671875 1 0.8133634453124999 1 0.46594543125000004
2 0.094975128125 0.5497117499999999 0.048688715625000004 0.5723454 0.058798984374999995 0.623554534375 0.094404034375 0.7173270859375 0.09698173125000001 0.7171287984375 0.10292752187500001 0.709026303125 0.13827288124999998 0.671431728125 0.16921621250000002 0.6491489453125 0.1611204125 0.6355143875 0.1719399046875 0.61019881875 0.190082375 0.6003260625 0.20701273125 0.6333844484375 0.229958890625 0.632319478125 0.2361755265625 0.6102559125 0.2601294 0.611844953125 0.2912430640625 0.5515745453124999 0.3041120578125 0.5239694687500001 0.3018957953125 0.5066016546875 0.3068698140625 0.47742181562499997 0.31720418437500003 0.44834794687499996 0.31657948125 0.445183784375 0.2778645203125 0.4481619140625 0.252108875 0.467725453125 0.20917157187500002 0.493012475 0.176212809375 0.5099872328124999 0.1220543546875 0.536470246875 0.094975128125 0.5497117499999999
2 0.052417828124999996 0.4107335515625 0.0501627375 0.3993113765625 0.0377636828125 0.38536641718750003 0.02863488125 0.3778911796875 0.032519543750000005 0.429156615625 0.054652626562499994 0.4274540390625 0.052417828124999996 0.4107335515625
2 0.0377236671875 0.170401015625 0.0306254234375 0.134447975 0.0302555640625 0.13320581250000002 0.0170487234375 0.11501167812499999 0.0089915453125 0.11866036718749999 0.0135527 0.17885339375 0.0299760015625 0.17759003906249998 0.0377236671875 0.170401015625
2 0.0245797796875 0.0757850265625 0.0316457171875 0.060613112499999997 0.0310712171875 0.057703234375 0.0124445015625 0.0570160484375 0.004367498437500001 0.057637368749999994 0.0075882828125 0.1001416875 0.0138725203125 0.09965827656250001 0.0245797796875 0.0757850265625
2 0.23526466093749998 0.37569535468750004 0.24570140468749999 0.393756778125 0.281958171875 0.39096774375 0.284471471875 0.3852582703125 0.280713465625 0.3662237359375 0.27441530468750003 0.3549585734375 0.2483001078125 0.3403253796875 0.23127693124999998 0.3338243140625 0.205081978125 0.340187165625 0.2194821125 0.3579614328125 0.23526466093749998 0.37569535468750004
2 1 0.8917418781249999 0.97192784375 0.8556268203125 0.9429892515624999 0.857016971875 0.9494101687500001 0.8987215640624999 0.9739822671875 0.9154034046874999 0.9751629156250001 0.9459867734375 0.986398928125 0.97796029375 1 0.9847550281249999 1 0.8917418781249999
2 0.0570795453125 0.1816497046875 0.08694258437499999 0.2123100375 0.11308728906250001 0.243581225 0.13135495625 0.2663795390625 0.1483841640625 0.265069575 0.1482027828125 0.263868521875 0.13968351406249999 0.2207179046875 0.1228250578125 0.1939551515625 0.09918478124999999 0.1600778546875 0.08168370781249999 0.16048869999999998 0.0671811671875 0.1610859515625 0.056899042187500005 0.18073545 0.0570795453125 0.1816497046875
2 0.8092725125 1 0.8187989546875001 0.9880831109375 0.83665000625 0.90409236875 0.8432358750000001 0.8611534671875001 0.8426319531249999 0.858094559375 0.8231230546875 0.838196084375 0.7909084234375 0.836673875 0.76823365 0.844786778125 0.75567225625 0.9720395953125 0.76119250625 1 0.8092725125 1
2 0.933221009375 0.23964900781249998 0.9276552484374999 0.33469503437500003 0.9221731921874999 0.44810736249999994 0.9021653609375001 0.49180132343749994 0.8771159046875001 0.514624125 0.822321153125 0.49980628125 0.7643657484374999 0.461168871875 0.718550721875 0.40761196093749996 0.671621228125 0.386631153125 0.628966859375 0.35689381249999996 0.6086242015625001 0.3271225859375 0.5922087 0.35079862031250003 0.5943385937500001 0.42556059062499996 0.6406689984375 0.45364629843750004 0.6564810375000001 0.48229816562499994 0.687594109375 0.5198500984375001 0.7022938703125 0.55846656875 0.6939132296875 0.590100734375 0.6669828125 0.6158719546875 0.6368895453125 0.6404350984375 0.6353477875 0.6716257078125001 0.673299740625 0.708734084375 0.718180853125 0.6959307140625001 0.7528047390625 0.6724869296875 0.79503400625 0.6782272781249999 0.824266115625 0.7187276296875 0.85050498125 0.772141003125 0.8708481593749999 0.7906059578125 0.9272677546875 0.7862659078124999 0.9296642046875 0.77548614375 0.918213184375 0.7338325453125 0.8785542468750001 0.6685706875 0.8552205374999999 0.6291009859375001 0.88573890625 0.6285348359375 0.9176272390625 0.605268471875 0.9296002078125 0.5536163828125 0.9455906093750001 0.505943359375 0.9650874437500001 0.44249760625 0.9884299125 0.3915213203125 0.999089453125 0.3707174421875 0.9654310953125 0.20023578749999998 0.916847240625 0.042702846875 0.8873992124999999 0.041331282812499995 0.9095546640625001 0.1041026265625 0.933221009375 0.23964900781249998