2 0.36272321406249997 1 0.31529017812500004 0.986328125 0.31110491093750003 0.9626116078125 0.302734375 0.9375 0.30133928593750003 0.9054129468750001 0.283203125 0.8719308031249999 0.2734375 0.8342633921875 0.29157366093750003 0.8370535718750001 0.3166852671875 0.869140625 0.3557477671875 0.8719308031249999 0.35993303593750003 0.8468191968750001 0.32924107187499996 0.8049665171875 0.30552455312500004 0.7728794640625 0.2692522328125 0.7296316968750001 0.2260044640625 0.7045200890625 0.192522321875 0.7073102671875 0.1604352671875 0.7142857140625 0.1171875 0.7296316968750001 0.0990513390625 0.7533482140625 0.0823102671875 0.7770647328125 0.0934709828125 0.7854352671875 0.12555803593749998 0.8189174109374999 0.124162946875 0.8426339281249999 0.0990513390625 0.8621651781249999 0.0725446421875 0.8217075890625001 0.0474330359375 0.83984375 0.0376674109375 0.8677455359374999 0.0181361609375 0.8942522328125 0 0.8970424109374999 0 0.9263392859374999 0.016741071875 0.9319196421875 0.036272321875 0.9528459828125 0.0376674109375 0.9779575890625001 0.0139508921875 0.9807477671875 0 1 0.36272321406249997 1
2 1 0.478515625 0.966796875 0.485491071875 0.9514508921875 0.5036272328125 0.9193638390625001 0.5287388390625 0.9026227671875 0.556640625 0.8956473218750001 0.576171875 0.8747209828125 0.5803571421875 0.8314732140625001 0.5887276781249999 0.8231026781249999 0.6403459828125 0.8189174109374999 0.6794084828125 0.8217075890625001 0.7184709828125 0.830078125 0.7393973218750001 0.8384486609374999 0.771484375 0.830078125 0.8063616078125 0.8258928578125 0.8384486609374999 0.83984375 0.8482142859374999 0.8816964281249999 0.8370535718750001 0.908203125 0.8244977671875 0.9388950890625001 0.8217075890625001 0.9751674109374999 0.8217075890625001 1 0.8412388390625001 1 0.478515625
2 0 0.6333705359375 0.0111607140625 0.6263950890625 0.05859375 0.6040736609375 0.0962611609375 0.5943080359375 0.0934709828125 0.5789620531249999 0.11300223281249999 0.5594308031249999 0.133928571875 0.556640625 0.13811383906250002 0.5929129468750001 0.1604352671875 0.5998883921875 0.17438616093749998 0.5817522328125 0.19670758906250002 0.5915178578125 0.2483258921875 0.546875 0.27064732187499996 0.5259486609375 0.27483258906249997 0.5092075890625 0.29017857187499996 0.48409598281250005 0.31110491093750003 0.46037946406249997 0.31947544687499996 0.43387276718749995 0.24135044687499999 0.456194196875 0.1911272328125 0.46456473281250005 0.153459821875 0.46875 0.0920758921875 0.47433035781250005 0.061383928125 0.47712053593750003 0 0.48270089218749995 0 0.6333705359375
2 0.0390625 0.34458705312500004 0.0279017859375 0.3278459828125 0.0111607140625 0.30970982187499996 0 0.32087053593750003 0.004185267187499999 0.36830357187499996 0.0153459828125 0.36969866093750003 0.029296875 0.37248883906249997 0.0390625 0.37248883906249997 0.0390625 0.34458705312500004
2 0.0697544640625 0.078125 0.0627790171875 0.05859375 0.029296875 0.0669642859375 0.006975446875000001 0.080915178125 0 0.107421875 0.016741071875 0.11300223281249999 0.048828125 0.124162946875 0.068359375 0.11300223281249999 0.0697544640625 0.078125
2 0 0 0 0.046037946875 0.0181361609375 0.0432477671875 0.0641741078125 0.0432477671875 0.075334821875 0.0181361609375 0.0837053578125 0 0 0
2 0.26227678593750003 0.35295758906249997 0.27622767812500004 0.33342633906249997 0.2692522328125 0.30970982187499996 0.24693080312500001 0.29436383906249997 0.23158482187499999 0.2873883921875 0.2036830359375 0.29296875 0.2134486609375 0.31110491093750003 0.224609375 0.32924107187499996 0.23158482187499999 0.3515625 0.26227678593750003 0.35295758906249997
2 0.869140625 0.8579799109374999 0.83984375 0.859375 0.8370535718750001 0.9012276781249999 0.8579799109374999 0.91796875 0.8523995531249999 0.9486607140625001 0.8565848218750001 0.9807477671875 0.87890625 0.9933035718750001 0.8900669640625001 1 0.9165736609374999 0.9946986609374999 0.9068080359374999 0.9709821421875 0.8998325890625001 0.947265625 0.8900669640625001 0.8956473218750001 0.869140625 0.8579799109374999
2 0.166015625 0.21484375 0.16462053593749998 0.1715959828125 0.1506696421875 0.1409040171875 0.1325334828125 0.10602678593749999 0.100446428125 0.10602678593749999 0.0864955359375 0.12555803593749998 0.11160714218750001 0.15764508906250002 0.1325334828125 0.1897321421875 0.1506696421875 0.2190290171875 0.166015625 0.21484375
2 0.6919642859375 1 0.7101004468750001 0.9737723218750001 0.7254464281249999 0.8872767859374999 0.7310267859375 0.8412388390625001 0.7101004468750001 0.8231026781249999 0.6780133921875 0.8258928578125 0.6556919640625 0.8370535718750001 0.64453125 1 0.6919642859375 1
2 0.9695870531249999 0 0.9737723218750001 0.094866071875 0.9556361609374999 0.2301897328125 0.9207589281249999 0.32366071406249997 0.8803013390625001 0.43526785781250005 0.8468191968750001 0.47712053593750003 0.8147321421875 0.498046875 0.7645089281249999 0.47991071406249997 0.7184709828125 0.43805803593750003 0.6891741078125 0.38225446406249997 0.6487165171875 0.35853794687499996 0.615234375 0.3264508921875 0.6040736609375 0.29575892812500004 0.5803571421875 0.3180803578125 0.5594308031249999 0.39202008906249997 0.5970982140625 0.422712053125 0.6040736609375 0.452008928125 0.6236049109375 0.491071428125 0.6263950890625 0.5301339281249999 0.6082589281249999 0.5608258921875 0.5733816968750001 0.5845424109375 0.5357142859375 0.6068638390625 0.5245535718750001 0.6375558031249999 0.5510602671875 0.6766183031249999 0.5998883921875 0.6668526781249999 0.6417410718750001 0.6459263390625 0.6821986609375 0.654296875 0.6989397328125 0.6961495531249999 0.7087053578125 0.7505580359375 0.7380022328125 0.7896205359375 0.7700892859375 0.7896205359375 0.7868303578125 0.7589285718750001 0.7882254468750001 0.7170758921875 0.7686941968750001 0.6501116078125 0.7575334828125 0.6096540171875 0.7882254468750001 0.6110491078125 0.8272879468750001 0.5901227671875 0.8551897328125 0.5398995531249999 0.8858816968750001 0.49386160781250005 0.9249441968750001 0.432477678125 0.9640066968750001 0.38364955312500004 1 0.341796875 1 0 0.9695870531249999 0