5 0.163225446875 1 0.7045200890625 0.439453125 0.7603236609375 0.412946428125 0.8314732140625001 0.407366071875 0.8803013390625001 0.43108258906249997 0.9388950890625001 0.47433035781250005 0.7310267859375 0.107073103125 0.732421875 0.149274553125 0.7101004468750001 0.2427455359375 0.6277901781249999 0.35016741093750003 0 0.9793526781249999 0 1 0.163225446875 1
5 0.6780133921875 0 1 0.60546875 1 0.35016741093750003 0.8021763390625001 0 0.6780133921875 0
5 0.9235491078125 1 0.9584263390625001 0.9709821421875 0.9988839281249999 0.947265625 1 0.7282366078125 0.9737723218750001 0.7952008921875 0.9361049109374999 0.8342633921875 0.7380022328125 1 0.9235491078125 1
0 0.375 0.4560546875 0.37890625 0.4345703125 0.3466796875 0.40625 0.3427734375 0.40625 0.251953125 0.4990234375 0.259765625 0.5087890625 0.259765625 0.5224609375 0.2978515625 0.55859375 0.302734375 0.5576171875 0.375 0.4853515625 0.380859375 0.4755859375 0.37890625 0.4599609375 0.375 0.4560546875
0 0.1025390625 0.681640625 0.0947265625 0.681640625 0.017578125 0.7607421875 0.025390625 0.7724609375 0.0234375 0.7822265625 0.0576171875 0.81640625 0.06640625 0.8173828125 0.13671875 0.7451171875 0.130859375 0.7080078125 0.1162109375 0.689453125 0.1025390625 0.681640625
0 0.6064453125 0.63671875 0.5966796875 0.640625 0.498046875 0.7431640625 0.505859375 0.7529296875 0.509765625 0.7685546875 0.5419921875 0.798828125 0.548828125 0.7978515625 0.6484375 0.6962890625 0.642578125 0.6826171875 0.64453125 0.6728515625 0.6064453125 0.63671875
0 0.7734375 0.4951171875 0.7587890625 0.484375 0.7412109375 0.484375 0.63671875 0.5927734375 0.642578125 0.6005859375 0.634765625 0.6064453125 0.638671875 0.6142578125 0.6630859375 0.630859375 0.6826171875 0.650390625 0.689453125 0.6494140625 0.783203125 0.5517578125 0.783203125 0.5380859375 0.791015625 0.5205078125 0.7734375 0.4951171875
0 0.873046875 0.7392578125 0.859375 0.7197265625 0.8408203125 0.70703125 0.720703125 0.8115234375 0.7265625 0.8173828125 0.73046875 0.8349609375 0.767578125 0.8740234375 0.884765625 0.7724609375 0.876953125 0.7587890625 0.880859375 0.7529296875 0.873046875 0.7392578125
0 0.708984375 0.9072265625 0.7060546875 0.904296875 0.7001953125 0.908203125 0.6884765625 0.890625 0.6669921875 0.884765625 0.6630859375 0.876953125 0.65234375 0.8837890625 0.56640625 0.9814453125 0.57421875 0.9912109375 0.5751953125 1 0.650390625 0.9990234375 0.69140625 0.9541015625 0.7109375 0.9228515625 0.70703125 0.9189453125 0.708984375 0.9072265625
0 0.498046875 0.7978515625 0.4716796875 0.767578125 0.4580078125 0.76171875 0.4423828125 0.767578125 0.3828125 0.8291015625 0.39453125 0.8720703125 0.4306640625 0.91015625 0.435546875 0.9091796875 0.4560546875 0.89453125 0.505859375 0.8408203125 0.49609375 0.8154296875 0.498046875 0.7978515625
0 0.248046875 0.6025390625 0.240234375 0.6201171875 0.23046875 0.6279296875 0.2314453125 0.63671875 0.2490234375 0.623046875 0.265625 0.6025390625 0.259765625 0.5927734375 0.263671875 0.5830078125 0.2216796875 0.54296875 0.2138671875 0.546875 0.126953125 0.6337890625 0.1396484375 0.65234375 0.1474609375 0.646484375 0.154296875 0.6513671875 0.1494140625 0.65234375 0.1494140625 0.65625 0.166015625 0.6572265625 0.1806640625 0.6484375 0.2294921875 0.595703125 0.2392578125 0.59375 0.248046875 0.6025390625
0 0.396484375 0.9326171875 0.3828125 0.9150390625 0.3623046875 0.8984375 0.3544921875 0.8984375 0.27734375 0.9755859375 0.27734375 0.9794921875 0.283203125 0.9853515625 0.28125 0.9951171875 0.2841796875 1 0.361328125 0.9990234375 0.3984375 0.9599609375 0.400390625 0.9521484375 0.39453125 0.9443359375 0.396484375 0.9326171875
0 0.080078125 0.0439453125 0.12890625 0.0009765625 0.0517578125 0 0.07421875 0.0439453125 0.080078125 0.0439453125