5 0.09225763125 0.9427822203125 0.12230614843750001 0.9464944953125001 0.13668426875 0.9443884109375 0.7440316890625 0.45569035312499995 0.8029059421875001 0.43612296562499997 0.87420923125 0.43928125937500007 0.9194707328125 0.46888850312499997 0.9711006062499999 0.5184638171875 0.9708493796875001 0.5167487015625001 0.8146274921875 0.1278415484375 0.8103852109374999 0.1700509375 0.7757884875000001 0.2604261546875 0.6798407515625 0.3573486734375 0.0754120390625 0.827778309375 0.09225763125 0.9427822203125
5 0.5911714265625 0 0.57164215 0.0065141734375 0.57177463125 0.007418621875000001 0.9871796546875 0.38321865625 1 0.38134075156249997 1 0.28579576093750003 0.9984777859375 0.273398321875 0.9920703078124999 0.22965481875 0.7254526484375 0 0.5911714265625 0
5 1 0.752186934375 0.8414497640624999 0.92656436875 0.8419050171875 0.9296723671875 1 0.9065148609375001 1 0.752186934375
0 0.2823055953125 0.5181850265625 0.3144774984375 0.5545201 0.32842960312499997 0.5524764171875 0.400754003125 0.49259357187499997 0.4074230984375 0.48344767656250004 0.4067488234375 0.46769774843749995 0.40315724375000006 0.46342339218750006 0.4082248546875 0.4446631984375 0.4077262109375 0.44125898125 0.37888068124999996 0.41104285 0.37496867031250003 0.4106578515625 0.2774920453125 0.4931581515625 0.27796950625 0.49641775 0.283427109375 0.5045722765625 0.2823055953125 0.5181850265625
0 0.102507040625 0.810405778125 0.10263542031249999 0.8204410421875 0.14279375 0.8454188203124999 0.15207296718750002 0.8440596156250001 0.20297686406249998 0.7605193640625 0.20057291406250002 0.744107734375 0.191936725 0.7216759749999999 0.17378976875000002 0.707070415625 0.168918853125 0.70566168125 0.148789209375 0.708610240625 0.09244917968750001 0.8008314921874999 0.102507040625 0.810405778125
0 0.5983862 0.7533747578125001 0.6142210515625 0.75105529375 0.7142566421875001 0.676462753125 0.7132656828124999 0.669697528125 0.71026885625 0.661297825 0.71143630625 0.6572084671875 0.710260121875 0.6491787328124999 0.676335578125 0.6102103718749999 0.6661401484375 0.612226190625 0.5592048000000001 0.693784525 0.566551665625 0.7046768375 0.5695505421875 0.7205438 0.5983862 0.7533747578125001
0 0.6891257937499999 0.5648431 0.6951971625 0.570884859375 0.723374284375 0.5780861625 0.7467652328125001 0.589273953125 0.7494852703125 0.588875528125 0.7539950359375001 0.5864562390625 0.8132676562500001 0.46105149062499995 0.809123259375 0.448086771875 0.8103795921874999 0.43635519843750004 0.8090210109375 0.42708024531250005 0.7868401625 0.41075714531249996 0.7866488515625 0.41070065937500005 0.7511032765625 0.41590731875 0.6868329703125 0.55119505625 0.694755909375 0.556553490625 0.6891257937499999 0.5648431
0 0.796787340625 0.7426816234375 0.8011107296875 0.7602045937499999 0.8379577390625 0.7973751796874999 0.8411420156249999 0.796908753125 0.951456240625 0.697529603125 0.9500299359375 0.6877922921875 0.9461817531250001 0.6813955734375 0.9485487562499999 0.67768036875 0.9476647 0.6716449734375 0.9418130625 0.66191796875 0.9276551859375 0.64261225 0.9108895984375 0.6316280890625 0.9065097640625 0.632269640625 0.790777925 0.7369208484375 0.796787340625 0.7426816234375
0 0.6653584328125 0.9307048734375 0.674217946875 0.9403048843749999 0.6760645265624999 0.9489887609375 0.715365640625 0.9482076562499999 0.756452484375 0.9421893203125 0.7891805046875 0.9027607453125001 0.802349803125 0.8782994343749999 0.798744225 0.853684353125 0.7935919765625 0.857310990625 0.7800165890625 0.840013990625 0.7577034484375 0.834375678125 0.752987571875 0.8266786859374999 0.7427847328125 0.833516140625 0.6653584328125 0.9307048734375
0 0.49230766406250004 0.8828061546875 0.4983715203125 0.88191793125 0.5197296765625 0.8678883140625 0.5762736312500001 0.813975590625 0.57064864375 0.7877416875 0.5747533953125 0.7716042453124999 0.5742782703125 0.7683605859375 0.5542103468749999 0.738165934375 0.5529887812500001 0.73754373125 0.5205354890625 0.7422974390625 0.45971610937499996 0.7981226015625 0.467102096875 0.8485463203125001 0.49230766406250004 0.8828061546875
0 0.18555725781250001 0.660796190625 0.1918757703125 0.665870971875 0.1869531921875 0.6667659046875001 0.18659500625 0.6707207078125 0.1962555109375 0.6714936046875 0.2065710984375 0.6699825921875 0.2182427796875 0.663411225 0.27140859375000004 0.6109590734375 0.2812537515625 0.6091692125 0.2891472921875 0.6182363046875 0.2798026078125 0.6358828890625 0.269420175 0.6436049578125 0.269580865625 0.65252201875 0.2882334265625 0.6390177765625 0.3065462046875 0.6185738749999999 0.3016420296875 0.6085743421875 0.3059637734375 0.5996692765625 0.30572193593749997 0.59801826875 0.268511240625 0.55741919375 0.26042020312499997 0.5612239671875 0.1712119703125 0.64315081875 0.1737313390625 0.6603504203125 0.1772871296875 0.6665783640625 0.18555725781250001 0.660796190625
0 0.492182296875 0.9314423359375 0.4895982109375 0.91380091875 0.48670691875000005 0.9118056140625 0.4850732 0.8999893484375001 0.4668361734375 0.8878896765625001 0.4516218703125 0.882379321875 0.4332465015625 0.8850709171875 0.384718996875 0.980984959375 0.4687814546875 0.9760888796874999 0.47142511875000004 0.9751095578125 0.492182296875 0.9314423359375
0 0.0804630875 0.03211669375 0.0802582359375 0.030718190625000003 0.0281864171875 0.038345589062500005 0.0123207171875 0.042573120312500004 0.0123893703125 0.0430418078125 0.0416349625 0.0788026375 0.048018096875 0.077867646875 0.0804630875 0.03211669375