5 0.2329799109375 1 0.17717633906250002 0.9751674109374999 0.10881696406250001 0.9221540171875 0.0739397328125 0.8844866078125 0.026506696875000003 0.8189174109374999 0 0.7561383921875 0 0.849609375 0.0139508921875 0.8956473218750001 0.124162946875 1 0.2329799109375 1
5 0 0.9765625 0.01953125 0.9626116078125 0.0446428578125 0.9556361609374999 0.0795200890625 0.9612165171875 0.0153459828125 0.8998325890625001 0 0.9165736609374999 0 0.9765625
5 0.49386160781250005 0 0.5008370531249999 0.0181361609375 0.5078125 0.11160714218750001 0.5050223218750001 0.2594866078125 0.498046875 0.30133928593750003 0.46735491093750003 0.42550223281250005 0.45758928593750003 0.471540178125 0.46735491093750003 0.5412946421875 0.48688616093750003 0.5817522328125 0.5036272328125 0.5984933031249999 0.5315290171875 0.6138392859375 0.5678013390625 0.6277901781249999 0.641062928125 0.6277901781249999 0.7101004468750001 0.6263950890625 0.7756696421875 0.6138392859375 0.8175223218750001 0.6040736609375 0.8342633921875 0.556640625 0.8649553578125 0.5426897328125 0.9988839281249999 0.5412946421875 1 0.491071428125 0.8021763390625001 0.498046875 0.7882254468750001 0.5385044640625 0.7756696421875 0.5650111609375 0.751953125 0.5789620531249999 0.7156808031249999 0.5859375 0.5887276781249999 0.5845424109375 0.5622209828125 0.5803571421875 0.537109375 0.5524553578125 0.5133928578125 0.5231584828125 0.5106026781249999 0.47712053593750003 0.5524553578125 0.2692522328125 0.5524553578125 0.10323660781249999 0.5510602671875 0.0279017859375 0.5412946421875 0 0.49386160781250005 0
5 0.5901227671875 0.6305803578125 0.6012834828125 1 0.6431361609375 0.9988839281249999 0.64453125 0.6319754468750001 0.5901227671875 0.6305803578125
5 0.595703125 0.8482142859374999 0.595703125 0.80078125 0.172991071875 0.8091517859374999 0.24135044687499999 0.8816964281249999 0.2497209828125 0.8551897328125 0.595703125 0.8482142859374999
5 0.17438616093749998 0.8070591515625001 0.143694196875 0.8063616078125 0.11579241093749999 0.7477678578125 0.085100446875 0.6696428578125 0.080915178125 0.5984933031249999 0.026506696875000003 0.6026785718750001 0.0376674109375 0.6682477671875 0.065569196875 0.7631138390625 0.0962611609375 0.8119419640625001 0.133928571875 0.8607700890625001 0.18694196406250002 0.9068080359374999 0.2580915171875 0.9542410718750001 0.33900669687499996 0.9793526781249999 0.4296875 0.9821428578125 0.5984933031249999 0.9737723218750001 0.5998883921875 0.9291294640625001 0.364990234375 0.9275599890624999 0.30552455312500004 0.91796875 0.24204799062500001 0.8907645093750001 0.17438616093749998 0.8070591515625001
5 0 0.6026785718750001 0.5008370531249999 0.5998883921875 0.471540178125 0.5482700890625 0 0.5510602671875 0 0.6026785718750001
5 0 0.3473772328125 0.48409598281250005 0.341796875 0.5008370531249999 0.29296875 0 0.302734375 0 0.3473772328125
5 0.153459821875 0 0.1520647328125 0.2985491078125 0.2008928578125 0.2971540171875 0.20228794687499999 0 0.153459821875 0
5 0.022321428125 0 0.022321428125 0.30133928593750003 0.0725446421875 0.30133928593750003 0.0739397328125 0 0.022321428125 0
5 0.0739397328125 0 0.0739397328125 0.0390625 0.153459821875 0.0404575890625 0.1520647328125 0 0.0739397328125 0
5 0.7366071421875 0.6208147328125 0.7421875 0.9975215374999999 0.7882254468750001 1 0.7882254468750001 0.6124441968750001 0.7366071421875 0.6208147328125
5 0 0.481305803125 0.45340401718749995 0.46735491093750003 0.465959821875 0.42410714218749995 0 0.42829241093750003 0 0.481305803125