5 0.142833753125 1 0.1173002859375 0.98875941875 0.0734969171875 0.9603962875000001 0.010115696875 0.9078841499999999 0 0.8948103234375001 0 0.9559265890624999 0.0183245890625 0.9854249078124999 0.0443404890625 1 0.142833753125 1
5 0.0512898859375 1 0.0176562 0.9656511265625 0.0020072562499999997 0.9813448843750001 0.0017801625000000002 1 0.0512898859375 1
5 0.5733713171875 0.6213338078125 0.5464291609374999 0.6199438203125001 0.5178392671875 0.5948118 0.49046049218750004 0.5681457765625 0.4817845078125 0.5226337125 0.49685528437500004 0.3114413859375 0.47559254375000004 0.146269153125 0.46455410625000004 0.071463046875 0.45125196562500003 0.0447250125 0.403998909375 0.049689051562499996 0.41327070781249997 0.0670030703125 0.432191146875 0.1592691984375 0.4483514765625 0.306689409375 0.44676285312499997 0.349059475 0.4323336828125 0.47369646562499995 0.4390409375 0.56213931875 0.44692004843750005 0.5910078375000001 0.47155886562499993 0.62921588125 0.49038055937499997 0.6441198906250001 0.5201419359375 0.656467890625 0.538914521875 0.6614598546875 0.7082910046875 0.64764501875 0.7633562046875 0.6309177046875 0.8037993296874999 0.616821659375 0.8144018093750001 0.567877578125 0.8431905343749999 0.5507855359375 0.9618196421875 0.5370707968749999 0.9580329875 0.48713942499999996 0.774932009375 0.5129395203125 0.7662157281249999 0.5546515875 0.7571024578125 0.5823376328125 0.7352627140625 0.5986996734375001 0.700021415625 0.609435709375 0.5733713171875 0.6213338078125
5 0.606044459375 1 0.6522384796875 0.6598171171875 0.6515083078125 0.6501889484375 0.608809459375 0.646501665625 0.5997716015625 0.64723881875 0.5689294140625 0.94912530625 0.57278760625 1 0.606044459375 1
5 0.5939755640625 0.9065366625 0.5907494703125 0.8639968937500001 0.17150665 0.8241218234375 0.23553938749999997 0.9038490906250001 0.2456808875 0.8785658734374999 0.56543408125 0.9088645874999999 0.5939755640625 0.9065366625
5 0.41552595468750003 1 0.4666903234375 0.985170090625 0.625239809375 0.9252268203125 0.62482705625 0.9197842015625 0.6147011703125 0.881843034375 0.3889647609375 0.9531419015625 0.3291779921875 0.9624195359375 0.26048613593750003 0.9561353640625001 0.1715535375 0.8972397515624999 0.14191721875000002 0.9060858359375 0.0983294953125 0.858827675 0.046456528125 0.793799178125 0.02200885 0.727211465625 0 0.7362147734375 0 0.806039515625 0.00056388125 0.80716788125 0.054568775 0.889033953125 0.098027875 0.9261099093749999 0.148176975 0.9610241265624999 0.21224274687500003 0.9885203921875 0.25273623125 1 0.41552595468750003 1
5 0 0.642762075 0.46555572031250003 0.6564559515624999 0.4728573890625 0.65586040625 0.472809840625 0.655233425 0.446645175 0.6039658671875 0 0.5909831546875 0 0.642762075
5 0 0.4026572 0.15778790781250002 0.41001611875000005 0.45184722656250004 0.38603179062500004 0.45495987656250003 0.37843325625 0.454700515625 0.375013278125 0 0.3574339984375 0 0.4026572
5 0.1591571859375 0.35144151875 0.14595278125 0.1773262859375 0.128701471875 0.05562470781249999 0.107159090625 0.0570042234375 0.0799609828125 0.05970138125 0.121808721875 0.354875171875 0.1508463484375 0.35250677812500003 0.1591571859375 0.35144151875
5 0 0.28655612812500003 0.028404714062500003 0.0772956984375 0.027324310937500002 0.0630493421875 0.025103075000000002 0.0629675453125 0 0.0650150265625 0 0.28655612812500003
5 0.082746790625 0.09021323125 0.08286215 0.070391684375 0.0828365734375 0.0700544296875 0.0816752828125 0.05835335312499999 0.0210059375 0.06330172187500001 0.0033523609375 0.06723596093749999 0.0057920484375 0.1053524296875 0.010995940625 0.10492798437499999 0.082746790625 0.09021323125
5 0.7283585343750001 1 0.7957798453125 0.626178625 0.7954405140625 0.6217041375 0.745489225 0.6257783078125 0.7043131687499999 0.8735818656250001 0.713900359375 1 0.7283585343750001 1
5 0 0.5219005390625 0.296820409375 0.500700775 0.40995665625 0.49147305625 0.4257797421875 0.4498482046875 0.42576880937499995 0.44922215000000004 0.4256967328125 0.44827174999999997 0 0.46921916562500005 0 0.5219005390625