1 1 0.41657599999999995 0.982128 0.37684799999999996 0.847312 0.42306 0.900412 0.561716 0.98482 0.8211040000000001 1 0.814504 1 0.41657599999999995
1 0.845064 0.410252 0.98132 0.363396 0.9606199999999999 0.305276 0.811556 0.35438000000000003 0.845064 0.410252
1 0.45198 1 0.797292 0.8303520000000001 0.721068 0.593224 0.577696 0.294476 0.03608 0.547708 0.22547199999999998 0.938188 0.248064 0.9540279999999999 0.272644 1 0.45198 1
1 0.24702000000000002 1 0.232536 0.969572 0.200176 0.951176 0.14741200000000002 0.836544 0.114272 0.8513 0.182476 1 0.24702000000000002 1
1 0.586372 1 0.8098280000000001 0.897288 0.798912 0.8572559999999999 0.511004 1 0.586372 1
1 0.783632 0.2684 0.9157360000000001 0.23548 0.8977600000000001 0.1796 0.765984 0.22100399999999998 0.783632 0.2684
1 0.8086639999999999 0.340128 0.9506840000000001 0.29071199999999997 0.9263159999999999 0.251488 0.784284 0.28537599999999996 0.8086639999999999 0.340128
1 0.8748319999999999 0.13974 0.7120759999999999 0.06889999999999999 0.6835720000000001 0.074684 0.74596 0.210928 0.890064 0.16231199999999998 0.8748319999999999 0.13974
1 0.561836 0.286 0.4828 0.158892 0.111724 0.387988 0.140572 0.42176400000000003 0.029328 0.5092760000000001 0.035912 0.535696 0.561836 0.286
1 0 0.59668 0.109452 0.832724 0.141152 0.8186120000000001 0.009808 0.5352319999999999 0 0.540712 0 0.59668
1 0 0.5117320000000001 0.11591199999999999 0.420656 0.09604399999999999 0.40705600000000003 0 0.473768 0 0.5117320000000001