1 0.8567598593750001 0.5892439625 0.9255502796874999 0.8284886218749999 0.9259836140625 0.8285113531249999 0.953667946875 0.6309892484375 0.9566827328124999 0.5940189859375 0.9648851640625 0.436630596875 0.9514843187500001 0.4049309421875 0.93600538125 0.40411889843750004 0.8127120187499999 0.455302115625 0.8121845828125 0.461770065625 0.8567598593750001 0.5892439625
1 0.819024015625 0.4232456203125 0.95983833125 0.4017228734375 0.9604221953125001 0.394562971875 0.9609069890624999 0.3511088 0.9092797593749999 0.348400375 0.801858746875 0.3634740515625 0.8017726953125001 0.3645292953125 0.8136821953125001 0.42296538281249996 0.819024015625 0.4232456203125
1 0.40161669375000003 1 0.7400016140625 0.8127910265624999 0.74002883125 0.8124572796875 0.6646271359375 0.5819706578125 0.5218541484375 0.29453711562499996 0 0.5710670328125 0 0.6336687859375 0.1637899390625 0.959778653125 0.1864533328125 0.973977853125 0.1967176625 0.9924313781249999 0.34098862812499997 1 0.40161669375000003 1
1 0.1521988796875 0.9885286000000001 0.1987360625 0.97996156875 0.200003240625 0.964422171875 0.18967506875 0.9504782078125 0.1543174515625 0.93815384375 0.0795844046875 0.83455418125 0.050154734374999996 0.8550786968749999 0.1459184328125 0.9881991187500001 0.1521988796875 0.9885286000000001
1 0.5651395265625 1 0.747415859375 0.9138690781250001 0.7474394015625 0.9135803812500001 0.7379250453124999 0.8740985312499999 0.4897363046875 1 0.5651395265625 1
1 0.9089574375 0.2576791984375 0.9043772296875 0.2145742796875 0.88160226875 0.21337947812500002 0.7665667984375 0.23732401875 0.7660197656250001 0.2440322671875 0.77250570625 0.28601977343749996 0.7739912921875 0.286097709375 0.9082693125000001 0.266117671875 0.9089574375 0.2576791984375
1 0.9413383515625 0.3213897328125 0.941400584375 0.3206265703125 0.9200823249999999 0.2816493015625 0.777267215625 0.312627278125 0.7769231546875 0.3168465 0.795125421875 0.3655700609375 0.8027979249999999 0.36597256875 0.9413383515625 0.3213897328125
1 0.738068025 0.2262240484375 0.889028384375 0.194870721875 0.8890933359375 0.1940742234375 0.8788415593750001 0.17064645312499999 0.7327490796875 0.08178328124999999 0.7307328140625 0.0816775046875 0.7031118296875001 0.083973346875 0.73773243125 0.2262064421875 0.738068025 0.2262240484375
1 0.09046732187499999 0.5825010374999999 0.0920882171875 0.582586071875 0.5371727796875 0.20889680156249998 0.538137678125 0.1970642609375 0.4592684546875 0.12206460625 0.4189924109375 0.11995167656250001 0.129873628125 0.42070235624999996 0.16598533437500002 0.44569374218749996 0.0783246546875 0.5597176015625001 0.09046732187499999 0.5825010374999999
1 0 0.641700484375 0.062635209375 0.8219395546875001 0.0838101234375 0.8149061906249999 0.0863004671875 0.784367159375 0 0.535895634375 0 0.641700484375
1 0 0.47525945937499997 0.0976274390625 0.415066109375 0.097816375 0.41274919375 0.08167521875 0.3986689015625 0.0813134921875 0.3986499234375 0 0.4426544375 0 0.47525945937499997