1 0.499764609375 0.2189038140625 0.47444119531249995 0.1892214875 0.43691820000000003 0.1444159875 0.4248458359375 0.0837463703125 0.418088175 0.05705127343750001 0.2431893609375 0.11905965 0.243646378125 0.121750134375 0.264233040625 0.1816964390625 0.2912446578125 0.2973698515625 0.32123395781249997 0.36183253125000003 0.343288878125 0.42906098593750003 0.3802982890625 0.513714534375 0.4245165125 0.5914207078125 0.5106731609375 0.5511463546875001 0.5596050609375001 0.5996760046875 0.5589695078125 0.6250991640625 0.47426489375 0.6849387734375 0.5412951796875001 0.7716550296875 0.5778403453125 0.7660691625 0.6870643484375 0.6955284609375 0.6747359453125 0.6547847499999999 0.694778390625 0.6375336218750001 0.749059521875 0.6314635875 0.8026173156249999 0.6212068656249999 0.8540027374999999 0.587205728125 0.90011705625 0.517474315625 0.8710768015625 0.4636455 0.8465503249999999 0.40778238125 0.847165425 0.3599617125 0.71604975625 0.3559269953125 0.6451492015625 0.3297487453125 0.6586804828124999 0.3012317328125 0.7261180171875 0.283342675 0.8772382203125 0.285312546875 0.9265763921874999 0.20734992968750002 0.9261654953124999 0.2049309484375 0.9080291359375 0.154873859375 0.8162097765624999 0.1537171 0.7351236359375 0.13692525 0.6637215999999999 0.10181937031249999 0.6751478203125 0.17671782187500001 0.499764609375 0.2189038140625
1 0.384520175 0.7464893203125 0.3633559125 0.6417577421875 0.30123415625 0.6445931640625 0.2809376328125 0.5453699921874999 0.346462415625 0.5333336203125 0.3292864921875 0.3754479609375 0.32722313281250004 0.36330084218750003 0.2746535015625 0.3587581796875 0.24076396875 0.37408399062500003 0.222230784375 0.41364364687500005 0.2807237734375 0.7579956 0.322013496875 0.756043359375 0.384520175 0.7464893203125
1 0.4857443359375 0.5522057109375 0.48026744062500004 0.5199628859375001 0.3997310671875 0.532271215625 0.398126946875 0.56806768125 0.40055964062499994 0.582389096875 0.40615266562499996 0.5815342125 0.4874235921875 0.5640152125 0.4857443359375 0.5522057109375
1 0.35110824375 0.5534974796875 0.35016940937499996 0.553640978125 0.326891425 0.5693353015625 0.34732493125 0.615882578125 0.35363203906249996 0.614918546875 0.3789039015625 0.6024208546875001 0.3768423203125 0.5902841921875 0.35110824375 0.5534974796875
1 0.2645653296875 0.7471300375000001 0.3076760921875 0.7566500171875 0.31329209375 0.755791621875 0.3073225390625 0.7206484750000001 0.1723565 0.41385533125 0.161714378125 0.429023046875 0.15123456875000002 0.445934946875 0.1470519953125 0.481577109375 0.2645653296875 0.7471300375000001
1 0.07231843593750001 0.5881860765625 0.07456855 0.5878421515625 0.07339634218749999 0.58094129375 0.0046307109375 0.3979623421875 0.006248309375 0.5369784625 0.015157281249999998 0.5894261390625 0.07231843593750001 0.5881860765625
1 1 0.613060703125 0.8812763875 0.6289242484375 0.79156258125 0.67096425 0.6979856125 0.7178731671875 0.6152576062499999 0.7498265015625 0.5365254796875 0.778650959375 0.5548345078125 0.956461140625 0.6586685453125 0.9470591359375 0.8813740609374999 0.913018975 1 0.6367693265625001 1 0.613060703125
1 0.47646612812500005 1 0.47639093906249996 0.999557359375 0.445751353125 0.902953440625 0.22326177500000002 0.93486476875 0.22328072031250001 0.9349763062499999 0.380995303125 1 0.47646612812500005 1
1 0.9756780984375 0.3103349109375 0.9590752234375 0.304003965625 0.9048969265625001 0.3538025109375 0.9791946109375 0.378256025 0.983931809375 0.3775319515625 0.98442061875 0.3618026875 0.9756780984375 0.3103349109375
1 1 0.45351949375 0.98956661875 0.392097515625 0.8913910078124999 0.3721233296875 0.8685778765625001 0.4204430765625 0.8978803843750001 0.5351283328124999 1 0.5410593421875001 1 0.45351949375
1 0.2833962828125 0.077377409375 0.2804266171875 0.059894796875 0.263610284375 0.0373739296875 0.25531590312499997 0.034064815625 0.16314656562500002 0.0481527421875 0.084380984375 0.2329340828125 0.08621791250000001 0.232653309375 0.289034928125 0.19093254375 0.2833962828125 0.077377409375
1 0.10085513593749999 0.7597360234375 0.1591485109375 0.7508259796875 0.15685879375 0.73734626875 0.10742070156250001 0.64373676875 0.026366364062499998 0.6566054421875 0.0401565421875 0.7199044453125001 0.057747298437500004 0.7633176500000001 0.10085513593749999 0.7597360234375