1 0.383732 0 0.380436 0.065252 0.362392 0.181844 0.36636799999999997 0.25174799999999997 0.361852 0.321608 0.364844 0.412624 0.377216 0.499552 0.47327199999999997 0.490496 0.5010239999999999 0.55182 0.490884 0.575276 0.38884799999999997 0.603024 0.423484 0.72012 0.584784 0.683112 0.588496 0.641116 0.6138 0.631672 0.667072 0.643936 0.721236 0.652064 0.7822720000000001 0.6373719999999999 0.8517680000000001 0.58768 0.844692 0.527988 0.8426199999999999 0.467892 0.861148 0.42358 0.7394879999999999 0.376552 0.682708 0.328784 0.706124 0.306704 0.776192 0.312308 0.9174200000000001 0.364016 0.9934879999999999 0.307388 0.995308 0.252756 0.909484 0.22137600000000002 0.839612 0.178984 0.785712 0.12274 0.768332 0.19623200000000002 0.587736 0.17762 0.575088 0.141632 0.556656 0.08753999999999999 0.568088 0.02708 0.57176 0 0.383732 0
1 0.252116 0.565712 0.28045200000000003 0.720216 0.39150399999999996 0.715592 0.367724 0.6048720000000001 0.305444 0.607364 0.283992 0.5086280000000001 0.349584 0.497008 0.329164 0.32796 0.275632 0.3231 0.24180799999999997 0.338156 0.22110400000000002 0.382892 0.22782 0.42908 0.252116 0.565712
1 0.390744 0.574952 0.480124 0.551924 0.466204 0.509396 0.38448000000000004 0.52528 0.390744 0.574952
1 0.314544 0.5349160000000001 0.31448 0.586948 0.354556 0.583684 0.343316 0.52876 0.314544 0.5349160000000001
1 0.265848 0.72362 0.192272 0.35966 0.178484 0.37307999999999997 0.164472 0.388244 0.152528 0.42279600000000006 0.20958000000000002 0.701764 0.265848 0.72362
1 0 0.508688 0.06662 0.5277000000000001 0.032264 0.318952 0 0.364844 0 0.508688
1 0.464044 0.9491440000000001 0.785308 0.961332 0.98458 0.6658999999999999 0.85352 0.666496 0.75648 0.6966680000000001 0.654624 0.731168 0.5665600000000001 0.7522439999999999 0.48308 0.770732 0.464044 0.9491440000000001
1 0.389024 1 0.381704 0.877512 0.156436 0.8675840000000001 0.353932 1 0.389024 1
1 1 0.37646 0.973128 0.368456 0.9210200000000001 0.423252 1 0.442664 1 0.37646
1 1 0.460356 0.893972 0.43246799999999996 0.8647600000000001 0.47998399999999997 0.877844 0.5967439999999999 1 0.60998 1 0.460356
1 0.24314399999999997 0 0.124516 0.16814800000000002 0.333924 0.172112 0.35354399999999997 0.046168 0.339988 0.01714 0.314576 0 0.24314399999999997 0
1 0 0.680232 0.105504 0.704468 0.092664 0.583136 0 0.569004 0 0.680232