1 1 0.591692 0.9669320000000001 0.602652 0.913864 0.645628 0.902388 0.653908 0.677252 0.746328 0.8292719999999999 0.871692 1 0.733436 1 0.591692
1 1 0.327088 0.9351520000000001 0.246604 0.7715799999999999 0.363908 0.6057 0.381076 0.547744 0.385588 0.562336 0.399104 0.642172 0.453552 0.745412 0.581044 0.7622880000000001 0.5744480000000001 0.800588 0.624236 0.8240000000000001 0.603256 0.849944 0.6165879999999999 0.906476 0.599088 0.964548 0.593472 1 0.575064 1 0.327088
1 0.79786 0.639576 0.759908 0.586476 0.7407079999999999 0.593944 0.637816 0.46314 0.534148 0.387508 0.42744 0.39917199999999997 0.337384 0.406452 0.292948 0.500004 0.546764 0.819676 0.6190640000000001 0.7530479999999999 0.8256080000000001 0.6676040000000001 0.846292 0.661968 0.818628 0.627804 0.79786 0.639576
1 0.50948 0 0.5559160000000001 0.068896 0.6697 0.196936 0.792888 0.07092000000000001 0.736 0 0.50948 0
1 0.309772 0.132876 0.34886 0.233532 0.41853999999999997 0.32457199999999997 0.374532 0.34506000000000003 0.350132 0.364816 0.338924 0.397124 0.765884 0.35438000000000003 0.9292239999999999 0.239284 0.8009359999999999 0.084604 0.615212 0.26934 0.5359320000000001 0.296168 0.473344 0.22261999999999998 0.333316 0.030987999999999998 0.278592 0.084396 0.309772 0.132876
1 0.47941599999999995 0.212656 0.539796 0.285972 0.6096320000000001 0.258708 0.658952 0.20362 0.584016 0.11482 0.47941599999999995 0.212656
1 0.364644 0 0.338776 0.021516 0.472152 0.207428 0.57588 0.107268 0.5427839999999999 0.0664 0.4828 0.122044 0.396416 0 0.364644 0
1 0.41024399999999994 0 0.482712 0.10696399999999999 0.534152 0.058235999999999996 0.49414800000000003 0 0.41024399999999994 0
1 0 0.367208 0.28592 0.142088 0.252564 0.0984 0 0.29626399999999997 0 0.367208
1 0.280628 0.468572 0.286316 0.435684 0.30668 0.417176 0.33264 0.3507 0.379988 0.31438 0.316284 0.177092 0.299112 0.154636 0.007732 0.38352400000000003 0.099844 0.494776 0.117368 0.5351239999999999 0.149592 0.573672 0.280628 0.468572
1 0.539328 0.826708 0.282348 0.5106080000000001 0.190444 0.599172 0.090252 0.655056 0.31663600000000003 0.93836 0.485796 0.8741 0.539328 0.826708
1 0.615496 0.7923 0.7654799999999999 0.926376 0.8233159999999999 0.880552 0.670952 0.7585040000000001 0.615496 0.7923
1 0.5035160000000001 0.886008 0.60054 0.9983359999999999 0.736172 0.94506 0.583748 0.81296 0.5035160000000001 0.886008
1 0.577116 1 0.487132 0.893216 0.31908 0.957592 0.266708 1 0.577116 1
1 0 0.6591 0.060351999999999996 0.6156360000000001 0.07772799999999999 0.630856 0.142764 0.5802080000000001 0.10746 0.5391079999999999 0.091796 0.5023 0.0033759999999999997 0.393112 0 0.39578 0 0.6591
1 0.0029839999999999997 0.678252 0.25836800000000004 0.993624 0.309956 0.9488200000000001 0.0648 0.642332 0.0029839999999999997 0.678252