1 0.9245474687499999 0.624345753125 0.6903140078125001 0.687013053125 0.8254275625 0.82318985625 0.84714529375 0.820017434375 0.9788708906249999 0.737796453125 0.9832100234375 0.5886701125 0.9368043796875 0.6176368125 0.9245474687499999 0.624345753125
1 0.5298499718749999 0.3339605140625 0.5381698046875 0.3447500984375 0.6047218875 0.40625342187499996 0.6793870125 0.5436143125 0.69706983125 0.5382733 0.7242717812499999 0.5917549859375 0.75116486875 0.5723615765625001 0.7736628875 0.5879293703124999 0.8319800796875001 0.5746933859375 0.88321409375 0.573735 0.8923455203125 0.5724011234375 0.9274736875 0.5577879171875 0.961071940625 0.38730849843750004 0.95653268125 0.2760428375 0.9552891015625 0.2664063953125 0.9341937890625 0.227347090625 0.9116716859375 0.2306370125 0.7481161546874999 0.3257228359375 0.583822434375 0.32993278125000003 0.5293259140625 0.3298996125 0.5298499718749999 0.3339605140625
1 0.5449956578124999 0.37261809375 0.4385756265625 0.3823175453125 0.354157021875 0.3875903453125 0.3487851421875 0.38837504218749996 0.29704945625 0.4774833671875 0.298335753125 0.4874508296875 0.5077217890625 0.8097391828125 0.5087348281249999 0.809591203125 0.586834525 0.744194928125 0.8000078265624999 0.6618031875 0.8208245843749999 0.6565574171875 0.8207690921875 0.6561274109374999 0.7976836406250001 0.6213905671875 0.7758854703125 0.6328936234375 0.744580275 0.5784116499999999 0.724818296875 0.5855902484375 0.6384425921875 0.45119658281249997 0.5449956578124999 0.37261809375
1 0.488104690625 0.0935947203125 0.63455064375 0.1689877796875 0.6440428359375 0.1676012046875 0.70825494375 0.0168248578125 0.7074338453125 0.0104621984375 0.7035036671875 0.008186006249999999 0.5246119640625 0.0061044125 0.41919426875 0.0458012171875 0.488104690625 0.0935947203125
1 0.3558908640625 0.3013904796875 0.31012609062499996 0.3187780515625 0.2839254328125 0.336809515625 0.26960304218750003 0.3683100828125 0.6937002921875 0.35567882812499996 0.6994207953125 0.35484320468749997 0.869868834375 0.2532222875 0.8691894203125001 0.2479575421875 0.75965004375 0.0884035578125 0.5568373546875 0.2599904140625 0.475384996875 0.2812396546875 0.420407790625 0.20334976249999998 0.31480294999999997 0.02666465 0.2609128796875 0.034536653125 0.2404153734375 0.0515557140625 0.266638215625 0.10219096718750001 0.29558565 0.20552261718749998 0.3558908640625 0.3013904796875
1 0.5598918281249999 0.261464525 0.6047287953125 0.2060664640625 0.6043344484375 0.20301069218749998 0.52501533125 0.1193902546875 0.42647382343749995 0.22079335625000002 0.4265390296875 0.22129862656250002 0.48834829218750003 0.28800998906249997 0.5048962218749999 0.2855927484375 0.5598918281249999 0.261464525
1 0.4060340546875 0.2212714171875 0.42812494531249995 0.2180444875 0.51234861875 0.138950315625 0.5115471203124999 0.1327395328125 0.47970709375 0.0949363203125 0.4211766828125 0.1475677609375 0.333191090625 0.0292995953125 0.28406426875 0.0324436265625 0.2714147515625 0.042550657812499997 0.4060340546875 0.2212714171875
1 0.4195854703125 0.0113585234375 0.33746116718749997 0.023354846874999998 0.40994237499999997 0.1183090765625 0.41062434843749995 0.1182094578125 0.45973101875 0.0631917421875 0.4195854703125 0.0113585234375
1 0 0.44520885468750004 0.007340724999999999 0.4653904546875 0.009894631249999999 0.4650173921875 0.19827455 0.1410159828125 0.19786859375000002 0.1378702359375 0.176741090625 0.125868296875 0.14335943281250002 0.1307445296875 0 0.376055971875 0 0.44520885468750004
1 0.1776719484375 0.6248138640625001 0.1879241359375 0.623316275 0.2896927828125 0.5089840765625 0.28809372031249997 0.4761161953125 0.304224075 0.4553332359375 0.3153429484375 0.3869713 0.341683715625 0.35874839375 0.3369172125 0.32181295625 0.260879096875 0.21964800312500002 0.238894378125 0.20001057812499998 0.000177659375 0.462299940625 0.1160784859375 0.5586505453124999 0.14235291249999998 0.5957099234375 0.1776719484375 0.6248138640625001
1 0.29844818906250004 0.963178584375 0.3017629625 0.962694378125 0.4746389234375 0.9151779140625 0.5329277078125 0.8737093687499999 0.53243114375 0.8698615203125 0.3288455140625 0.5361783375 0.3194648109375 0.5375486265625 0.223081875 0.6121546703125 0.11652170312500001 0.65854136875 0.1166014734375 0.6591595125 0.29844818906250004 0.963178584375
1 0.8556931859375 0.8165904203125001 0.67780730625 0.7456453890625 0.6340312156250001 0.7941502671875 0.8154156734375 0.8782109406249999 0.8161260890625 0.8781071656250001 0.8562651515624999 0.8210225484375 0.8556931859375 0.8165904203125001
1 0.7751332078125001 0.9022698374999999 0.773617159375 0.8905220343750001 0.6065865875 0.804715675 0.6017032796875 0.80542900625 0.542714584375 0.892356240625 0.662989403125 0.9776640249999999 0.6674072125 0.9770186921875 0.7751332078125001 0.9022698374999999
1 0.4553813765625 1 0.46181228281250003 0.9991747484375001 0.4790712640625 0.9966536390625 0.6049840234375 0.966940746875 0.6037243515624999 0.9571795953125 0.5451948843750001 0.900440990625 0.4745274640625 0.9107637484375 0.365149840625 0.9687297984375001 0.33416673750000003 1 0.4553813765625 1
1 0 0.6580198015625001 0.0060647453125 0.70501526875 0.007055310937500001 0.704870571875 0.0350348796875 0.6840357765625 0.050824439062500004 0.6984769875 0.051457965625000004 0.6983844453125 0.1180211828125 0.645240359375 0.11769375468750001 0.6427031421875 0.08723717187499999 0.6043046671875001 0.074499146875 0.567668575 0 0.46722930781249994 0 0.6580198015625001
1 0.3159727546875 1 0.343176609375 0.9960261906250001 0.36307429375 0.9651527171875 0.36286612812499996 0.9635396515625001 0.04101646875 0.739032075 0.0139953171875 0.7673851078125 0.0195106375 0.810123103125 0.2952258703125 1 0.3159727546875 1