1 0.3233994140625 0.39922996093749996 0.3230451921875 0.40129572343750003 0.34952321875000003 0.443520778125 0.40619556562500003 0.4508960734375 0.477909796875 0.7177612640625 0.47986472031250005 0.7181504796875 0.6853537890625 0.6537428000000001 0.6856750484374999 0.6518692749999999 0.6629258984375 0.5496223078125 0.6734816484375 0.4930069640625 0.6532867390625 0.434955871875 0.507892090625 0.2860324140625 0.49699480312500005 0.283862828125 0.3233994140625 0.39922996093749996
1 0.694370503125 0.9361480468750001 0.654251546875 0.69300481875 0.442124115625 0.7611698328125 0.44061632656249994 0.7699630015625 0.45209009843750003 0.901391321875 0.48583113750000007 0.9840341875 0.5012755624999999 0.9871090796875001 0.592934065625 0.9844420890625001 0.694065771875 0.9379251890625 0.694370503125 0.9361480468750001
1 0.25498648749999997 0.6923986234374999 0.416167171875 0.6416986062500001 0.4184894953125 0.628155228125 0.380729025 0.467665609375 0.343126421875 0.44853159375 0.24158005 0.4983036453125 0.1775454453125 0.52763259375 0.24388101875 0.690187590625 0.25498648749999997 0.6923986234374999
1 0.28210176875 0.9366235359375 0.33822585 0.93076261875 0.38185253124999996 0.8750634328125001 0.44351819687500005 0.8264866421875 0.4467496515625 0.8076413578125001 0.381573553125 0.6274214625 0.36877406874999996 0.6248731624999999 0.12417783906249999 0.8030786046875 0.21933119375 0.926220621875 0.2317204453125 0.9286872484375 0.28210176875 0.9366235359375
1 0.683578996875 0.09300668906250001 0.8029459921875001 0.03310255625 0.8030016828125 0.032777770312499996 0.7405470234375 0.0203434203125 0.6835570796875 0.02080484375 0.6828094921875 0.025164646875000002 0.6799628453125 0.092286734375 0.683578996875 0.09300668906250001
1 0.9204888562500001 0.07703926718750001 0.8908832875 0.06453951875 0.8896395609375001 0.0642919 0.6931673390624999 0.07957421875000001 0.7068715484375 0.1578742859375 0.710615225 0.1586196296875 0.9279290187499999 0.1416963953125 0.930484990625 0.12679041562499999 0.9204888562500001 0.07703926718750001
1 0.956004340625 0.1826816453125 0.9180521984375 0.1095738109375 0.9165811421875001 0.1092809328125 0.7236973203125 0.2170929171875 0.722713690625 0.222829271875 0.78491645 0.282777903125 0.78604950625 0.2830034875 0.9558223140625 0.18374319374999998 0.956004340625 0.1826816453125
1 0.132272496875 0.5364115875000001 0.13122941562499998 0.536203915625 0.047748612499999996 0.6051989734375 0.12682189531250002 0.7445470609375 0.1271929265625 0.74462093125 0.22395430625 0.6832407515625001 0.22562043437499998 0.6735241859375 0.132272496875 0.5364115875000001
1 1 0.5506758656249999 0.9900025921875001 0.5267965546875 0.7293534890625 0.6006180171875 0.728847115625 0.64567600625 0.7332084015625 0.6465443125 0.8779544984375001 0.60866305625 1 0.580379846875 1 0.5506758656249999
1 1 0.6393797593749999 0.9751497890625 0.63443223125 0.741265453125 0.7184964765624999 0.7411558687500001 0.7191355625 0.7516024812500001 0.8229720046875 0.7549405609375001 0.823636596875 0.9039157375 0.786440240625 0.9082348328125001 0.71986260625 1 0.6706127890625 1 0.6393797593749999
1 0.9608218468749999 0.8629405218749999 0.9602383250000001 0.832810059375 0.9278679328124999 0.8263653062499999 0.7578459953125 0.8288633671875001 0.74293485625 0.9211016453124999 0.7451886531249999 0.9215503640625 0.9673566703124999 0.888812921875 0.9706496187500001 0.869609034375 0.9608218468749999 0.8629405218749999
1 0.22136567812500002 0.3248700265625 0.2005887265625 0.352731303125 0.1507280609375 0.272962371875 0.13508543906249998 0.27746134375 0.21518605468750002 0.48793397812499995 0.2161907296875 0.4881340015625 0.31932840625000003 0.43410916562499996 0.3251869203125 0.39994335 0.19633763906249999 0.09287170312500001 0.1939578390625 0.0923979 0.0830868875 0.1491334234375 0.07062170625 0.22448886406250002 0.140651403125 0.19050021718750001 0.22136567812500002 0.3248700265625
1 0.96764831875 0.477680915625 0.967876228125 0.47635178125 0.899140871875 0.301560009375 0.7787547546875 0.314840465625 0.7779555546875 0.31950126874999996 0.874988265625 0.5115163265625 0.898914115625 0.5162798203125 0.96764831875 0.477680915625
1 0.07544229375 0.5758171921875 0.077436765625 0.5762142781249999 0.1933183515625 0.4896940953125 0.1972817015625 0.46658052968749997 0.08873978593750001 0.3041319125 0.0838435265625 0.30315709687500003 0.0471738921875 0.32619910625 0.0347872453125 0.4316345484375 0.0364826921875 0.5029765875 0.07544229375 0.5758171921875
1 0.759625853125 0.59157368125 0.8582415671874999 0.5481013390625 0.8651039671874999 0.5080810296875 0.7654864640625 0.3216997109375 0.6896793578125 0.24654112343749998 0.597020571875 0.2985019203125 0.7363787453125 0.4879689890625 0.742311096875 0.588126415625 0.759625853125 0.59157368125