1 0.671632 0.673164 0.642232 0.569456 0.649108 0.511976 0.6254839999999999 0.45434 0.46646 0.304892 0.295904 0.43301999999999996 0.325628 0.47571599999999997 0.382136 0.48076800000000003 0.470152 0.747532 0.671632 0.673164
1 0.6057 1 0.733536 0.9304119999999999 0.679392 0.687756 0.47073200000000004 0.770624 0.490852 0.909688 0.533656 1 0.6057 1
1 0.349412 0.502848 0.30944 0.493684 0.21794799999999998 0.568068 0.15992 0.6129640000000001 0.254168 0.759412 0.417152 0.661052 0.349412 0.502848
1 0.34014 1 0.390172 0.9491799999999999 0.465704 0.9019999999999999 0.41796 0.693384 0.143696 0.8509119999999999 0.233 1 0.34014 1
1 0.5789799999999999 0 0.580872 0.075576 0.723012 0 0.5789799999999999 0
1 0.7664839999999999 0 0.58778 0.092964 0.624636 0.16228800000000002 0.8299239999999999 0.055472 0.798532 0 0.7664839999999999 0
1 0.837684 0.07006799999999999 0.637872 0.173972 0.701472 0.24077600000000002 0.873808 0.146804 0.837684 0.07006799999999999
1 0.050187999999999997 0.697048 0.12390799999999999 0.8356920000000001 0.22948400000000002 0.770196 0.13717600000000002 0.627396 0.050187999999999997 0.697048
1 0.708948 0.5761040000000001 0.71472 0.6221720000000001 0.8569000000000001 0.541896 0.9846 0.473996 0.9567 0.430328 0.708948 0.5761040000000001
1 1 0.563704 0.7477 0.684196 0.773456 0.789844 0.917296 0.739104 0.9119120000000001 0.671764 1 0.61112 1 0.563704
1 1 0.7834559999999999 0.980204 0.778196 0.9663919999999999 0.74342 0.778652 0.812824 0.797616 0.9057000000000001 1 0.798092 1 0.7834559999999999
1 0 0.33839199999999997 0.0631 0.29003999999999996 0.16395200000000001 0.40490000000000004 0.148112 0.43672000000000005 0.086336 0.368948 0.07174 0.376708 0.18464799999999998 0.567052 0.29244400000000004 0.47931999999999997 0.10103599999999999 0.180948 0 0.26166 0 0.33839199999999997
1 0.848488 0.464468 0.9302360000000001 0.40696000000000004 0.848408 0.23986800000000003 0.7270800000000001 0.266936 0.848488 0.464468
1 0 0.603296 0.037691999999999996 0.677952 0.169316 0.582228 0.054816 0.402088 0 0.43563599999999997 0 0.603296
1 0.62226 0.22598400000000002 0.531616 0.297404 0.682284 0.45309600000000005 0.6948559999999999 0.56074 0.8308960000000001 0.470544 0.702724 0.28324 0.62226 0.22598400000000002