1 0.29971536875 0.1284601765625 0.395365725 0.18894770624999999 0.417809834375 0.2031382578125 0.455899378125 0.238781525 0.473246721875 0.23807625312499997 0.48730712656249997 0.199241328125 0.4921870140625 0.1857559109375 0.5821205703125 0.1433893296875 0.64594715625 0.1222692828125 0.68330136875 0.14132235312500002 0.7011167375 0.10230053750000001 0.7331291125 0.11863480156249999 0.77437655 0.1709458828125 0.829163634375 0.1916774765625 0.8492158390625001 0.1605936796875 0.8492615375 0.15863469218749998 0.5491437312499999 0.00684675 0.2640871109375 0.00684675 0.237598140625 0.10127247343750001 0.23676780625 0.13686737499999999 0.27371464843750004 0.165711771875 0.29971536875 0.1284601765625
1 0.34180524375 0.179527771875 0.3195504828125 0.23094834843749998 0.1936473578125 0.15965576875 0.1522700859375 0.235256221875 0.4093987265625 0.34244450312499997 0.4183461734375 0.3944942046875 0.40230201406250005 0.4781737046875 0.46879876249999997 0.5123586421875 0.37159425156250003 0.7250457484374999 0.44606068125 0.7843218249999999 0.40522895312499996 0.8578813875 0.3292493890625 0.843297453125 0.26755659062500003 0.8850076874999999 0.2139257890625 0.8811396640625 0.13042976875 0.9100930921874999 0.444594959375 0.9723237375 0.47605052968750006 0.9710448812499999 0.446802203125 0.906561309375 0.7363085734375 0.7372155328125001 0.7194430859375001 0.7061285625 0.7233151890625 0.668317459375 0.8152284234374999 0.6002780890625 0.7191594265625 0.3869092015625 0.8383551562499999 0.31125188593750003 0.87252685625 0.23350499687499998 0.8731085609375 0.2085683875 0.6981867796875 0.1294280109375 0.5835734609375 0.1340877203125 0.54491274375 0.167105165625 0.5415272828125001 0.2499934375 0.44122861406249997 0.2007535296875 0.34180524375 0.179527771875
1 0 0.8142534296875 0.067252875 0.8563908765624999 0.1973561046875 0.8575954359375 0.2060538234375 0.8572418234375 0.3050227375 0.7035138796875 0.2944439984375 0.5238782046875 0.34917340937499997 0.47059988593749996 0.36088446093750004 0.3873725046875 0.360903059375 0.3865752390625 0.221142384375 0.3828475953125 0.1634462625 0.3922308625 0 0.36990206875 0 0.8142534296875
1 0.6472472671875 0.91105331875 0.6473158515625 0.9081132765625 0.6290273015625 0.8374079 0.4322068828125 0.936286915625 0.43203866093750004 0.9434983046875001 0.46356648749999996 0.9949486859375 0.5209047140624999 0.9926175484374999 0.6472472671875 0.91105331875
1 0.76270044375 0.6240445640625001 0.8504259515625 0.5778109984375 0.8504472937499999 0.5768960625 0.8171717171875 0.402060165625 0.806316225 0.40250150625 0.7431031124999999 0.4231116015625 0.7429450375 0.42988797968750003 0.7616998609375 0.6240852421875001 0.76270044375 0.6240445640625001
1 0.9631734828124999 0.476860715625 0.970096725 0.47373755781250004 0.972109925 0.38743541875 0.9649731812500001 0.38772556874999997 0.85014275625 0.453599190625 0.9162740609375 0.5569561859375 0.8209970875 0.6415342796875 0.8623907734375 0.6886205750000001 0.8631547375 0.688589515625 0.9249796390625 0.6151270203125 0.9182985984375 0.594028075 0.9306642109375 0.57363595 0.960231884375 0.574959940625 0.967655821875 0.549510275 0.9687789984374999 0.5302260578125 0.9696279156250001 0.49383456406250004 0.9631734828124999 0.476860715625
1 0.641957284375 0.10361105156249999 0.843270878125 0.23551058593750002 0.8450696671875001 0.2354374546875 0.87572069375 0.16360428124999998 0.8758903828125 0.156330021875 0.7727911421875 0.111031928125 0.73679329375 0.0701471640625 0.7317947609375001 0.07035038437499999 0.7191579109374999 0.09996565156250001 0.671173934375 0.0902650640625 0.641957284375 0.10361105156249999
1 0.829656990625 0.32891318593749996 0.9261658 0.336643684375 0.941957690625 0.3360016515625 0.9609474765625 0.3146494453125 0.9771115359375001 0.2400387265625 0.97852906875 0.1792716984375 0.938477565625 0.13495620625 0.8852657640625001 0.24063430000000002 0.8296626296875 0.32867144375 0.829656990625 0.32891318593749996
1 0.428718009375 0.5620818125 0.3741729265625 0.5072617312500001 0.3730554484375 0.5073071625 0.347961165625 0.5285446687500001 0.34116965625 0.57299804375 0.33906771875 0.663104240625 0.33958885 0.6630830546875 0.42868111875 0.563663246875 0.428718009375 0.5620818125
1 0.31760740468750004 0.36620980937500003 0.31800117656250004 0.3493295265625 0.11670876875 0.271623225 0.08571028750000001 0.3537273921875 0.16657330312500002 0.3800036109375 0.1917034828125 0.3789819203125 0.236594725 0.35889979375 0.31760740468750004 0.36620980937500003
1 0.6535121515625 0.953356340625 0.6809094515624999 0.9876721609375 0.75411045 0.9846961078125 0.8428360250000001 0.970190403125 0.8437340421874999 0.9316941109375 0.769016446875 0.8428440546875 0.6535121515625 0.953356340625
1 0.9263538734375001 0.740595590625 0.9265912437500001 0.7304199437500001 0.89481154375 0.7074609390625 0.88895378125 0.707699090625 0.8080724546875 0.8109188656249999 0.8464831421874999 0.91387135 0.8474848421875001 0.9138306249999999 0.9263538734375001 0.740595590625
1 0.632977284375 0.98667536875 0.624012090625 0.959602621875 0.5659724875000001 0.9829353359375 0.5920774421874999 0.98972395625 0.6329449265625 0.9880624515624999 0.632977284375 0.98667536875
1 0.1838038078125 0.1379461484375 0.1022123140625 0.0915225890625 0.018416471875 0.3190854796875 0.0669333375 0.33258280625 0.0709989421875 0.3324175140625 0.183463571875 0.15253140468749998 0.1838038078125 0.1379461484375