1 0.26358000000000004 0 0.263744 0.18429199999999998 0.316948 0.20924399999999999 0.332172 0.168404 0.442724 0.208424 0.46866399999999997 0.21781199999999998 0.5317040000000001 0.253952 0.535776 0.20080399999999998 0.53684 0.186884 0.61338 0.12892399999999998 0.670172 0.09640800000000001 0.712084 0.107636 0.718788 0.066652 0.754708 0.07628 0.809624 0.11879999999999999 0.8691039999999999 0.12832 0.8807280000000001 0.092932 0.529352 0 0.26358000000000004 0
1 0.486168 1 0.456628 0.933292 0.7442759999999999 0.7857719999999999 0.72728 0.7534080000000001 0.73092 0.715884 0.82216 0.654772 0.725136 0.434124 0.8435320000000001 0.367452 0.886236 0.27194799999999997 0.631396 0.137352 0.550132 0.20114 0.5472400000000001 0.283784 0.446956 0.226968 0.347708 0.198236 0.32582 0.24798399999999998 0.19988 0.16718 0.15906800000000001 0.239668 0.416048 0.366276 0.425272 0.419008 0.409764 0.5014879999999999 0.47626 0.540696 0.38058800000000004 0.746076 0.45517599999999997 0.81098 0.414896 0.8814679999999999 0.33906000000000003 0.861148 0.27779600000000004 0.898208 0.224304 0.890292 0.141228 0.9129479999999999 0.45883599999999997 1 0.486168 1
1 0 0.7597 0.12387600000000001 0.841992 0.262544 0.8513400000000001 0.353756 0.70252 0.333744 0.52176 0.385708 0.471516 0.39312800000000003 0.387944 0.253 0.376064 0.195764 0.382116 0.02292 0.348636 0 0.438096 0 0.7597
1 0.565552 1 0.690488 0.914672 0.665156 0.8415760000000001 0.47352 0.9420959999999999 0.514128 1 0.565552 1
1 0.9120799999999999 0.582608 0.814588 0.419592 0.749332 0.45558 0.840408 0.642548 0.9120799999999999 0.582608
1 1 0.41291200000000006 0.986688 0.407952 0.8702880000000001 0.47515599999999997 0.9387040000000001 0.579048 0.845572 0.663184 0.888372 0.711012 0.9487479999999999 0.637352 0.941588 0.616184 0.9534560000000001 0.595836 0.983 0.597336 0.9990439999999999 0.537464 0.983652 0.499116 1 0.49173600000000006 1 0.41291200000000006
1 0.655096 0.128732 0.8790720000000001 0.250776 0.900464 0.17094800000000002 0.7873840000000001 0.129952 0.740988 0.087576 0.731896 0.12150399999999999 0.682284 0.114144 0.655096 0.128732
1 1 0.19239599999999998 0.996256 0.19661599999999999 0.9393480000000001 0.15356 0.9094 0.26532 0.8732200000000001 0.360436 0.9846280000000001 0.351784 1 0.325924 1 0.19239599999999998
1 0.456408 0.5490039999999999 0.386672 0.50708 0.367608 0.53346 0.38669600000000004 0.683264 0.456408 0.5490039999999999
1 0.14382 0.253328 0.10324 0.333992 0.19366 0.368944 0.25336400000000003 0.34618000000000004 0.342424 0.3585 0.34382799999999997 0.344032 0.14382 0.253328
1 0.873312 1 0.8800359999999999 0.970872 0.814532 0.861876 0.684068 0.952656 0.710924 1 0.873312 1
1 0.946552 0.74702 0.9037000000000001 0.724108 0.83864 0.838944 0.8939959999999999 0.9370559999999999 0.946552 0.74702
1 0.683604 1 0.66018 0.962584 0.60956 1 0.683604 1
1 0.197576 0.123404 0.106492 0.079404 0.039051999999999996 0.31280399999999997 0.091668 0.32364000000000004 0.197576 0.123404