1 0.853304 0.8384159999999999 0.8671279999999999 0.843304 0.977688 0.68404 0.91866 0.6657040000000001 0.8068440000000001 0.6037 0.8265040000000001 0.715208 0.81158 0.767996 0.8721479999999999 0.79508 0.853304 0.8384159999999999
1 0.65502 0.634416 0.7847120000000001 0.6763600000000001 0.7815719999999999 0.594632 0.554148 0.465092 0.490344 0.57948 0.41624 0.772896 0.576168 0.740184 0.602016 0.7429560000000001 0.65502 0.634416
1 0.715008 0.67738 0.65984 0.652164 0.622208 0.736012 0.775436 0.796352 0.7958999999999999 0.7014400000000001 0.715008 0.67738
1 0.36634 0.755204 0.379848 0.735916 0.375156 0.7220880000000001 0.39650799999999997 0.69296 0.41978799999999994 0.693928 0.43457999999999997 0.65638 0.459476 0.577032 0.5365960000000001 0.45183999999999996 0.47248799999999996 0.417496 0.42482800000000004 0.49240000000000006 0.348508 0.4495 0.226296 0.68014 0.36634 0.755204
1 0.21812800000000002 0.704124 0.179984 0.772284 0.20724 0.846944 0.27323200000000003 0.7321679999999999 0.21812800000000002 0.704124
1 0 0.754836 0.11728000000000001 0.8385719999999999 0.153976 0.781076 0.07244 0.51396 0.073664 0.498524 0.055984 0.49093600000000004 0 0.566216 0 0.754836
1 0.16204000000000002 0.795172 0.129304 0.8460319999999999 0.185436 0.886296 0.16204000000000002 0.795172
1 0.201672 0.67152 0.203476 0.630624 0.27949999999999997 0.515208 0.17205600000000001 0.44285199999999997 0.159132 0.44626 0.103948 0.52644 0.171636 0.708944 0.201672 0.67152
1 0.87736 0.319616 0.7142999999999999 0.21310400000000002 0.574408 0.426576 0.799264 0.554316 0.877152 0.44308 0.906868 0.3719 0.87736 0.319616
1 0.69514 0.20352 0.57008 0.120744 0.421444 0.34534 0.49114399999999997 0.382644 0.506964 0.366892 0.5664399999999999 0.394164 0.69514 0.20352
1 0.40993199999999996 0.33440400000000003 0.546608 0.11868399999999998 0.43479599999999996 0.047099999999999996 0.41396 0.044008000000000005 0.34250400000000003 0.159748 0.29722 0.264104 0.40993199999999996 0.33440400000000003
1 0.243676 0 0.238868 0.0066879999999999995 0.185728 0.168792 0.198716 0.18171600000000002 0.198584 0.20654 0.275484 0.25272 0.290792 0.23086 0.407404 0.026004 0.370268 0 0.36374 0 0.357184 0.0032960000000000003 0.35142 0 0.243676 0
1 0 0.45601200000000003 0.027828000000000002 0.41756000000000004 0.049187999999999996 0.350108 0.044176 0.312104 0.061160000000000006 0.264588 0 0.35061200000000003 0 0.45601200000000003
1 0.40189199999999997 0.371892 0.35860400000000003 0.43644800000000006 0.418916 0.47484400000000004 0.463168 0.406176 0.40189199999999997 0.371892
1 0.119788 0.376548 0.13639600000000002 0.250192 0.096456 0.292176 0.073744 0.399884 0.06435199999999999 0.42013999999999996 0.09071599999999999 0.438596 0.119788 0.376548