1 0.7367232031250001 0.8645718515624999 0.74858231875 0.8700765562500001 0.7497692515625001 0.8702396609375 0.875509184375 0.7290870921875 0.8785608734375 0.71689516875 0.8291877359375001 0.6964273703125 0.7293060875 0.6258487109375 0.7304570078125 0.7390782828125 0.707165271875 0.79085168125 0.762329328125 0.8225665421875 0.7367232031250001 0.8645718515624999
1 0.5071079171874999 0.7444718953125 0.5841391296875 0.6498455265625 0.685829965625 0.715173203125 0.70635023125 0.633191853125 0.5304793390625 0.45862697812500003 0.441774646875 0.5564647390624999 0.3247598921875 0.72847400625 0.3393017140625 0.7304722859375 0.48331535 0.735594134375 0.5071079171874999 0.7444718953125
1 0.66177419375 0.786007090625 0.6641304390625 0.7863308765625 0.6977003140625 0.6991197812500001 0.699586553125 0.6915839890625 0.62112354375 0.6764624593749999 0.5775895875 0.6607327921875 0.567242446875 0.659310928125 0.5263329031249999 0.7262990453125 0.521676415625 0.744902365625 0.66177419375 0.786007090625
1 0.2583656890625 0.7081284953125 0.26860709531250004 0.7010891703125 0.2696545828125 0.6863058390625 0.3001563828125 0.6662727453125 0.3208742078125 0.67546914375 0.3486593921875 0.6451175671875 0.4016120765625 0.578714646875 0.514094259375 0.49154318750000003 0.516146065625 0.48334593750000004 0.47452131406250003 0.4320332390625 0.40264997343750003 0.486126509375 0.349949865625 0.41829970781250003 0.150877821875 0.5935868640625 0.24191805624999999 0.705868325 0.2583656890625 0.7081284953125
1 0.186105628125 0.6851217109375 0.1425604734375 0.6463325156249999 0.09067290781250001 0.704700490625 0.0992632515625 0.784055875 0.100161590625 0.7841793218750001 0.1845178984375 0.6914649171875 0.186105628125 0.6851217109375
1 0 0.732897540625 0.011173306249999999 0.7252249234375 0.0115510109375 0.7237159421875 0.0648014765625 0.4464661625 0.0731868625 0.43242548125 0.061009421875000004 0.41916609843749997 0 0.455622628125 0 0.732897540625
1 0.050618045312500005 0.7247196 0.0152169609375 0.7776313171875 0.0149316796875 0.77877105625 0.0680950421875 0.81151745 0.0686484234375 0.8093066171875 0.050618045312500005 0.7247196
1 0.108610646875 0.64586848125 0.14048260625 0.6121504812499999 0.1475304328125 0.5711706015625 0.236273809375 0.45959653749999996 0.236827153125 0.4573858484375 0.14062678125 0.3816413578125 0.1274072234375 0.384614903125 0.062682975 0.46297003124999997 0.0625709953125 0.4634174046875 0.10519609062499999 0.6453992671875 0.108610646875 0.64586848125
1 0.8120788953125 0.55497075625 0.8705686343749999 0.447670528125 0.8953902765624999 0.348504571875 0.8677892125 0.309662659375 0.7004069203125 0.2299285640625 0.6966230390625 0.229408596875 0.5781198609375 0.4626344609375 0.8089414546875 0.5545396203124999 0.8120788953125 0.55497075625
1 0.5646539203125001 0.3831018140625 0.7147418796875 0.2671409890625 0.7205177234375 0.2440656765625 0.640129815625 0.13192955625 0.43408514218749994 0.2943044921875 0.4864157140625 0.35500560000000003 0.5058142343750001 0.34554565312499996 0.5388561296875001 0.37955678125 0.5646539203125001 0.3831018140625
1 0.3875120453125 0.2898252828125 0.6058157093750001 0.143925259375 0.6063310859375 0.14186625625 0.5425645203125 0.0346694015625 0.5256718593749999 0.0239819640625 0.4076487421875 0.10466834375 0.3181059796875 0.18459956718749998 0.382116525 0.2890838515625 0.3875120453125 0.2898252828125
1 0.29834734375 0 0.2445365484375 0.08058984375 0.2347856671875 0.11954599375 0.2355651296875 0.1207689109375 0.2309507453125 0.1348670421875 0.22823993125 0.14569713125 0.28617296406250003 0.1941402796875 0.290554165625 0.19474232656249998 0.310822009375 0.1760299171875 0.47525717343749996 0 0.29834734375 0
1 0 0.3577642203125 0.0221741515625 0.3324309921875 0.0550633953125 0.264664553125 0.056181342187500004 0.22763122187499998 0.079127878125 0.183952371875 0.07970603750000001 0.1816425453125 0.015878678125 0.25556773125 0 0.3190052859375 0 0.3577642203125
1 0.44667562656250004 0.3969947828125 0.44677824062499993 0.396584828125 0.4063271859375 0.342740025 0.3405710875 0.3879873828125 0.3404075859375 0.3886405984375 0.37452525 0.44033756406249996 0.384086534375 0.44165143906250004 0.44667562656250004 0.3969947828125
1 0.089306953125 0.3626689625 0.0968936171875 0.3637114921875 0.1290045328125 0.30466504687499996 0.12920951249999998 0.3038461265625 0.15601484999999998 0.17741095625 0.11294471718750002 0.219689834375 0.0814862515625 0.32808974687500003 0.07129711562499999 0.34699257656250004 0.0708566 0.34875250156250004 0.089306953125 0.3626689625