1 0.8837998609375 0.8906800046875001 0.7973894078125 0.9084909359375001 0.749255390625 0.8988241374999999 0.7375033296875 0.9317693312499999 0.737461775 0.9341470468749999 0.8010931859375001 0.9738553296875001 0.8288566578125 0.9728858078125 0.883790178125 0.89123400625 0.8837998609375 0.8906800046875001
1 0.9146196874999999 0.8354353765625 0.97023885625 0.69184349375 0.9703272640625 0.6867847203124999 0.8985434453125001 0.6978710640625 0.8032361031249999 0.7285351265625 0.82569190625 0.750333878125 0.860618771875 0.8616147296875001 0.866324565625 0.8618137375 0.9146196874999999 0.8354353765625
1 1 0.2710356734375 0.934599915625 0.355927153125 0.8582777437500001 0.382641559375 0.8580604890625001 0.3950729140625 0.8611655359375 0.402288196875 0.857877571875 0.40553946874999997 0.8571686734374999 0.446102725 0.8645859281250001 0.4661996359375 0.8673243046874999 0.466295146875 1 0.44366210625 1 0.2710356734375
1 0.27277469375 0.8520559390625 0.27433094375 0.8521102171875 0.307100309375 0.7695017234375 0.311529203125 0.7638627828125 0.31210715 0.73079255 0.2882412265625 0.73206225 0.263968415625 0.724108759375 0.026084375 0.437018340625 0.02607035 0.4378209015625 0.029974775 0.5719527906249999 0.033405314062500004 0.637411365625 0.061129184375 0.7854007359375 0.27277469375 0.8520559390625
1 0.9320232265625 0.1914440640625 0.8801528359375 0.1256613265625 0.72052753125 0.0422821 0.8439971312500001 0.22940022187500003 0.8688024921874999 0.2302653890625 0.9319050015625001 0.19820900156250001 0.9320232265625 0.1914440640625
1 1 0.22999155937500002 0.96112253125 0.199743771875 0.845354040625 0.2536309671875 0.8729796453124999 0.3268602953125 0.7442318953125 0.3676194890625 0.7442092859375 0.3689131046875 0.7573128687499999 0.39053933125 0.7762292265624999 0.3911991015625 0.9342910703125 0.3613005421875 1 0.2687207296875 1 0.22999155937500002
1 0.34428135000000004 0.9693079718750001 0.3740012703125 0.975972378125 0.4017473890625 0.9769401125 0.434309034375 0.9773186953125 0.49095943125 0.9548228796875 0.5350409140625 0.9537744937499999 0.7252266484375001 0.91768193125 0.7252450890625 0.9166267343750001 0.6903019140625 0.8866138078124999 0.6026379015625001 0.8835562421875001 0.482242328125 0.890308415625 0.41488101562499996 0.9152914203125 0.34433740468749996 0.9661005421875 0.34428135000000004 0.9693079718750001
1 0.8455556140624999 0.302348 0.8287021812500001 0.2603663203125 0.72198696875 0.296191353125 0.7368966984374999 0.338233321875 0.7475571140625 0.3386051390625 0.8454554906249999 0.308077034375 0.8455556140624999 0.302348
1 0.286813846875 0.9088298859374999 0.318137190625 0.8524070375000001 0.3612937734375 0.782570125 0.3613314671875 0.780413296875 0.2791699796875 0.8064209734375 0.2570682796875 0.8361754906250001 0.2405742875 0.8828290031250001 0.24029842812500002 0.8986136671875 0.2784477421875 0.9085380921875 0.286813846875 0.9088298859374999
1 0.16852040937499999 0.0528203453125 0.057961521875 0.30313744531250003 0.05642786875 0.3908933515625 0.1466507875 0.5334030249999999 0.1486865515625 0.53347403125 0.3873506671875 0.45600215625 0.387377159375 0.45448616093750005 0.2890092609375 0.32714593125 0.222129865625 0.214020334375 0.1665541703125 0.226940425 0.14300018125 0.2221906234375 0.1685281328125 0.05282061406250001 0.16852040937499999 0.0528203453125
1 0.6672185374999999 0 0.6612644015625 0.0061436921875 0.6612217859375 0.00858213125 0.6742167703125 0.052710167187500004 0.6977434546875 0.036593134375 0.7701244265625 0.23620438593749998 0.774570478125 0.23635945781249998 0.7935877640625 0.2305724546875 0.7936631078125 0.22626132499999999 0.7218670484375 0.014798520312499999 0.6973068328124999 0 0.6672185374999999 0
1 0.4253315234375 0 0.43014557968749995 0.04385211875 0.5272876375 0.0698259765625 0.5936574109375 0.0721408375 0.599388978125 0.056822340625 0.599470596875 0.052152168750000005 0.556647215625 0.0322805625 0.57221828125 0 0.4253315234375 0
1 0.5808133078125 0.1344538078125 0.58156928125 0.091196909375 0.4480536421875 0.06591860000000001 0.48715767187500003 0.1547806265625 0.5087438843750001 0.15301295312500002 0.5126430937500001 0.1584319890625 0.5311111515625 0.159076121875 0.5808133078125 0.1344538078125
1 0.253245153125 0.067674690625 0.3786347578125 0.26163623281250004 0.4054629328125 0.2625719515625 0.4395024515625 0.24854246406249997 0.4396493921875 0.240134634375 0.407018165625 0.20585123906249997 0.399436953125 0.18132968124999999 0.387467696875 0.100566315625 0.37393873125 0.0571272296875 0.3196675828125 0.05661055 0.253245153125 0.067674690625
1 0.41209412968750003 0.464488596875 0.5270252 0.4355441046875 0.527064478125 0.43329660312499996 0.46460454218749997 0.3128087109375 0.45307777031249996 0.312406678125 0.341026303125 0.3428930171875 0.34097704218749997 0.3457117203125 0.407982440625 0.4643451890625 0.41209412968750003 0.464488596875
1 0.2943562609375 0.6573771140625 0.47064090937499997 0.6164779375 0.4706570421875 0.615554840625 0.45929382187499995 0.5895348421875 0.3950756671875 0.5943653890625 0.259034903125 0.632640734375 0.259009296875 0.63410588125 0.280946528125 0.6569094062499999 0.2943562609375 0.6573771140625
1 0.6147550515625 0.61069525 0.61489628125 0.6026140203125 0.604818275 0.5821198390625 0.5929123640625 0.5817045828125 0.5014705546875 0.6156961421875 0.51144624375 0.64306049375 0.5192370375 0.6433322218749999 0.6147550515625 0.61069525
1 0.605569609375 0.649470253125 0.5703056140625 0.6542280171875 0.5556415453125 0.7681146875 0.5572962109375 0.7681724 0.6330988828125 0.725469878125 0.6344095000000001 0.6504761375 0.605569609375 0.649470253125
1 0.387257221875 0.7536067421875 0.3774442296875 0.761935546875 0.37727590625 0.7715670296875 0.41210823750000003 0.7906800234375 0.4336804359375 0.821708640625 0.44165646562500005 0.8219868296874999 0.49235049999999997 0.8148349578125 0.49539723281250003 0.795605575 0.4976475359375 0.7729869171875 0.49778759062500005 0.764972871875 0.488323571875 0.684361775 0.48325391093750003 0.6841849546875001 0.46963036249999995 0.7146952421874999 0.43453113749999994 0.7369572875 0.3926871078125 0.7323189984375 0.387257221875 0.7536067421875
1 1 0.45719703906250003 0.9734203640624999 0.4592183921875 0.7994203 0.5198408578125 0.8578329765625 0.6238728 0.8673022953125 0.624203071875 0.9263144328124999 0.60014909375 0.917346284375 0.5796395000000001 0.9430405640625 0.5749145999999999 1 0.5618228968750001 1 0.45719703906250003