1 0.7768919999999999 0.9154680000000001 0.728232 0.913688 0.720196 0.950308 0.8087880000000001 0.988368 0.8603719999999999 0.883656 0.7768919999999999 0.9154680000000001
1 0.9570399999999999 0.693928 0.882208 0.701824 0.78396 0.727884 0.804244 0.7506120000000001 0.828764 0.86578 0.884692 0.8394 0.9570399999999999 0.693928
1 1 0.24792399999999998 0.913708 0.36206 0.833808 0.38684799999999997 0.842136 0.40525200000000006 0.82792 0.419252 0.847992 0.47019200000000005 0.99556 0.451564 1 0.451348 1 0.24792399999999998
1 0 0.8004519999999999 0.197884 0.8983760000000001 0.245728 0.821852 0.26206399999999996 0.80716 0.272804 0.78608 0.234036 0.7822600000000001 0.21154799999999999 0.7708 0 0.401032 0 0.8004519999999999
1 0.692496 0.045767999999999996 0.807436 0.2371 0.896672 0.190516 0.8464 0.122416 0.692496 0.045767999999999996
1 0.72652 0.39590800000000004 0.902492 0.352804 0.98948 0.230724 0.93406 0.190096 0.8165039999999999 0.250572 0.84206 0.322012 0.7111959999999999 0.3704 0.72652 0.39590800000000004
1 0.47244 0.9710000000000001 0.51614 0.975564 0.7081000000000001 0.96362 0.6668160000000001 0.919572 0.468708 0.9053720000000001 0.40015599999999996 0.92178 0.322936 0.9656319999999999 0.394692 0.991572 0.47244 0.9710000000000001
1 0.692636 0.306064 0.709232 0.349928 0.818196 0.30631200000000003 0.7987879999999999 0.26102 0.692636 0.306064
1 0.301728 0.8787079999999999 0.35863999999999996 0.815652 0.271792 0.82628 0.244796 0.851472 0.21262799999999998 0.9076599999999999 0.25972 0.929884 0.301728 0.8787079999999999
1 0.268964 0.362808 0.20708000000000001 0.244536 0.151288 0.253284 0.12806 0.24675600000000003 0.160368 0.07911599999999999 0.029987999999999997 0.34194800000000003 0.0219 0.385624 0.119336 0.559184 0.362456 0.498956 0.268964 0.362808
1 0.6756599999999999 0.033652 0.626444 0.012116 0.612892 0.031764 0.636544 0.075676 0.656432 0.057488 0.773492 0.24813200000000002 0.7961400000000001 0.238428 0.6756599999999999 0.033652
1 0.393124 0 0.397544 0.05834399999999999 0.554576 0.09409999999999999 0.568236 0.060343999999999995 0.52464 0.041676000000000005 0.545876 0 0.393124 0
1 0.47915599999999997 0.179588 0.549932 0.14838400000000002 0.553064 0.107492 0.42066400000000004 0.078976 0.44961599999999996 0.168076 0.471492 0.166832 0.47915599999999997 0.179588
1 0.366636 0.22669999999999998 0.363296 0.201988 0.36532 0.121588 0.35930399999999996 0.077804 0.30501999999999996 0.07316 0.236552 0.078988 0.333008 0.289228 0.398056 0.269264 0.366636 0.22669999999999998
1 0.314068 0.368088 0.39356 0.49002 0.510184 0.459164 0.434248 0.33373200000000003 0.314068 0.368088
1 0.437092 0.609564 0.37286800000000003 0.614016 0.23502800000000001 0.651768 0.260216 0.6787639999999999 0.448176 0.636456 0.437092 0.609564
1 0.475064 0.625372 0.48047199999999995 0.656452 0.591368 0.636836 0.581744 0.603608 0.475064 0.625372
1 0.542416 0.673852 0.531668 0.788752 0.6131599999999999 0.739992 0.60598 0.663752 0.542416 0.673852
1 0.356016 0.789532 0.39955599999999997 0.81526 0.424692 0.8493080000000001 0.481864 0.8448040000000001 0.48499600000000004 0.8039160000000001 0.46529999999999994 0.7036 0.4509 0.7422880000000001 0.41759199999999996 0.7624920000000001 0.375324 0.755116 0.37163599999999997 0.776248 0.356016 0.789532
1 1 0.47110799999999997 0.965808 0.468264 0.776524 0.49927599999999994 0.807408 0.612376 0.880888 0.596712 0.877524 0.5755239999999999 0.9043319999999999 0.5750200000000001 0.997488 0.56938 0.9878399999999999 0.5396799999999999 1 0.539244 1 0.47110799999999997