4 0.60414453125 0.8785916671875 0.5471177078125 0.9990050921875 0.5576171875 0.9990236109374999 0.6338557296875 0.8309879625000001 0.7515286453125001 0.580478240625 0.8473651046875 0.3748546296875 0.9407755203124999 0.1722634265625 0.9990234375 0.046875 0.9990234375 0.033203240625000005 0.9207588546875 0.201984721875 0.8061190109374999 0.44824814843749994 0.7023971359375001 0.66964305625 0.60414453125 0.8785916671875
4 0 0.421875 0.26688671875000003 0.212902778125 0.42095312500000004 0.090984259375 0.537109375 0 0.5271010421875 0.0012129624999999999 0.3948708328125 0.1055416671875 0.2844768234375 0.1910666671875 0.1091809890625 0.32754259218750004 0 0.41210925937500004 0 0.421875
4 0.2129028640625 0.0006064812499999999 0.2038044265625 0.0012129624999999999 0.11888593750000001 0.06308240781249999 0.0006065109374999999 0.1455745375 0 0.1513671296875 0.12677109375 0.061868981249999996 0.2129028640625 0.0006064812499999999
4 0.23828125 0 0.13586953125 0.0776398140625 0.0012130203125 0.175902778125 0 0.1826171296875 0.1486072921875 0.07218055625 0.244140625 0 0.23828125 0
4 0.2814440109375 0.0006064812499999999 0.275390625 0 0.1431481765625 0.1049351859375 0.0000302078125 0.21364259218749998 0 0.2203574078125 0.15891875 0.09765648125000001 0.2814440109375 0.0006064812499999999
4 0 0.3078356484375 0.1734763015625 0.1613449078125 0.35423125 0.005459259375 0.3544921875 0 0.15406640625 0.1728699078125 0 0.3026736109375 0 0.3078356484375
4 0.6357421875 0 0.74299296875 0.0427875 0.8753825515625 0.0936291671875 0.9990234375 0.13671898124999998 0.9987114578125 0.13289305625 0.88343671875 0.092622221875 0.7681619796875 0.049331481249999996 0.6474609375 0 0.6357421875 0
4 0.3085736984375 0.050338426562500004 0.34632734374999996 0.04379444375 0.3911283859375 0.0342300921875 0.4308955734375 0.024665740624999998 0.47166953125 0.012584721875 0.4978455734375 0.0025171296875 0.49331510468750006 0 0.46512552031250004 0.0095643515625 0.43391588593749997 0.01963194375 0.40522317656249995 0.0276861109375 0.3730065109375 0.034733332812500003 0.33273593749999997 0.042284259375 0.30656015625 0.0463111109375 0.2698130203125 0.05134490781249999 0.2235018234375 0.054365278125000006 0.189271875 0.054365278125000006 0.1751770828125 0.052351851562499996 0.1721567703125 0.057385648437500006 0.20588359375 0.057888889062500004 0.2406169265625 0.0568824078125 0.2758536453125 0.054365278125000006 0.3085736984375 0.050338426562500004
4 0.17769401093749998 0 0.15101484375000002 0.0015101859375 0.16460625 0.17266018593750002 0.17014348906250001 0.26175879687500003 0.1792041671875 0.2637726859375 0.16410286406250002 0.0629226859375 0.177190625 0.060909259375000004 0.17769401093749998 0
4 0.34632734374999996 0.11628148125 0.3936453125 0.10067638906250001 0.4404598953125 0.0825546296875 0.48274401093749997 0.061916203125 0.5134502609375 0.0463111109375 0.5854341140625 0.00100694375 0.5804002609375 0.0005032406250000001 0.5426466140625 0.0241625 0.5184841140625001 0.03825694375 0.49583203124999997 0.050338426562500004 0.45858177031249997 0.0699703703125 0.42888203125 0.08205138906250001 0.40320963593750003 0.0931259265625 0.3704895828125 0.103696759375 0.3256885421875 0.1182949078125 0.2723299484375 0.1318861109375 0.22803229218749999 0.14044398125 0.1822244796875 0.14698796249999999 0.17568046875 0.152525 0.2104140625 0.14698796249999999 0.2557184890625 0.1394370375 0.2995127609375 0.1298726859375 0.34632734374999996 0.11628148125
4 0.3271986984375 0.14145046249999998 0.3704895828125 0.11477129687500001 0.42183463593750004 0.079534259375 0.46109869843749995 0.049331481249999996 0.49583203124999997 0.02315555625 0.5184841140625001 0.0005032406250000001 0.5154638015625 0.0005032406250000001 0.5033828125 0.011074537499999999 0.47166953125 0.0372504625 0.43391588593749997 0.06594305624999999 0.39867916718749996 0.0911125 0.35438151093750003 0.1208120375 0.3075669265625 0.1495046296875 0.2652828125 0.17215694374999999 0.23054921875 0.18927175937500001 0.23356953125 0.1932990734375 0.2909552078125 0.1630958328125 0.3271986984375 0.14145046249999998
4 0.9372986984375 0.023658796875 0.8446763015625001 0.00100694375 0.8356153640624999 0.0015101859375 0.9106192703125 0.0211421296875 0.9951877609374999 0.040270832812500004 0.9951877609374999 0.036243518749999995 0.9372986984375 0.023658796875
4 0.9146463546874999 0.1258458328125 0.9987114578125 0.15705555625 0.9982080734375 0.153028240625 0.9574338546875 0.13691990781250002 0.8985382812499999 0.11477129687500001 0.81950703125 0.08456851875 0.7525572921875 0.057888889062500004 0.6815802078125001 0.028692592187499998 0.6136234375 0 0.6090932296875 0.0025171296875 0.6664786453125 0.026679167187500002 0.7470200515625 0.06040601875 0.83762890625 0.09664953750000001 0.9146463546874999 0.1258458328125
4 0.5990255203125 0.00100694375 0.5960052078125 0.141953703125 0.5944950515625 0.23356944375 0.6010390625 0.2340731484375 0.6040593750000001 0.23054907343750003 0.6040593750000001 0.1424574078125 0.60556953125 0.0005032406250000001 0.5990255203125 0.00100694375
4 0.22762526093750002 0.20321111093750002 0.2290614578125 0.1910041671875 0.21829036406250002 0.19172222187500002 0.2233169265625 0.3066120375 0.2326515625 0.4545324078125 0.2405502609375 0.452378240625 0.2326515625 0.341796759375 0.22547109375000002 0.2211625 0.22762526093750002 0.20321111093750002