4 0.7932969953125 0.5279677015625001 0.6219242046875 0.697297559375 0.4598471078125 0.8569736375 0.39694389375 0.9185931093749999 0.3949485296875 0.9334433625 0.503628221875 0.8233188281249999 0.6978285875 0.631836621875 0.8565286984375 0.47438453750000004 0.9904340078124999 0.3403978734375 0.9906804765624999 0.331927315625 0.9832338406250001 0.3393452484375 0.7932969953125 0.5279677015625001
4 0.6201140515625 0.0891606875 0.620245090625 0.08818543749999999 0.6122912578124999 0.08622110937500001 0.4460158234375 0.13660944531250002 0.3078864828125 0.1772153359375 0.088256934375 0.24231538125 0.014400787500000001 0.2640188484375 0.0134849203125 0.27083508125 0.01565918125 0.27108968437500003 0.28229288750000003 0.19130169531250002 0.47618438437500005 0.13225720000000002 0.6201140515625 0.0891606875
4 0.053906050000000004 0.11888067499999999 0.05381196875000001 0.12421717343750001 0.05435187500000001 0.12428039531249999 0.17169455625000002 0.0273350015625 0.20171771875000002 0.0023471984375 0.1953691265625 0.002273325 0.1639877171875 0.029021264062500003 0.053906050000000004 0.11888067499999999
4 0.3006218890625 0.007621303124999999 0.298074528125 0.006887059375 0.17679736562499998 0.0533274375 0.035845851562499996 0.1044165015625 0.035173159375 0.109422921875 0.035219425 0.1094283390625 0.1906275953125 0.0515903828125 0.3003314265625 0.0097830328125 0.3006218890625 0.007621303124999999
4 0.029756839062500002 0.14973325312500002 0.029125478125 0.15443208125000002 0.0311537296875 0.1546695859375 0.19714898281249998 0.0660150421875 0.31078418124999996 0.0036163015625000003 0.30250194218750004 0.003519928125 0.1800500859375 0.07089075156249999 0.029756839062500002 0.14973325312500002
4 0.0341284875 0.24814491875 0.033518192187500004 0.25268696875 0.0341916875 0.252765834375 0.19402086875 0.1292303671875 0.352827428125 0.00410551875 0.3468595859375 0.0040360765625 0.1732585953125 0.1408318765625 0.0341284875 0.24814491875
4 0.808158115625 0.09249993281249999 0.697697578125 0.0283577296875 0.6860844625 0.026860223437500004 0.7844300890625 0.082821034375 0.90619361875 0.1499482953125 0.986512178125 0.1908704640625 0.9947567203125001 0.1918358859375 0.99478003125 0.191034740625 0.9143620046875001 0.1499830875 0.808158115625 0.09249993281249999
4 0.5430708281250001 0.053570782812499995 0.539999590625 0.0497759203125 0.51005225 0.0491005453125 0.4993961203125 0.0487011234375 0.5420071375 0.0536908046875 0.5430571 0.053672954687499996 0.5430708281250001 0.053570782812499995
4 0.28394683125000003 0.01655700625 0.3175154796875 0.026216978125000002 0.3278399328125 0.02861216875 0.3726277765625 0.033856753125 0.37262863125 0.0338503890625 0.3491684984375 0.029160879687500002 0.31317446718749997 0.0213367453125 0.2691734875 0.008371884375 0.2545170734375 0.002961575 0.2441805421875 0.0028412984374999997 0.251461671875 0.0056576046875 0.28394683125000003 0.01655700625
4 0.22012120781250002 0.22566762968749998 0.228702740625 0.22667251249999998 0.2289294140625 0.224985521875 0.1932624421875 0.0333118421875 0.20601569843749998 0.029926426562500004 0.20321589687500002 0.0023646312499999997 0.17901226875 0.002082996875 0.205789528125 0.142719903125 0.22012120781250002 0.22566762968749998
4 0.47418569374999997 0.084431603125 0.4477852890625 0.09236294687499999 0.414446703125 0.098932265625 0.368787903125 0.10805129218750001 0.31473899843750003 0.11512167656250001 0.2701061421875 0.1182695515625 0.22415295781250003 0.11922207031250001 0.220547565625 0.121671209375 0.2345391953125 0.12330960625000001 0.2520804890625 0.12265780625 0.297622859375 0.12063828593749999 0.3418448625 0.1164238765625 0.389410590625 0.10855590625 0.4376508125 0.09873799531250001 0.48561200312499997 0.0863453015625 0.5293045125 0.070887009375 0.5610874390625 0.059044465625 0.6336026671874999 0.02390641875 0.6338578140625 0.022007526562499997 0.63141350625 0.0214553890625 0.591945671875 0.0404828 0.566777525 0.0516141890625 0.54328145625 0.060919295312499996 0.5046638625 0.0759859265625 0.47418569374999997 0.084431603125
4 0.3999282984375 0.11686238125 0.3517427171875 0.1379513046875 0.3084479515625 0.15373546875 0.2729882953125 0.16520840625 0.27529463593750003 0.1690699578125 0.276979415625 0.16926724375 0.3344066375 0.14884475625 0.371671903125 0.13308614375 0.416240790625 0.11343831093750001 0.46935235625000005 0.0865404125 0.5101944734375 0.0627143296875 0.546285975 0.042179340625 0.56729644375 0.0255182515625 0.5676636421875 0.02278541875 0.5672335328125 0.022714578125000003 0.5545778203125 0.0313239859375 0.5214656875 0.0523496796875 0.48221899218750003 0.074910840625 0.445701096875 0.094357459375 0.3999282984375 0.11686238125
4 0.9290608765625 0.053305084375 0.9209341343749999 0.05235345625 0.9204378265625 0.052336117187499996 0.9558895546875 0.07308695781249999 0.9975624421875 0.0954094703125 0.997686425 0.09114847968749999 0.9799921140625001 0.0818833453125 0.9290608765625 0.053305084375
4 0.9229614484375 0.17542260625 0.8550920124999999 0.1288288140625 0.797906515625 0.08829611875 0.7375383531249999 0.044440315625 0.7161854296875 0.028606042187500003 0.707902121875 0.02763608125 0.7235090937499999 0.03918403125 0.791843715625 0.08952820624999999 0.869199490625 0.1445162703125 0.9354063921875 0.189692909375 0.9936799984375 0.2288404328125 0.9938206859375001 0.22400532968750003 0.9736403640625 0.2097967 0.9229614484375 0.17542260625
4 0.6563634515625 0.2058436984375 0.64973725 0.163867221875 0.6286012359375001 0.020510590625 0.6222963703125 0.0215700375 0.64179845 0.16403741562500002 0.6521584203125 0.23713912656249997 0.6563634515625 0.2058436984375
4 0.23393691562500002 0.1785174375 0.2349066171875 0.1674935046875 0.2310453234375 0.1670413546875 0.22415400624999998 0.168315284375 0.23277572812499997 0.28098950624999997 0.246767815625 0.4257120296875 0.2545253078125 0.422695290625 0.254618396875 0.4220584890625 0.24328948593750002 0.3145555921875 0.23231503281250002 0.19647715625 0.23393691562500002 0.1785174375