4 0 0.4551678265625 0.0019414421875000002 0.44971795 0.0029777578124999997 0.4319251109375 0.0029898890625 0.4307784375 0 0.43899176874999996 0 0.4551678265625
4 0.029558153124999997 0.37729479375 0.029167560937499996 0.3940531140625 0.0301916734375 0.394059071875 0.031320567187499995 0.374676725 0.029558153124999997 0.37729479375
4 0.2175940546875 0.386546225 0.21408832968749997 0.4076331875 0.21810391093749998 0.40765655 0.218667421875 0.40523314531250004 0.219625384375 0.388785575 0.2175940546875 0.386546225
4 0.33978098437500004 0.41396717031249997 0.3397025109375 0.4161791359375 0.3487127125 0.41623155624999997 0.3510578609375 0.41325234999999994 0.3517453359375 0.4014488375 0.33978098437500004 0.41396717031249997
4 0.36142543125 0.3802172046875 0.36373401875 0.3866213875 0.37292520625000003 0.38667486093750003 0.3742534171875 0.3638703390625 0.36142543125 0.3802172046875
4 0.3595530578125 0.3545697734375 0.360605346875 0.3566730515625 0.36160233750000004 0.339555378125 0.361527521875 0.3391499859375 0.35061199374999996 0.354989071875 0.35197166874999997 0.35998145625 0.35351660625000003 0.35999044375 0.355664328125 0.3554043578125 0.3595530578125 0.3545697734375
4 0.3334992578125 0.3301764265625 0.33858691093750004 0.33020602656250003 0.3443846875 0.32909845937500004 0.3450827453125 0.32798786562500004 0.345769703125 0.3161932578125 0.345267584375 0.3072916625 0.3445151984375 0.307265346875 0.3374425125 0.313052275 0.3326764578125 0.32360517031249997 0.3326516421875 0.324031228125 0.3334992578125 0.3301764265625
4 0.393843921875 0.32271235468750004 0.40729735624999996 0.322790625 0.410539465625 0.30216610781250003 0.41675550625 0.251369796875 0.41694199843749996 0.2481678375 0.4155481234375 0.247718975 0.41182619843749996 0.2476973203125 0.405923671875 0.25716808593749996 0.40216861093749995 0.2810557265625 0.3948933203125 0.304694875 0.393843921875 0.32271235468750004
4 0.6589069421875 0.574339159375 0.6620955796875 0.574357709375 0.66222515625 0.5721329625 0.6527761890625 0.536584225 0.6477445953125 0.535932684375 0.6490294890625 0.5552255859375 0.6552062609375 0.55718459375 0.6589069421875 0.574339159375
4 0.669455296875 0.7012009296875 0.6639132984375 0.7150409359375 0.6680863828125 0.7150652140625 0.67343455 0.701709265625 0.6736876515625 0.6973636640625 0.669455296875 0.7012009296875
4 0.693055296875 0.681279246875 0.689266359375 0.7026842 0.6921331484375 0.702700878125 0.6933492828125 0.6818206499999999 0.693055296875 0.681279246875
4 0.72123056875 0.9545304765625 0.722359703125 0.9351439796875001 0.718292565625 0.9244294828124999 0.7102402703124999 0.9548350687499999 0.71050235 0.95601851875 0.7168940593750001 0.9560557046874999 0.71722100625 0.9551996265625 0.72123056875 0.9545304765625
4 0.7581637531250001 0.9376443171875 0.7567661890624999 0.9367776781250001 0.74800974375 0.9577997593750001 0.755528203125 0.9578435015625001 0.7575713328125 0.947493634375 0.7576213734375 0.9469566296874999 0.7581637531250001 0.9376443171875
4 0.7911211421875 0.9799329875 0.7952969734375 0.9441598375 0.7955074421874999 0.9405462296874999 0.791105496875 0.9363322515625001 0.77559113125 0.9604619421875 0.7755106859375 0.96184314375 0.785510325 0.960300215625 0.7867178484374999 0.97990736875 0.7911211421875 0.9799329875
4 0.81175610625 0.972009809375 0.812835171875 0.97533934375 0.8174208703125 0.973229321875 0.8193001593749999 0.9832229859374999 0.8232839765625 0.9832461640625001 0.8257804171875 0.9575029140625 0.82612360625 0.9516105781249999 0.822815315625 0.9465155781249999 0.8133742625 0.9553234078124999 0.8030786000000001 0.9728098828125 0.8029462421875 0.9750823750000001 0.8063612171875001 0.9770428578124999 0.81175610625 0.972009809375
4 0.6337354687500001 0.3006625609375 0.6340946171875 0.30066465 0.6342782578125 0.3005496671875 0.6351648078125 0.28532819374999996 0.6332141625000001 0.280787603125 0.6226418703125 0.26493610312500004 0.6175359968749999 0.26472833906250004 0.6167774109375 0.2726937015625 0.6208933765625 0.2871401671875 0.6337354687500001 0.3006625609375
4 0.5817838484375 0.3699223015625 0.581224803125 0.3650955171875 0.5774533140625 0.3586635640625 0.5671864625 0.3658334171875 0.5691900515625 0.38313235625000003 0.58021343125 0.39688531562499996 0.5817838484375 0.3699223015625
4 0.56347538125 0.2768083578125 0.5637615796875 0.2768100234375 0.5644300375 0.2653330484375 0.563396628125 0.262324171875 0.549600775 0.2469075 0.549192578125 0.246905125 0.5524332546874999 0.2682418546875 0.56347538125 0.2768083578125
5 0.8829181359374999 0.720785665625 0.8822921453125 0.7029081578125 0.8731218046875 0.693195715625 0.8553027875 0.6886687499999999 0.8392318124999999 0.67802348125 0.823774028125 0.6568701 0.821504325 0.6480904796875 0.8227307078124999 0.6270742593749999 0.8187129625 0.6244129390625 0.8183999656250001 0.6154741859375 0.8121125203125 0.6040332484375 0.7924942500000001 0.49208211406249996 0.7890512890625 0.39375583281250004 0.795939121875 0.3663030375 0.795626125 0.3573642828125 0.8030356203125001 0.344809409375 0.8025139578125 0.3299114875 0.8100277859375 0.3203362015625 0.8134195359374999 0.30512001093749996 0.8209333640625 0.2955447234375 0.8262818203125001 0.2801694015625 0.8356480203125001 0.2674553953125 0.8441795624999999 0.230904715625 0.8664208484374999 0.22162571718750002 0.8774307578125 0.1998138234375 0.883300875 0.1993364234375 0.8860794375 0.1946283453125 0.8903973734375 0.1778427984375 0.9058423546875 0.1706105609375 0.904603171875 0.16324116718749998 0.909129775 0.15241478749999998 0.9246790875 0.14816213281249999 0.9274576484375 0.1434540578125 0.9287883609375 0.12541741875 0.932493109375 0.11913998125 0.9295846109375001 0.0640972359375 0.7904351234375 0.2651563 0.774832103125 0.30703896875000003 0.764182009375 0.489894015625 0.7682047296875 0.5269262796875 0.791840740625 0.64153873125 0.794945103125 0.6741550265625 0.8082503187500001 0.717893990625 0.8179551234375 0.770889975 0.8232120484375001 0.7809206859375 0.833921765625 0.778555659375 0.8435222359375001 0.8285720578125 0.8523923796874999 0.8577313671875 0.8513746640625 0.884706759375 0.85425755625 0.8829782671874999 0.8594101500000001 0.8900293937500001 0.88137685 0.9569684984375 0.8818985125 0.97186641875 0.8744890156249999 0.9844212906250001 0.8790739500000001 0.9929489171875 0.89947458125 0.9930676046875 0.9118750953125 0.8747957109375 0.9129652234375 0.8560789265625001 0.8977883359375 0.8092183937499999 0.8926357421875 0.8021672656250001 0.8808955062500001 0.8031220671874999 0.8737862062499999 0.796230075 0.8758216375 0.7422792890625 0.8829181359374999 0.720785665625