4 0.0234375 0.46719113281249997 0.029296875 0.44629440468750003 0.0283203125 0.42987554687499996 0.017578125 0.46719113281249997 0.0234375 0.46719113281249997
4 0.05078125 0.39853045468750004 0.0546875 0.39853045468750004 0.056640625 0.377633728125 0.0537109375 0.37315585625000003 0.05078125 0.377633728125 0.05078125 0.39853045468750004
4 0.2421875 0.40748619531249997 0.244140625 0.3895747140625 0.2392578125 0.3850968453125 0.23828125 0.40748619531249997 0.2421875 0.40748619531249997
4 0.3662109375 0.4179345609375 0.373046875 0.41644193593749995 0.376953125 0.40748619531249997 0.3759765625 0.394052584375 0.365234375 0.4134566890625 0.3662109375 0.4179345609375
4 0.39453125 0.3865894671875 0.3955078125 0.3612148703125 0.3828125 0.377633728125 0.3857421875 0.3850968453125 0.39453125 0.3865894671875
4 0.3759765625 0.3522591296875 0.3798828125 0.3522591296875 0.3818359375 0.35822962187499996 0.384765625 0.3567369984375 0.3837890625 0.3373328953125 0.37109375 0.35076650625 0.3720703125 0.35822962187499996 0.3759765625 0.3522591296875
4 0.3515625 0.3209140375 0.3525390625 0.3283771546875 0.36328125 0.32688453125 0.365234375 0.32389928281249997 0.3642578125 0.3044951796875 0.3564453125 0.3104656734375 0.3515625 0.3209140375
4 0.419921875 0.25523860625 0.419921875 0.27912058125 0.4140625 0.317928790625 0.4169921875 0.3224066609375 0.431640625 0.3209140375 0.431640625 0.25523860625 0.4296875 0.246282865625 0.4248046875 0.24479024218749998 0.419921875 0.25523860625
4 0.6875 0.553763290625 0.689453125 0.5746600203125001 0.693359375 0.5746600203125001 0.6875 0.5328665640625 0.6826171875 0.5313739390625 0.681640625 0.5507780453125 0.6875 0.553763290625
4 0.7109375 0.7119813749999999 0.7138671875 0.6895920234374999 0.708984375 0.6970551406250001 0.70703125 0.7119813749999999 0.7109375 0.7119813749999999
4 0.732421875 0.703025634375 0.734375 0.68212890625 0.7314453125 0.6776510359375 0.728515625 0.703025634375 0.732421875 0.703025634375
4 0.7763671875 0.91945603125 0.76171875 0.9478158765625 0.76171875 0.9537863703125 0.765625 0.9537863703125 0.7685546875 0.9493085000000001 0.7744140625 0.9493085000000001 0.779296875 0.9388601359375001 0.7763671875 0.91945603125
4 0.8125 0.9537863703125 0.8125 0.9328896421874999 0.8095703125 0.93139701875 0.8046875 0.9537863703125 0.8125 0.9537863703125
4 0.8427734375 0.95527899375 0.845703125 0.9776683453125001 0.849609375 0.9776683453125001 0.8515625 0.9358748890624999 0.8466796875 0.93139701875 0.83203125 0.9567716171875 0.8427734375 0.95527899375
4 0.861328125 0.9716978515625 0.8662109375 0.973190475 0.8701171875 0.9672199796875001 0.8720703125 0.970205228125 0.8759765625 0.9672199796875001 0.8818359375 0.9791609687499999 0.884765625 0.9776683453125001 0.87890625 0.9448306296875 0.8740234375 0.9403527593750001 0.8671875 0.9508011234374999 0.861328125 0.9716978515625
4 0.6376953125 0.2597164765625 0.634765625 0.26717959375 0.634765625 0.282105828125 0.6435546875 0.298524684375 0.6484375 0.29703206249999997 0.650390625 0.294046815625 0.6484375 0.27912058125 0.642578125 0.26120909999999997 0.6376953125 0.2597164765625
4 0.591796875 0.359722246875 0.591796875 0.377633728125 0.6015625 0.3955452078125 0.60546875 0.377633728125 0.60546875 0.3627074921875 0.6025390625 0.355244375 0.591796875 0.359722246875
4 0.5771484375 0.2776279578125 0.580078125 0.27613533437500004 0.578125 0.26120909999999997 0.5673828125 0.24180499531250002 0.56640625 0.264194346875 0.5771484375 0.2776279578125
5 0.9921875 0.9687126046874999 0.970703125 0.9060224203124999 0.94140625 0.8015387796875 0.9365234375 0.7940756625 0.9248046875 0.7940756625 0.91796875 0.7866125453125 0.921875 0.732878103125 0.9296875 0.7119813749999999 0.9296875 0.6940698937499999 0.9208984375 0.6836215296875 0.9033203125 0.6776510359375 0.8876953125 0.6657100484375 0.873046875 0.643320696875 0.87109375 0.63436495625 0.873046875 0.613468228125 0.869140625 0.61048298125 0.869140625 0.6015272406250001 0.86328125 0.589586253125 0.84765625 0.47614687343749995 0.84765625 0.377633728125 0.85546875 0.35076650625 0.85546875 0.3418107640625 0.86328125 0.329869778125 0.86328125 0.3149435421875 0.87109375 0.30598780312499996 0.875 0.2910615671875 0.8828125 0.282105828125 0.888671875 0.26717959375 0.8984375 0.25523860625 0.908203125 0.21941564374999997 0.9306640625 0.21195252656250002 0.9423828125 0.1910557984375 0.9482421875 0.1910557984375 0.951171875 0.18657792812500001 0.9560546875 0.17015907187499998 0.9716796875 0.16418857656250002 0.970703125 0.156725459375 0.9755859375 0.14627709687499998 0.9912109375 0.1432918484375 0.994140625 0.1388139796875 0.99609375 0.1209024984375 1 0.1149320046875 0.9990234375 0.0597049359375 0.853515625 0.24926811249999997 0.822265625 0.32389928281249997 0.8203125 0.3477812578125 0.81640625 0.3567369984375 0.81640625 0.39853045468750004 0.814453125 0.401515703125 0.822265625 0.5089845890625 0.841796875 0.625409215625 0.84375 0.65824693125 0.85546875 0.703025634375 0.86328125 0.756760078125 0.8681640625 0.7672084421875 0.87890625 0.76571581875 0.88671875 0.8164650140624999 0.89453125 0.8463174828125 0.892578125 0.8731847046875 0.8955078125 0.87169208125 0.900390625 0.8791551984374999 0.919921875 0.9478158765625 0.919921875 0.9627421109375 0.912109375 0.9746830984375 0.9228515625 0.9970724499999999 0.9560546875 0.9940872031250001 0.9619140625 1 0.9921875 0.9985650734375 0.99609375 0.9955798265625001 0.99609375 0.9836388375 0.9921875 0.9776683453125001 0.9921875 0.9687126046874999