1 0.48818799999999996 0.24027199999999999 0.46355199999999996 0.737164 0.701072 0.763424 0.732936 0.337684 0.48818799999999996 0.24027199999999999
1 0.28910399999999997 1 0.31034 0.9110039999999999 0.31840799999999997 0.8190200000000001 0.327332 0.7581439999999999 0.332256 0.672848 0.06098 0.58422 0.014932 0.706928 0.248636 0.963584 0.282592 1 0.28910399999999997 1
1 0 0.5501280000000001 0.3337 0.6593 0.30306 0.507692 0.28916400000000003 0.460588 0.28598 0.398804 0.24608400000000002 0.373128 0 0.319808 0 0.5501280000000001
1 0 0.689136 0.010316 0.6999679999999999 0.04444 0.61278 0.036484 0.604244 0.043688 0.57876 0 0.564972 0 0.689136
1 0.46000399999999997 0.7414080000000001 0.482376 0.29542799999999997 0.2874 0.28862 0.30458799999999997 0.44995599999999997 0.331464 0.5703560000000001 0.348684 0.66128 0.3429 0.729552 0.46000399999999997 0.7414080000000001
1 0.6204799999999999 1 0.634768 0.770824 0.34286 0.744604 0.316176 0.9524839999999999 0.300056 1 0.6204799999999999 1
1 0.691404 1 0.762112 0.934548 0.7768919999999999 0.789384 0.6448039999999999 0.775544 0.629336 1 0.691404 1
1 0.739584 0.355884 0.709496 0.7724599999999999 0.784056 0.778948 0.771612 0.926628 0.848412 0.855008 0.8821960000000001 0.40214 0.826812 0.37495599999999996 0.759892 0.344452 0.739584 0.355884
1 1 0.47128800000000004 0.8936 0.40934 0.856912 0.848024 1 0.714592 1 0.47128800000000004
1 0.48194 0.224512 0.433952 0.194184 0.40403599999999995 0.147008 0.369396 0.109864 0.337364 0.081548 0.267236 0.045592 0.253876 0.15002 0.286368 0.276444 0.47779999999999995 0.28749600000000003 0.48194 0.224512
1 0.409728 0 0.390704 0.11157600000000001 0.445696 0.19168000000000002 0.499764 0.221232 0.5585 0.24321199999999998 0.604844 0 0.409728 0
1 0.613588 0 0.5656920000000001 0.245892 0.58522 0.256772 0.610668 0.126056 0.676928 0.133712 0.6898799999999999 0 0.613588 0
1 0.697428 0 0.6824760000000001 0.141676 0.618592 0.13555999999999999 0.593816 0.260956 0.775788 0.334324 0.799776 0.09235600000000001 0.714448 0 0.697428 0
1 0.8917999999999999 0.391308 0.909272 0.210784 0.806796 0.099884 0.783412 0.338476 0.8404 0.361348 0.8917999999999999 0.391308
1 0.916796 0.217844 0.8989560000000001 0.394956 0.943168 0.42224000000000006 0.957552 0.260544 0.916796 0.217844
1 1 0.30324 0.96608 0.266672 0.949352 0.425852 1 0.45683999999999997 1 0.30324
1 0 0.311516 0.24588800000000002 0.364868 0.283508 0.386092 0.2475 0.1935 0.23514 0.158108 0.19585999999999998 0.100888 0 0.28437199999999996 0 0.311516
1 0.359576 0 0.347504 0.069276 0.383248 0.102576 0.400524 0 0.359576 0
1 0.304856 0 0.269148 0.032548 0.335096 0.063016 0.348244 0 0.304856 0