1 0.76204149375 0.3199527265625 0.7615259562500001 0.3169167640625 0.5165375515624999 0.21005944062499998 0.49283619375 0.6815747203125 0.4969812734375 0.7059847671874999 0.7047392859375 0.7372064484374999 0.7306906515625 0.7335479671875 0.76204149375 0.3199527265625
1 0.3923060453125 0.84548703125 0.3969484 0.783943728125 0.3959677234375 0.70498075625 0.394758034375 0.6978569968749999 0.11873818437500001 0.6250866015625001 0.085261065625 0.7376443078125 0.0886986828125 0.7578881703125 0.32893671874999997 0.9907511015624999 0.3823077453125 0.9888873437499999 0.3907006859375 0.9381643328125 0.3923060453125 0.84548703125
1 0.0564928875 0.6367713562499999 0.130257421875 0.6263724359375 0.3994251078125 0.5857362171875 0.39898693125 0.5831558265625 0.32117129218749996 0.4605264328125 0.2924929890625 0.4236688703125 0.2709818171875 0.3737396703125 0.07592236249999999 0.40123808437499997 0.0265311953125 0.4140135765625 0.0337206765625 0.5262038875 0.049073585937500004 0.6166159484375 0.0564928875 0.6367713562499999
1 0.0817507515625 0.7473522515625 0.08570934687500001 0.746794190625 0.1010798640625 0.66228116875 0.100715234375 0.6601338875 0.0917241546875 0.6529635625 0.093716584375 0.6271101 0.0495494609375 0.6179792609375 0.059136975 0.6744393765625001 0.072662359375 0.7402465203124999 0.0817507515625 0.7473522515625
1 0.45730736250000004 0.74513794375 0.5221074906250001 0.3123554421875 0.5219233765625 0.311271203125 0.32852014375 0.2828739 0.329740515625 0.44589000624999997 0.3409881875 0.5387805453125 0.3745974203125 0.7367026515624999 0.4310649265625 0.7488374578125 0.45730736250000004 0.74513794375
1 0.7394171734375 0.932232890625 0.711813025 0.759413221875 0.7034954515625 0.71043169375 0.414539946875 0.751167059375 0.43412239374999995 0.959560725 0.431283265625 0.9871770812499999 0.525477003125 0.9838877640625 0.578888771875 0.972475696875 0.7394171734375 0.932232890625
1 0.8513965828125001 0.725166934375 0.7198279390625 0.7367066078125 0.736967109375 0.90754363125 0.7458234390625 0.959697853125 0.746581328125 0.959591009375 0.80359640625 0.9494961343749999 0.8614252109375 0.8717135 0.8515538265625 0.7260929265625 0.8513965828125001 0.725166934375
1 0.692781371875 0.34068324687499996 0.7999804125 0.73647973125 0.8720381093749999 0.7161552234374999 0.9089076703125001 0.8590274234375 0.9096241546874999 0.8589264156249999 0.956495459375 0.7670526921875 0.9538553671875001 0.7515053843749999 0.8396482578125 0.325858659375 0.7787385234374999 0.3198567140625 0.7098900171875 0.315089503125 0.7051095421875 0.3157634296875 0.6913103859375 0.332020725 0.692781371875 0.34068324687499996
1 1 0.404896071875 0.9916674593750001 0.3856728796875 0.8663034109375 0.35399845625 1 0.743487553125 1 0.404896071875
1 0.2316889953125 0.0585163375 0.23245035 0.1635924546875 0.2815249859375 0.285424609375 0.45245159375000005 0.27340303593750004 0.47229899375000006 0.270605059375 0.4711971390625 0.254530075 0.463016109375 0.20635263906249998 0.4165191390625 0.1846136078125 0.380605021875 0.1414222578125 0.341360675 0.1088307171875 0.30587865000000003 0.0847032390625 0.2330576578125 0.058323390625000006 0.2316889953125 0.0585163375
1 0.38225147656249997 0 0.3574350984375 0.0756504625 0.3623707671875 0.104716225 0.3960633546875 0.1746460828125 0.44503511875 0.2119793015625 0.48911078906250005 0.23652902031249998 0.5024840828125 0.23464372656250002 0.5802002953125001 0.012277265625 0.5792510734375 0.00668736875 0.5341083109375 0 0.38225147656249997 0
1 0.5681808171875 0 0.5442821234374999 0.21713333281249997 0.5594861625 0.2250225859375 0.5652876296875 0.2242047265625 0.5792007046875 0.09767665 0.646589753125 0.1048615734375 0.6477467640625 0 0.5681808171875 0
1 0.6614876359374999 0 0.6585887984375 0.09706393906250001 0.5942050937500001 0.0935620671875 0.578897940625 0.2198755625 0.764202034375 0.284939671875 0.76655131875 0.2846084828125 0.7716118796875 0.0691814125 0.7661763890625 0.03717223125 0.727513390625 0 0.6614876359374999 0
1 0.930361690625 0.282124296875 0.9310288375000001 0.282030246875 0.9177225390625001 0.2036705140625 0.87930101875 0.114237021875 0.735202046875 0.06259351875 0.830890490625 0.2860584796875 0.8921219078125 0.28018950781249996 0.930361690625 0.282124296875
1 0.94815955 0.27122781093750004 0.93229150625 0.177782159375 0.88426390625 0.1492235140625 0.8910679296874999 0.196285446875 0.91326225625 0.32698607343749997 0.9561334390624999 0.3387325421875 0.9586637234375001 0.3383758375 0.94815955 0.27122781093750004
1 1 0.2693815453125 0.9974221968749999 0.2542010671875 0.9822156984375001 0.214872759375 0.937166634375 0.1916004796875 0.9796091562499999 0.3473498015625 1 0.35168395625 1 0.2693815453125
1 0.2692358375 0.3975204 0.2725591546875 0.397051896875 0.2691818390625 0.3771631546875 0.23357367343750002 0.20801543906250003 0.2204954484375 0.1733016265625 0.1907766625 0.1330791640625 0.16374635625 0.1368897484375 0.018819250000000003 0.29367033125 0.0226916953125 0.3540989953125 0.236329915625 0.3817288203125 0.2692358375 0.3975204
1 0.3597471234375 0.091480084375 0.352260359375 0.0473911171875 0.3380079078125 0.0025973515625 0.31241237499999996 0.0062056703125 0.2990432421875 0.012714706249999999 0.32021488124999997 0.0805641234375 0.3569025703125 0.09188109531250001 0.3597471234375 0.091480084375
1 0.2967831234375 0.0185136671875 0.2958183796875 0.0128323640625 0.2630694375 0.0153168859375 0.2537019875 0.0165252484375 0.22616983125 0.053072621875 0.284353996875 0.0704025921875 0.2983388453125 0.06843108437499999 0.2967831234375 0.0185136671875