1 0.7980172234375 0.6550350890625001 0.8151353828125 0.6042074671875 0.8579496984375 0.3320615375 0.8582896312500001 0.312205028125 0.6811242421875 0.2180985828125 0.5742646421875001 0.32180010000000003 0.44258771093749993 0.480167303125 0.7945119859374999 0.654601790625 0.7980172234375 0.6550350890625001
1 0.8227753124999999 0.265046859375 0.8245680453125 0.26526846718749997 0.9279493359375 0.17730265 0.9281052765625001 0.1763114359375 0.847707334375 0.0638778453125 0.8387892484374999 0.062775440625 0.7659473578125 0.1084058765625 0.6918819468749999 0.16785227656249999 0.68967131875 0.18190396874999998 0.8227753124999999 0.265046859375
1 1 0.2472481171875 0.965561340625 0.2033767046875 0.9195907453125001 0.2351228328125 0.8836188125 0.278857540625 0.8865349218749999 0.3461220375 0.8747298875 0.45210285 0.82188935 0.630206753125 0.8899911953125 0.6632346499999999 0.9212254890624999 0.6670956593749999 1 0.5276861484375 1 0.2472481171875
1 0.25889959687499997 0.848989915625 0.27413105 0.89819300625 0.2644641 0.9393373281249999 0.2752847640625 0.9406749171875 0.39422406875 0.9504353796875 0.401411134375 0.950875346875 0.41553827343750005 0.9122524078125 0.4316277234375 0.9063601406249999 0.5909629890625 0.922380525 0.6171993796875 0.910576571875 0.6165574328125001 0.841252390625 0.6357312015625001 0.8267325953125001 0.6366707578125 0.792586109375 0.6629929625 0.7716713703125 0.6590567984375 0.76127996875 0.7661400921875 0.635460328125 0.7667798796875 0.631393565625 0.76617818125 0.608384290625 0.42781047812499995 0.5491983046875 0.382031065625 0.5435393093750001 0.323436053125 0.6280160687499999 0.28472534375 0.684830528125 0.25889959687499997 0.848989915625
1 0.7843667125 0.681875415625 0.6913720796875 0.8367916828125 0.7095398421875 0.8390374796875 0.8411827921875 0.8468190437500001 0.9366275296875 0.7025173140625001 0.936908434375 0.700731771875 0.7843667125 0.681875415625
1 0.7966242546875 0.9119955296875 0.6903655734374999 0.8366920296875 0.6675605859375 0.8415543453125001 0.6602032343750001 0.8571540499999999 0.6309103125 0.874810528125 0.6093994781250001 0.936192971875 0.5852702437499999 0.9461453578125001 0.584148690625 0.9532744390625 0.5889847234375 0.9612560734375 0.7186521171875 0.9521888468749999 0.7964880937500001 0.9128610140625 0.7966242546875 0.9119955296875
1 0.0985935515625 0.5574289765625 0.05859006875 0.64800405625 0.0494812484375 0.7059035734375 0.0907134921875 0.7799752328125 0.10165152343749999 0.78132733125 0.1692208546875 0.75315504375 0.1928322234375 0.7754868421875 0.24107558281250002 0.6885663984375 0.27993034375 0.6479043718749999 0.32488055312499997 0.6138820265625 0.38928447187500004 0.5593090796875 0.38945011875 0.55825615 0.33059120468750003 0.509380053125 0.23611970312500002 0.44439649843750006 0.11949486093749999 0.3883944953125 0.0986138546875 0.4656521015625 0.1217768421875 0.5345150000000001 0.0985935515625 0.5574289765625
1 0.0837745859375 0.398324440625 0.1973015 0.40519617031250005 0.37976204375 0.45593946250000006 0.3836012765625 0.4564140484375 0.523335028125 0.277597390625 0.5235840734375 0.2760143484375 0.22564559062499998 0.1829584625 0.1895557078125 0.17849723125 0.1829619 0.18491055625 0.14639582812500002 0.1753555234375 0.10444762968750002 0.266917825 0.0837745859375 0.398324440625
1 0.49898602187499996 0 0.3671232625 0.0800531671875 0.226027109375 0.12040832187499999 0.5037855734375001 0.3191226796875 0.5240023171875 0.3216217609375 0.5998994390625 0.261227003125 0.6068804234375 0.2168529046875 0.5342904875000001 0 0.49898602187499996 0
1 0.043994265625 0.6727681453125001 0.0446750890625 0.6684405484375 0.029877906250000003 0.5225764515625 0.0216695609375 0.5164900609374999 0.01833598125 0.525073815625 0.023042915625 0.6598627515625 0.0384400734375 0.672081565625 0.043994265625 0.6727681453125001
1 0.10283082031249999 0.1838398734375 0.082749646875 0.16696363125 0.0548785921875 0.20332279375 0.0329665765625 0.34260484999999996 0.037309881249999996 0.45481415625 0.0790139453125 0.4599693796875 0.0616343953125 0.3282503125 0.10283082031249999 0.1838398734375
1 0.5130237156249999 0 0.6408315 0.1759912859375 0.6557974843750001 0.17784129531249998 0.8095509968749999 0.0293077546875 0.80992919375 0.0269037796875 0.7781989015625 0.000055509375000000006 0.7778512171874999 0 0.5130237156249999 0
1 0.3131966015625 0 0.216663196875 0.1197766375 0.232341603125 0.1524389 0.2352882359375 0.15280314687500002 0.360686203125 0.0755276234375 0.42541948281249997 0 0.3131966015625 0