1 0.41676 0.545284 0.7983640000000001 0.6361239999999999 0.82358 0.456588 0.794712 0.288116 0.60314 0.236672 0.517124 0.36160800000000004 0.41676 0.545284
1 0.79838 0.268796 0.8721120000000001 0.164912 0.752764 0.064764 0.691832 0.12563200000000002 0.63066 0.20600800000000002 0.79838 0.268796
1 1 0.270592 0.891652 0.1822 0.851964 0.22416 0.8242839999999999 0.2753 0.83918 0.339764 0.846468 0.44532800000000006 0.8261520000000001 0.630772 0.9274039999999999 0.652116 1 0.440084 1 0.270592
1 0.31784 0.9237 0.30952 0.967784 0.44610399999999995 0.9865280000000001 0.458364 0.948428 0.47402 0.9436479999999999 0.632368 0.971692 0.6578 0.9616720000000001 0.654084 0.89136 0.672408 0.878064 0.6718200000000001 0.843524 0.696932 0.824276 0.6925760000000001 0.8134520000000001 0.793604 0.693052 0.79176 0.66642 0.41017200000000004 0.5702160000000001 0.35461200000000004 0.653512 0.31035599999999997 0.721204 0.299588 0.787428 0.298788 0.867392 0.31784 0.9237
1 0.855196 0.851352 0.974312 0.709396 0.817032 0.676876 0.707756 0.81992 0.855196 0.851352
1 0.730168 1 0.841772 0.870552 0.71418 0.8432280000000001 0.694888 0.8566079999999999 0.693952 0.873744 0.6734720000000001 0.901356 0.67668 0.9658680000000001 0.6547240000000001 0.987764 0.6717 1 0.730168 1
1 0.11302399999999999 0.631776 0.09948 0.660732 0.092408 0.802628 0.177056 0.8736599999999999 0.237084 0.8192 0.267448 0.832136 0.281396 0.735428 0.303276 0.6848 0.333312 0.638324 0.374684 0.565528 0.30078 0.5393519999999999 0.18813200000000002 0.510232 0.057856 0.496784 0.06620000000000001 0.575464 0.11302399999999999 0.631776
1 0.063016 0.47782 0.186628 0.48746799999999996 0.38003200000000004 0.543136 0.48742 0.361768 0.142608 0.25163199999999997 0.132904 0.2632 0.094976 0.252876 0.061072 0.37763599999999997 0.063016 0.47782
1 0.560244 0.21412 0.40628000000000003 0.007876 0.282328 0.150256 0.1599 0.23209200000000002 0.500944 0.338176 0.564716 0.24296 0.560244 0.21412
1 0 0.72578 0.051212 0.771644 0.043476 0.616428 0.035587999999999995 0.609808 0 0.687992 0 0.72578
1 0 0.543544 0.04254 0.555612 0.029392 0.416456 0.076448 0.27496 0.056908 0.257668 0 0.325488 0 0.543544
1 0.420848 0 0.574868 0.203096 0.73358 0.045984000000000004 0.6776760000000001 0 0.420848 0
1 0.27218 0 0.12176000000000001 0.18038 0.137292 0.213124 0.270628 0.127896 0.3834 0 0.27218 0