1 0.60285040625 0.8225203453125 0.6029605984375 0.8162361890625001 0.4964106078125 0.6706756078125 0.256276934375 0.8135948796875001 0.3525747984375 0.9577634578125 0.369986015625 0.9667689875000001 0.41307732656249996 0.969768478125 0.60285040625 0.8225203453125
1 0.4457489328125 0.6609386484375 0.4457655015625 0.6599938484375001 0.350550715625 0.5483623328125 0.1391733546875 0.7170112875 0.139012325 0.7261946 0.212288471875 0.8199994546875 0.2306389546875 0.821276790625 0.4457489328125 0.6609386484375
1 0.087937215625 0.66930774375 0.08822387968749999 0.669327696875 0.1289623 0.6266510078125 0.197787325 0.676233040625 0.3164222109375 0.5249650906250001 0.31678428593749997 0.504316540625 0.2931389625 0.48443640312499997 0.20917002812500002 0.40308520625 0.1997381953125 0.402428678125 0.0466658296875 0.5691482062500001 0.050952754687500004 0.6360243234375 0.087937215625 0.66930774375
1 0.7245890078125 0.8547127015625 0.724833675 0.840759728125 0.6011617859375 0.764343846875 0.5931533 0.7637863921875 0.48120151718750004 0.9869971218750001 0.4815890984375 0.9870241 0.5812880625 0.9910741562500001 0.6239224906249999 0.99032996875 0.6533782171875 0.9868537171874999 0.7245890078125 0.8547127015625
1 0.2358796359375 0.874709940625 0.2129909015625 0.9293067328125 0.2207773890625 0.9298487328125 0.3439775515625 0.9207664984375 0.3440041796875 0.9192479499999999 0.23990175625000001 0.8749899109375001 0.2358796359375 0.874709940625
1 0.77671925 0.9220841671875 0.7442815890625 0.890250228125 0.6565959484375 0.9897596515625 0.7267972125 0.9885342843749999 0.77654405 0.932075565625 0.77671925 0.9220841671875
1 0.733224946875 0.5410578484374999 0.62587541875 0.44889255937500006 0.48782085000000003 0.6206464078125 0.6022916953124999 0.717597475 0.6206286375000001 0.7188738671875 0.7328281 0.5636894453125 0.733224946875 0.5410578484374999
1 0.6039715703125 0.40090150781249995 0.604059653125 0.395878196875 0.5283284515625 0.3458812 0.50801711875 0.3444673734375 0.3748606796875 0.5451511484375 0.4689759765625 0.6084242875 0.47053264375000003 0.60853264375 0.6039715703125 0.40090150781249995
1 0.33744446093749997 0.29883424375 0.281222525 0.35290026874999997 0.2524000375 0.329570765625 0.2216316296875 0.362759478125 0.3366731375 0.507125775 0.3377364015625 0.5071997875 0.5245271765624999 0.37107460625 0.52470150625 0.3611328359375 0.4753547078125 0.28594472187500003 0.446931190625 0.2839662265625 0.42207134062499996 0.3002869984375 0.362705034375 0.32349439375 0.3618411453125 0.2804249 0.33744446093749997 0.29883424375
1 0.8351222875 0.616689584375 0.759463 0.5738763625 0.7393084765625 0.5724734515625001 0.6256382796875 0.765500475 0.62522144375 0.7892720796875 0.814052990625 0.9024686140625 0.816878759375 0.9026653109374999 0.9550997593749999 0.6749341624999999 0.9551392796875 0.672680384375 0.9148328749999999 0.6565701546875 0.8371602625 0.80504443125 0.8004411484375 0.834150721875 0.7433318078125 0.8341244031249999 0.7229455765624999 0.8049910109375 0.8351222875 0.616689584375
1 0.298274121875 0.2186227484375 0.2983160828125 0.21622974843749998 0.2650525546875 0.19465611875 0.26278452343750003 0.19449824531249998 0.15209333593750002 0.3444119234375 0.20040527031250002 0.38057792031250004 0.20272662812500003 0.3807395046875 0.23157909999999998 0.3432349640625 0.25771839375 0.2689874234375 0.298274121875 0.2186227484375
1 0.1622821671875 0.373337653125 0.1624293265625 0.3649453609375 0.11307681562500001 0.3384409140625 0.1046544140625 0.3378546484375 0.051073703125 0.480389421875 0.0804679890625 0.57045528125 0.081488696875 0.5705263296875 0.1622821671875 0.373337653125
1 0.11607070625 0.3091525515625 0.3053695375 0.1716618703125 0.3053889796875 0.17055308281249998 0.2408797453125 0.0935237984375 0.065472015625 0.2148221546875 0.0628471984375 0.231662875 0.0625531734375 0.24843064374999999 0.11001612812499999 0.30873110625 0.11607070625 0.3091525515625
1 0.9697041671875001 0.9553757203125001 0.9782236046874999 0.7869365109375 0.9787129218749999 0.7590314734375 0.9617417296875 0.7399963609375 0.8283349843750001 0.9432851156250001 0.8655702265624999 0.9638054734375 0.8721869015625 0.9642660453125 0.9081828859375 0.913252009375 0.9697041671875001 0.9553757203125001
1 0.9054782749999999 0.9376864250000001 0.872535240625 0.9720757437499999 0.8849714703125 0.9857733421875 0.9528059109375 0.9845892875000001 0.9528780781249999 0.9804736593750001 0.9054782749999999 0.9376864250000001
1 0.7964321375 0.9387826984375 0.7438362749999999 0.9882368671874999 0.8541933593750001 0.9863105765625001 0.80600046875 0.9394487281250001 0.7964321375 0.9387826984375
1 0.193677571875 0 0.3013518234375 0.1253844609375 0.3031809578125 0.125511784375 0.43670898437499994 0.014012365625 0.4367660546875 0.0107576671875 0.42541 0.00038034375 0.42354522499999997 0 0.193677571875 0
1 0.6225677078125 0.1451716078125 0.6225804734375 0.14444364375000002 0.4238472890625 0.0226567734375 0.33233013749999996 0.16083743749999999 0.3319254 0.1839190640625 0.4904349234375 0.286825346875 0.52428475 0.2891815578125 0.6225677078125 0.1451716078125
1 0.75993173125 0.26989006249999997 0.7600229078125 0.26469030781249997 0.6509337562499999 0.17775123125 0.6508990484375 0.177748815625 0.5287819687499999 0.31759614062499997 0.6430567421875 0.402024890625 0.6462265953124999 0.4022455359375 0.75993173125 0.26989006249999997
1 1 0.4724331125 0.7755722375 0.292696484375 0.7707421234375 0.292360271875 0.7463822484375 0.3229596765625 0.8435733359375 0.4019290375 0.7845060515625 0.4759099078125 0.7194793921875 0.485844740625 0.9495724328125 0.6590467 0.9500447 0.659079575 1 0.59658468125 1 0.4724331125
1 1 0.639400365625 0.9517839859375 0.6851876765625 0.951567340625 0.69754273125 0.981054778125 0.7314756499999999 0.9832560640624999 0.731628875 1 0.6872187234375 1 0.639400365625
1 0.7688813703124999 0.5642861390625 0.768988009375 0.558204690625 0.757596690625 0.5447506234375 0.5921179703125 0.7192147249999999 0.5919780140625 0.7271962265624999 0.5992177609375 0.7345526796875 0.6037173578125 0.7348658859375 0.7688813703124999 0.5642861390625
1 0.17510604375 0.8938921375 0.175144384375 0.8917056437499999 0.056889075 0.8135516671874999 0.0614528703125 0.878816990625 0.1711765140625 0.8936186109375001 0.17510604375 0.8938921375
1 1 0.22528067968749999 0.8956756312499999 0.333143653125 1 0.4286750296875 1 0.22528067968749999
1 0.6940683562500001 0.1527205765625 0.70499009375 0.1534808140625 0.7858978390625 0.047422790625 0.788947115625 0.0459064296875 0.7889577437499999 0.0453002796875 0.778590315625 0.0432492890625 0.7522023359375 0.040756799999999996 0.7475574546875 0.0470484984375 0.679109953125 0.13977319375 0.6790534187499999 0.1429972515625 0.6940683562500001 0.1527205765625
1 0.7482560625 0.0415354140625 0.7483385218749999 0.036832825 0.73632698125 0.0320675375 0.7102836546875 0.0302547203125 0.6254953140625 0.0975531796875 0.65217330625 0.1263918453125 0.653578878125 0.12648968437500002 0.7482560625 0.0415354140625
1 0.614967240625 0.092585334375 0.6826639234375 0.0265154859375 0.6826862015625 0.025245017187500003 0.599949496875 0.00471758125 0.5950308765625001 0.010556190625 0.566315134375 0.044630381250000004 0.5662458328125 0.0485824546875 0.608684765625 0.092148025 0.614967240625 0.092585334375
1 0.49228517812500006 0 0.5543783328125 0.0306170171875 0.5616823421875 0.031125431250000002 0.5761251890625 0 0.49228517812500006 0
1 1 0.105015478125 0.95264225 0.09972134375 0.9526361624999999 0.1000685890625 1 0.1490824671875 1 0.105015478125