1 0.23364400000000002 0.871312 0.353128 0.981816 0.401168 0.990288 0.5687960000000001 0.7653 0.435736 0.65378 0.23364400000000002 0.871312
1 0.298356 0.5511280000000001 0.11824399999999999 0.776664 0.21880799999999997 0.8618159999999999 0.40982799999999997 0.6368280000000001 0.298356 0.5511280000000001
1 0 0.681656 0.042176000000000005 0.716472 0.08338 0.670076 0.15136 0.713708 0.28132 0.538492 0.24858799999999998 0.5134559999999999 0.160664 0.43465999999999994 0 0.622108 0 0.681656
1 0.5991679999999999 1 0.701936 0.86858 0.5830040000000001 0.770556 0.422124 0.988476 0.484476 1 0.5991679999999999 1
1 0.314036 0.9694200000000001 0.21669200000000002 0.8972200000000001 0.18169200000000002 0.9474600000000001 0.314036 0.9694200000000001
1 0.681572 1 0.749196 0.9126839999999999 0.712064 0.881372 0.620184 1 0.681572 1
1 0.437536 0.627952 0.554036 0.724172 0.703068 0.534432 0.5952040000000001 0.44386400000000004 0.437536 0.627952
1 0.493072 0.359812 0.332892 0.5503359999999999 0.419952 0.626228 0.577936 0.432564 0.493072 0.359812
1 0.279408 0.338648 0.23734799999999998 0.405532 0.2043 0.39007200000000003 0.182092 0.430184 0.326064 0.542252 0.479728 0.35746 0.397144 0.279604 0.361356 0.3187 0.30932 0.356304 0.298796 0.314548 0.279408 0.338648
1 0.899244 0.6859759999999999 0.804208 0.8191919999999999 0.764572 0.841096 0.7087600000000001 0.82988 0.692588 0.79676 0.8264760000000001 0.6304879999999999 0.7438119999999999 0.560876 0.5925 0.7508600000000001 0.590068 0.753916 0.77102 0.91378 0.9375519999999999 0.710616 0.899244 0.6859759999999999
1 0.268408 0.252776 0.23434 0.227508 0.111124 0.372268 0.157756 0.412136 0.190404 0.375236 0.22249599999999997 0.302468 0.268408 0.252776
1 0 0.599588 0.145592 0.4265 0.098564 0.38106 0 0.505152 0 0.599588
1 0.181104 0.108048 0.034971999999999996 0.273532 0.036232 0.3054 0.0988 0.356332 0.258744 0.16714 0.181104 0.108048
1 0.9445399999999999 0.725608 0.78876 0.9224119999999999 0.8284 0.947292 0.87188 0.8957919999999999 0.928716 0.940212 0.960164 0.746248 0.9445399999999999 0.725608
1 0.916796 1 0.9247920000000001 0.954656 0.8716480000000001 0.92052 0.8422959999999999 0.962124 0.8887079999999999 1 0.916796 1
1 0.854984 1 0.7677240000000001 0.9324640000000001 0.710804 1 0.854984 1
1 0.08823600000000001 0 0.268708 0.149636 0.385644 0.009271999999999999 0.370992 0 0.08823600000000001 0
1 0.463708 0.307852 0.592732 0.161364 0.412256 0.02222 0.289276 0.16564399999999999 0.463708 0.307852
1 0.485612 0.324096 0.59936 0.40469600000000006 0.720772 0.262368 0.611732 0.17847200000000002 0.485612 0.324096
1 1 0.500256 0.736392 0.283012 0.710024 0.315512 0.8059559999999999 0.395716 0.746232 0.469116 0.681316 0.478312 0.908896 0.654656 0.993184 0.551188 1 0.512532 1 0.500256
1 0.988872 0.583448 0.920752 0.6732560000000001 0.9638479999999999 0.709748 0.988872 0.583448
1 0.719552 0.534584 0.565104 0.731628 0.579468 0.743792 0.73478 0.549652 0.719552 0.534584
1 0 0.911732 0.14432799999999998 0.940872 0.016288 0.8398680000000001 0 0.8439159999999999 0 0.911732
1 1 0.21305999999999997 0.969504 0.178268 0.8460559999999999 0.32436 1 0.447168 1 0.21305999999999997
1 0.713124 0.032619999999999996 0.708148 0.039012000000000005 0.633076 0.135456 0.656548 0.15060400000000002 0.7464839999999999 0.0385 0.750512 0.03646 0.7393919999999999 0.034499999999999996 0.713124 0.032619999999999996
1 0.616592 0.1353 0.698232 0.027239999999999997 0.6802360000000001 0.024068 0.661316 0.022108 0.584956 0.111836 0.616592 0.1353
1 0.641064 0.019912 0.5567599999999999 0.006424000000000001 0.5522199999999999 0.012688 0.524036 0.051559999999999995 0.5739639999999999 0.09614 0.641064 0.019912
1 0.451148 0 0.510532 0.0423 0.542316 0.0025 0.5242519999999999 0 0.451148 0
1 1 0.084432 0.9152520000000001 0.072388 1 0.17134 1 0.084432