1 0.9491517390625 0.4751035265625 0.9858406765625001 0.3719192203125 0.9845796046874999 0.3675163015625 0.680697465625 0.22694180625000002 0.628537690625 0.22091599999999997 0.52927205 0.455972521875 0.637804365625 0.49561138906249996 0.8351167921875 0.49707950156249997 0.9491517390625 0.4751035265625
1 1 0.550527290625 0.9460612562499999 0.562065059375 0.897036828125 0.6982302578125 0.9517370062499999 0.7200622640625001 0.9365019890624999 0.775419090625 0.76589853125 0.701272153125 0.6732459609375 0.678211884375 0.657518203125 0.7380138640625 0.6860322234375 0.7496308796875 0.6707793640624999 0.8126149203124999 0.485924365625 0.7475408359375 0.50265343125 0.7086151046875 0.3442001609375 0.666791703125 0.32724745781250003 0.842256825 0.16623779375 0.793626759375 0.1528171765625 0.8998478109375 0.41982375625 0.9706095578125 0.47649662968750006 0.9746688265625 0.5133746109375 0.9855218265625 0.537014296875 1 0.7245610359375 1 1 0.9469194328125001 1 0.550527290625
1 0.77520124375 0.6399755328125 0.801443346875 0.5841160484375 0.85384135 0.6041605390625 0.8924679921875001 0.48859563437500003 0.89070364375 0.48243556875 0.7182937625 0.506762634375 0.67220750625 0.5156440375 0.6483794546875 0.6080002828125 0.7414279078125 0.618324759375 0.7744778890624999 0.6401149312500001 0.77520124375 0.6399755328125
1 0.6407548734375 0.5864266781249999 0.647991384375 0.5369854578125001 0.645466003125 0.5281683125 0.55253991875 0.5149189390625 0.5450219109375001 0.5516157421875 0.5914082234375 0.5567298328125 0.5895974093749999 0.5768568609375 0.638808046875 0.5868018562499999 0.6407548734375 0.5864266781249999
1 0.42552091562500005 0.6765529609375001 0.5103409828125 0.6602070624999999 0.5270894421875 0.51327805 0.52687216875 0.512519459375 0.3926620828125 0.5139517031249999 0.272400328125 0.5035474796875 0.288593921875 0.615345353125 0.3339473296875 0.622482846875 0.341798403125 0.673740503125 0.42552091562500005 0.6765529609375001
1 0.21605294531250002 0.6920710609375 0.2250166984375 0.6001587765624999 0.2759378140625 0.6087520625 0.28255125312499996 0.50058453125 0.27978427968749997 0.49092389374999995 0.18879918281250002 0.47141099999999997 0.16495249218750002 0.812947996875 0.3059124078125 0.8439253734375001 0.31160425625 0.84282848125 0.3181417046875 0.7155176515624999 0.21605294531250002 0.6920710609375
1 0.1981706328125 0.4592887359375 0.1983657765625 0.45925113125 0.317517403125 0.1523195046875 0.31695305 0.1503491140625 0.1422026171875 0.0906459890625 0.1175236640625 0.095401934375 0.058922020312500004 0.2664801578125 0.0338403421875 0.36879841406249997 0.047591046875 0.416807771875 0.1981706328125 0.4592887359375
1 0.424872903125 0.48208591875 0.53742813125 0.4603951046875 0.5531804234375 0.1838275234375 0.55280788125 0.182526825 0.326125296875 0.1748674875 0.3002485359375 0.1798542671875 0.28079048281249996 0.4219878875 0.30067501406249997 0.49141294999999996 0.341207128125 0.4911486140625 0.424872903125 0.48208591875
1 0.1992068609375 0.806111303125 0.1322943765625 0.47398972187500005 0.1284195484375 0.4604611078125 0.0290407515625 0.46245956718750003 0.0603821375 0.6293259250000001 0.0667975890625 0.6488397359375 0.14998408593749998 0.8087121921874999 0.192108775 0.8074791953125 0.1992068609375 0.806111303125
1 0.0444542625 0.5959373796875 0.0454148375 0.5957522640625 0.0428853625 0.4551008484375 0.042127046875000004 0.452453259375 0.029933265625 0.45110979999999995 0.026314768750000002 0.45180712968750003 0.0324396796875 0.5569678031249999 0.0368907625 0.57250835625 0.0444542625 0.5959373796875
1 0.7197488062499999 0.201478896875 0.7665888890625 0.0811899703125 0.9250916046875 0.1504154140625 0.92315643125 0.1309288390625 0.9105135593749999 0.08678738593749999 0.732169059375 0.0320543625 0.7206998328124999 0.0342646265625 0.6691271765625 0.1855398015625 0.6686486578124999 0.1869365953125 0.7159646234375 0.20220815781249998 0.7197488062499999 0.201478896875
1 0.92579943125 0.14569012812499998 0.7649243921875 0.132447403125 0.76643576875 0.22641187187499998 0.9206576140625 0.2373548015625 0.9403604968750001 0.23355780781250002 0.9372698375 0.1857380234375 0.92579943125 0.14569012812499998
1 0.6767872875000001 0.050974375 0.6749306500000001 0.04449209375 0.6034126515625 0.054882789062500006 0.6111411234374999 0.18145318906250002 0.623138275 0.22334016562499998 0.6454398390625 0.219042371875 0.6814367328125 0.20986122968749998 0.6767872875000001 0.050974375
1 0.61125405 0.049043821875 0.6072457390625 0.035049159375 0.5446090796874999 0.030712135937500003 0.527380125 0.034032375 0.514289303125 0.1793358296875 0.5948442 0.20122560156249997 0.6000655453125 0.20021938281249999 0.61125405 0.049043821875
1 0.4812519953125 0.1890626703125 0.49214575156249996 0.1869633046875 0.5230410015625 0.045397515625 0.5224588734375 0.043365065625 0.43076818125000005 0.0253658390625 0.40723400937500004 0.028302937500000003 0.3550163375 0.036739428125 0.3323191859375 0.1387529375 0.333638790625 0.143360221875 0.4812519953125 0.1890626703125
1 0.321368778125 0.0606300234375 0.31735383281249996 0.046612196875 0.2158865265625 0.06426378906249999 0.10616985000000001 0.11245132656250001 0.106401190625 0.113858040625 0.300424234375 0.121749703125 0.324163428125 0.1171748609375 0.321368778125 0.0606300234375