1 0.8485400000000001 0.5043040000000001 0.873416 0.511564 0.936664 0.504876 0.996408 0.364176 0.7055480000000001 0.24078400000000003 0.654392 0.23819200000000001 0.53488 0.48409599999999997 0.638888 0.517064 0.8485400000000001 0.5043040000000001
1 1 0.503644 0.8777480000000001 0.526176 0.7996000000000001 0.6625479999999999 0.848924 0.686 0.821796 0.74156 0.66928 0.662296 0.5827 0.63664 0.5541159999999999 0.69668 0.5797760000000001 0.709144 0.550968 0.772412 0.382384 0.701956 0.40740800000000005 0.66304 0.25986 0.616752 0.204856 0.793656 0.056264 0.740424 0.019844 0.8474360000000001 0.268412 0.925724 0.32355999999999996 0.931264 0.35765600000000003 0.943168 0.433088 1 0.6383639999999999 1 0.658628 0.9922639999999999 0.691036 1 0.862444 1 1 0.5766519999999999 1 0.503644
1 0.7456240000000001 0.6152960000000001 0.792972 0.63976 0.8608399999999999 0.522332 0.634296 0.533732 0.588824 0.625424 0.6785720000000001 0.643856 0.706808 0.668712 0.7456240000000001 0.6152960000000001
1 0.590256 0.585448 0.6161559999999999 0.53114 0.525308 0.49832 0.5069440000000001 0.531968 0.550988 0.54628 0.543188 0.565204 0.590256 0.585448
1 0.259672 0.591928 0.41593600000000003 0.641876 0.508136 0.49273999999999996 0.37914400000000004 0.45786 0.269008 0.415868 0.23482799999999998 0.5236080000000001 0.27493599999999996 0.542416 0.259672 0.591928
1 0.138908 0.607988 0.169004 0.5179039999999999 0.217512 0.531188 0.251636 0.41600000000000004 0.1628 0.38713600000000004 0.060348 0.7227680000000001 0.198212 0.7683880000000001 0.23472400000000002 0.640772 0.138908 0.607988
1 0.391992 0.10341199999999999 0.19228 0.01954 0.11762399999999999 0.190884 0.073476 0.32675200000000004 0.251448 0.39117999999999997 0.391992 0.10341199999999999
1 0.639968 0.23433199999999998 0.403524 0.118716 0.264624 0.393808 0.327388 0.42163199999999995 0.41822 0.45196800000000004 0.524408 0.47822 0.639968 0.23433199999999998
1 0 0.697476 0.046632 0.714184 0.149344 0.380288 0.055004 0.34550800000000004 0 0.516092 0 0.697476
1 0 0.484872 0.0436 0.34758 0.027664 0.340752 0 0.42525599999999997 0 0.484872
1 1 0.140856 0.8085720000000001 0.078656 0.739384 0.23368799999999998 0.738764 0.235072 0.7877919999999999 0.251824 0.847692 0.130984 1 0.20161199999999999 1 0.140856
1 1 0.224408 0.853124 0.159984 0.808844 0.24546 0.9662280000000001 0.31228 1 0.238888 1 0.224408
1 0.727812 0.23068399999999997 0.797428 0.08246400000000001 0.725036 0.061419999999999995 0.657712 0.21781199999999998 0.727812 0.23068399999999997
1 0.637432 0.031304 0.5754279999999999 0.168792 0.65122 0.2124 0.717812 0.058248 0.637432 0.031304
1 0.46296799999999994 0 0.41532 0.10274000000000001 0.56328 0.170624 0.628232 0.02914 0.539996 0 0.46296799999999994 0
1 0.205296 0 0.2048 0.001324 0.401096 0.093168 0.448728 0 0.205296 0