5 0.2134486609375 0 0.11579241093749999 0.090680803125 0 0.198102678125 0 0.25251116093750003 0.25251116093750003 0 0.2134486609375 0
5 0.16462053593749998 0 0 0.143694196875 0 0.17578125 0.1911272328125 0 0.16462053593749998 0
5 0.12276785781249999 0 0.046037946875 0.065569196875 0 0.0990513390625 0 0.12276785781249999 0.0641741078125 0.068359375 0.14787946406250002 0 0.12276785781249999 0
5 1 0.39899553593750003 0.8258928578125 0.40178571406249997 0.5482700890625 0.3962053578125 0.30412946406249997 0.3962053578125 0.139508928125 0.390625 0.041852678125 0.37946428593750003 0 0.37388392812500004 0 0.4047309015625 0.09006076406249999 0.4155815984375 0.22677951406250002 0.43077256875 0.302734375 0.4242621515625 0.4644097234375 0.42100694375 0.6499565984375 0.4220920140625 0.7866753484375 0.4242621515625 1 0.427289690625 1 0.39899553593750003
5 0 0 0 0.08138020781250001 0.0509982640625 0.20833333281250002 0.0607638890625 0.2506510421875 0.0629340265625 0.2766927078125 0.0464842046875 0.3670714421875 0.0341627328125 0.472276475 0.024956596875 0.5034722234375 0.013817085937500001 0.53208179375 0 0.5544704859375 0 0.6043836812500001 0.0314670140625 0.5707465265625 0.0531684015625 0.5316840265625 0.07595486093750001 0.458984375 0.0933159734375 0.3743489578125 0.1030815984375 0.3103298609375 0.1041666671875 0.27235243124999997 0.0922309015625 0.228949653125 0.0726996515625 0.17578125 0.0325520828125 0.07052951406249999 0.0119357640625 0 0 0
5 0 0.7367621515625 0.029296875 0.7118055562500001 0.1052517359375 0.6608072921875 0.19639756875 0.6022135421875 0.1898871515625 0.5902777765625 0.1714409734375 0.6011284734375 0.09548611093750001 0.6456163187499999 0.0398763015625 0.6844075515625 0 0.7150607640625 0 0.7367621515625
5 0 0.9418402765625 0.3157552078125 0.7356770828125 0.4665798609375 0.6380208328125 0.5729166671875 0.56640625 0.7042100687499999 0.478515625 0.6955295140625 0.4622395828125 0.6195746515625 0.5143229171875 0.4741753484375 0.6098090265625 0.28184678750000003 0.7337782125000001 0 0.9157986109375 0 0.9418402765625
5 0.4134114578125 0.9337022562499999 0.431213378125 0.9244791671874999 0.20290798593749998 0.5805121515625 0.1888020828125 0.5891927078125 0.2766927078125 0.7204861109375 0.3157552078125 0.7779947921875 0.390625 0.8908420140625 0.4134114578125 0.9337022562499999
5 1 0.5772569437499999 0.966796875 0.6000434015625 0.8322482640625 0.6846788187499999 0.5262586812500001 0.8680555562500001 0.4144965265625 0.9385850687499999 0.31792534843750003 1 0.3483072921875 1 0.5425347234375 0.8832465265625 0.7096354171875 0.7779947921875 0.8235677078125001 0.7085503484375 0.9114583328125001 0.6586371515625 1 0.5989583328125 1 0.5772569437499999
5 1 0.8984375 0.908203125 0.7562934015625 0.8138020828125001 0.60546875 0.7215711812500001 0.4633246515625 0.7183159734375 0.439453125 0.7237413187499999 0.4231770828125 0.6749131937499999 0.4242621515625 0.8072916671874999 0.6396484375 0.8675130203125001 0.7362196187500001 1 0.9418402765625 1 0.8984375
5 0.7758246515625 1 0.7269965265625 0.9201388890625 0.6629774312500001 0.8219401046874999 0.6618923609375 0.810546875 0.6358506937499999 0.8257378484375 0.6694878484375 0.8723958328125001 0.751953125 1 0.7758246515625 1
5 0.30381944375000003 0 0.2712673609375 0.07595486093750001 0.1508246515625 0.36675347343750003 0.13563368125 0.3884548609375 0.1790364578125 0.3884548609375 0.16710069375 0.3645833328125 0.18663194375 0.31684027656249997 0.22786458281250002 0.220269096875 0.3190104171875 0 0.30381944375000003 0
5 1 0.0347222234375 0.645650228125 0.0295427109375 0.30815972343750003 0.0260416671875 0.2994791671875 0.0466579859375 0.5750868062500001 0.048828125 0.7085503484375 0.0564236109375 0.8810763890625 0.0531684015625 1 0.05208333281250001 1 0.0347222234375
5 1 0.22352430625 0.7628038187499999 0.21701388906250002 0.5284288187499999 0.21375868125 0.3830295140625 0.20833333281250002 0.23328993125 0.205078125 0.22677951406250002 0.22135416718749998 0.48719618125 0.22677951406250002 0.5164930562500001 0.23220486093749998 0.7562934015625 0.234375 1 0.239800346875 1 0.22352430625
5 0.5110677078125 0.23111979218749998 0.5110677078125 0.1302083328125 0.5121527765625 0.04991319375 0.49913194375 0.048828125 0.49913194375 0.12912326406250002 0.498046875 0.3634982640625 0.49207899375 0.3830295140625 0.4850260421875 0.39496527656249997 0.5154079859375 0.39496527656249997 0.5078125 0.3255208328125 0.5110677078125 0.23111979218749998
5 0.6814236109375 0.23546006875 0.6814236109375 0.39442274374999997 0.6901041671875 0.3938802078125 0.6911892359375 0.233832465625 0.6814236109375 0.23546006875
5 0.8637152765625 0.0542534734375 0.8615451390625 0.21809895781250002 0.8821614578125001 0.2197265625 0.8843315984375 0.0531684015625 0.8637152765625 0.0542534734375
5 0.8680555562500001 0.23546006875 0.8702256937499999 0.400390625 0.8832465265625 0.400390625 0.8821614578125001 0.23763020781250002 0.8680555562500001 0.23546006875