5 0 0.30934466875 0.1355913671875 0.056711996875000004 0.135565959375 0.0564206359375 0.10234265312499999 0.0585566234375 0.048249307812499996 0.15110973125 0 0.23357786875 0 0.30934466875
5 0 0.2058298078125 0.0825841671875 0.05998467187499999 0.0825704875 0.0598278125 0.06098009375 0.061215896874999995 0 0.1629079578125 0 0.2058298078125
5 0 0.127719296875 0.0701925578125 0.0616798234375 0.07011854687499999 0.0608311234375 0.047641334375 0.062276225 0 0.10896323125 0 0.127719296875
5 0 0.40862989687500006 0.051876809375 0.41546746093750003 0.1856011890625 0.43178038281250003 0.26126506250000003 0.42570897343749997 0.42134758281250007 0.423518934375 0.60462384375 0.4258858734375 0.7395436656250001 0.42901744218750004 0.9479446109375 0.43349452031249996 0.950111165625 0.43335522812500005 0.9519501078125 0.4130785171875 0.9512379125000001 0.40491153593749996 0.780365878125 0.4065320328125 0.5065037796875 0.3989849109375 0.2652197328125 0.3973158390625 0.1030376796875 0.3905412578125 0.0075487296875 0.37857532968749996 0 0.37747855937499997 0 0.40862989687500006
5 0 0.19451163124999998 0.033184515625 0.275731509375 0.043772570312499995 0.3187421328125 0.046390862500000005 0.344745240625 0.031134412500000003 0.43208600468749997 0.0203051234375 0.5345814359375 0.0155290921875 0.550624771875 0.027157485937499996 0.6169242015624999 0.027889425000000002 0.61687714375 0.0405453 0.5956031109375 0.062516040625 0.5265042156249999 0.0731596796875 0.47316305468750003 0.052983218750000005 0.24179320468749999 0.012261740625 0.137288546875 0 0.0971380765625 0 0.19451163124999998
5 0 0.7846110375 0.0114665515625 0.7748940703125 0.0893751609375 0.722158440625 0.18209863125 0.661922275 0.1819165203125 0.6598339671875 0.17857417656250002 0.653106325 0.169984434375 0.653658575 0.157970203125 0.6608349718750001 0.080362065625 0.7070043593750001 0.0232547640625 0.7470800546875 0 0.76496708125 0 0.7846110375
5 0.17803428906250002 1 0.3355876296875 0.7824104468749999 0.44008158750000004 0.6392928765625 0.51273013125 0.5357805812499999 0.5964989640625 0.4171526421875 0.59632994375 0.41521445 0.574314603125 0.41662985781249995 0.5369546749999999 0.470853834375 0.43671676562500006 0.610091065625 0.3032607359375 0.7920628562500001 0.15105210156249999 1 0.17803428906250002 1
5 0.384443771875 0.9792257093750001 0.387230925 0.9790465171875 0.4018907125 0.9715202 0.40158165625000003 0.9679761609374999 0.20270013125 0.6243827515625 0.188070109375 0.63322799375 0.265353571875 0.765464515625 0.2997649359375 0.82338339375 0.3655238125 0.9370446875 0.384443771875 0.9792257093750001
5 0.46837091875 1 0.5623019171875 0.9338974296875 0.7137926328125 0.8219989140624999 0.8174188484375 0.7480191203125 0.897891046875 0.694601765625 0.970589575 0.636959796875 0.9719091546874999 0.6117807156249999 0.9446081609375 0.633842215625 0.8226122312499999 0.7238297499999999 0.543846484375 0.9193918203125 0.4425442390625 0.9943667062499999 0.43499371093750006 1 0.46837091875 1
5 0.7839743328125001 0.6248085578125 0.6516185 0.5168951015625 0.641010715625 0.4950446765625 0.641038003125 0.4785632296875 0.638389278125 0.47873351875000003 0.595003496875 0.49373306875 0.7885521718749999 0.6594981718749999 0.876156409375 0.7335566609375 0.9618421625 0.803870378125 0.9633577640625001 0.7749509906250001 0.9211244593749999 0.7403670671875 0.7839743328125001 0.6248085578125
5 0.795476009375 1 0.7462857374999999 0.9486051156249999 0.6552956046875 0.8580107 0.650933115625 0.846840746875 0.62990354375 0.8645900843750001 0.67628045625 0.9073004656249999 0.768768865625 1 0.795476009375 1
5 0.14649054687500002 0.4347002125 0.1362728609375 0.41478632031249996 0.15457579999999999 0.3705918625 0.1933553 0.28144762343749996 0.27725490937499997 0.0815082828125 0.2768986515625 0.0774229578125 0.263385696875 0.0755079109375 0.23276083125000002 0.1456037640625 0.11977274062500001 0.41457467656249997 0.105025259375 0.43375209843749996 0.12256796875 0.43623823906250003 0.14649054687500002 0.4347002125
5 0.24074086874999998 0.1301195984375 0.24249098593750001 0.15018873593749998 0.25025212343750003 0.149689759375 0.5083071 0.10922683281250001 0.64158930625 0.09499225156249999 0.811754865625 0.06361248124999999 0.820157165625 0.06214779375 0.730086215625 0.055322625 0.574985371875 0.0785686171875 0.24074086874999998 0.1301195984375
5 0.181022559375 0.3098220328125 0.1850091890625 0.3095657234375 0.4373209921875 0.2718480640625 0.467027828125 0.2722867765625 0.7040661984375001 0.2339887390625 0.9442048546875 0.1984418203125 0.9438811515625 0.19472981250000002 0.7816226953125 0.20516170625000002 0.7079785453125 0.21567261875 0.47613875937500005 0.25197937187499997 0.331818921875 0.27112518125 0.1835288046875 0.2931553671875 0.180637346875 0.3054046921875 0.181022559375 0.3098220328125
5 0.4579548015625 0.4304009984375 0.48775578125 0.4284850390625 0.47693147500000005 0.36397033749999996 0.4748427046875 0.270805165625 0.46907907968749996 0.17085255 0.4681434453125 0.14953115781249998 0.4630362234375 0.09096503125 0.452319975 0.0890030234375 0.4569060828125 0.16853521093749999 0.4691915625 0.4005702609375 0.4642515921875 0.4192946359375 0.45777679843749997 0.4303827359375 0.4579548015625 0.4304009984375
5 0.6468062578125 0.4182593921875 0.648285725 0.41785900624999994 0.6358366671875 0.2751017359375 0.6344330968749999 0.259866040625 0.6307237109375 0.260104521875 0.6250137734375001 0.262273 0.6263578609375 0.2776860734375 0.6403170421875 0.418676596875 0.6468062578125 0.4182593921875
5 0.8326900500000001 0.0700154953125 0.813792165625 0.068165409375 0.7981378421875001 0.2298414359375 0.8122130796875 0.23307323906250002 0.8188523125 0.2326463890625 0.833578615625 0.080204946875 0.8326900500000001 0.0700154953125
5 0.852402828125 0.3679649484375 0.8210181359375 0.2504272046875 0.8068041609375 0.251655540625 0.8497262390625 0.408358375 0.8558907484375 0.407962046875 0.852402828125 0.3679649484375