5 0 0.0627790171875 0.380859375 0.0669642859375 0.5845424109375 0.0725446421875 0.9486607140625001 0.0795200890625 1 0.0837053578125 0.9986403156250001 0.064375740625 0 0.041852678125 0 0.0627790171875
5 0.5913628484375 0 0.6184895828125 0.39605034843750003 0.6423611109375 0.7513020828125 0.6564670140625 0.9205729171874999 0.6597222234375 1 0.6857638890625 1 0.6770833328125 0.8967013890625 0.6618923609375 0.7415364578125 0.6521267359375 0.5690104171875 0.6293402765625 0.235894096875 0.615234375 0 0.5913628484375 0
5 0.35590277656249997 1 0.224609375 0.8020833328125001 0.146484375 0.6805555562500001 0.0607638890625 0.5525173609375 0 0.4507921 0 0.4806857640625 0.06618923593750001 0.5826822921875 0.3352864578125 1 0.35590277656249997 1
5 1 0.2506510421875 0.6792534734375 0.244140625 0.5338541671875 0.322265625 0.230034721875 0.4937065984375 0.07486979218749999 0.5772569437499999 0.09006076406249999 0.5924479171875 0.2604166671875 0.4947916671875 0.68359375 0.2615017359375 1 0.26475694375000003 1 0.2506510421875
5 1 0.4416232640625 0.6448025171875 0.4324001734375 0.64453125 0.4568142359375 0.6618923609375 0.4513888890625 1 0.45789930625 1 0.4416232640625
5 1 0.6043836812500001 0.6694878484375 0.6000434015625 0.654296875 0.5946180562500001 0.6564670140625 0.6163194437499999 0.6662326390625 0.6108940984375 1 0.6163194437499999 1 0.6043836812500001
5 1 0.7660590265625 0.6911892359375 0.76171875 0.6662326390625 0.7595486109375 0.6694878484375 0.7845052078125 0.693359375 0.7769097234375 0.8213975687499999 0.7790798609375 1 0.7796223953125 1 0.7660590265625
5 1 0.9342447921874999 0.6792534734375 0.927734375 0.6814236109375 0.9407552078125001 0.9331597234375 0.9461805562500001 1 0.947265625 1 0.9342447921874999
5 0 0.8723958328125001 0.059678818749999994 0.8908420140625 0.1117621515625 0.9016927078125001 0.15516493125 0.8978949640625 0.20724826406250002 0.8810763890625 0.24088541718749998 0.8604600687499999 0.2766927078125 0.8365885421874999 0.3125 0.8192274312500001 0.35264756875000003 0.8083767359375 0.41015625 0.8040364578125001 0.4839409734375 0.7986111109375 0.6098090265625 0.791015625 0.6206597234375 0.7942708328125 0.6467013890625 0.8138020828125001 0.6412760421875 0.7476128484375 0.6206597234375 0.7584635421875 0.4134114578125 0.7736545140625 0.3146701390625 0.7845052078125 0.2701822921875 0.8062065984375 0.209418403125 0.8452690984375 0.1605902765625 0.8658854171874999 0.09657118125 0.8711073140625001 0.02821180625 0.8485243062500001 0 0.8420138890625 0 0.8723958328125001
5 0.439453125 0.5978732640625 0.4926215265625 0.5707465265625 0.5305989578125 0.5523003484375 0.6260850687499999 0.5013020828125 0.6260850687499999 0.47960069375 0.48828125 0.556640625 0.4296875 0.5859375 0.35044776093749996 0.6333880953125 0.2669270828125 0.6879340265625 0.18663194375 0.7378472234375 0.1920572921875 0.7562934015625 0.3493923609375 0.6510416671875 0.439453125 0.5978732640625
5 0.9537760421874999 1 0.9537760421874999 0.859375 0.9516059015625 0.6998697921875 0.9505208328125001 0.5783420140625 0.9494357640625 0.078125 0.9375 0.07921006875 0.9396701390625 0.37000868124999997 0.9385850687499999 0.47622045 0.9396701390625 0.6011284734375 0.9402126734375 0.7888454859375 0.9418402765625 1 0.9537760421874999 1