5 0.1702008921875 0 0.15485491093749998 1 0.172991071875 1 0.185546875 0 0.1702008921875 0
5 0.3655133921875 1 0.37388392812500004 0 0.3557477671875 0.0013950890625 0.34319196406249997 1 0.3655133921875 1
5 0.5398995531249999 0 0.5287388390625 1 0.5440848218750001 1 0.5580357140625 0 0.5398995531249999 0
5 0.7212611609375 0 0.712890625 1 0.7282366078125 1 0.7393973218750001 0 0.7212611609375 0
5 0.9095982140625001 0 0.8928571421875 1 0.9068080359374999 1 0.9291294640625001 0 0.9095982140625001 0
5 1 0.0641741078125 0 0.0474330359375 0 0.065569196875 1 0.0795200890625 1 0.0641741078125
5 1 0.2497209828125 0 0.2301897328125 0 0.25390625 1 0.263671875 1 0.2497209828125
5 1 0.43387276718749995 0 0.41434151718749995 0 0.44084821406249997 1 0.44782366093750003 1 0.43387276718749995
5 1 0.6208147328125 0 0.6096540171875 0 0.625 1 0.6333705359375 1 0.6208147328125
5 0 0.8077566968750001 0.9123883921875 0.8217075890625001 0.9137834828125 0.8049665171875 0 0.7882254468750001 0 0.8077566968750001
5 0.8858816968750001 1 0.8900669640625001 0.9946986609374999 0 0.9751674109374999 0 1 0.8858816968750001 1