0 0.40692841796875 0.9824076171875 0.423075390625 0.97486787109375 0.42432861328125 0.97512060546875 0.42845947265625 0.97594580078125 0.45106328125 0.9985546875 0.454227734375 0.9990234375 0.39550634765625 0.9990234375 0.40692841796875 0.9824076171875
0 0.20669189453125 0.97486787109375 0.21853271484375 0.9490357421875 0.22499462890625 0.92965517578125 0.22822294921875 0.89843388671875 0.22893466796875 0.89819658203125 0.257288671875 0.88874873046875 0.29604462890625 0.88874873046875 0.32726591796875 0.85107060546875 0.338740625 0.8431234375 0.34125732421875 0.84138037109375 0.36925029296875 0.8456865234375 0.3860677734375 0.86410791015625 0.3918541015625 0.87044599609375 0.41661357421875 0.87044599609375 0.4172478515625 0.870884375 0.43061005859375 0.880136328125 0.4209197265625 0.88874873046875 0.41876923828125 0.89843388671875 0.4209197265625 0.9027400390625 0.4349162109375 0.91027978515625 0.43814462890625 0.9167365234375 0.43383837890625 0.92427119140625 0.42199755859375 0.9253490234375 0.41123466796875 0.9350392578125 0.41015673828125 0.95549248046875 0.4241533203125 0.9727173828125 0.42432861328125 0.97512060546875 0.423075390625 0.97486787109375 0.40692841796875 0.9824076171875 0.39550634765625 0.9990234375 0.18674169921875 0.9990234375 0.20669189453125 0.97486787109375
0 0.45106328125 0.9985546875 0.42845947265625 0.97594580078125 0.42432861328125 0.97512060546875 0.4241533203125 0.9727173828125 0.41015673828125 0.95549248046875 0.41123466796875 0.9350392578125 0.42199755859375 0.9253490234375 0.43383837890625 0.92427119140625 0.43814462890625 0.9167365234375 0.4349162109375 0.91027978515625 0.4209197265625 0.9027400390625 0.41876923828125 0.89843388671875 0.4209197265625 0.88874873046875 0.43061005859375 0.880136328125 0.4172478515625 0.870884375 0.42845947265625 0.87044599609375 0.45967568359375 0.85537685546875 0.48981923828125 0.85537685546875 0.507044140625 0.86721767578125 0.5090501953125 0.86460810546875 0.51135029296875 0.8736744140625 0.5091998046875 0.89520546875 0.536109765625 0.9231984375 0.53661005859375 0.9423572265625 0.53180361328125 0.93396142578125 0.52319111328125 0.93288359375 0.5145787109375 0.946880078125 0.49628115234375 0.9608765625 0.48874658203125 0.97917412109375 0.48766875 0.9985546875 0.48792275390625 0.9990234375 0.454227734375 0.9990234375 0.45106328125 0.9985546875
0 0.01183935546875 0.83061220703125 0.031653125 0.8285287109375 0.03229267578125 0.82846171875 0.0484396484375 0.81984921875 0.05705205078125 0.82092705078125 0.06408125 0.816409375 0.07212646484375 0.81123681640625 0.0861177734375 0.8166208984375 0.0968859375 0.80477490234375 0.10043916015625 0.80396005859375 0.1302578125 0.79724033203125 0.13793681640625 0.801082421875 0.15454794921875 0.8093853515625 0.16685810546875 0.81554296875 0.16901376953125 0.833845703125 0.20022998046875 0.86075576171875 0.2056140625 0.876902734375 0.22893466796875 0.89819658203125 0.22822294921875 0.89843388671875 0.22499462890625 0.92965517578125 0.21853271484375 0.9490357421875 0.20669189453125 0.97486787109375 0.18674169921875 0.9990234375 0.05092373046875 0.9990234375 0.03982724609375 0.98994228515625 0.01398994140625 0.9770236328125 0.00214912109375 0.96625546875 0 0.963354296875 0 0.8385076171875 0.01183935546875 0.83061220703125
0 0.81708662109375 0.9963990234375 0.82892744140625 0.9920927734375 0.84292392578125 0.99317060546875 0.847476953125 0.9990234375 0.81790693359375 0.9990234375 0.81708662109375 0.9963990234375
0 0.855842578125 0.99747685546875 0.883835546875 0.9920927734375 0.89451083984375 0.98692529296875 0.89762578125 0.99031875 0.90803291015625 0.99031875 0.91938896484375 0.981804296875 0.92885234375 0.98464072265625 0.938310546875 0.97991162109375 0.94493740234375 0.980860546875 0.946825 0.998833203125 0.94695673828125 0.9990234375 0.855146484375 0.9990234375 0.855842578125 0.99747685546875
0 0.48766875 0.9985546875 0.48874658203125 0.97917412109375 0.49628115234375 0.9608765625 0.5145787109375 0.946880078125 0.52319111328125 0.93288359375 0.53180361328125 0.93396142578125 0.53661005859375 0.9423572265625 0.540416015625 0.9490357421875 0.54795576171875 0.9544146484375 0.564102734375 0.9318109375 0.572715234375 0.92857734375 0.5845560546875 0.92965517578125 0.606087109375 0.9167365234375 0.62654033203125 0.909201953125 0.65345546875 0.9167365234375 0.68682744140625 0.9059736328125 0.69543984375 0.90700498046875 0.705130078125 0.92965517578125 0.713742578125 0.94042333984375 0.71589306640625 0.96625546875 0.72450556640625 0.9770236328125 0.7309623046875 0.97917412109375 0.72988955078125 0.9963990234375 0.73155908203125 0.9990234375 0.48792275390625 0.9990234375 0.48766875 0.9985546875
0 0.99792197265625 0.8550158203125 0.98845859375 0.84933779296875 0.99035126953125 0.841772265625 0.9990234375 0.83776884765625 0.9990234375 0.855275 0.99792197265625 0.8550158203125
0 0.946825 0.998833203125 0.94493740234375 0.980860546875 0.938310546875 0.97991162109375 0.92885234375 0.98464072265625 0.91938896484375 0.981804296875 0.90803291015625 0.99031875 0.89762578125 0.99031875 0.88721865234375 0.97896787109375 0.88721865234375 0.965719140625 0.91181826171875 0.9572046875 0.93641787109375 0.9581484375 0.93925947265625 0.96666806640625 0.96101748046875 0.97518251953125 0.9922439453125 0.97328984375 0.9990234375 0.967922265625 0.9990234375 0.9990234375 0.94695673828125 0.9990234375 0.946825 0.998833203125
0 0.9922439453125 0.97328984375 0.96101748046875 0.97518251953125 0.93925947265625 0.96666806640625 0.93641787109375 0.9581484375 0.9320291015625 0.95797822265625 0.931198828125 0.9253490234375 0.93873857421875 0.8973611328125 0.96021806640625 0.86898134765625 0.9904080078125 0.85107060546875 0.99103203125 0.8508849609375 0.99792197265625 0.8550158203125 0.9990234375 0.855275 0.9990234375 0.967922265625 0.9922439453125 0.97328984375
0 0.77510224609375 0.9942484375 0.75572685546875 0.9824076171875 0.74926494140625 0.97163955078125 0.74388095703125 0.92857734375 0.73850205078125 0.913508203125 0.72773388671875 0.9059736328125 0.72881171875 0.89628330078125 0.752493359375 0.88874873046875 0.76756767578125 0.87475224609375 0.78156416015625 0.83061220703125 0.789098828125 0.8219998046875 0.7987890625 0.82523330078125 0.813858203125 0.843530859375 0.83538935546875 0.842458203125 0.8407734375 0.847837109375 0.84615234375 0.847837109375 0.85476474609375 0.82415546875 0.87522314453125 0.82307763671875 0.92474208984375 0.7757091796875 0.94196689453125 0.7757091796875 0.9559634765625 0.7606400390625 0.96564853515625 0.763868359375 0.9753388671875 0.7746365234375 0.996869921875 0.772480859375 0.9990234375 0.7730375 0.9990234375 0.83776884765625 0.99035126953125 0.841772265625 0.98845859375 0.84933779296875 0.99103203125 0.8508849609375 0.9904080078125 0.85107060546875 0.96021806640625 0.86898134765625 0.93873857421875 0.8973611328125 0.931198828125 0.9253490234375 0.9320291015625 0.95797822265625 0.91181826171875 0.9572046875 0.88721865234375 0.965719140625 0.88721865234375 0.97896787109375 0.89451083984375 0.98692529296875 0.883835546875 0.9920927734375 0.855842578125 0.99747685546875 0.85514658203125 0.9990234375 0.847476953125 0.9990234375 0.84292392578125 0.99317060546875 0.82892744140625 0.9920927734375 0.81708662109375 0.9963990234375 0.81790693359375 0.9990234375 0.77959736328125 0.9990234375 0.77510224609375 0.9942484375
0 0.6835990234375 0.876902734375 0.6879052734375 0.89843388671875 0.6932841796875 0.9059736328125 0.69543984375 0.90700498046875 0.68682744140625 0.9059736328125 0.65345546875 0.9167365234375 0.62654033203125 0.909201953125 0.606087109375 0.9167365234375 0.5845560546875 0.92965517578125 0.572715234375 0.92857734375 0.564102734375 0.9318109375 0.54795576171875 0.9544146484375 0.540416015625 0.9490357421875 0.53661005859375 0.9423572265625 0.536109765625 0.9231984375 0.5091998046875 0.89520546875 0.51135029296875 0.8736744140625 0.5090501953125 0.86460810546875 0.51781220703125 0.85322109375 0.52534677734375 0.8359962890625 0.544722265625 0.8316900390625 0.55549033203125 0.81984921875 0.564102734375 0.8166208984375 0.58081708984375 0.82063310546875 0.58886220703125 0.84460869140625 0.5953189453125 0.8499927734375 0.62438984375 0.8499927734375 0.658834375 0.87044599609375 0.67370244140625 0.8698375 0.6835990234375 0.876902734375
0 0.71804873046875 0.91565869140625 0.70620283203125 0.90812412109375 0.69543984375 0.90700498046875 0.6932841796875 0.9059736328125 0.6879052734375 0.89843388671875 0.6835990234375 0.876902734375 0.67370244140625 0.8698375 0.66852470703125 0.86613974609375 0.66421845703125 0.84891494140625 0.677137109375 0.8359962890625 0.69221142578125 0.82953955078125 0.69113359375 0.8166208984375 0.69543984375 0.8123146484375 0.71804873046875 0.7940119140625 0.72988955078125 0.7897056640625 0.7589552734375 0.796167578125 0.7729517578125 0.8359962890625 0.7764328125 0.84679013671875 0.76756767578125 0.87475224609375 0.752493359375 0.88874873046875 0.72881171875 0.89628330078125 0.72773388671875 0.9059736328125 0.7355521484375 0.91144013671875 0.71804873046875 0.91565869140625
0 0.6835990234375 0.6056162109375 0.68252119140625 0.62822509765625 0.6739087890625 0.64222158203125 0.6739087890625 0.64760048828125 0.683279296875 0.6616640625 0.69974609375 0.66805888671875 0.71589306640625 0.659446484375 0.72666123046875 0.6615970703125 0.73742421875 0.67236513671875 0.74013681640625 0.68864111328125 0.73204013671875 0.70035302734375 0.73742421875 0.71004326171875 0.73850205078125 0.72080625 0.705130078125 0.73588056640625 0.6835990234375 0.75310546875 0.69436201171875 0.7757091796875 0.69436201171875 0.78324892578125 0.68574951171875 0.8166208984375 0.6739087890625 0.82630595703125 0.64914931640625 0.8273837890625 0.62438984375 0.81984921875 0.59101279296875 0.82307763671875 0.58081708984375 0.82063310546875 0.564102734375 0.8166208984375 0.55549033203125 0.81984921875 0.544722265625 0.8316900390625 0.52534677734375 0.8359962890625 0.51781220703125 0.85322109375 0.5090501953125 0.86460810546875 0.507044140625 0.86721767578125 0.48981923828125 0.85537685546875 0.45967568359375 0.85537685546875 0.42845947265625 0.87044599609375 0.4172478515625 0.870884375 0.41661357421875 0.87044599609375 0.3918541015625 0.87044599609375 0.3860677734375 0.86410791015625 0.3864751953125 0.86075576171875 0.389703515625 0.85214326171875 0.4015443359375 0.847837109375 0.4037 0.84138037109375 0.38539736328125 0.8456865234375 0.3821689453125 0.84138037109375 0.3724787109375 0.839224609375 0.36925029296875 0.8359962890625 0.36925029296875 0.8166208984375 0.37462919921875 0.80908115234375 0.394009765625 0.8080083984375 0.40046650390625 0.80370224609375 0.398316015625 0.7940119140625 0.38431943359375 0.79293408203125 0.37890966796875 0.77538427734375 0.3875478515625 0.754178125 0.39184375 0.75172333984375 0.39508759765625 0.749871875 0.40262216796875 0.739108984375 0.42630380859375 0.73372490234375 0.4241533203125 0.72188408203125 0.431687890625 0.70358134765625 0.44245087890625 0.70035302734375 0.45644736328125 0.6895900390625 0.44783486328125 0.6809775390625 0.43061005859375 0.6755935546875 0.42845947265625 0.664825390625 0.43276572265625 0.6529845703125 0.449990625 0.6389880859375 0.4532189453125 0.62499677734375 0.460753515625 0.6153064453125 0.49197490234375 0.6002373046875 0.5102724609375 0.5776283203125 0.52642470703125 0.57332216796875 0.539343359375 0.55824775390625 0.55333466796875 0.55717509765625 0.55929111328125 0.553725 0.5942462890625 0.53348837890625 0.606087109375 0.53887236328125 0.61577734375 0.55071318359375 0.6362306640625 0.56148134765625 0.639458984375 0.58731865234375 0.6556060546875 0.589469140625 0.68914814453125 0.58658115234375 0.6835990234375 0.6056162109375
0 0.88706396484375 0.60669404296875 0.883835546875 0.6153064453125 0.87845146484375 0.62284111328125 0.8666107421875 0.6293029296875 0.8633771484375 0.64006591796875 0.84184609375 0.6336091796875 0.8106298828125 0.63683759765625 0.80416796875 0.64222158203125 0.79555556640625 0.67236513671875 0.78587041015625 0.683128125 0.77187392578125 0.69174052734375 0.7406525390625 0.69174052734375 0.73742421875 0.67236513671875 0.72666123046875 0.6615970703125 0.71589306640625 0.659446484375 0.69974609375 0.66805888671875 0.683279296875 0.6616640625 0.6739087890625 0.64760048828125 0.6739087890625 0.64222158203125 0.68252119140625 0.62822509765625 0.6835990234375 0.6056162109375 0.69113359375 0.57977890625 0.69242802734375 0.57610703125 0.70082392578125 0.57655048828125 0.72450556640625 0.56255400390625 0.72988955078125 0.56255400390625 0.73419580078125 0.56686025390625 0.74926494140625 0.5657875 0.76218359375 0.5744 0.7740244140625 0.5744 0.79017666015625 0.560403515625 0.80847421875 0.56255400390625 0.8300052734375 0.560403515625 0.85369208984375 0.58085673828125 0.8719896484375 0.58408505859375 0.888141796875 0.5959310546875 0.8884099609375 0.59599296875 0.88706396484375 0.60669404296875
0 0.95534453125 0.5872515625 0.96575166015625 0.595766015625 0.9685880859375 0.60995849609375 0.9771025390625 0.61468759765625 0.98940751953125 0.61374384765625 0.9901810546875 0.61393466796875 0.97426103515625 0.65505771484375 0.9559634765625 0.669131640625 0.91397392578125 0.664825390625 0.8999826171875 0.67020947265625 0.8676833984375 0.67020947265625 0.851536328125 0.660519140625 0.83323369140625 0.660519140625 0.82892744140625 0.64867841796875 0.82754013671875 0.6350892578125 0.84184609375 0.6336091796875 0.8633771484375 0.64006591796875 0.8666107421875 0.6293029296875 0.87845146484375 0.62284111328125 0.883835546875 0.6153064453125 0.88706396484375 0.60669404296875 0.8884099609375 0.59599296875 0.91272080078125 0.60159873046875 0.925819921875 0.5959310546875 0.92797041015625 0.58731865234375 0.91828017578125 0.5657875 0.9236642578125 0.54640703125 0.94304482421875 0.55824775390625 0.95750029296875 0.561347265625 0.95534453125 0.5872515625
0 0.98940751953125 0.61374384765625 0.9771025390625 0.61468759765625 0.9685880859375 0.60995849609375 0.96575166015625 0.595766015625 0.95534453125 0.5872515625 0.95750029296875 0.561347265625 0.95811396484375 0.56148134765625 0.963498046875 0.55824775390625 0.96564853515625 0.5442564453125 0.95811396484375 0.53133779296875 0.95380771484375 0.514112890625 0.96564853515625 0.4968880859375 0.97964501953125 0.486119921875 0.99794775390625 0.46459404296875 0.9990234375 0.4622611328125 0.9990234375 0.61614716796875 0.98940751953125 0.61374384765625
0 0.99794775390625 0.46459404296875 0.97964501953125 0.486119921875 0.96564853515625 0.4968880859375 0.95380771484375 0.514112890625 0.95811396484375 0.53133779296875 0.96564853515625 0.5442564453125 0.963498046875 0.55824775390625 0.95811396484375 0.56148134765625 0.95750029296875 0.561347265625 0.94304482421875 0.55824775390625 0.9236642578125 0.54640703125 0.91828017578125 0.5657875 0.92797041015625 0.58731865234375 0.925819921875 0.5959310546875 0.91272080078125 0.60159873046875 0.888141796875 0.5959310546875 0.8719896484375 0.58408505859375 0.85369208984375 0.58085673828125 0.8300052734375 0.560403515625 0.80847421875 0.56255400390625 0.79017666015625 0.560403515625 0.7740244140625 0.5744 0.76218359375 0.5744 0.74926494140625 0.5657875 0.73419580078125 0.56686025390625 0.72988955078125 0.56255400390625 0.72450556640625 0.56255400390625 0.70082392578125 0.57655048828125 0.68036552734375 0.57547265625 0.67821494140625 0.56148134765625 0.663140625 0.560403515625 0.65668388671875 0.54640703125 0.6459208984375 0.541028125 0.6416146484375 0.52810947265625 0.62976875 0.518419140625 0.62438984375 0.50550048828125 0.62438984375 0.49150400390625 0.60070302734375 0.4785853515625 0.592090625 0.4689001953125 0.592090625 0.46136044921875 0.596396875 0.45598154296875 0.59747470703125 0.43982939453125 0.60285869140625 0.4312169921875 0.62115625 0.43445048828125 0.62654033203125 0.4312169921875 0.61469951171875 0.4118416015625 0.601780859375 0.40000078125 0.61469951171875 0.36662880859375 0.62438984375 0.3590890625 0.639458984375 0.3558607421875 0.64484306640625 0.34294208984375 0.65022197265625 0.344019921875 0.65668388671875 0.35801640625 0.66637412109375 0.35801640625 0.66637412109375 0.34294208984375 0.65345546875 0.31603203125 0.6469935546875 0.2923453125 0.648071484375 0.2848107421875 0.66206796875 0.27512041015625 0.68680166015625 0.266575 0.68967412109375 0.27314521484375 0.687105859375 0.291123046875 0.70123134765625 0.29497548828125 0.7294873046875 0.31167431640625 0.741049609375 0.2988330078125 0.7564591796875 0.30140126953125 0.76545322265625 0.2924072265625 0.7834310546875 0.29369130859375 0.8014140625 0.27956591796875 0.82068115234375 0.28341826171875 0.83095419921875 0.2924072265625 0.865630859375 0.2757134765625 0.870834375 0.2790244140625 0.8746197265625 0.28470244140625 0.87205146484375 0.32066318359375 0.87590390625 0.33222548828125 0.8746197265625 0.3566291015625 0.9093015625 0.38488515625 0.9182904296875 0.40799951171875 0.9424052734375 0.41489462890625 0.94842373046875 0.4215318359375 0.963498046875 0.4172255859375 0.9904080078125 0.3849263671875 0.9990234375 0.3822955078125 0.9990234375 0.4622611328125 0.99794775390625 0.46459404296875
0 0.9911455078125 0.3736837890625 0.9874736328125 0.35775859375 0.977675 0.3467376953125 0.9739 0.34337529296875 0.97480244140625 0.33736201171875 0.973518359375 0.31039013671875 0.97993896484375 0.297548828125 0.973518359375 0.27314521484375 0.97223427734375 0.24103681640625 0.96709775390625 0.2281904296875 0.9623892578125 0.22346640625 0.9683818359375 0.20892841796875 0.98293017578125 0.20108955078125 0.98379658203125 0.202203515625 0.99727216796875 0.22792734375 0.9990234375 0.22765791015625 0.9990234375 0.37674951171875 0.9911455078125 0.3736837890625
0 0.96709775390625 0.2281904296875 0.97223427734375 0.24103681640625 0.973518359375 0.27314521484375 0.97993896484375 0.297548828125 0.973518359375 0.31039013671875 0.97480244140625 0.33736201171875 0.9739 0.34337529296875 0.97095009765625 0.3630498046875 0.9786548828125 0.3900216796875 0.9516830078125 0.415709375 0.9452623046875 0.415709375 0.9424052734375 0.41489462890625 0.9182904296875 0.40799951171875 0.9093015625 0.38488515625 0.8746197265625 0.3566291015625 0.87590390625 0.33222548828125 0.87205146484375 0.32066318359375 0.8746197265625 0.28470244140625 0.870834375 0.2790244140625 0.869483203125 0.27699765625 0.86691494140625 0.24103681640625 0.8707673828125 0.20892841796875 0.86482119140625 0.1960458984375 0.86306259765625 0.19222958984375 0.8617681640625 0.185148828125 0.86306259765625 0.18709306640625 0.89388681640625 0.1845248046875 0.90415986328125 0.18837724609375 0.92085869140625 0.21406494140625 0.93884169921875 0.2050708984375 0.94397822265625 0.22562216796875 0.950398828125 0.23075869140625 0.95938779296875 0.23075869140625 0.9623892578125 0.22346640625 0.96709775390625 0.2281904296875
0 0.8707673828125 0.20892841796875 0.86691494140625 0.24103681640625 0.869483203125 0.27699765625 0.870834375 0.2790244140625 0.865630859375 0.2757134765625 0.83095419921875 0.2924072265625 0.82068115234375 0.28341826171875 0.8014140625 0.27956591796875 0.7834310546875 0.29369130859375 0.76545322265625 0.2924072265625 0.7564591796875 0.30140126953125 0.741049609375 0.2988330078125 0.7294873046875 0.31167431640625 0.70123134765625 0.29497548828125 0.687105859375 0.291123046875 0.68967412109375 0.27314521484375 0.68680166015625 0.266575 0.68068525390625 0.25259404296875 0.6819693359375 0.243605078125 0.7050888671875 0.243605078125 0.71793017578125 0.20250263671875 0.73848134765625 0.17039423828125 0.76545322265625 0.1742466796875 0.77829453125 0.16911015625 0.7962775390625 0.16911015625 0.80911884765625 0.17553076171875 0.82967001953125 0.15626884765625 0.83480654296875 0.15626884765625 0.83994306640625 0.1729625 0.86482119140625 0.1960458984375 0.8707673828125 0.20892841796875
0 0.93884169921875 0.135717578125 0.95425126953125 0.15113232421875 0.97608662109375 0.15498466796875 0.97223427734375 0.17553076171875 0.977370703125 0.1806724609375 0.98871650390625 0.18539638671875 0.98507548828125 0.199934375 0.98293017578125 0.20108955078125 0.9683818359375 0.20892841796875 0.9623892578125 0.22346640625 0.95938779296875 0.23075869140625 0.950398828125 0.23075869140625 0.94397822265625 0.22562216796875 0.93884169921875 0.2050708984375 0.92085869140625 0.21406494140625 0.90415986328125 0.18837724609375 0.89388681640625 0.1845248046875 0.86306259765625 0.18709306640625 0.8617681640625 0.185148828125 0.85792607421875 0.17938828125 0.85792607421875 0.1537005859375 0.85150537109375 0.13443349609375 0.85921015625 0.1305810546875 0.8707673828125 0.1100298828125 0.90287578125 0.1036091796875 0.90801748046875 0.1100298828125 0.9182904296875 0.11131396484375 0.923426953125 0.1215921875 0.93955341796875 0.1278890625 0.93884169921875 0.135717578125
0 0.9927802734375 0.18709306640625 0.98871650390625 0.18539638671875 0.977370703125 0.1806724609375 0.97223427734375 0.17553076171875 0.97608662109375 0.15498466796875 0.95425126953125 0.15113232421875 0.93884169921875 0.135717578125 0.93955341796875 0.1278890625 0.94012587890625 0.1215921875 0.9337 0.1036091796875 0.91186982421875 0.09847265625 0.91106533203125 0.09201591796875 0.9105857421875 0.08819453125 0.9247111328125 0.06379599609375 0.95425126953125 0.03039833984375 0.95938779296875 0.01755703125 0.996637890625 0.004710546875 0.99722666015625 0 0.9990234375 0 0.9990234375 0.1875388671875 0.9927802734375 0.18709306640625
0 0.00032861328125 0.79716298828125 0.00568173828125 0.803403125 0.00835830078125 0.81767802734375 0.02084375 0.8167859375 0.031653125 0.8285287109375 0.01183935546875 0.83061220703125 0 0.8385076171875 0 0.797043359375 0.00032861328125 0.79716298828125
0 0.32726591796875 0.85107060546875 0.29604462890625 0.88874873046875 0.257288671875 0.88874873046875 0.22893466796875 0.89819658203125 0.2056140625 0.876902734375 0.20022998046875 0.86075576171875 0.16901376953125 0.833845703125 0.16685810546875 0.81554296875 0.15454794921875 0.8093853515625 0.1711642578125 0.78324892578125 0.17439267578125 0.75202763671875 0.1797767578125 0.74018681640625 0.18838916015625 0.73588056640625 0.19269541015625 0.72188408203125 0.2120759765625 0.72080625 0.21745478515625 0.7132716796875 0.2389859375 0.70681484375 0.27020732421875 0.734802734375 0.2745134765625 0.74341513671875 0.290660546875 0.739108984375 0.2981951171875 0.75525595703125 0.319726171875 0.75956220703125 0.328338671875 0.76709677734375 0.314347265625 0.7800154296875 0.31326943359375 0.79078359375 0.33802890625 0.8359962890625 0.338740625 0.8431234375 0.32726591796875 0.85107060546875
0 0.00389736328125 0.75880927734375 0.01192705078125 0.76416240234375 0.01371142578125 0.7695103515625 0.0217359375 0.76862333984375 0.0252169921875 0.7591134765625 0.03868232421875 0.76683896484375 0.04581982421875 0.76505458984375 0.0529521484375 0.75791708984375 0.0600896484375 0.75791708984375 0.0627662109375 0.76148583984375 0.0645505859375 0.7811087890625 0.086844921875 0.7855697265625 0.10022255859375 0.79894736328125 0.10043916015625 0.80396005859375 0.0968859375 0.80477490234375 0.0861177734375 0.8166208984375 0.07212646484375 0.81123681640625 0.06408125 0.816409375 0.05705205078125 0.82092705078125 0.0484396484375 0.81984921875 0.03229267578125 0.82846171875 0.031653125 0.8285287109375 0.02084375 0.8167859375 0.00835830078125 0.81767802734375 0.00568173828125 0.803403125 0.00032861328125 0.79716298828125 0 0.797043359375 0 0.762891015625 0.00389736328125 0.75880927734375
0 0.09901064453125 0.7183875 0.11328046875 0.7235240234375 0.12241376953125 0.72980546875 0.12241376953125 0.7406509765625 0.1241259765625 0.74578740234375 0.139540625 0.7554931640625 0.139540625 0.75720537109375 0.13211953125 0.76176943359375 0.1315470703125 0.76462646484375 0.14353740234375 0.7771841796875 0.1429650390625 0.7788962890625 0.137828515625 0.78060849609375 0.137828515625 0.782320703125 0.1446771484375 0.7874572265625 0.145249609375 0.789741796875 0.13896826171875 0.7948783203125 0.13793681640625 0.801082421875 0.1302578125 0.79724033203125 0.10043916015625 0.80396005859375 0.10022255859375 0.79894736328125 0.086844921875 0.7855697265625 0.0645505859375 0.7811087890625 0.0627662109375 0.76148583984375 0.0600896484375 0.75791708984375 0.0529521484375 0.75791708984375 0.04581982421875 0.76505458984375 0.03868232421875 0.76683896484375 0.0252169921875 0.7591134765625 0.03511357421875 0.73205400390625 0.04581982421875 0.72580869140625 0.05140498046875 0.7161029296875 0.05905302734375 0.7178150390625 0.07503505859375 0.7138234375 0.079604296875 0.72295673828125 0.08588056640625 0.7246689453125 0.0978708984375 0.7178150390625 0.09790703125 0.71763974609375 0.09901064453125 0.7183875
0 0.00478955078125 0.69816123046875 0.00300517578125 0.68834716796875 0.0082087890625 0.6847578125 0.0183837890625 0.67774404296875 0.03689794921875 0.68032265625 0.03957451171875 0.68567060546875 0.0556287109375 0.69102373046875 0.0568921875 0.7065673828125 0.05140498046875 0.7161029296875 0.04581982421875 0.72580869140625 0.03511357421875 0.73205400390625 0.0252169921875 0.7591134765625 0.0217359375 0.76862333984375 0.01371142578125 0.7695103515625 0.01192705078125 0.76416240234375 0.00389736328125 0.75880927734375 0 0.762891015625 0 0.70241826171875 0.00478955078125 0.69816123046875
0 0.00300517578125 0.6357236328125 0.00394892578125 0.635790625 0.015490625 0.6366158203125 0.0235203125 0.6482142578125 0.0253046875 0.65980751953125 0.029765625 0.66337626953125 0.0288734375 0.67050859375 0.0183837890625 0.67774404296875 0.0082087890625 0.6847578125 0.00300517578125 0.68834716796875 0.00478955078125 0.69816123046875 0 0.70241826171875 0 0.63383203125 0.00300517578125 0.6357236328125
0 0.07846455078125 0.6607357421875 0.07104345703125 0.6692966796875 0.06989853515625 0.67329345703125 0.076747265625 0.6761453125 0.10985615234375 0.6795697265625 0.10985615234375 0.6841388671875 0.1007228515625 0.70411767578125 0.09790703125 0.71763974609375 0.0978708984375 0.7178150390625 0.08588056640625 0.7246689453125 0.079604296875 0.72295673828125 0.07503505859375 0.7138234375 0.05905302734375 0.7178150390625 0.05140498046875 0.7161029296875 0.0568921875 0.7065673828125 0.0556287109375 0.69102373046875 0.03957451171875 0.68567060546875 0.03689794921875 0.68032265625 0.0183837890625 0.67774404296875 0.0288734375 0.67050859375 0.029765625 0.66337626953125 0.0253046875 0.65980751953125 0.0235203125 0.6482142578125 0.015490625 0.6366158203125 0.00394892578125 0.635790625 0.0036859375 0.63105126953125 0.00996220703125 0.62249033203125 0.00976103515625 0.62108251953125 0.01371142578125 0.61877724609375 0.00389736328125 0.600938671875 0.00478955078125 0.59469853515625 0.00925048828125 0.59648291015625 0.03422138671875 0.62413037109375 0.0556287109375 0.6366158203125 0.080702734375 0.63418681640625 0.07846455078125 0.6607357421875
0 0.32511025390625 0.3741634765625 0.32511025390625 0.39138828125 0.34664140625 0.40645751953125 0.36653251953125 0.43046396484375 0.3724787109375 0.451675390625 0.3711533203125 0.4589572265625 0.37032294921875 0.4635162109375 0.3498697265625 0.47212861328125 0.357404296875 0.485047265625 0.37140078125 0.4925818359375 0.39780537109375 0.4925818359375 0.4015443359375 0.4925818359375 0.41123466796875 0.49581025390625 0.4209197265625 0.50442265625 0.43276572265625 0.52703154296875 0.4532189453125 0.52918212890625 0.4672154296875 0.541028125 0.5048935546875 0.53779453125 0.535037109375 0.52380322265625 0.53993642578125 0.52380322265625 0.5425716796875 0.52380322265625 0.5544125 0.5399501953125 0.55929111328125 0.553725 0.55333466796875 0.55717509765625 0.539343359375 0.55824775390625 0.52642470703125 0.57332216796875 0.5102724609375 0.5776283203125 0.49197490234375 0.6002373046875 0.460753515625 0.6153064453125 0.4532189453125 0.62499677734375 0.449990625 0.6389880859375 0.43276572265625 0.6529845703125 0.42845947265625 0.664825390625 0.43061005859375 0.6755935546875 0.44783486328125 0.6809775390625 0.45644736328125 0.6895900390625 0.44245087890625 0.70035302734375 0.431687890625 0.70358134765625 0.4241533203125 0.72188408203125 0.42630380859375 0.73372490234375 0.40262216796875 0.739108984375 0.39508759765625 0.749871875 0.39184375 0.75172333984375 0.3832416015625 0.74125947265625 0.3832416015625 0.71972841796875 0.35848212890625 0.7240345703125 0.35309814453125 0.71757783203125 0.33695107421875 0.71757783203125 0.30035078125 0.734802734375 0.28204814453125 0.73588056640625 0.27774189453125 0.73157431640625 0.25943916015625 0.69604677734375 0.25943916015625 0.6906626953125 0.27020732421875 0.6755935546875 0.2723578125 0.6529845703125 0.2831259765625 0.6389880859375 0.28527646484375 0.6196126953125 0.2766640625 0.621768359375 0.26697890625 0.635759765625 0.252982421875 0.6153064453125 0.2368353515625 0.59915947265625 0.22499462890625 0.57116640625 0.22499462890625 0.56686025390625 0.24006376953125 0.55071318359375 0.2411416015625 0.54533427734375 0.2228388671875 0.5302599609375 0.222390234375 0.5287283203125 0.21745478515625 0.5119572265625 0.21745478515625 0.49581025390625 0.2303734375 0.47643486328125 0.2303734375 0.46459404296875 0.2228388671875 0.451675390625 0.22391669921875 0.4366009765625 0.23360703125 0.42906640625 0.23360703125 0.42045400390625 0.27020732421875 0.4010734375 0.27343564453125 0.38062021484375 0.2831259765625 0.36877939453125 0.2868751953125 0.36877939453125 0.318653515625 0.36877939453125 0.32343935546875 0.3727658203125 0.32511025390625 0.3741634765625
0 0.00968369140625 0.50011640625 0.02152451171875 0.50442265625 0.0484396484375 0.51303505859375 0.0861177734375 0.51734130859375 0.0958080078125 0.52487587890625 0.1001142578125 0.536721875 0.1033529296875 0.53866611328125 0.10379130859375 0.542075 0.1225220703125 0.55277607421875 0.13589970703125 0.5679380859375 0.13857626953125 0.58577666015625 0.14482158203125 0.59469853515625 0.14482158203125 0.603615234375 0.1323361328125 0.603615234375 0.1251986328125 0.609860546875 0.1243064453125 0.615213671875 0.1278751953125 0.62413037109375 0.1216298828125 0.63126787109375 0.098443359375 0.62769912109375 0.083276171875 0.6339392578125 0.080702734375 0.63418681640625 0.0556287109375 0.6366158203125 0.03422138671875 0.62413037109375 0.00925048828125 0.59648291015625 0.00478955078125 0.59469853515625 0.00389736328125 0.600938671875 0.01371142578125 0.61877724609375 0.00976103515625 0.62108251953125 0.00300517578125 0.62502255859375 0 0.6242314453125 0 0.4926322265625 0.00968369140625 0.50011640625
0 0.52534677734375 0.35693857421875 0.52749736328125 0.36662880859375 0.53718759765625 0.3698572265625 0.53180361328125 0.4032291015625 0.55226201171875 0.41829833984375 0.568408984375 0.4409072265625 0.568408984375 0.447369140625 0.5608744140625 0.46243828125 0.54364951171875 0.47212861328125 0.5382654296875 0.48181376953125 0.54364951171875 0.5108845703125 0.53993642578125 0.52380322265625 0.535037109375 0.52380322265625 0.5048935546875 0.53779453125 0.4672154296875 0.541028125 0.4532189453125 0.52918212890625 0.43276572265625 0.52703154296875 0.4209197265625 0.50442265625 0.41123466796875 0.49581025390625 0.4015443359375 0.4925818359375 0.39780537109375 0.4925818359375 0.394009765625 0.485047265625 0.3832416015625 0.4689001953125 0.3711533203125 0.4589572265625 0.3724787109375 0.451675390625 0.36653251953125 0.43046396484375 0.34664140625 0.40645751953125 0.32511025390625 0.39138828125 0.32511025390625 0.3741634765625 0.32343935546875 0.3727658203125 0.3261880859375 0.3698572265625 0.34664140625 0.35801640625 0.3455634765625 0.34617041015625 0.3261880859375 0.3375580078125 0.322959765625 0.33110126953125 0.328338671875 0.30741962890625 0.3261880859375 0.2805044921875 0.328338671875 0.2622017578125 0.360637890625 0.23744228515625 0.396253125 0.2341572265625 0.4241533203125 0.24605478515625 0.4349162109375 0.26112392578125 0.423075390625 0.2880390625 0.42845947265625 0.31710478515625 0.44891279296875 0.3332517578125 0.47905625 0.33110126953125 0.51781220703125 0.3472482421875 0.52513017578125 0.35666005859375 0.52534677734375 0.35693857421875
0 0.0010712890625 0.1631587890625 0.0129171875 0.1459390625 0.0441333984375 0.14701171875 0.074276953125 0.11686826171875 0.08719560546875 0.1201017578125 0.09795859375 0.1157955078125 0.11518349609375 0.14270556640625 0.11518349609375 0.15131796875 0.10226484375 0.17500478515625 0.10334267578125 0.2094544921875 0.09365234375 0.230985546875 0.09365234375 0.24605478515625 0.10657099609375 0.27727607421875 0.11518349609375 0.27942666015625 0.13456396484375 0.27512041015625 0.1436302734375 0.27884384765625 0.19485107421875 0.2998798828125 0.20992021484375 0.2955736328125 0.2605169921875 0.29126748046875 0.2766640625 0.30311337890625 0.28958271484375 0.306341796875 0.29604462890625 0.3181826171875 0.3067869140625 0.3267744140625 0.2981951171875 0.344019921875 0.28204814453125 0.3472482421875 0.28204814453125 0.35693857421875 0.2868751953125 0.36877939453125 0.2831259765625 0.36877939453125 0.27343564453125 0.38062021484375 0.27020732421875 0.4010734375 0.23360703125 0.42045400390625 0.23360703125 0.42906640625 0.22391669921875 0.4366009765625 0.2228388671875 0.451675390625 0.2303734375 0.46459404296875 0.2303734375 0.47643486328125 0.21745478515625 0.49581025390625 0.21745478515625 0.5119572265625 0.222390234375 0.5287283203125 0.20022998046875 0.55717509765625 0.18623857421875 0.56255400390625 0.149633203125 0.5399501953125 0.1281021484375 0.54533427734375 0.11087724609375 0.54317861328125 0.1033529296875 0.53866611328125 0.1001142578125 0.536721875 0.0958080078125 0.52487587890625 0.0861177734375 0.51734130859375 0.0484396484375 0.51303505859375 0.02152451171875 0.50442265625 0.00968369140625 0.50011640625 0 0.4926322265625 0 0.414838671875 0.007533203125 0.40968583984375 0.00861103515625 0.40430693359375 0.0010712890625 0.39784501953125 0.00430478515625 0.38277587890625 0 0.38304462890625 0 0.1634884765625 0.0010712890625 0.1631587890625
0 0.4865908203125 0.1459390625 0.49197490234375 0.1502453125 0.50166005859375 0.1502453125 0.5135060546875 0.136248828125 0.51903447265625 0.11467646484375 0.53718759765625 0.11363984375 0.55118408203125 0.11902392578125 0.56302490234375 0.10287685546875 0.5756857421875 0.10456328125 0.57702138671875 0.1061052734375 0.58886220703125 0.131942578125 0.59316845703125 0.1459390625 0.592090625 0.161008203125 0.57917197265625 0.1868455078125 0.568408984375 0.198686328125 0.54580009765625 0.20407041015625 0.5425716796875 0.2094544921875 0.540416015625 0.235291796875 0.55010625 0.244976953125 0.55010625 0.2546671875 0.55549033203125 0.2589734375 0.59101279296875 0.26758583984375 0.5985525390625 0.28588857421875 0.5985525390625 0.30095771484375 0.585669921875 0.33988388671875 0.56302490234375 0.36124482421875 0.52513017578125 0.35666005859375 0.51781220703125 0.3472482421875 0.47905625 0.33110126953125 0.44891279296875 0.3332517578125 0.42845947265625 0.31710478515625 0.423075390625 0.2880390625 0.4349162109375 0.26112392578125 0.4241533203125 0.24605478515625 0.396253125 0.2341572265625 0.36455732421875 0.23708134765625 0.361710546875 0.22990771484375 0.36494404296875 0.2137607421875 0.35094755859375 0.1728490234375 0.36494404296875 0.1211744140625 0.38001328125 0.1017990234375 0.3875478515625 0.0974927734375 0.4155408203125 0.0921087890625 0.42630380859375 0.08457412109375 0.45967568359375 0.098570703125 0.48551298828125 0.0974927734375 0.4908970703125 0.10502744140625 0.4919646484375 0.10808046875 0.4865908203125 0.1459390625
0 0.29604462890625 0.3181826171875 0.28958271484375 0.306341796875 0.2766640625 0.30311337890625 0.2605169921875 0.29126748046875 0.20992021484375 0.2955736328125 0.19485107421875 0.2998798828125 0.1436302734375 0.27884384765625 0.14317646484375 0.26758583984375 0.1474826171875 0.24928310546875 0.16040126953125 0.22667939453125 0.16040126953125 0.2137607421875 0.149633203125 0.165314453125 0.13133564453125 0.1502453125 0.14102080078125 0.13086474609375 0.13456396484375 0.11902392578125 0.13671455078125 0.11363984375 0.15717294921875 0.10072119140625 0.1700916015625 0.10072119140625 0.178698828125 0.11041142578125 0.1970015625 0.10825576171875 0.25406025390625 0.13409306640625 0.2605169921875 0.13409306640625 0.2788197265625 0.12333017578125 0.29173837890625 0.1244080078125 0.3025013671875 0.13732666015625 0.29927294921875 0.14916748046875 0.318653515625 0.161008203125 0.31326943359375 0.17823310546875 0.314347265625 0.18468984375 0.32726591796875 0.20407041015625 0.34233515625 0.2126828125 0.34125732421875 0.2191396484375 0.328338671875 0.2288298828125 0.328338671875 0.2331361328125 0.34341298828125 0.2438990234375 0.3473736328125 0.24761220703125 0.33485732421875 0.2572044921875 0.31757568359375 0.2546671875 0.31004111328125 0.26112392578125 0.31111376953125 0.26758583984375 0.32188193359375 0.27512041015625 0.31757568359375 0.29126748046875 0.32738974609375 0.2955427734375 0.328338671875 0.30741962890625 0.32724013671875 0.31225185546875 0.3067869140625 0.3267744140625 0.29604462890625 0.3181826171875
0 0.0107615234375 0.052280078125 0.0129171875 0.07165546875 0.0010712890625 0.0781173828125 0.003226953125 0.089958203125 0.00861103515625 0.09641494140625 0.00564052734375 0.12113837890625 0 0.12763466796875 0 0.05148193359375 0.0107615234375 0.052280078125
0 0.17654833984375 0.014596875 0.16901376953125 0.01783037109375 0.1657853515625 0.0318216796875 0.1560951171875 0.04151201171875 0.15717294921875 0.04904658203125 0.16470751953125 0.057658984375 0.16470751953125 0.066271484375 0.15501728515625 0.06734931640625 0.145326953125 0.05873681640625 0.1377923828125 0.057658984375 0.1302578125 0.07703955078125 0.11303291015625 0.10287685546875 0.0861177734375 0.10933359375 0.07966103515625 0.10287685546875 0.06782021484375 0.099643359375 0.0484396484375 0.11041142578125 0.0344431640625 0.10825576171875 0.0290642578125 0.1157955078125 0.02690859375 0.127636328125 0.02260234375 0.1297869140625 0.00968369140625 0.127636328125 0.00537744140625 0.12333017578125 0.00861103515625 0.09641494140625 0.003226953125 0.089958203125 0.0010712890625 0.0781173828125 0.0129171875 0.07165546875 0.0107615234375 0.052280078125 0 0.05148193359375 0 0 0.17654833984375 0 0.17654833984375 0.014596875
0 0.3638662109375 0.01567470703125 0.3455634765625 0.019980859375 0.34771923828125 0.04474033203125 0.33372275390625 0.057658984375 0.319726171875 0.05550849609375 0.318653515625 0.0641208984375 0.3261880859375 0.07596171875 0.3121916015625 0.0921087890625 0.2971224609375 0.089958203125 0.2885099609375 0.094264453125 0.2680515625 0.095337109375 0.25190458984375 0.0878025390625 0.2389859375 0.098570703125 0.23252919921875 0.098570703125 0.22499462890625 0.094264453125 0.19915732421875 0.095337109375 0.18838916015625 0.08672470703125 0.18408291015625 0.07488388671875 0.18623857421875 0.05550849609375 0.19807939453125 0.03936142578125 0.19054482421875 0.0124462890625 0.20610146484375 0 0.37452734375 0 0.3638662109375 0.01567470703125
0 0.50803427734375 0.0244005859375 0.465059765625 0.02213662109375 0.45106328125 0.00814013671875 0.41769140625 0.0167525390625 0.41015673828125 0.0124462890625 0.4022369140625 0 0.49408984375 0 0.50803427734375 0.0244005859375
0 0.73419580078125 0.0350552734375 0.74193154296875 0.05826240234375 0.73419580078125 0.06304306640625 0.72019931640625 0.061965234375 0.714815234375 0.05120224609375 0.709436328125 0.05120224609375 0.69543984375 0.07165546875 0.677137109375 0.07919013671875 0.67498662109375 0.08457412109375 0.677137109375 0.099643359375 0.65991220703125 0.10933359375 0.65991220703125 0.131942578125 0.65452822265625 0.1351708984375 0.64268740234375 0.127636328125 0.62115625 0.095337109375 0.61685009765625 0.08672470703125 0.61685009765625 0.0684271484375 0.60716494140625 0.0684271484375 0.5985525390625 0.057658984375 0.58886220703125 0.05981474609375 0.58670654296875 0.06950498046875 0.5619470703125 0.066271484375 0.5619470703125 0.08026796875 0.568408984375 0.0834962890625 0.57702138671875 0.08134580078125 0.58240029296875 0.0878025390625 0.57917197265625 0.10502744140625 0.56302490234375 0.10287685546875 0.55118408203125 0.11902392578125 0.53718759765625 0.11363984375 0.49950947265625 0.1157955078125 0.49304765625 0.11148935546875 0.48766875 0.094264453125 0.4908970703125 0.08672470703125 0.5048935546875 0.07919013671875 0.512428125 0.06734931640625 0.51996279296875 0.03828359375 0.52002978515625 0.03753583984375 0.52534677734375 0.0404341796875 0.540416015625 0.03289951171875 0.54275732421875 0.02880478515625 0.5592171875 0 0.69914052734375 0 0.73419580078125 0.0350552734375
0 0.93900673828125 0.00053330078125 0.943401171875 0 0.99722666015625 0 0.996637890625 0.004710546875 0.95938779296875 0.01755703125 0.95425126953125 0.03039833984375 0.9247111328125 0.06379599609375 0.9105857421875 0.08819453125 0.91106533203125 0.09201591796875 0.91074560546875 0.0921087890625 0.88706396484375 0.095337109375 0.8676833984375 0.07057763671875 0.85692041015625 0.0684271484375 0.85045849609375 0.0727333984375 0.84507958984375 0.08888037109375 0.83861767578125 0.094264453125 0.84184609375 0.11363984375 0.8300052734375 0.1201017578125 0.8149361328125 0.1211744140625 0.80524580078125 0.13839931640625 0.79340498046875 0.1416328125 0.7880208984375 0.13302041015625 0.7880208984375 0.11148935546875 0.7923271484375 0.098570703125 0.784792578125 0.08672470703125 0.78156416015625 0.0727333984375 0.7772580078125 0.07057763671875 0.76648984375 0.08241845703125 0.751420703125 0.07381123046875 0.742808203125 0.060892578125 0.74193154296875 0.05826240234375 0.73419580078125 0.0350552734375 0.69914052734375 0 0.93771826171875 0 0.93900673828125 0.00053330078125
0 0.54275732421875 0.02880478515625 0.540416015625 0.03289951171875 0.52534677734375 0.0404341796875 0.52002978515625 0.03753583984375 0.5135060546875 0.03397744140625 0.50803427734375 0.0244005859375 0.49408984375 0 0.5592171875 0 0.54275732421875 0.02880478515625
0 0.93900673828125 0.00053330078125 0.93771826171875 0 0.943401171875 0 0.93900673828125 0.00053330078125