0 0.96797978515625 0.87308232421875 0.96977451171875 0.86689375 0.97388994140625 0.8527322265625 0.97809814453125 0.838240625 0.9990234375 0.82777998046875 0.9990234375 0.87308232421875 0.96797978515625 0.87308232421875
0 0.3805859375 0.99228466796875 0.39588203125 0.9577626953125 0.3988525390625 0.964884765625 0.4089966796875 0.975033984375 0.4374125 0.98619404296875 0.46176455078125 0.98924189453125 0.4810419921875 0.98111943359375 0.489159375 0.98111943359375 0.49231552734375 0.982326171875 0.491351171875 0.99333671875 0.49382451171875 0.9990234375 0.3805859375 0.9990234375 0.3805859375 0.99228466796875
0 0.491351171875 0.99333671875 0.49231552734375 0.982326171875 0.49265078125 0.9784015625 0.49589970703125 0.9745080078125 0.51148466796875 0.9719087890625 0.5153833984375 0.96411630859375 0.5153833984375 0.9569736328125 0.502392578125 0.947881640625 0.5036921875 0.9420333984375 0.5082408203125 0.93943935546875 0.51083486328125 0.93294130859375 0.50953525390625 0.9186560546875 0.49979853515625 0.9173564453125 0.50445029296875 0.90688740234375 0.507591015625 0.89982216796875 0.52317587890625 0.89462890625 0.530968359375 0.89722294921875 0.53616162109375 0.9063150390625 0.53226796875 0.92644853515625 0.54850263671875 0.92774814453125 0.55304609375 0.93359111328125 0.556944921875 0.94658203125 0.5673365234375 0.95112548828125 0.5796724609375 0.95307490234375 0.58241083984375 0.96857724609375 0.5822716796875 0.968659765625 0.5647373046875 0.973858203125 0.56019384765625 0.9784015625 0.56084365234375 0.98619404296875 0.5549955078125 0.99333671875 0.55784013671875 0.9990234375 0.49382451171875 0.9990234375 0.491351171875 0.99333671875
0 0.019224609375 0.99204228515625 0.03091591796875 0.98749365234375 0.036758984375 0.9803509765625 0.0447421875 0.97955166015625 0.05624267578125 0.9784015625 0.0692283203125 0.98554423828125 0.0750765625 0.97580244140625 0.08156943359375 0.9745080078125 0.08741240234375 0.97710205078125 0.09131123046875 0.9816505859375 0.09391044921875 0.994636328125 0.1085876953125 0.997364453125 0.1097365234375 0.9990234375 0.01587373046875 0.9990234375 0.019224609375 0.99204228515625
0 0.1085876953125 0.997364453125 0.09456025390625 0.97710205078125 0.0965044921875 0.956323828125 0.10559658203125 0.95112548828125 0.09845390625 0.9186560546875 0.11663798828125 0.89722294921875 0.14456396484375 0.8926794921875 0.17119033203125 0.90112177734375 0.1757337890625 0.90437080078125 0.17638359375 0.91216318359375 0.18223173828125 0.92514892578125 0.1934021484375 0.9339005859375 0.19391787109375 0.94138359375 0.2002869140625 0.97207890625 0.1893744140625 0.98554423828125 0.18167421875 0.9990234375 0.1097365234375 0.9990234375 0.1085876953125 0.997364453125
0 0.0091115234375 0.89297861328125 0.0153568359375 0.9090328125 0.035866796875 0.9126015625 0.043004296875 0.9295427734375 0.04427294921875 0.93906806640625 0.044788671875 0.94292041015625 0.05548974609375 0.958082421875 0.05459755859375 0.965219921875 0.0447421875 0.97955166015625 0.036758984375 0.9803509765625 0.03091591796875 0.98749365234375 0.019224609375 0.99204228515625 0.01587373046875 0.9990234375 0 0.9990234375 0 0.88348701171875 0.0091115234375 0.89297861328125
0 0.0037634765625 0.8305513671875 0.0171412109375 0.8287669921875 0.02116884765625 0.8247392578125 0.0236443359375 0.8222638671875 0.02427353515625 0.82163466796875 0.02873447265625 0.8234138671875 0.032298046875 0.8314435546875 0.04656787109375 0.8234138671875 0.05192099609375 0.8251982421875 0.0715439453125 0.854630078125 0.07421533203125 0.87425302734375 0.0599455078125 0.9313271484375 0.05727412109375 0.9348958984375 0.04427294921875 0.93906806640625 0.043004296875 0.9295427734375 0.035866796875 0.9126015625 0.0153568359375 0.9090328125 0.0091115234375 0.89297861328125 0 0.88348701171875 0 0.86138642578125 0.00287138671875 0.859091015625 0 0.84956298828125 0 0.83699853515625 0.0037634765625 0.8305513671875
0 0.77023935546875 0.996343359375 0.77329755859375 0.97503916015625 0.779248828125 0.96704560546875 0.784473046875 0.96347685546875 0.7925646484375 0.96590068359375 0.80389482421875 0.965194140625 0.83518330078125 0.96387392578125 0.8376896484375 0.96220302734375 0.85324873046875 0.97167666015625 0.84938603515625 0.97401806640625 0.83721005859375 0.97604990234375 0.83416728515625 0.97909267578125 0.82873681640625 0.9978595703125 0.829184765625 0.9990234375 0.76814541015625 0.9990234375 0.77023935546875 0.996343359375
0 0.719951953125 0.9959359375 0.7316380859375 0.994636328125 0.73675693359375 0.9990234375 0.71520087890625 0.9990234375 0.719951953125 0.9959359375
0 0.5549955078125 0.99333671875 0.56084365234375 0.98619404296875 0.56019384765625 0.9784015625 0.5647373046875 0.973858203125 0.5822716796875 0.968659765625 0.58241083984375 0.96857724609375 0.59915615234375 0.95826806640625 0.6316306640625 0.94917607421875 0.63877333984375 0.94917607421875 0.6413673828125 0.95047568359375 0.6439666015625 0.95891787109375 0.6426669921875 0.97645224609375 0.6524087890625 0.982300390625 0.66799375 0.9803509765625 0.67903515625 0.98684384765625 0.6900625 0.9990234375 0.55784013671875 0.9990234375 0.5549955078125 0.99333671875
0 0.82873681640625 0.9978595703125 0.83416728515625 0.97909267578125 0.83721005859375 0.97604990234375 0.84938603515625 0.97401806640625 0.85324873046875 0.97167666015625 0.88287138671875 0.95372470703125 0.8920046875 0.954740625 0.89543935546875 0.9600421875 0.89170048828125 0.970624609375 0.89373232421875 0.9984732421875 0.89402587890625 0.9990234375 0.829184765625 0.9990234375 0.82873681640625 0.9978595703125
0 0.89373232421875 0.9984732421875 0.89170048828125 0.970624609375 0.89543935546875 0.9600421875 0.90006533203125 0.946937890625 0.921854296875 0.89982734375 0.94465400390625 0.87865205078125 0.96277109375 0.87308232421875 0.96797978515625 0.87308232421875 0.9990234375 0.87308232421875 0.9990234375 0.9990234375 0.89402587890625 0.9990234375 0.89373232421875 0.9984732421875
0 0.83518330078125 0.96387392578125 0.80389482421875 0.965194140625 0.80879931640625 0.964884765625 0.8083712890625 0.95678798828125 0.8077833984375 0.94560732421875 0.80068193359375 0.93850595703125 0.793575390625 0.9364740234375 0.7915486328125 0.92632470703125 0.79763408203125 0.91922333984375 0.814884765625 0.90907412109375 0.82706591796875 0.8958873046875 0.8280767578125 0.8887806640625 0.8245234375 0.88411865234375 0.846343359375 0.8847220703125 0.861562109375 0.89283935546875 0.86663671875 0.90907412109375 0.86359404296875 0.92531396484375 0.85750341796875 0.9313994140625 0.8595353515625 0.943575390625 0.85040205078125 0.95372470703125 0.8376896484375 0.96220302734375 0.83518330078125 0.96387392578125
0 0.8245234375 0.88411865234375 0.8280767578125 0.8887806640625 0.82706591796875 0.8958873046875 0.814884765625 0.90907412109375 0.79763408203125 0.91922333984375 0.7915486328125 0.92632470703125 0.793575390625 0.9364740234375 0.80068193359375 0.93850595703125 0.8077833984375 0.94560732421875 0.8083712890625 0.95678798828125 0.80879931640625 0.964884765625 0.80389482421875 0.965194140625 0.7925646484375 0.96590068359375 0.784473046875 0.96347685546875 0.78241533203125 0.9628580078125 0.779248828125 0.96704560546875 0.77329755859375 0.97503916015625 0.75704736328125 0.97604990234375 0.72051923828125 0.9628580078125 0.7042845703125 0.949666015625 0.68500205078125 0.92734072265625 0.6789166015625 0.9151646484375 0.6789166015625 0.902988671875 0.6802162109375 0.90198818359375 0.69210341796875 0.89283935546875 0.70732734375 0.8613859375 0.7195033203125 0.86037001953125 0.73544404296875 0.853000390625 0.73675400390625 0.8552953125 0.76516474609375 0.8613859375 0.7813994140625 0.871530078125 0.80879931640625 0.87558876953125 0.820975390625 0.881679296875 0.82266171875 0.881679296875 0.8245234375 0.88411865234375
0 0.7245779296875 0.8177513671875 0.7245779296875 0.83398603515625 0.73544404296875 0.853000390625 0.7195033203125 0.86037001953125 0.70732734375 0.8613859375 0.69210341796875 0.89283935546875 0.6802162109375 0.90198818359375 0.6731921875 0.90112177734375 0.6712427734375 0.8887806640625 0.6556578125 0.87774443359375 0.65175908203125 0.87189619140625 0.65305859375 0.8654033203125 0.66215068359375 0.8556615234375 0.66280048828125 0.8420259765625 0.66474990234375 0.83812724609375 0.67514150390625 0.8283853515625 0.66799375 0.81474990234375 0.65890166015625 0.8037083984375 0.65825703125 0.79851513671875 0.66345029296875 0.7926669921875 0.66734912109375 0.7920171875 0.67514150390625 0.78292509765625 0.6796849609375 0.78227529296875 0.68682763671875 0.78617412109375 0.69851884765625 0.78747373046875 0.7030623046875 0.8011091796875 0.7069611328125 0.8011091796875 0.711509765625 0.79591591796875 0.71410380859375 0.79591591796875 0.72384560546875 0.799159765625 0.72965771484375 0.79933515625 0.7245779296875 0.8177513671875
0 0.9530189453125 0.82570361328125 0.97388994140625 0.8527322265625 0.96977451171875 0.86689375 0.9579646484375 0.86544462890625 0.939698046875 0.866460546875 0.92954873046875 0.87051923828125 0.918388671875 0.8837060546875 0.9051966796875 0.8887806640625 0.871711328125 0.89081259765625 0.85750341796875 0.88675390625 0.8544607421875 0.881679296875 0.8560181640625 0.85832255859375 0.856492578125 0.85123671875 0.8483701171875 0.82079404296875 0.8483701171875 0.80861796875 0.84938603515625 0.79948466796875 0.8579056640625 0.7840029296875 0.86055126953125 0.77919130859375 0.86257802734375 0.762956640625 0.8767859375 0.7497646484375 0.88878154296875 0.7478875 0.91087470703125 0.7444373046875 0.90981748046875 0.75324052734375 0.92235966796875 0.7671751953125 0.94465400390625 0.77692734375 0.94465400390625 0.78946953125 0.95162138671875 0.80201171875 0.9605638671875 0.8080919921875 0.9530189453125 0.82570361328125
0 0.85141796875 0.76803125 0.85547666015625 0.77411669921875 0.8579056640625 0.7840029296875 0.84938603515625 0.79948466796875 0.8483701171875 0.80861796875 0.8483701171875 0.82079404296875 0.856492578125 0.85123671875 0.8560181640625 0.85832255859375 0.83721005859375 0.87558876953125 0.8280767578125 0.881679296875 0.82266171875 0.881679296875 0.820975390625 0.881679296875 0.80879931640625 0.87558876953125 0.7813994140625 0.871530078125 0.76516474609375 0.8613859375 0.73675400390625 0.8552953125 0.73544404296875 0.853000390625 0.7245779296875 0.83398603515625 0.7245779296875 0.8177513671875 0.72965771484375 0.79933515625 0.7326953125 0.788324609375 0.7458873046875 0.7812232421875 0.74232880859375 0.76788173828125 0.74182861328125 0.76599931640625 0.75502060546875 0.7609298828125 0.7661806640625 0.74367919921875 0.7723021484375 0.7355927734375 0.77531396484375 0.73860458984375 0.784447265625 0.73860458984375 0.79865009765625 0.747737890625 0.82605 0.74672197265625 0.83010869140625 0.762956640625 0.83721005859375 0.76397255859375 0.84196494140625 0.7615951171875 0.85141796875 0.76803125
0 0.49979853515625 0.9173564453125 0.50953525390625 0.9186560546875 0.51083486328125 0.93294130859375 0.5082408203125 0.93943935546875 0.5036921875 0.9420333984375 0.502392578125 0.947881640625 0.5153833984375 0.9569736328125 0.5153833984375 0.96411630859375 0.51148466796875 0.9719087890625 0.49589970703125 0.9745080078125 0.49265078125 0.9784015625 0.49231552734375 0.982326171875 0.489159375 0.98111943359375 0.4810419921875 0.98111943359375 0.46176455078125 0.98924189453125 0.4374125 0.98619404296875 0.4089966796875 0.975033984375 0.3988525390625 0.964884765625 0.39588203125 0.9577626953125 0.3937779296875 0.95270869140625 0.3919162109375 0.919125390625 0.391751171875 0.9161806640625 0.3937779296875 0.90907412109375 0.40291123046875 0.8999458984375 0.42320458984375 0.89385537109375 0.43059482421875 0.88553681640625 0.43132197265625 0.8847220703125 0.447556640625 0.8847220703125 0.4922072265625 0.8958873046875 0.50134052734375 0.902988671875 0.50445029296875 0.90688740234375 0.49979853515625 0.9173564453125
0 0.21080234375 0.99204228515625 0.20430947265625 0.98424462890625 0.20106044921875 0.97580244140625 0.2002869140625 0.97207890625 0.19391787109375 0.94138359375 0.1934021484375 0.9339005859375 0.19261826171875 0.92254970703125 0.1841759765625 0.90307119140625 0.18158193359375 0.8920296875 0.19391787109375 0.87514521484375 0.2134015625 0.86215439453125 0.22444296875 0.84721923828125 0.23028603515625 0.82514150390625 0.22768681640625 0.804358203125 0.23223544921875 0.79786533203125 0.24197734375 0.78747373046875 0.2484701171875 0.78812353515625 0.26146103515625 0.79591591796875 0.2783455078125 0.79656572265625 0.28483837890625 0.8024087890625 0.29133115234375 0.81799375 0.3030224609375 0.827735546875 0.3345841796875 0.83940615234375 0.33390859375 0.84413525390625 0.3420259765625 0.85427939453125 0.3471005859375 0.87356201171875 0.34608466796875 0.89385537109375 0.37957001953125 0.91922333984375 0.380307421875 0.91918212890625 0.37445927734375 0.9485314453125 0.364067578125 0.973858203125 0.35692490234375 0.9836 0.3387408203125 0.98684384765625 0.327049609375 0.9959359375 0.3170212890625 0.9990234375 0.218282421875 0.9990234375 0.21080234375 0.99204228515625
0 0.44349794921875 0.8228259765625 0.43639658203125 0.8634126953125 0.42929521484375 0.8745779296875 0.42929521484375 0.881679296875 0.43059482421875 0.88553681640625 0.42320458984375 0.89385537109375 0.40291123046875 0.8999458984375 0.3937779296875 0.90907412109375 0.391751171875 0.9161806640625 0.3919162109375 0.919125390625 0.380307421875 0.91918212890625 0.37957001953125 0.91922333984375 0.34608466796875 0.89385537109375 0.3471005859375 0.87356201171875 0.3420259765625 0.85427939453125 0.33390859375 0.84413525390625 0.3345841796875 0.83940615234375 0.33492451171875 0.83703388671875 0.354201953125 0.815724609375 0.36116923828125 0.81340380859375 0.375511328125 0.80861796875 0.391751171875 0.79745791015625 0.4191458984375 0.8015166015625 0.43335390625 0.79948466796875 0.43547861328125 0.80437880859375 0.44349794921875 0.8228259765625
0 0.5634376953125 0.72447919921875 0.56668671875 0.72967236328125 0.559544140625 0.73357119140625 0.5575947265625 0.7394142578125 0.57447919921875 0.7446126953125 0.5796724609375 0.7517552734375 0.57837802734375 0.76084736328125 0.5692859375 0.7803310546875 0.5686361328125 0.7913673828125 0.57158603515625 0.79950537109375 0.54600146484375 0.80290390625 0.51211376953125 0.80468828125 0.5049763671875 0.80111953125 0.4924908203125 0.78595751953125 0.48981435546875 0.75741787109375 0.4924908203125 0.754746484375 0.5049763671875 0.752962109375 0.50765283203125 0.74047666015625 0.5058685546875 0.72977041015625 0.51032939453125 0.7244224609375 0.529055078125 0.7155005859375 0.54957021484375 0.71104482421875 0.56543359375 0.71340166015625 0.5634376953125 0.72447919921875
0 0.43335390625 0.79948466796875 0.4191458984375 0.8015166015625 0.391751171875 0.79745791015625 0.375511328125 0.80861796875 0.36116923828125 0.81340380859375 0.3531912109375 0.78528193359375 0.34405791015625 0.74367919921875 0.33594052734375 0.72642861328125 0.3369564453125 0.70714599609375 0.345073828125 0.6929431640625 0.35826064453125 0.654383203125 0.3724685546875 0.6411912109375 0.40493798828125 0.63307392578125 0.43335390625 0.63510068359375 0.44147119140625 0.6310419921875 0.45973271484375 0.63205791015625 0.48408984375 0.64930859375 0.4871326171875 0.6777193359375 0.49322314453125 0.690911328125 0.49626591796875 0.72743935546875 0.48814853515625 0.75280732421875 0.472924609375 0.76498857421875 0.4556740234375 0.7862978515625 0.43547861328125 0.80437880859375 0.43335390625 0.79948466796875
0 0.00190693359375 0.76644287109375 0.003619140625 0.78528193359375 0.009328125 0.80811259765625 0.01275244140625 0.81382158203125 0.0236443359375 0.8222638671875 0.02116884765625 0.8247392578125 0.0171412109375 0.8287669921875 0.0037634765625 0.8305513671875 0 0.83699853515625 0 0.7630103515625 0.00190693359375 0.76644287109375
0 0.25691240234375 0.67317587890625 0.251719140625 0.67966875 0.2471705078125 0.69785283203125 0.23483466796875 0.72382939453125 0.225742578125 0.73097197265625 0.22184375 0.7381146484375 0.22054423828125 0.75629873046875 0.20690869140625 0.7653908203125 0.19846640625 0.77383310546875 0.1828763671875 0.780980859375 0.16729150390625 0.78227529296875 0.1523564453125 0.7712390625 0.1276794921875 0.76214697265625 0.101053125 0.738764453125 0.1017029296875 0.73162177734375 0.12443046875 0.70629501953125 0.135471875 0.70110185546875 0.15625517578125 0.69980224609375 0.16534208984375 0.692009765625 0.17054052734375 0.68421220703125 0.18028232421875 0.6790189453125 0.186125390625 0.678369140625 0.1893744140625 0.67447548828125 0.1893744140625 0.66927705078125 0.19261826171875 0.6640837890625 0.20365966796875 0.657591015625 0.20820830078125 0.657591015625 0.209502734375 0.6614845703125 0.2134015625 0.6640837890625 0.21989443359375 0.663433984375 0.22833662109375 0.65888544921875 0.239378125 0.663433984375 0.2510693359375 0.6627841796875 0.25747451171875 0.66332568359375 0.25691240234375 0.67317587890625
0 0.97809814453125 0.838240625 0.97388994140625 0.8527322265625 0.9530189453125 0.82570361328125 0.9605638671875 0.8080919921875 0.9613787109375 0.806194140625 0.9767056640625 0.79643681640625 0.98088818359375 0.78389462890625 0.99064033203125 0.7755349609375 0.996215234375 0.756025390625 0.9990234375 0.75321806640625 0.9990234375 0.82777998046875 0.97809814453125 0.838240625
0 0.5686361328125 0.7913673828125 0.5692859375 0.7803310546875 0.57837802734375 0.76084736328125 0.5796724609375 0.7517552734375 0.57447919921875 0.7446126953125 0.5575947265625 0.7394142578125 0.559544140625 0.73357119140625 0.56668671875 0.72967236328125 0.5634376953125 0.72447919921875 0.56543359375 0.71340166015625 0.593962890625 0.689410546875 0.60175537109375 0.6887607421875 0.61409638671875 0.69460380859375 0.622538671875 0.704345703125 0.645916015625 0.7192859375 0.66539970703125 0.71668671875 0.67384189453125 0.72642861328125 0.67975205078125 0.7279912109375 0.6808041015625 0.7337826171875 0.671892578125 0.7400640625 0.67059296875 0.75110546875 0.66539970703125 0.76019755859375 0.6712427734375 0.78292509765625 0.6563076171875 0.79721552734375 0.63747373046875 0.82189248046875 0.619939453125 0.82514150390625 0.60824814453125 0.830334765625 0.5946126953125 0.8296849609375 0.5775734375 0.81602880859375 0.57158603515625 0.79950537109375 0.5686361328125 0.7913673828125
0 0.996215234375 0.756025390625 0.99064033203125 0.7755349609375 0.98088818359375 0.78389462890625 0.9767056640625 0.79643681640625 0.9613787109375 0.806194140625 0.9605638671875 0.8080919921875 0.95162138671875 0.80201171875 0.94465400390625 0.78946953125 0.94465400390625 0.77692734375 0.92235966796875 0.7671751953125 0.90981748046875 0.75324052734375 0.91087470703125 0.7444373046875 0.914 0.71839892578125 0.91900751953125 0.71146767578125 0.93211181640625 0.6933197265625 0.95022890625 0.68495478515625 0.97809814453125 0.65848310546875 0.9990234375 0.65760869140625 0.9990234375 0.75321806640625 0.996215234375 0.756025390625
0 0.77226611328125 0.6746765625 0.77531396484375 0.69700185546875 0.76516474609375 0.7142525390625 0.76516474609375 0.72845537109375 0.7723021484375 0.7355927734375 0.7661806640625 0.74367919921875 0.75502060546875 0.7609298828125 0.74182861328125 0.76599931640625 0.74232880859375 0.76788173828125 0.70123671875 0.7497646484375 0.680943359375 0.7345458984375 0.6808041015625 0.7337826171875 0.67975205078125 0.7279912109375 0.67688466796875 0.71222060546875 0.6789166015625 0.6807671875 0.68703388671875 0.66554326171875 0.6981939453125 0.65539921875 0.73066337890625 0.63915927734375 0.75806328125 0.63915927734375 0.7661806640625 0.66046865234375 0.7745919921875 0.6713193359375 0.77226611328125 0.6746765625
0 0.914 0.71839892578125 0.91087470703125 0.7444373046875 0.88878154296875 0.7478875 0.8859193359375 0.737588671875 0.8767859375 0.737588671875 0.86562080078125 0.74266328125 0.84735927734375 0.75889794921875 0.84196494140625 0.7615951171875 0.83721005859375 0.76397255859375 0.83010869140625 0.762956640625 0.82605 0.74672197265625 0.79865009765625 0.747737890625 0.784447265625 0.73860458984375 0.77531396484375 0.73860458984375 0.7723021484375 0.7355927734375 0.76516474609375 0.72845537109375 0.76516474609375 0.7142525390625 0.77531396484375 0.69700185546875 0.77226611328125 0.6746765625 0.7745919921875 0.6713193359375 0.7813994140625 0.6614845703125 0.79560732421875 0.65539921875 0.814884765625 0.6411912109375 0.82909267578125 0.6422072265625 0.84126875 0.62799921875 0.8483701171875 0.623940625 0.856492578125 0.623940625 0.861562109375 0.6310419921875 0.86055126953125 0.6564099609375 0.8747541015625 0.67163388671875 0.87069541015625 0.69395400390625 0.8737380859375 0.6980126953125 0.8899779296875 0.7041033203125 0.91027138671875 0.7030873046875 0.91900751953125 0.71146767578125 0.914 0.71839892578125