0 0.8115908203125 0.997025 0.82123330078125 0.9867546875 0.84155234375 0.9796388671875 0.84802998046875 0.97865771484375 0.85627998046875 0.974348046875 0.860784765625 0.9789689453125 0.8714505859375 0.994208203125 0.87376435546875 0.9990234375 0.809249609375 0.9990234375 0.8115908203125 0.997025
0 0.7230828125 0.99265732421875 0.7318498046875 0.98888046875 0.7675134765625 0.98858505859375 0.77164375 0.98345791015625 0.772994140625 0.97881064453125 0.77270400390625 0.97530810546875 0.7762330078125 0.97878427734375 0.7860759765625 0.99259931640625 0.79230908203125 0.9990234375 0.71346123046875 0.9990234375 0.7230828125 0.99265732421875
0 0.4021142578125 0.99667685546875 0.402620703125 0.99608076171875 0.4048677734375 0.99341689453125 0.414589453125 0.992409375 0.428984765625 0.99691943359375 0.4302505859375 0.9990234375 0.4012091796875 0.9990234375 0.4021142578125 0.99667685546875
0 0.1739580078125 0.986575390625 0.161514453125 0.9741318359375 0.16228984375 0.95158154296875 0.16617744140625 0.9484693359375 0.19028916015625 0.94769384765625 0.1996205078125 0.9422501953125 0.20861953125 0.917537109375 0.2164421875 0.90996240234375 0.23953056640625 0.91024716796875 0.24703154296875 0.9054734375 0.25139384765625 0.90104248046875 0.251726171875 0.90103193359375 0.26883798828125 0.89403212890625 0.27505712890625 0.89403212890625 0.30460732421875 0.90180732421875 0.30771953125 0.9064755859375 0.3085001953125 0.91502626953125 0.31938759765625 0.92669443359375 0.31860693359375 0.93291357421875 0.3139439453125 0.93991337890625 0.3139439453125 0.94691318359375 0.3201630859375 0.95391298828125 0.32793828125 0.95780068359375 0.33571875 0.95858134765625 0.34427470703125 0.94769384765625 0.36138134765625 0.9438009765625 0.37464248046875 0.9368908203125 0.375022265625 0.9416435546875 0.380719140625 0.94678134765625 0.38456455078125 0.956170703125 0.38644248046875 0.95708857421875 0.381995703125 0.97183193359375 0.382080078125 0.98248203125 0.3863052734375 0.988933203125 0.39418076171875 0.9893341796875 0.4013072265625 0.98493486328125 0.402620703125 0.99608076171875 0.4021142578125 0.99667685546875 0.4012091796875 0.9990234375 0.17526904296875 0.9990234375 0.1739580078125 0.986575390625
0 0.4574482421875 0.9956271484375 0.4734787109375 0.996439453125 0.4781787109375 0.99498359375 0.4893931640625 0.98358447265625 0.49548037109375 0.97929599609375 0.49937861328125 0.97802998046875 0.50441083984375 0.9763947265625 0.5246771484375 0.9771701171875 0.5464255859375 0.9859423828125 0.562951953125 0.9900462890625 0.56058232421875 0.9990234375 0.45006181640625 0.9990234375 0.4574482421875 0.9956271484375
0 0.99716259765625 0.92000048828125 0.99713095703125 0.91583330078125 0.9990234375 0.91358486328125 0.9990234375 0.92072724609375 0.99716259765625 0.92000048828125
0 0.9468556640625 0.99822763671875 0.9495880859375 0.9931109375 0.9523521484375 0.99123837890625 0.96165185546875 0.99533173828125 0.96581904296875 0.99529482421875 0.9759732421875 0.99057900390625 0.98331591796875 0.9826455078125 0.9855525390625 0.97243857421875 0.989672265625 0.96684189453125 0.9990234375 0.9621591796875 0.9990234375 0.9990234375 0.94686142578125 0.9990234375 0.9468556640625 0.99822763671875
0 0.07315947265625 0.9978056640625 0.07903046875 0.99760517578125 0.08137255859375 0.9965765625 0.0833611328125 0.99353828125 0.0833294921875 0.9875248046875 0.0846798828125 0.988147265625 0.09255322265625 0.9990234375 0.07306689453125 0.9990234375 0.07315947265625 0.9978056640625
0 0.0846798828125 0.988147265625 0.0833294921875 0.9875248046875 0.0832978515625 0.98582099609375 0.07815478515625 0.972776171875 0.0764087890625 0.964399609375 0.0785609375 0.9402193359375 0.07752705078125 0.9368697265625 0.07040068359375 0.92753310546875 0.06900810546875 0.92117158203125 0.06982568359375 0.91572783203125 0.10383310546875 0.88893125 0.1213775390625 0.88314462890625 0.121989453125 0.88388310546875 0.1304767578125 0.884753515625 0.1352875 0.8827068359375 0.13645849609375 0.8828439453125 0.14469794921875 0.89500263671875 0.14753583984375 0.89639521484375 0.15507900390625 0.89680146484375 0.1568935546875 0.89641630859375 0.1631443359375 0.90380126953125 0.1679498046875 0.91507373046875 0.17174248046875 0.91786943359375 0.17598359375 0.91783251953125 0.17793525390625 0.91584921875 0.1809630859375 0.924489453125 0.1579697265625 0.9256236328125 0.1512177734375 0.93080361328125 0.14039892578125 0.951323046875 0.13987666015625 0.9776607421875 0.1324759765625 0.99898193359375 0.1324353515625 0.9990234375 0.09255322265625 0.9990234375 0.0846798828125 0.988147265625
0 0.0020166015625 0.854934375 0.01378486328125 0.857856640625 0.02254130859375 0.86148056640625 0.03733740234375 0.86504638671875 0.04407880859375 0.869018359375 0.052930078125 0.884051953125 0.061712890625 0.89136298828125 0.07122880859375 0.9057107421875 0.06982568359375 0.91572783203125 0.06900810546875 0.92117158203125 0.07040068359375 0.92753310546875 0.07752705078125 0.9368697265625 0.0785609375 0.9402193359375 0.0764087890625 0.964399609375 0.07815478515625 0.972776171875 0.0832978515625 0.98582099609375 0.0833294921875 0.9875248046875 0.0833611328125 0.99353828125 0.08137255859375 0.9965765625 0.07903046875 0.99760517578125 0.07315947265625 0.9978056640625 0.0659486328125 0.99804833984375 0.0645396484375 0.9990234375 0.02052333984375 0.9990234375 0.0148029296875 0.982023046875 0.010366796875 0.97299765625 0.00528701171875 0.96700009765625 0 0.96333125 0 0.95914609375 0.0001755859375 0.9576423828125 0.0041529296875 0.9519033203125 0.0057986328125 0.94753037109375 0.0051076171875 0.94552060546875 0 0.943790234375 0 0.85495146484375 0.0020166015625 0.854934375
0 0.562951953125 0.9900462890625 0.5464255859375 0.9859423828125 0.5246771484375 0.9771701171875 0.50441083984375 0.9763947265625 0.49937861328125 0.97802998046875 0.49684658203125 0.969500390625 0.4921625 0.9630544921875 0.48523125 0.96496396484375 0.4755623046875 0.971990234375 0.4631767578125 0.98691298828125 0.4576486328125 0.99066337890625 0.4534814453125 0.990700390625 0.44927734375 0.98656484375 0.4451048828125 0.98567333984375 0.4414388671875 0.9908005859375 0.434512890625 0.993633203125 0.430345703125 0.9936701171875 0.42518154296875 0.98490849609375 0.4181869140625 0.97940673828125 0.40938837890625 0.9799447265625 0.4013072265625 0.98493486328125 0.39418076171875 0.9893341796875 0.3863052734375 0.988933203125 0.382080078125 0.98248203125 0.381995703125 0.97183193359375 0.38644248046875 0.95708857421875 0.3902193359375 0.95659794921875 0.3958318359375 0.9513705078125 0.4047728515625 0.9498830078125 0.4098208984375 0.9546779296875 0.41854560546875 0.96296474609375 0.4298498046875 0.96286982421875 0.4354728515625 0.9590560546875 0.43919169921875 0.95242548828125 0.43908623046875 0.9397076171875 0.434808203125 0.9354982421875 0.42953857421875 0.92470576171875 0.4299763671875 0.92045947265625 0.43418056640625 0.91618671875 0.440784765625 0.91707294921875 0.449799609375 0.92453701171875 0.455454296875 0.9249642578125 0.46107734375 0.92067568359375 0.48038359375 0.91910380859375 0.4846140625 0.9181279296875 0.4888287109375 0.914794140625 0.48829599609375 0.90726162109375 0.46604638671875 0.89472314453125 0.45839765625 0.88111904296875 0.4561294921875 0.878713671875 0.46208486328125 0.87166640625 0.4624857421875 0.8627095703125 0.461045703125 0.8598927734375 0.46049716796875 0.85000234375 0.46375703125 0.8452654296875 0.471284375 0.84426318359375 0.47509814453125 0.8494115234375 0.479819140625 0.85078828125 0.48825380859375 0.84506494140625 0.48965693359375 0.8410455078125 0.5068109375 0.8403333984375 0.5080189453125 0.84160458984375 0.51189599609375 0.85476552734375 0.5199138671875 0.8556412109375 0.52222431640625 0.8543330078125 0.5241337890625 0.85325166015625 0.52927158203125 0.8475546875 0.53483134765625 0.8399271484375 0.5519220703125 0.8509306640625 0.57017333984375 0.87347568359375 0.57207763671875 0.879948046875 0.57215146484375 0.88874658203125 0.570394921875 0.90034091796875 0.5663173828125 0.91149208984375 0.566375390625 0.91843916015625 0.57293212890625 0.92764921875 0.59666923828125 0.94135341796875 0.60040390625 0.9450248046875 0.6015591796875 0.94840068359375 0.60420185546875 0.9561126953125 0.60431796875 0.9700068359375 0.6025138671875 0.97604130859375 0.5974552734375 0.98071494140625 0.5816990234375 0.979918359375 0.5766193359375 0.981812109375 0.571117578125 0.988806640625 0.5669328125 0.9990234375 0.56058232421875 0.9990234375 0.562951953125 0.9900462890625
0 0.63537666015625 0.973456640625 0.6316103515625 0.966076953125 0.61852861328125 0.95228837890625 0.61520537109375 0.94258779296875 0.6149943359375 0.9417701171875 0.6175 0.93979208984375 0.62206806640625 0.9318796875 0.6292947265625 0.9091236328125 0.63241220703125 0.89427470703125 0.64063046875 0.87938359375 0.64378486328125 0.86916611328125 0.64369521484375 0.85805185546875 0.64034033203125 0.8446482421875 0.64027177734375 0.83584443359375 0.6434314453125 0.82563212890625 0.64894375 0.8204890625 0.65678759765625 0.81671748046875 0.66142421875 0.81714482421875 0.67901083984375 0.8232900390625 0.68604228515625 0.82574287109375 0.69345361328125 0.82568486328125 0.69852275390625 0.8223986328125 0.70049033203125 0.8195396484375 0.71707470703125 0.82502548828125 0.72331494140625 0.82497275390625 0.7319921875 0.836946875 0.746398046875 0.8423853515625 0.75524404296875 0.84787119140625 0.760408203125 0.85616865234375 0.77126396484375 0.88109267578125 0.7834384765625 0.8967380859375 0.78910380859375 0.91012587890625 0.78918291015625 0.91985283203125 0.78649794921875 0.93099345703125 0.7833013671875 0.93657958984375 0.7764123046875 0.9435794921875 0.7709369140625 0.95381806640625 0.77108466796875 0.9556431640625 0.77270400390625 0.97530810546875 0.772994140625 0.97881064453125 0.77164375 0.98345791015625 0.7675134765625 0.98858505859375 0.7318498046875 0.98888046875 0.7230828125 0.99265732421875 0.71346123046875 0.9990234375 0.64164716796875 0.9990234375 0.63537666015625 0.973456640625
0 0.45839765625 0.88111904296875 0.46604638671875 0.89472314453125 0.48829599609375 0.90726162109375 0.4888287109375 0.914794140625 0.4846140625 0.9181279296875 0.48038359375 0.91910380859375 0.46107734375 0.92067568359375 0.455454296875 0.9249642578125 0.449799609375 0.92453701171875 0.440784765625 0.91707294921875 0.43418056640625 0.91618671875 0.4299763671875 0.92045947265625 0.42953857421875 0.92470576171875 0.434808203125 0.9354982421875 0.43908623046875 0.9397076171875 0.43919169921875 0.95242548828125 0.4354728515625 0.9590560546875 0.4298498046875 0.96286982421875 0.41854560546875 0.96296474609375 0.4098208984375 0.9546779296875 0.4047728515625 0.9498830078125 0.3958318359375 0.9513705078125 0.3902193359375 0.95659794921875 0.38644248046875 0.95708857421875 0.38456455078125 0.956170703125 0.380719140625 0.94678134765625 0.375022265625 0.9416435546875 0.37464248046875 0.9368908203125 0.37396728515625 0.9284615234375 0.37108720703125 0.9214142578125 0.36357568359375 0.92477431640625 0.3570611328125 0.93519755859375 0.35191279296875 0.939480859375 0.346722265625 0.938109375 0.34480224609375 0.9338841796875 0.34423779296875 0.92257998046875 0.3357029296875 0.916049609375 0.335644921875 0.9089865234375 0.33886796875 0.9000033203125 0.33738037109375 0.891067578125 0.332648828125 0.8882771484375 0.32275302734375 0.88835625 0.317551953125 0.88651533203125 0.31798447265625 0.881330078125 0.32265810546875 0.87657734375 0.3527462890625 0.8687916015625 0.35536259765625 0.86658134765625 0.3555419921875 0.86499892578125 0.35735654296875 0.85603154296875 0.36344375 0.85127353515625 0.36708876953125 0.83663564453125 0.37177294921875 0.83329658203125 0.3730599609375 0.83328603515625 0.37790234375 0.83324912109375 0.3833671875 0.83538544921875 0.39444453125 0.8397109375 0.39774130859375 0.839679296875 0.4000833984375 0.837775 0.398580078125 0.82695087890625 0.3993396484375 0.825795703125 0.39951376953125 0.82553193359375 0.40233583984375 0.82550556640625 0.407573828125 0.8320623046875 0.4123634765625 0.84144638671875 0.43154306640625 0.853731640625 0.43415419921875 0.85540380859375 0.4561294921875 0.878713671875 0.45839765625 0.88111904296875
0 0.209289453125 0.78468291015625 0.212137890625 0.78748916015625 0.2178189453125 0.7907384765625 0.2286642578125 0.79159306640625 0.23194521484375 0.78968349609375 0.23333251953125 0.7863708984375 0.23180810546875 0.773194140625 0.23324814453125 0.77156943359375 0.23601220703125 0.7684466796875 0.2421205078125 0.76651083984375 0.24918896484375 0.766452734375 0.2558564453125 0.767729296875 0.2668388671875 0.7698287109375 0.26806787109375 0.77006611328125 0.27231953125 0.771917578125 0.2822943359375 0.78125947265625 0.29223232421875 0.7863603515625 0.2979978515625 0.80044970703125 0.30888525390625 0.8064841796875 0.3084791015625 0.81402734375 0.31181806640625 0.81918095703125 0.3236603515625 0.82709853515625 0.3236814453125 0.8293404296875 0.3161751953125 0.83328076171875 0.30816787109375 0.83381884765625 0.3021228515625 0.84376201171875 0.30359453125 0.850819921875 0.31498837890625 0.8610955078125 0.31500947265625 0.863448046875 0.31082119140625 0.87007861328125 0.29862021484375 0.87630302734375 0.2807330078125 0.87833916015625 0.27415517578125 0.88074453125 0.26994052734375 0.8836087890625 0.26437021484375 0.89402158203125 0.2606197265625 0.89640576171875 0.25497548828125 0.8973974609375 0.25139384765625 0.90104248046875 0.24703154296875 0.9054734375 0.23953056640625 0.91024716796875 0.2164421875 0.90996240234375 0.20861953125 0.917537109375 0.2052224609375 0.9208919921875 0.20003720703125 0.9209341796875 0.18911279296875 0.91018916015625 0.184391796875 0.90928193359375 0.17793525390625 0.91584921875 0.17598359375 0.91783251953125 0.17174248046875 0.91786943359375 0.1679498046875 0.91507373046875 0.1631443359375 0.90380126953125 0.1568935546875 0.89641630859375 0.15507900390625 0.89680146484375 0.14753583984375 0.89639521484375 0.14469794921875 0.89500263671875 0.13645849609375 0.8828439453125 0.1361103515625 0.88235341796875 0.1352875 0.8827068359375 0.1304767578125 0.884753515625 0.121989453125 0.88388310546875 0.1213775390625 0.88314462890625 0.10152275390625 0.8590751953125 0.10237197265625 0.847291015625 0.1062490234375 0.84160986328125 0.11400849609375 0.8302318359375 0.11287958984375 0.8071541015625 0.11048486328125 0.80292890625 0.10386474609375 0.799684765625 0.10333203125 0.79215224609375 0.10656552734375 0.78411318359375 0.11545380859375 0.77650146484375 0.1234453125 0.7740802734375 0.14465048828125 0.77438095703125 0.15123359375 0.77290927734375 0.176674609375 0.77222880859375 0.183241796875 0.76887919921875 0.19071640625 0.76080859375 0.19317451171875 0.7607822265625 0.196840625 0.760755859375 0.20206279296875 0.76542412109375 0.20833466796875 0.78213515625 0.209289453125 0.78468291015625
0 0.7860759765625 0.99259931640625 0.7762330078125 0.97878427734375 0.77270400390625 0.97530810546875 0.77108466796875 0.9556431640625 0.7709369140625 0.95381806640625 0.7764123046875 0.9435794921875 0.7833013671875 0.93657958984375 0.78649794921875 0.93099345703125 0.78918291015625 0.91985283203125 0.78910380859375 0.91012587890625 0.7834384765625 0.8967380859375 0.77126396484375 0.88109267578125 0.760408203125 0.85616865234375 0.75524404296875 0.84787119140625 0.746398046875 0.8423853515625 0.7319921875 0.836946875 0.72331494140625 0.82497275390625 0.7258732421875 0.82495166015625 0.730024609375 0.8230685546875 0.73369599609375 0.8188697265625 0.740400390625 0.7891666015625 0.74405595703125 0.78265205078125 0.74957353515625 0.7779732421875 0.7639265625 0.77739296875 0.78994775390625 0.78690888671875 0.7964359375 0.787779296875 0.80801435546875 0.787225390625 0.82603349609375 0.78151796875 0.8283228515625 0.7787169921875 0.8359609375 0.74993701171875 0.84516044921875 0.7415234375 0.85855341796875 0.7372455078125 0.8659119140625 0.73069931640625 0.86669794921875 0.713555859375 0.870733203125 0.69730908203125 0.87013720703125 0.6811044921875 0.8534103515625 0.665886328125 0.85146923828125 0.66411923828125 0.84303984375 0.65306826171875 0.84255986328125 0.65297333984375 0.8471173828125 0.64192236328125 0.85215498046875 0.63493310546875 0.85631162109375 0.63304462890625 0.85909150390625 0.63302353515625 0.8642134765625 0.636684375 0.86755244140625 0.64823642578125 0.87083876953125 0.6533056640625 0.88150986328125 0.655531640625 0.8824751953125 0.65634931640625 0.88477509765625 0.65828515625 0.8914109375 0.6767580078125 0.8984265625 0.68503955078125 0.90214541015625 0.68686474609375 0.90909248046875 0.68634248046875 0.91462587890625 0.68351513671875 0.93207529296875 0.66484716796875 0.94150693359375 0.65985712890625 0.94452412109375 0.6582587890625 0.95561201171875 0.65446083984375 0.97180078125 0.6534216796875 0.97273974609375 0.6533953125 0.98340029296875 0.65423408203125 0.99222529296875 0.6569400390625 0.99688828125 0.6610703125 0.9990234375 0.66176318359375 0.9990234375 0.78920673828125 0.99657177734375 0.79169853515625 0.99195625 0.79358701171875 0.98454501953125 0.79365029296875 0.9779724609375 0.78304765625 0.976020703125 0.770556640625 0.9814697265625 0.75754345703125 0.9883482421875 0.7491509765625 0.988290234375 0.74220390625 0.983611328125 0.73622216796875 0.97573583984375 0.73628544921875 0.9711203125 0.73817392578125 0.9550740234375 0.75822392578125 0.9518826171875 0.76427421875 0.95190908203125 0.76797724609375 0.95426162109375 0.77212861328125 0.9626646484375 0.77993017578125 0.9710939453125 0.79144541015625 0.97212783203125 0.804405859375 0.969854296875 0.80951728515625 0.96388837890625 0.8160529296875 0.95605517578125 0.82121171875 0.94033056640625 0.824582421875 0.9357150390625 0.826476171875 0.93112060546875 0.83114443359375 0.92930595703125 0.8357916015625 0.929374609375 0.84366181640625 0.93223359375 0.85383193359375 0.9323390625 0.86633876953125 0.92776572265625 0.8737869140625 0.913470703125 0.8813142578125 0.89827890625 0.8930193359375 0.870543359375 0.89972900390625 0.8581525390625 0.91419287109375 0.85450224609375 0.920707421875 0.85372158203125 0.9383150390625 0.85558369140625 0.939691796875 0.86808525390625 0.93912216796875 0.87092841796875 0.94697646484375 0.87012666015625 0.961804296875 0.86694052734375 0.968777734375 0.85627998046875 0.974348046875 0.84802998046875 0.97865771484375 0.84155234375 0.9796388671875 0.82123330078125 0.9867546875 0.8115908203125 0.997025 0.809249609375 0.9990234375 0.79230908203125 0.9990234375 0.7860759765625 0.99259931640625
0 0.68660673828125 0.6705072265625 0.69273095703125 0.67045966796875 0.703064453125 0.66613427734375 0.7091833984375 0.66561201171875 0.722882421875 0.66974228515625 0.73473515625 0.67596669921875 0.733928125 0.67759140625 0.71513349609375 0.7018296875 0.71012236328125 0.711598828125 0.7001263671875 0.73530439453125 0.6966501953125 0.76312431640625 0.6884212890625 0.7766228515625 0.6917708984375 0.790031640625 0.69358017578125 0.7934234375 0.694751171875 0.79561259765625 0.7021203125 0.809401171875 0.70172998046875 0.8177408203125 0.70049033203125 0.8195396484375 0.69852275390625 0.8223986328125 0.69345361328125 0.82568486328125 0.68604228515625 0.82574287109375 0.67901083984375 0.8232900390625 0.66142421875 0.81714482421875 0.65678759765625 0.81671748046875 0.64894375 0.8204890625 0.6434314453125 0.82563212890625 0.64027177734375 0.83584443359375 0.64034033203125 0.8446482421875 0.64369521484375 0.85805185546875 0.64378486328125 0.86916611328125 0.64063046875 0.87938359375 0.63241220703125 0.89427470703125 0.6292947265625 0.9091236328125 0.62206806640625 0.9318796875 0.6175 0.93979208984375 0.6149943359375 0.9417701171875 0.609218359375 0.9463435546875 0.6015591796875 0.94840068359375 0.60040390625 0.9450248046875 0.59666923828125 0.94135341796875 0.57293212890625 0.92764921875 0.566375390625 0.91843916015625 0.5663173828125 0.91149208984375 0.570394921875 0.90034091796875 0.57215146484375 0.88874658203125 0.57207763671875 0.879948046875 0.57017333984375 0.87347568359375 0.5519220703125 0.8509306640625 0.53483134765625 0.8399271484375 0.560019140625 0.80536591796875 0.5801376953125 0.78776875 0.5857291015625 0.7801833984375 0.5856921875 0.7754728515625 0.58330263671875 0.77124765625 0.58461611328125 0.75898876953125 0.57368642578125 0.7477689453125 0.57148681640625 0.73603232421875 0.5712177734375 0.7345974609375 0.57309560546875 0.73316796875 0.578238671875 0.73611142578125 0.5787767578125 0.7364173828125 0.57990556640625 0.73627490234375 0.5940634765625 0.7366388671875 0.60284619140625 0.73424931640625 0.60744599609375 0.73050419921875 0.60968779296875 0.72168447265625 0.60816337890625 0.70502626953125 0.60831630859375 0.704667578125 0.61150234375 0.70505263671875 0.6260505859375 0.6983376953125 0.6260083984375 0.69321044921875 0.6335251953125 0.6913853515625 0.635772265625 0.683024609375 0.63609404296875 0.6795748046875 0.6404669921875 0.67512802734375 0.64739296875 0.66214111328125 0.65215625 0.66419833984375 0.67147822265625 0.6645095703125 0.6781087890625 0.668692578125 0.68376357421875 0.6699005859375 0.68660673828125 0.6705072265625
0 0.48825380859375 0.84506494140625 0.479819140625 0.85078828125 0.47509814453125 0.8494115234375 0.471284375 0.84426318359375 0.46375703125 0.8452654296875 0.46049716796875 0.85000234375 0.461045703125 0.8598927734375 0.4624857421875 0.8627095703125 0.46208486328125 0.87166640625 0.4561294921875 0.878713671875 0.43415419921875 0.85540380859375 0.43154306640625 0.853731640625 0.4123634765625 0.84144638671875 0.407573828125 0.8320623046875 0.40233583984375 0.82550556640625 0.39951376953125 0.82553193359375 0.3993396484375 0.825795703125 0.39382734375 0.8218078125 0.38862626953125 0.81949736328125 0.38718623046875 0.8162111328125 0.38619453125 0.81056171875 0.3936638671875 0.80202158203125 0.391754296875 0.79921005859375 0.38087216796875 0.79364501953125 0.3793951171875 0.78564296875 0.38358876953125 0.77995654296875 0.39489814453125 0.77986162109375 0.39910224609375 0.77558896484375 0.407083203125 0.77222353515625 0.4098736328125 0.76749189453125 0.4097892578125 0.75712666015625 0.4168154296875 0.7523529296875 0.4200806640625 0.74808544921875 0.41298056640625 0.74437724609375 0.41060166015625 0.74157099609375 0.4105646484375 0.73685517578125 0.415227734375 0.73116357421875 0.41561806640625 0.7212677734375 0.41983798828125 0.718403515625 0.4228658203125 0.71755947265625 0.4326296875 0.72724951171875 0.440209765625 0.73190205078125 0.44964130859375 0.73323662109375 0.459046484375 0.7308048828125 0.46282861328125 0.73265634765625 0.46144658203125 0.7359689453125 0.4581603515625 0.73740908203125 0.45445205078125 0.744978515625 0.4417658203125 0.74979453125 0.43375322265625 0.7489189453125 0.43046171875 0.74988955078125 0.4290533203125 0.75083896484375 0.43002919921875 0.7550748046875 0.43289873046875 0.76023359375 0.44141767578125 0.76440615234375 0.44432421875 0.77427548828125 0.450052734375 0.78317958984375 0.4665369140625 0.78257294921875 0.472249609375 0.78959384765625 0.48505185546875 0.7989146484375 0.48793203125 0.805956640625 0.4874888671875 0.80878935546875 0.48376484375 0.81447568359375 0.4748501953125 0.81926005859375 0.47255029296875 0.8258748046875 0.4763693359375 0.83196728515625 0.48673984375 0.8328271484375 0.49053251953125 0.8356228515625 0.49055888671875 0.8384501953125 0.48965693359375 0.8410455078125 0.48825380859375 0.84506494140625
0 0.5766826171875 0.7109921875 0.59091435546875 0.722655078125 0.59098291015625 0.73113720703125 0.58677880859375 0.73540986328125 0.57990556640625 0.73627490234375 0.5787767578125 0.7364173828125 0.578238671875 0.73611142578125 0.57309560546875 0.73316796875 0.5712177734375 0.7345974609375 0.57148681640625 0.73603232421875 0.57368642578125 0.7477689453125 0.58461611328125 0.75898876953125 0.58330263671875 0.77124765625 0.5856921875 0.7754728515625 0.5857291015625 0.7801833984375 0.5801376953125 0.78776875 0.560019140625 0.80536591796875 0.53483134765625 0.8399271484375 0.52927158203125 0.8475546875 0.5241337890625 0.85325166015625 0.52222431640625 0.8543330078125 0.5199138671875 0.8556412109375 0.51189599609375 0.85476552734375 0.5080189453125 0.84160458984375 0.5068109375 0.8403333984375 0.5013619140625 0.83458896484375 0.5017470703125 0.8237490234375 0.502696484375 0.82072646484375 0.50169951171875 0.81809423828125 0.5024908203125 0.7997111328125 0.50153076171875 0.7973638671875 0.49820224609375 0.794093359375 0.48450859375 0.790437890625 0.47880634765625 0.78483056640625 0.46119873046875 0.76329833984375 0.46066064453125 0.755291015625 0.47093623046875 0.74437197265625 0.47651181640625 0.73490341796875 0.4783421875 0.72781923828125 0.476780859375 0.7061498046875 0.47674384765625 0.7052162109375 0.47809423828125 0.6976677734375 0.48135419921875 0.6929255859375 0.5082140625 0.69317880859375 0.52984658203125 0.68828896484375 0.55390546875 0.69186005859375 0.568585546875 0.70069033203125 0.57646630859375 0.7107126953125 0.5766826171875 0.7109921875
0 0.4320599609375 0.7150064453125 0.4228658203125 0.71755947265625 0.41983798828125 0.718403515625 0.41561806640625 0.7212677734375 0.415227734375 0.73116357421875 0.4105646484375 0.73685517578125 0.41060166015625 0.74157099609375 0.41298056640625 0.74437724609375 0.4200806640625 0.74808544921875 0.4168154296875 0.7523529296875 0.4097892578125 0.75712666015625 0.4098736328125 0.76749189453125 0.407083203125 0.77222353515625 0.39910224609375 0.77558896484375 0.39489814453125 0.77986162109375 0.38358876953125 0.77995654296875 0.3793951171875 0.78564296875 0.38087216796875 0.79364501953125 0.391754296875 0.79921005859375 0.3936638671875 0.80202158203125 0.38619453125 0.81056171875 0.38718623046875 0.8162111328125 0.38862626953125 0.81949736328125 0.39382734375 0.8218078125 0.3993396484375 0.825795703125 0.398580078125 0.82695087890625 0.4000833984375 0.837775 0.39774130859375 0.839679296875 0.39444453125 0.8397109375 0.3833671875 0.83538544921875 0.37790234375 0.83324912109375 0.3730599609375 0.83328603515625 0.36277392578125 0.8272462890625 0.35475068359375 0.825901171875 0.3307287109375 0.8265658203125 0.3236814453125 0.8293404296875 0.3236603515625 0.82709853515625 0.31181806640625 0.81918095703125 0.3084791015625 0.81402734375 0.30888525390625 0.8064841796875 0.2979978515625 0.80044970703125 0.29223232421875 0.7863603515625 0.2822943359375 0.78125947265625 0.27231953125 0.771917578125 0.26806787109375 0.77006611328125 0.2668388671875 0.7698287109375 0.27132783203125 0.76532919921875 0.28870869140625 0.75906259765625 0.30278212890625 0.751878125 0.30557783203125 0.74808544921875 0.3092544921875 0.73674443359375 0.323802734375 0.72908525390625 0.32706259765625 0.72434833984375 0.327959375 0.7191578125 0.34202763671875 0.71055966796875 0.3418798828125 0.69313134765625 0.3437314453125 0.68887451171875 0.34704404296875 0.6860681640625 0.3653375 0.68068779296875 0.37472685546875 0.676367578125 0.38085107421875 0.67631484375 0.39597421875 0.6818482421875 0.40352265625 0.68272919921875 0.40920908203125 0.68692275390625 0.428515234375 0.68488134765625 0.43852177734375 0.6989337890625 0.4402994140625 0.703391015625 0.4320599609375 0.7150064453125
0 0.84303984375 0.65306826171875 0.85146923828125 0.66411923828125 0.8534103515625 0.665886328125 0.87013720703125 0.6811044921875 0.870733203125 0.69730908203125 0.86669794921875 0.713555859375 0.8659119140625 0.73069931640625 0.85855341796875 0.7372455078125 0.84516044921875 0.7415234375 0.8359609375 0.74993701171875 0.8283228515625 0.7787169921875 0.82603349609375 0.78151796875 0.80801435546875 0.787225390625 0.7964359375 0.787779296875 0.78994775390625 0.78690888671875 0.7639265625 0.77739296875 0.74957353515625 0.7779732421875 0.74405595703125 0.78265205078125 0.740400390625 0.7891666015625 0.73369599609375 0.8188697265625 0.730024609375 0.8230685546875 0.7258732421875 0.82495166015625 0.72331494140625 0.82497275390625 0.71707470703125 0.82502548828125 0.70049033203125 0.8195396484375 0.70172998046875 0.8177408203125 0.7021203125 0.809401171875 0.694751171875 0.79561259765625 0.69358017578125 0.7934234375 0.6917708984375 0.790031640625 0.6884212890625 0.7766228515625 0.6966501953125 0.76312431640625 0.7001263671875 0.73530439453125 0.71012236328125 0.711598828125 0.71513349609375 0.7018296875 0.733928125 0.67759140625 0.73473515625 0.67596669921875 0.7361330078125 0.67669990234375 0.7389603515625 0.67667880859375 0.7431697265625 0.6728703125 0.745949609375 0.66719453125 0.7506390625 0.66479970703125 0.7534400390625 0.6614818359375 0.75860419921875 0.65908173828125 0.76337275390625 0.658337890625 0.78401875 0.65510439453125 0.79666279296875 0.6455779296875 0.806331640625 0.640244921875 0.81426513671875 0.64589443359375 0.84255986328125 0.65297333984375 0.84303984375 0.65306826171875
0 0.2849265625 0.64270830078125 0.292506640625 0.6478302734375 0.32060615234375 0.6566658203125 0.32888251953125 0.65930849609375 0.331414453125 0.6594931640625 0.34066669921875 0.6601578125 0.34825205078125 0.66574921875 0.3522134765625 0.67316044921875 0.35351640625 0.6755974609375 0.35215546875 0.6817375 0.34704404296875 0.6860681640625 0.3437314453125 0.68887451171875 0.3418798828125 0.69313134765625 0.34202763671875 0.71055966796875 0.327959375 0.7191578125 0.32706259765625 0.72434833984375 0.323802734375 0.72908525390625 0.3092544921875 0.73674443359375 0.30557783203125 0.74808544921875 0.30278212890625 0.751878125 0.28870869140625 0.75906259765625 0.27132783203125 0.76532919921875 0.2668388671875 0.7698287109375 0.2558564453125 0.767729296875 0.24918896484375 0.766452734375 0.2421205078125 0.76651083984375 0.23601220703125 0.7684466796875 0.23324814453125 0.77156943359375 0.227551171875 0.77087314453125 0.21954912109375 0.7718806640625 0.2087935546875 0.78186083984375 0.20833466796875 0.78213515625 0.20206279296875 0.76542412109375 0.196840625 0.760755859375 0.19317451171875 0.7607822265625 0.1962181640625 0.74238330078125 0.197062109375 0.740790234375 0.20225263671875 0.7310263671875 0.20023232421875 0.715022265625 0.20484267578125 0.70226220703125 0.20480576171875 0.69802119140625 0.20336044921875 0.69379599609375 0.19533193359375 0.69197607421875 0.20091279296875 0.6829771484375 0.20132958984375 0.676378125 0.19799052734375 0.6712193359375 0.19327470703125 0.67078671875 0.1801455078125 0.6789048828125 0.17174248046875 0.6879302734375 0.165127734375 0.68609990234375 0.160343359375 0.67718525390625 0.162152734375 0.66821787109375 0.1649537109375 0.66489462890625 0.1803986328125 0.652044921875 0.2066466796875 0.6353392578125 0.20991708984375 0.63154658203125 0.212190625 0.62162978515625 0.21594111328125 0.6192455078125 0.2296083984375 0.61960419921875 0.240480078125 0.624225 0.24991162109375 0.6250900390625 0.25129892578125 0.6257599609375 0.2849265625 0.64270830078125
0 0.43769365234375 0.59810361328125 0.442409375 0.59806669921875 0.44809052734375 0.60179072265625 0.45893046875 0.60170107421875 0.46884208984375 0.603974609375 0.4750083984375 0.60910703125 0.47519306640625 0.61139638671875 0.4755359375 0.61570068359375 0.46951201171875 0.62800185546875 0.46955947265625 0.63424208984375 0.46961748046875 0.64119443359375 0.4734681640625 0.6505837890625 0.48963056640625 0.66835498046875 0.49160859375 0.6796486328125 0.486006640625 0.6858203125 0.47236572265625 0.6887583984375 0.47044033203125 0.69393837890625 0.468678515625 0.69868583984375 0.46400498046875 0.70343330078125 0.45227353515625 0.70918818359375 0.4452103515625 0.71018515625 0.44189248046875 0.7073841796875 0.4402994140625 0.703391015625 0.43852177734375 0.6989337890625 0.428515234375 0.68488134765625 0.40920908203125 0.68692275390625 0.40352265625 0.68272919921875 0.39597421875 0.6818482421875 0.38085107421875 0.67631484375 0.37472685546875 0.676367578125 0.3653375 0.68068779296875 0.34704404296875 0.6860681640625 0.35215546875 0.6817375 0.35351640625 0.6755974609375 0.3522134765625 0.67316044921875 0.34825205078125 0.66574921875 0.34066669921875 0.6601578125 0.331414453125 0.6594931640625 0.32888251953125 0.65930849609375 0.32060615234375 0.6566658203125 0.32271611328125 0.65465078125 0.3270732421875 0.6532634765625 0.33023818359375 0.65222958984375 0.33302333984375 0.6470232421875 0.33239560546875 0.62818115234375 0.333413671875 0.622151953125 0.33374599609375 0.62016328125 0.33880986328125 0.60598427734375 0.343937109375 0.5993431640625 0.34911708984375 0.59883154296875 0.35375908203125 0.60315693359375 0.35814248046875 0.60723974609375 0.366155078125 0.6081154296875 0.37599287109375 0.60096787109375 0.39059912109375 0.60084658203125 0.39791015625 0.59764462890625 0.40045791015625 0.5965263671875 0.4098841796875 0.596447265625 0.41115546875 0.5973228515625 0.4193580078125 0.60296708984375 0.43018740234375 0.6019384765625 0.4324345703125 0.6007884765625 0.43769365234375 0.59810361328125
0 0.5969171875 0.53554296875 0.607282421875 0.53545859375 0.61389716796875 0.5377583984375 0.6170146484375 0.54150888671875 0.61818046875 0.54290673828125 0.61870263671875 0.54903095703125 0.616872265625 0.55610986328125 0.60897041015625 0.5688962890625 0.60760419921875 0.57456689453125 0.6086064453125 0.582094140625 0.61945693359375 0.5834181640625 0.62142978515625 0.59471181640625 0.62756982421875 0.59607275390625 0.631373046875 0.60028212890625 0.63241748046875 0.6125251953125 0.63761328125 0.614371484375 0.6508111328125 0.61473017578125 0.6593142578125 0.61748896484375 0.66503232421875 0.62236298828125 0.66643017578125 0.623555078125 0.66648818359375 0.63015400390625 0.65901357421875 0.638224609375 0.64632744140625 0.64257119140625 0.64975087890625 0.6576205078125 0.64739296875 0.66214111328125 0.6404669921875 0.67512802734375 0.63609404296875 0.6795748046875 0.635793359375 0.67988076171875 0.63014921875 0.68086708984375 0.625396484375 0.6761935546875 0.622569140625 0.67574521484375 0.61506298828125 0.68004951171875 0.61604404296875 0.68427998046875 0.6260083984375 0.69321044921875 0.6260505859375 0.6983376953125 0.61150234375 0.70505263671875 0.60831630859375 0.704667578125 0.5968802734375 0.703285546875 0.58416240234375 0.703860546875 0.57646630859375 0.7107126953125 0.568585546875 0.70069033203125 0.55390546875 0.69186005859375 0.52984658203125 0.68828896484375 0.5082140625 0.69317880859375 0.48135419921875 0.6929255859375 0.47809423828125 0.6976677734375 0.47674384765625 0.7052162109375 0.476780859375 0.7061498046875 0.47044033203125 0.69393837890625 0.47236572265625 0.6887583984375 0.486006640625 0.6858203125 0.49160859375 0.6796486328125 0.48963056640625 0.66835498046875 0.4734681640625 0.6505837890625 0.46961748046875 0.64119443359375 0.46955947265625 0.63424208984375 0.46951201171875 0.62800185546875 0.4755359375 0.61570068359375 0.47519306640625 0.61139638671875 0.48202939453125 0.6033943359375 0.4927849609375 0.59341416015625 0.509669921875 0.58385068359375 0.51527197265625 0.5772095703125 0.52223486328125 0.56489794921875 0.53211474609375 0.5624609375 0.53819677734375 0.55722822265625 0.5385923828125 0.54827138671875 0.53475751953125 0.540295703125 0.53611318359375 0.53321669921875 0.53891943359375 0.53083779296875 0.55207509765625 0.52601650390625 0.5614486328125 0.51981318359375 0.5699306640625 0.51974453125 0.5789033203125 0.522498046875 0.59081416015625 0.53108037109375 0.5969171875 0.53554296875
0 0.74422470703125 0.51454345703125 0.760366015625 0.52949267578125 0.76283994140625 0.54360302734375 0.76572529296875 0.550650390625 0.771443359375 0.55861025390625 0.7876056640625 0.57544248046875 0.800487109375 0.595128515625 0.805303125 0.60780947265625 0.8143865234375 0.62375556640625 0.8158634765625 0.6312828125 0.81401728515625 0.6360091796875 0.806331640625 0.640244921875 0.79666279296875 0.6455779296875 0.78401875 0.65510439453125 0.76337275390625 0.658337890625 0.75860419921875 0.65908173828125 0.7534400390625 0.6614818359375 0.7506390625 0.66479970703125 0.745949609375 0.66719453125 0.7431697265625 0.6728703125 0.7389603515625 0.67667880859375 0.7361330078125 0.67669990234375 0.73473515625 0.67596669921875 0.722882421875 0.66974228515625 0.7091833984375 0.66561201171875 0.703064453125 0.66613427734375 0.69273095703125 0.67045966796875 0.68660673828125 0.6705072265625 0.68376357421875 0.6699005859375 0.6781087890625 0.668692578125 0.67147822265625 0.6645095703125 0.65215625 0.66419833984375 0.64739296875 0.66214111328125 0.64975087890625 0.6576205078125 0.64632744140625 0.64257119140625 0.65901357421875 0.638224609375 0.66648818359375 0.63015400390625 0.66643017578125 0.623555078125 0.66503232421875 0.62236298828125 0.6593142578125 0.61748896484375 0.6508111328125 0.61473017578125 0.63761328125 0.614371484375 0.63241748046875 0.6125251953125 0.631373046875 0.60028212890625 0.62756982421875 0.59607275390625 0.62142978515625 0.59471181640625 0.61945693359375 0.5834181640625 0.6086064453125 0.582094140625 0.60760419921875 0.57456689453125 0.60897041015625 0.5688962890625 0.616872265625 0.55610986328125 0.61870263671875 0.54903095703125 0.61818046875 0.54290673828125 0.6170146484375 0.54150888671875 0.6190982421875 0.54007412109375 0.626609765625 0.53671396484375 0.6279337890625 0.5258634765625 0.6321748046875 0.5258318359375 0.6369064453125 0.52814755859375 0.641194921875 0.53376533203125 0.64638017578125 0.534192578125 0.64777275390625 0.53182939453125 0.646786328125 0.5266546875 0.63592001953125 0.5229728515625 0.6330609375 0.51922763671875 0.63208515625 0.51499189453125 0.62686298828125 0.5098541015625 0.6150365234375 0.5042943359375 0.612172265625 0.5000796875 0.61451435546875 0.498175390625 0.62158271484375 0.4981173828125 0.63954384765625 0.5050380859375 0.66121328125 0.5043892578125 0.67076083984375 0.51986064453125 0.67829345703125 0.518853125 0.68296171875 0.5131615234375 0.67838837890625 0.47267646484375 0.68020830078125 0.46512275390625 0.68397978515625 0.46509111328125 0.7058232421875 0.4856474609375 0.7153498046875 0.49829150390625 0.72008671875 0.50107666015625 0.73375400390625 0.50191005859375 0.73497255859375 0.50338173828125 0.74422470703125 0.51454345703125
0 0.4438388671875 0.40937734375 0.4527693359375 0.409303515625 0.45805478515625 0.41346015625 0.45756953125 0.41871396484375 0.45505869140625 0.421314453125 0.4471568359375 0.4293060546875 0.44826455078125 0.43664873046875 0.45304365234375 0.44291005859375 0.46150986328125 0.44142783203125 0.46248046875 0.441258984375 0.47246591796875 0.44170205078125 0.47881162109375 0.447425390625 0.47883798828125 0.45057451171875 0.4736474609375 0.457969921875 0.44957275390625 0.467623046875 0.44178173828125 0.47818876953125 0.4268958984375 0.4864650390625 0.42452744140625 0.4877837890625 0.42245966796875 0.49147626953125 0.42052900390625 0.512496875 0.41846650390625 0.516716796875 0.41012685546875 0.52466083984375 0.41074404296875 0.5356853515625 0.41551787109375 0.54141923828125 0.41557060546875 0.54825029296875 0.41247421875 0.55457490234375 0.4124794921875 0.554923046875 0.412505859375 0.5582515625 0.41730078125 0.56713974609375 0.4173904296875 0.5776421875 0.42109873046875 0.5818146484375 0.43002919921875 0.58226298828125 0.4374087890625 0.5853541015625 0.43590546875 0.5942951171875 0.4324345703125 0.6007884765625 0.43018740234375 0.6019384765625 0.4193580078125 0.60296708984375 0.41115546875 0.5973228515625 0.4098841796875 0.596447265625 0.40045791015625 0.5965263671875 0.39791015625 0.59764462890625 0.39335263671875 0.59254384765625 0.3785880859375 0.5847896484375 0.3695732421875 0.574355859375 0.35959833984375 0.5749677734375 0.3591130859375 0.57969404296875 0.36971044921875 0.59116181640625 0.3681595703125 0.5943267578125 0.3576677734375 0.59546083984375 0.35402802734375 0.59969130859375 0.35375908203125 0.60315693359375 0.34911708984375 0.59883154296875 0.343937109375 0.5993431640625 0.33880986328125 0.60598427734375 0.33374599609375 0.62016328125 0.333413671875 0.622151953125 0.32899853515625 0.621429296875 0.32005751953125 0.6199259765625 0.31169677734375 0.62472080078125 0.31441337890625 0.63625185546875 0.3270732421875 0.6532634765625 0.32271611328125 0.65465078125 0.32060615234375 0.6566658203125 0.292506640625 0.6478302734375 0.2849265625 0.64270830078125 0.25129892578125 0.6257599609375 0.256468359375 0.61414990234375 0.2558669921875 0.60522470703125 0.25217451171875 0.60315693359375 0.24429912109375 0.60322021484375 0.22912841796875 0.61017255859375 0.22440205078125 0.6102095703125 0.220662109375 0.602887890625 0.22096279296875 0.5755796875 0.2287908203125 0.56921279296875 0.24243173828125 0.5680470703125 0.24870361328125 0.5637955078125 0.25428974609375 0.5411712890625 0.25420009765625 0.53014150390625 0.25146767578125 0.522413671875 0.25173671875 0.5030388671875 0.257317578125 0.49403984375 0.25908994140625 0.48036201171875 0.26658564453125 0.4751134765625 0.2717708984375 0.4750712890625 0.2750888671875 0.477402734375 0.29172060546875 0.49469921875 0.2993693359375 0.507828515625 0.30503984375 0.51013896484375 0.3120818359375 0.50678408203125 0.3335666015625 0.48351640625 0.336378125 0.482081640625 0.34155283203125 0.48109521484375 0.34627392578125 0.4820025390625 0.35198134765625 0.48807919921875 0.36285830078125 0.4931748046875 0.36992666015625 0.493116796875 0.37273818359375 0.4912072265625 0.375064453125 0.48788935546875 0.3764201171875 0.4808103515625 0.374937890625 0.4723388671875 0.37254306640625 0.4676494140625 0.3729017578125 0.45398212890625 0.37048583984375 0.44646005859375 0.3652583984375 0.44085283203125 0.362647265625 0.43613173828125 0.37470048828125 0.4314740234375 0.3820220703125 0.42773935546875 0.39554697265625 0.41187236328125 0.41760673828125 0.412215234375 0.42327724609375 0.399566015625 0.42588837890625 0.3974455078125 0.428515234375 0.3974244140625 0.43488740234375 0.40629677734375 0.44068974609375 0.40832236328125 0.4438388671875 0.40937734375
0 0.99846025390625 0.5970697265625 0.99046875 0.60710791015625 0.989097265625 0.6137701171875 0.993966015625 0.62798076171875 0.9925998046875 0.63511767578125 0.98600615234375 0.642296875 0.98472431640625 0.642882421875 0.97985556640625 0.64519814453125 0.97180078125 0.6534216796875 0.95561201171875 0.65446083984375 0.94452412109375 0.6582587890625 0.94150693359375 0.65985712890625 0.934359375 0.65792119140625 0.9177064453125 0.65473515625 0.90442421875 0.6567396484375 0.890166015625 0.65590615234375 0.8824751953125 0.65634931640625 0.88150986328125 0.655531640625 0.87083876953125 0.6533056640625 0.86755244140625 0.64823642578125 0.8642134765625 0.636684375 0.85909150390625 0.63302353515625 0.85631162109375 0.63304462890625 0.85215498046875 0.63493310546875 0.8471173828125 0.64192236328125 0.84255986328125 0.65297333984375 0.81426513671875 0.64589443359375 0.806331640625 0.640244921875 0.81401728515625 0.6360091796875 0.8158634765625 0.6312828125 0.8143865234375 0.62375556640625 0.805303125 0.60780947265625 0.800487109375 0.595128515625 0.7876056640625 0.57544248046875 0.771443359375 0.55861025390625 0.76572529296875 0.550650390625 0.76283994140625 0.54360302734375 0.760366015625 0.52949267578125 0.74422470703125 0.51454345703125 0.73497255859375 0.50338173828125 0.74268974609375 0.49300068359375 0.74534833984375 0.48941904296875 0.7515041015625 0.486992578125 0.76147900390625 0.4869134765625 0.76763486328125 0.48448701171875 0.78507373046875 0.4681927734375 0.79138779296875 0.45947333984375 0.7916515625 0.4591146484375 0.79583984375 0.44862802734375 0.80100400390625 0.44145947265625 0.807481640625 0.42003271484375 0.81130595703125 0.41386630859375 0.8187330078125 0.4018869140625 0.82243076171875 0.38950673828125 0.82329580078125 0.37905185546875 0.8284388671875 0.36950947265625 0.83268525390625 0.365674609375 0.83549150390625 0.36042607421875 0.8421009765625 0.35562060546875 0.84680087890625 0.35370576171875 0.85156943359375 0.3517435546875 0.86485166015625 0.34925908203125 0.88005927734375 0.3505619140625 0.8838783203125 0.352429296875 0.89442822265625 0.36469345703125 0.89583662109375 0.3656693359375 0.899201953125 0.36797978515625 0.90785283203125 0.37977978515625 0.91406142578125 0.3816365234375 0.922591015625 0.3815626953125 0.929691015625 0.37865087890625 0.9391912109375 0.37857705078125 0.9525525390625 0.38606748046875 0.95425634765625 0.3878609375 0.96644677734375 0.40067900390625 0.97894306640625 0.41814951171875 0.9934015625 0.44368017578125 0.9990234375 0.4480451171875 0.9990234375 0.596601171875 0.99846025390625 0.5970697265625
0 0.48840146484375 0.40008291015625 0.4915716796875 0.40215595703125 0.4949107421875 0.40678740234375 0.50060234375 0.41468388671875 0.50692705078125 0.417785546875 0.5226884765625 0.41870869140625 0.52739375 0.41603955078125 0.53264755859375 0.41599736328125 0.53424052734375 0.41861376953125 0.5339240234375 0.432987890625 0.5338607421875 0.43594716796875 0.5256107421875 0.4543935546875 0.52516767578125 0.46437373046875 0.52783681640625 0.4696064453125 0.5310017578125 0.4716794921875 0.537310546875 0.47215419921875 0.54304443359375 0.46738037109375 0.5481822265625 0.4531591796875 0.5502658203125 0.4515662109375 0.55499208984375 0.4515240234375 0.55923310546875 0.45621865234375 0.55829423828125 0.46988076171875 0.55989248046875 0.472491796875 0.56781015625 0.47767705078125 0.569234375 0.47759794921875 0.578834765625 0.47706513671875 0.5809552734375 0.47914345703125 0.583661328125 0.4891025390625 0.59160009765625 0.49638720703125 0.59110947265625 0.50111884765625 0.5838142578125 0.50748037109375 0.5838458984375 0.51167919921875 0.58964833984375 0.5147861328125 0.5933724609375 0.52053056640625 0.5934251953125 0.52735625 0.59081416015625 0.53108037109375 0.5789033203125 0.522498046875 0.5699306640625 0.51974453125 0.5614486328125 0.51981318359375 0.55207509765625 0.52601650390625 0.53891943359375 0.53083779296875 0.53611318359375 0.53321669921875 0.53475751953125 0.540295703125 0.5385923828125 0.54827138671875 0.53819677734375 0.55722822265625 0.53211474609375 0.5624609375 0.52223486328125 0.56489794921875 0.51527197265625 0.5772095703125 0.509669921875 0.58385068359375 0.4927849609375 0.59341416015625 0.48202939453125 0.6033943359375 0.47519306640625 0.61139638671875 0.4750083984375 0.60910703125 0.46884208984375 0.603974609375 0.45893046875 0.60170107421875 0.44809052734375 0.60179072265625 0.442409375 0.59806669921875 0.43769365234375 0.59810361328125 0.4324345703125 0.6007884765625 0.43590546875 0.5942951171875 0.4374087890625 0.5853541015625 0.43002919921875 0.58226298828125 0.42109873046875 0.5818146484375 0.4173904296875 0.5776421875 0.41730078125 0.56713974609375 0.412505859375 0.5582515625 0.4124794921875 0.554923046875 0.41559169921875 0.55034970703125 0.42185302734375 0.54557060546875 0.42815654296875 0.5460453125 0.434001171875 0.55387333984375 0.438722265625 0.55383642578125 0.44337470703125 0.54434150390625 0.4438125 0.53383916015625 0.44795859375 0.52697646484375 0.4452314453125 0.51491806640625 0.4268958984375 0.4864650390625 0.44178173828125 0.47818876953125 0.44957275390625 0.467623046875 0.4736474609375 0.457969921875 0.47883798828125 0.45057451171875 0.47881162109375 0.447425390625 0.47246591796875 0.44170205078125 0.46248046875 0.441258984375 0.46150986328125 0.44142783203125 0.46138857421875 0.43601572265625 0.45707900390625 0.4223958984375 0.45505869140625 0.421314453125 0.45756953125 0.41871396484375 0.45805478515625 0.41346015625 0.4527693359375 0.409303515625 0.4438388671875 0.40937734375 0.44068974609375 0.40832236328125 0.46577734375 0.39501904296875 0.4768072265625 0.3949240234375 0.48038359375 0.39651708984375 0.48840146484375 0.40008291015625
0 0.595313671875 0.39485546875 0.6045341796875 0.40910830078125 0.61247294921875 0.41639296875 0.6119771484375 0.42007490234375 0.6115498046875 0.420423046875 0.60102109375 0.42908974609375 0.60000302734375 0.432776953125 0.60009267578125 0.44380146484375 0.60329462890625 0.4495564453125 0.6043970703125 0.4563716796875 0.600266796875 0.46480625 0.60144833984375 0.48107939453125 0.59727587890625 0.4842654296875 0.59149990234375 0.484312890625 0.583065234375 0.4807048828125 0.57987919921875 0.4765271484375 0.576112890625 0.46500673828125 0.57347548828125 0.463978125 0.5703580078125 0.4682033203125 0.569234375 0.47759794921875 0.56781015625 0.47767705078125 0.55989248046875 0.472491796875 0.55829423828125 0.46988076171875 0.55923310546875 0.45621865234375 0.55499208984375 0.4515240234375 0.5502658203125 0.4515662109375 0.5481822265625 0.4531591796875 0.54304443359375 0.46738037109375 0.537310546875 0.47215419921875 0.5310017578125 0.4716794921875 0.52783681640625 0.4696064453125 0.52516767578125 0.46437373046875 0.5256107421875 0.4543935546875 0.5338607421875 0.43594716796875 0.5339240234375 0.432987890625 0.53424052734375 0.41861376953125 0.53264755859375 0.41599736328125 0.52739375 0.41603955078125 0.5226884765625 0.41870869140625 0.50692705078125 0.417785546875 0.50060234375 0.41468388671875 0.4949107421875 0.40678740234375 0.4983921875 0.40157578125 0.51670673828125 0.393547265625 0.52658662109375 0.38138857421875 0.5491685546875 0.381726171875 0.55386328125 0.3780126953125 0.55853681640625 0.37115 0.56273046875 0.37006337890625 0.5665072265625 0.370031640625 0.56797900390625 0.37002109375 0.5727263671875 0.372605859375 0.57297431640625 0.37289072265625 0.58226875 0.383556640625 0.5907033203125 0.38768681640625 0.5941109375 0.39299873046875 0.595313671875 0.39485546875
0 0.2858232421875 0.29260634765625 0.30188017578125 0.2971849609375 0.3084685546875 0.29619326171875 0.3244251953125 0.28852353515625 0.32819677734375 0.28849189453125 0.332 0.29270126953125 0.35238232421875 0.307608203125 0.3693728515625 0.31076787109375 0.37461611328125 0.3150669921875 0.375064453125 0.31543623046875 0.3751013671875 0.32014677734375 0.36715205078125 0.3277478515625 0.36718896484375 0.33198896484375 0.3709763671875 0.333845703125 0.38086689453125 0.333761328125 0.3987171875 0.327019921875 0.40766875 0.32694609375 0.41618251953125 0.33064384765625 0.42383642578125 0.34471728515625 0.4229818359375 0.35556259765625 0.41785986328125 0.36314267578125 0.4250021484375 0.3720361328125 0.423678125 0.38288671875 0.4180392578125 0.38481728515625 0.4119150390625 0.38487001953125 0.40576455078125 0.381620703125 0.40246240234375 0.3816470703125 0.39258779296875 0.38408408203125 0.3855615234375 0.38885263671875 0.38561953125 0.39592099609375 0.3819376953125 0.40631787109375 0.36501044921875 0.41116552734375 0.35938740234375 0.4149845703125 0.3590392578125 0.42959609375 0.362647265625 0.43613173828125 0.3652583984375 0.44085283203125 0.37048583984375 0.44646005859375 0.3729017578125 0.45398212890625 0.37254306640625 0.4676494140625 0.374937890625 0.4723388671875 0.3764201171875 0.4808103515625 0.375064453125 0.48788935546875 0.37273818359375 0.4912072265625 0.36992666015625 0.493116796875 0.36285830078125 0.4931748046875 0.35198134765625 0.48807919921875 0.34627392578125 0.4820025390625 0.34155283203125 0.48109521484375 0.336378125 0.482081640625 0.3335666015625 0.48351640625 0.3120818359375 0.50678408203125 0.30503984375 0.51013896484375 0.2993693359375 0.507828515625 0.29172060546875 0.49469921875 0.2750888671875 0.477402734375 0.2717708984375 0.4750712890625 0.26658564453125 0.4751134765625 0.25908994140625 0.48036201171875 0.257317578125 0.49403984375 0.25173671875 0.5030388671875 0.25146767578125 0.522413671875 0.25144130859375 0.52424404296875 0.24871943359375 0.53698828125 0.24453642578125 0.54408837890625 0.23612294921875 0.55216953125 0.230336328125 0.55470673828125 0.229550390625 0.555049609375 0.219644140625 0.55418984375 0.21629453125 0.54762255859375 0.205396484375 0.54016904296875 0.200253515625 0.5333328125 0.19732060546875 0.53222509765625 0.19258896484375 0.529909375 0.18828466796875 0.52193369140625 0.18544150390625 0.52007158203125 0.18214462890625 0.520098046875 0.1783994140625 0.52343173828125 0.17396328125 0.5312650390625 0.17143125 0.53573818359375 0.1672271484375 0.54001083984375 0.16393037109375 0.54003720703125 0.16010078125 0.53300576171875 0.15763212890625 0.51935947265625 0.15429306640625 0.51420068359375 0.1490919921875 0.511890234375 0.14477177734375 0.50250087890625 0.14240869140625 0.50110830078125 0.13487080078125 0.5013826171875 0.1254498046875 0.5017201171875 0.12536005859375 0.49088017578125 0.13000205078125 0.48236123046875 0.13085126953125 0.471046484375 0.14868583984375 0.462084375 0.16135087890625 0.455717578125 0.16413603515625 0.45004169921875 0.16407802734375 0.44297333984375 0.16261162109375 0.43685966796875 0.1573841796875 0.431721875 0.1573630859375 0.42889453125 0.18542568359375 0.4032162109375 0.1857474609375 0.4023142578125 0.1872666015625 0.39802041015625 0.185816015625 0.39378994140625 0.182498046875 0.39098896484375 0.16884130859375 0.3920439453125 0.158971875 0.3949556640625 0.1449142578125 0.4016021484375 0.1082798828125 0.4189302734375 0.10169150390625 0.4199271484375 0.09413779296875 0.41810205078125 0.0903345703125 0.4143673828125 0.0903134765625 0.4120095703125 0.0958732421875 0.40018310546875 0.10104267578125 0.3982578125 0.10716689453125 0.398205078125 0.11142373046875 0.40005654296875 0.11942578125 0.3995185546875 0.12057578125 0.3982314453125 0.124094140625 0.39429638671875 0.12592978515625 0.38815634765625 0.11694658203125 0.3844638671875 0.098558203125 0.38272841796875 0.09192236328125 0.378070703125 0.0909623046875 0.37572333984375 0.09236015625 0.37429912109375 0.09611064453125 0.3719095703125 0.107425390625 0.37228935546875 0.1192359375 0.37643017578125 0.12397802734375 0.38016484375 0.13438017578125 0.3843162109375 0.13909072265625 0.384279296875 0.14518330078125 0.37999072265625 0.1441599609375 0.370575 0.12945869140625 0.358912109375 0.122838671875 0.3561427734375 0.10586923828125 0.35486630859375 0.10019345703125 0.352555859375 0.10154384765625 0.345007421875 0.10573740234375 0.33932109375 0.1090236328125 0.33740625 0.1165615234375 0.3373482421875 0.13072470703125 0.34052900390625 0.1344857421875 0.3400279296875 0.13776142578125 0.33717421875 0.1352822265625 0.3221142578125 0.14044111328125 0.3192447265625 0.14468212890625 0.3192078125 0.15367060546875 0.323375 0.16410966796875 0.33224208984375 0.1735306640625 0.3316935546875 0.1970251953125 0.3239658203125 0.20002666015625 0.32437724609375 0.2163630859375 0.32662958984375 0.220556640625 0.32047373046875 0.220440625 0.30633701171875 0.22556259765625 0.29875693359375 0.23404990234375 0.30010205078125 0.24027958984375 0.31277236328125 0.24456279296875 0.31744599609375 0.2469154296875 0.31743017578125 0.25674794921875 0.30980791015625 0.2560146484375 0.29460556640625 0.25561376953125 0.28626064453125 0.26029267578125 0.2824521484375 0.26378466796875 0.2826314453125 0.2683052734375 0.28285830078125 0.27337978515625 0.28568037109375 0.2858232421875 0.29260634765625
0 0.71406796875 0.31257197265625 0.72557255859375 0.31201279296875 0.7313802734375 0.31563671875 0.73828515625 0.32503662109375 0.75302333984375 0.3291140625 0.77351640625 0.3305224609375 0.7866984375 0.3357869140625 0.79669970703125 0.33978525390625 0.806780078125 0.35230791015625 0.81221318359375 0.3748423828125 0.80722841796875 0.40744140625 0.81130595703125 0.41386630859375 0.807481640625 0.42003271484375 0.80100400390625 0.44145947265625 0.79583984375 0.44862802734375 0.7916515625 0.4591146484375 0.79138779296875 0.45947333984375 0.78507373046875 0.4681927734375 0.76763486328125 0.48448701171875 0.76147900390625 0.4869134765625 0.7515041015625 0.486992578125 0.74534833984375 0.48941904296875 0.74268974609375 0.49300068359375 0.74069580078125 0.49096455078125 0.73175478515625 0.48946123046875 0.72542490234375 0.48583740234375 0.7173595703125 0.462796484375 0.70893544921875 0.46023818359375 0.7015453125 0.45557509765625 0.69355380859375 0.4419869140625 0.69294716796875 0.43148984375 0.700173828125 0.4161978515625 0.7001263671875 0.41094931640625 0.69693505859375 0.40572177734375 0.688479296875 0.39949208984375 0.68580498046875 0.39852158203125 0.7062294921875 0.38674267578125 0.70725810546875 0.38410517578125 0.7014029296875 0.374177734375 0.69603828125 0.36890283203125 0.6876353515625 0.36063701171875 0.6828509765625 0.353320703125 0.68172216796875 0.34387861328125 0.6868810546875 0.33281181640625 0.6868388671875 0.3275580078125 0.68576806640625 0.3249416015625 0.6799814453125 0.3234119140625 0.67627841796875 0.32029443359375 0.679358984375 0.31186513671875 0.68378466796875 0.31231875 0.684090625 0.312350390625 0.696750390625 0.31959814453125 0.703043359375 0.318495703125 0.703533984375 0.3137693359375 0.70311728515625 0.3131046875 0.71406796875 0.31257197265625
0 0.99079580078125 0.647007421875 0.98472431640625 0.642882421875 0.98600615234375 0.642296875 0.9925998046875 0.63511767578125 0.993966015625 0.62798076171875 0.989097265625 0.6137701171875 0.99046875 0.60710791015625 0.99846025390625 0.5970697265625 0.9990234375 0.596601171875 0.9990234375 0.650666015625 0.99079580078125 0.647007421875
0 0.9934015625 0.44368017578125 0.97894306640625 0.41814951171875 0.96644677734375 0.40067900390625 0.95425634765625 0.3878609375 0.9525525390625 0.38606748046875 0.9391912109375 0.37857705078125 0.929691015625 0.37865087890625 0.922591015625 0.3815626953125 0.91406142578125 0.3816365234375 0.90785283203125 0.37977978515625 0.899201953125 0.36797978515625 0.89583662109375 0.3656693359375 0.8961900390625 0.34805107421875 0.89802568359375 0.3399646484375 0.901797265625 0.3366044921875 0.91053251953125 0.333059765625 0.9186189453125 0.3297734375 0.92925849609375 0.3254533203125 0.950996484375 0.31197587890625 0.95746357421875 0.31131650390625 0.9661830078125 0.310425 0.97803046875 0.30700693359375 0.9990234375 0.29609072265625 0.9990234375 0.4480451171875 0.9934015625 0.44368017578125
0 0.97803046875 0.30700693359375 0.9661830078125 0.310425 0.95746357421875 0.31131650390625 0.95289013671875 0.3027921875 0.932244140625 0.2824837890625 0.92852001953125 0.27673408203125 0.92166259765625 0.27311552734375 0.9169310546875 0.27263017578125 0.91268994140625 0.26741328125 0.90573759765625 0.25224267578125 0.89723447265625 0.240231640625 0.88970712890625 0.2187626953125 0.886041015625 0.21984404296875 0.88561904296875 0.2201921875 0.8844533203125 0.21827744140625 0.8809560546875 0.2133927734375 0.8823064453125 0.21304462890625 0.88805078125 0.20879833984375 0.88953837890625 0.19828017578125 0.878856640625 0.17631533203125 0.88768154296875 0.1641619140625 0.89021357421875 0.15258876953125 0.89538291015625 0.14256640625 0.90781064453125 0.13374677734375 0.9095302734375 0.13877373046875 0.916894140625 0.14029296875 0.9273595703125 0.135476953125 0.93208583984375 0.1354400390625 0.9399982421875 0.13957548828125 0.94734619140625 0.13951748046875 0.95415615234375 0.13736005859375 0.95885615234375 0.133646484375 0.9682982421875 0.13251767578125 0.9725392578125 0.1377345703125 0.97782470703125 0.14136376953125 0.9815013671875 0.1418595703125 0.98671298828125 0.13656884765625 0.98877021484375 0.1321009765625 0.991987890625 0.13967578125 0.99418759765625 0.15173427734375 0.9990234375 0.164935546875 0.9990234375 0.29609072265625 0.97803046875 0.30700693359375
0 0.71508603515625 0.25012734375 0.71460078125 0.254858984375 0.6994669921875 0.2665376953125 0.69713544921875 0.2694125 0.6895923828125 0.27869638671875 0.68645908203125 0.28082216796875 0.6822548828125 0.28085908203125 0.67539228515625 0.276185546875 0.67328759765625 0.276206640625 0.672258984375 0.27883876953125 0.67339306640625 0.2888083984375 0.6771119140625 0.29403056640625 0.68814169921875 0.2944630859375 0.69342197265625 0.29757001953125 0.70311728515625 0.3131046875 0.703533984375 0.3137693359375 0.703043359375 0.318495703125 0.696750390625 0.31959814453125 0.684090625 0.312350390625 0.68378466796875 0.31231875 0.679358984375 0.31186513671875 0.67627841796875 0.32029443359375 0.6799814453125 0.3234119140625 0.68576806640625 0.3249416015625 0.6868388671875 0.3275580078125 0.6868810546875 0.33281181640625 0.68172216796875 0.34387861328125 0.6828509765625 0.353320703125 0.6876353515625 0.36063701171875 0.69603828125 0.36890283203125 0.7014029296875 0.374177734375 0.70725810546875 0.38410517578125 0.7062294921875 0.38674267578125 0.68580498046875 0.39852158203125 0.66870361328125 0.4211826171875 0.65877626953125 0.42756533203125 0.6482791015625 0.4281771484375 0.63248076171875 0.42305517578125 0.6115498046875 0.420423046875 0.6119771484375 0.42007490234375 0.61247294921875 0.41639296875 0.6045341796875 0.40910830078125 0.595313671875 0.39485546875 0.5941109375 0.39299873046875 0.5932986328125 0.38399443359375 0.58641484375 0.37359755859375 0.588403515625 0.3630265625 0.59308232421875 0.35721357421875 0.60198642578125 0.354512890625 0.60772548828125 0.3497390625 0.60769912109375 0.34658994140625 0.60398037109375 0.3413677734375 0.6039486328125 0.33769111328125 0.60551005859375 0.33610341796875 0.61184521484375 0.33972724609375 0.6149943359375 0.33970087890625 0.6176001953125 0.33758037109375 0.61735751953125 0.33136123046875 0.6169408203125 0.3207796875 0.62001611328125 0.31182822265625 0.6288990234375 0.3059783203125 0.63466982421875 0.3054033203125 0.63679033203125 0.308014453125 0.63792978515625 0.31903369140625 0.6411052734375 0.32162900390625 0.65056845703125 0.32312705078125 0.65946201171875 0.31885439453125 0.66934189453125 0.30722314453125 0.66926806640625 0.29829267578125 0.66018994140625 0.27998876953125 0.66014248046875 0.2742126953125 0.662721875 0.26841552734375 0.6653224609375 0.2652400390625 0.6710509765625 0.264617578125 0.686311328125 0.2629666015625 0.68990361328125 0.25296005859375 0.69773681640625 0.24764287109375 0.7029748046875 0.24602880859375 0.71296025390625 0.24699404296875 0.714780078125 0.24967900390625 0.71508603515625 0.25012734375
0 0.950996484375 0.31197587890625 0.92925849609375 0.3254533203125 0.9186189453125 0.3297734375 0.91053251953125 0.333059765625 0.901797265625 0.3366044921875 0.89802568359375 0.3399646484375 0.8961900390625 0.34805107421875 0.89583662109375 0.3656693359375 0.89442822265625 0.36469345703125 0.8838783203125 0.352429296875 0.88005927734375 0.3505619140625 0.86485166015625 0.34925908203125 0.85156943359375 0.3517435546875 0.84680087890625 0.35370576171875 0.8435146484375 0.34938037109375 0.82873955078125 0.34057119140625 0.82186103515625 0.33432568359375 0.819197265625 0.3296205078125 0.819165625 0.32594912109375 0.824894140625 0.3201255859375 0.83058046875 0.30904833984375 0.828955859375 0.302760546875 0.8220193359375 0.28968935546875 0.828296484375 0.28700966796875 0.8409509765625 0.29320771484375 0.84515517578125 0.29317607421875 0.85194921875 0.28944140625 0.85401171875 0.28469921875 0.85293564453125 0.28155537109375 0.84658466796875 0.27530458984375 0.84600439453125 0.26901162109375 0.849132421875 0.265830859375 0.8538587890625 0.2657939453125 0.85914423828125 0.2699505859375 0.862293359375 0.26992421875 0.87376103515625 0.25932685546875 0.87390869140625 0.2590525390625 0.8809982421875 0.24561728515625 0.8804390625 0.24141845703125 0.87567060546875 0.2362068359375 0.87508505859375 0.22885888671875 0.88561904296875 0.2201921875 0.886041015625 0.21984404296875 0.88970712890625 0.2187626953125 0.89723447265625 0.240231640625 0.90573759765625 0.25224267578125 0.91268994140625 0.26741328125 0.9169310546875 0.27263017578125 0.92166259765625 0.27311552734375 0.92852001953125 0.27673408203125 0.932244140625 0.2824837890625 0.95289013671875 0.3027921875 0.95746357421875 0.31131650390625 0.950996484375 0.31197587890625
0 0.6176001953125 0.33758037109375 0.6149943359375 0.33970087890625 0.61184521484375 0.33972724609375 0.60551005859375 0.33610341796875 0.6039486328125 0.33769111328125 0.60398037109375 0.3413677734375 0.60769912109375 0.34658994140625 0.60772548828125 0.3497390625 0.60198642578125 0.354512890625 0.59308232421875 0.35721357421875 0.588403515625 0.3630265625 0.58641484375 0.37359755859375 0.5932986328125 0.38399443359375 0.5941109375 0.39299873046875 0.5907033203125 0.38768681640625 0.58226875 0.383556640625 0.57297431640625 0.37289072265625 0.5727263671875 0.372605859375 0.56797900390625 0.37002109375 0.5665072265625 0.370031640625 0.56273046875 0.37006337890625 0.55853681640625 0.37115 0.55386328125 0.3780126953125 0.5491685546875 0.381726171875 0.52658662109375 0.38138857421875 0.51670673828125 0.393547265625 0.4983921875 0.40157578125 0.4949107421875 0.40678740234375 0.4915716796875 0.40215595703125 0.48840146484375 0.40008291015625 0.48038359375 0.39651708984375 0.4762375 0.38968076171875 0.4667162109375 0.38135693359375 0.465096875 0.3761189453125 0.45980087890625 0.37038515625 0.45975859375 0.36513125 0.46339306640625 0.36037861328125 0.46200576171875 0.31890185546875 0.45772255859375 0.30895859375 0.44713046875 0.298540625 0.444229296875 0.2948798828125 0.4444560546875 0.2922634765625 0.44704609375 0.28803828125 0.45702626953125 0.28848134765625 0.4632453125 0.2784537109375 0.46586171875 0.27685546875 0.47163779296875 0.27680791015625 0.48060517578125 0.281987890625 0.48690341796875 0.28140771484375 0.49308564453125 0.276971484375 0.4957810546875 0.275035546875 0.5004599609375 0.26922265625 0.50649970703125 0.23766279296875 0.50530234375 0.21981767578125 0.50996533203125 0.2119 0.50989677734375 0.2034970703125 0.50723818359375 0.19984677734375 0.49879306640625 0.1946615234375 0.49771171875 0.19046796875 0.506025 0.1798970703125 0.50637314453125 0.17613603515625 0.51279267578125 0.172491015625 0.53200927734375 0.15590673828125 0.54274375 0.17487001953125 0.54802919921875 0.17902666015625 0.57492080078125 0.19193447265625 0.5775740234375 0.19558994140625 0.5781384765625 0.20031103515625 0.572478515625 0.2145375 0.56728271484375 0.2214107421875 0.56681845703125 0.22876396484375 0.57160810546875 0.23660244140625 0.58111357421875 0.24282685546875 0.582216015625 0.249119921875 0.5775951171875 0.26175859375 0.57086435546875 0.27389619140625 0.569862109375 0.2796775390625 0.5746306640625 0.28488916015625 0.589358203125 0.2873947265625 0.5941109375 0.29050693359375 0.5962419921875 0.2941677734375 0.5974447265625 0.3130625 0.60012431640625 0.3193396484375 0.61171865234375 0.32449853515625 0.61735751953125 0.33136123046875 0.6176001953125 0.33758037109375
0 0.75302333984375 0.3291140625 0.73828515625 0.32503662109375 0.7313802734375 0.31563671875 0.72557255859375 0.31201279296875 0.71406796875 0.31257197265625 0.70311728515625 0.3131046875 0.69342197265625 0.29757001953125 0.68814169921875 0.2944630859375 0.6771119140625 0.29403056640625 0.67339306640625 0.2888083984375 0.672258984375 0.27883876953125 0.67328759765625 0.276206640625 0.67539228515625 0.276185546875 0.6822548828125 0.28085908203125 0.68645908203125 0.28082216796875 0.6895923828125 0.27869638671875 0.69713544921875 0.2694125 0.6994669921875 0.2665376953125 0.71460078125 0.254858984375 0.71508603515625 0.25012734375 0.714780078125 0.24967900390625 0.71560302734375 0.2485501953125 0.71706943359375 0.2354103515625 0.7259365234375 0.2285107421875 0.732767578125 0.228452734375 0.7396302734375 0.23312099609375 0.744356640625 0.23308408203125 0.74682529296875 0.2306734375 0.75738037109375 0.22037158203125 0.76841552734375 0.22133154296875 0.7720763671875 0.21920048828125 0.77255634765625 0.2188259765625 0.773653515625 0.21971220703125 0.7862130859375 0.21923212890625 0.790981640625 0.21904755859375 0.805630078125 0.21210048828125 0.81625380859375 0.227239453125 0.82518427734375 0.2276931640625 0.83356611328125 0.22499765625 0.8414416015625 0.224934375 0.85151142578125 0.22819951171875 0.85945546875 0.24421943359375 0.86765791015625 0.25263828125 0.84320869140625 0.258846875 0.81772548828125 0.265108203125 0.8111001953125 0.280479296875 0.80041845703125 0.31203916015625 0.7866984375 0.3357869140625 0.77351640625 0.3305224609375 0.75302333984375 0.3291140625
0 0.389712890625 0.1488171875 0.3971822265625 0.1634603515625 0.401940234375 0.16710009765625 0.41194140625 0.169642578125 0.41774384765625 0.17327177734375 0.41781240234375 0.18114716796875 0.4147212890625 0.18852685546875 0.415866015625 0.200068359375 0.4133076171875 0.2084923828125 0.40707265625 0.21642060546875 0.406956640625 0.21915830078125 0.40663486328125 0.2269283203125 0.393648046875 0.2443619140625 0.3937482421875 0.2569689453125 0.37762802734375 0.27600615234375 0.37820302734375 0.28230439453125 0.38456982421875 0.2901271484375 0.3840951171875 0.2964306640625 0.3799279296875 0.30066640625 0.3779076171875 0.310140234375 0.37479541015625 0.31488759765625 0.37461611328125 0.3150669921875 0.3693728515625 0.31076787109375 0.35238232421875 0.307608203125 0.332 0.29270126953125 0.32819677734375 0.28849189453125 0.3244251953125 0.28852353515625 0.3084685546875 0.29619326171875 0.30188017578125 0.2971849609375 0.2858232421875 0.29260634765625 0.27337978515625 0.28568037109375 0.2745876953125 0.2749248046875 0.27908720703125 0.26419033203125 0.2800103515625 0.25246416015625 0.28405615234375 0.24886669921875 0.2947220703125 0.2452111328125 0.2982615234375 0.24212529296875 0.30328857421875 0.2334216796875 0.3031302734375 0.2140626953125 0.305113671875 0.20793330078125 0.30550927734375 0.19417626953125 0.30952880859375 0.187012890625 0.31710361328125 0.17879990234375 0.31754140625 0.170133203125 0.32003642578125 0.1634919921875 0.32142373046875 0.16172490234375 0.3281017578125 0.15323232421875 0.33670517578125 0.14603203125 0.3534267578125 0.13519736328125 0.36309033203125 0.1335884765625 0.36769541015625 0.1355876953125 0.37392509765625 0.14980361328125 0.3820326171875 0.144639453125 0.38653212890625 0.13945419921875 0.389712890625 0.1488171875
0 0.506025 0.1798970703125 0.49771171875 0.19046796875 0.49879306640625 0.1946615234375 0.50723818359375 0.19984677734375 0.50989677734375 0.2034970703125 0.50996533203125 0.2119 0.50530234375 0.21981767578125 0.50649970703125 0.23766279296875 0.5004599609375 0.26922265625 0.4957810546875 0.275035546875 0.49308564453125 0.276971484375 0.48690341796875 0.28140771484375 0.48060517578125 0.281987890625 0.47163779296875 0.27680791015625 0.46586171875 0.27685546875 0.4632453125 0.2784537109375 0.45702626953125 0.28848134765625 0.44704609375 0.28803828125 0.4444560546875 0.2922634765625 0.444229296875 0.2948798828125 0.44349599609375 0.3032986328125 0.44043134765625 0.31382734375 0.436786328125 0.31753037109375 0.4325822265625 0.31703984375 0.4262048828125 0.3081673828125 0.41356611328125 0.30354130859375 0.4124900390625 0.300402734375 0.41558642578125 0.29407275390625 0.4139669921875 0.288834765625 0.405553515625 0.2873314453125 0.40234638671875 0.2805267578125 0.39498779296875 0.27954033203125 0.39493505859375 0.27323681640625 0.3979998046875 0.26270810546875 0.4109498046875 0.2410703125 0.40979453125 0.2279515625 0.406956640625 0.21915830078125 0.40707265625 0.21642060546875 0.4133076171875 0.2084923828125 0.415866015625 0.200068359375 0.4147212890625 0.18852685546875 0.41781240234375 0.18114716796875 0.41774384765625 0.17327177734375 0.41194140625 0.169642578125 0.401940234375 0.16710009765625 0.3971822265625 0.1634603515625 0.389712890625 0.1488171875 0.38653212890625 0.13945419921875 0.3896021484375 0.13592001953125 0.39265107421875 0.1348755859375 0.40089580078125 0.14652265625 0.405511328125 0.1500515625 0.4289583984375 0.1513861328125 0.42887919921875 0.1507689453125 0.4262365234375 0.130012109375 0.4318173828125 0.1274220703125 0.4394607421875 0.1273587890625 0.4430423828125 0.1293685546875 0.44667158203125 0.1369802734375 0.45180400390625 0.14152197265625 0.45778056640625 0.14213916015625 0.460982421875 0.1424662109375 0.4686046875 0.140366796875 0.470825390625 0.13526064453125 0.47260302734375 0.13116201171875 0.47184345703125 0.1232865234375 0.4809427734375 0.1302125 0.48358544921875 0.132818359375 0.48359599609375 0.1343375 0.48362236328125 0.1375447265625 0.4784265625 0.14441259765625 0.48793203125 0.15063701171875 0.49330185546875 0.1653013671875 0.5033294921875 0.17099296875 0.50651025390625 0.17464326171875 0.50637314453125 0.17613603515625 0.506025 0.1798970703125
0 0.6771119140625 0.0377537109375 0.68997216796875 0.0365984375 0.693944140625 0.0412931640625 0.694540234375 0.0502130859375 0.70348125 0.05171640625 0.70388740234375 0.052512890625 0.70249482421875 0.05960244140625 0.69836982421875 0.06856455078125 0.698601953125 0.0746359375 0.6988234375 0.080322265625 0.69903447265625 0.08588740234375 0.69992587890625 0.08604560546875 0.70178271484375 0.10056748046875 0.71025947265625 0.1099515625 0.71095576171875 0.13042880859375 0.71258046875 0.13671650390625 0.71470625 0.1398498046875 0.72895908203125 0.148658984375 0.736955859375 0.163296875 0.74221494140625 0.16430439453125 0.7479435546875 0.15795869140625 0.754262890625 0.146053125 0.76352568359375 0.1618515625 0.7616478515625 0.16414609375 0.76011806640625 0.16993798828125 0.76022880859375 0.18306201171875 0.75716943359375 0.1946404296875 0.75724326171875 0.2035708984375 0.75885205078125 0.2077591796875 0.77255634765625 0.2188259765625 0.7720763671875 0.21920048828125 0.76841552734375 0.22133154296875 0.75738037109375 0.22037158203125 0.74682529296875 0.2306734375 0.74006806640625 0.2220912109375 0.72689130859375 0.21642060546875 0.7146904296875 0.20181962890625 0.70890908203125 0.2013396484375 0.70315947265625 0.20453623046875 0.7000525390625 0.20981640625 0.6995830078125 0.2166474609375 0.70172470703125 0.22135263671875 0.70701015625 0.22551455078125 0.70861904296875 0.2297029296875 0.70240517578125 0.240252734375 0.6898349609375 0.24455703125 0.6814953125 0.25197890625 0.68047197265625 0.255666015625 0.67420537109375 0.25991767578125 0.6710509765625 0.264617578125 0.6653224609375 0.2652400390625 0.662721875 0.26841552734375 0.66014248046875 0.2742126953125 0.66018994140625 0.27998876953125 0.66926806640625 0.29829267578125 0.66934189453125 0.30722314453125 0.65946201171875 0.31885439453125 0.65056845703125 0.32312705078125 0.6411052734375 0.32162900390625 0.63792978515625 0.31903369140625 0.63679033203125 0.308014453125 0.63466982421875 0.3054033203125 0.6288990234375 0.3059783203125 0.62001611328125 0.31182822265625 0.6169408203125 0.3207796875 0.61735751953125 0.33136123046875 0.61171865234375 0.32449853515625 0.60012431640625 0.3193396484375 0.5974447265625 0.3130625 0.5962419921875 0.2941677734375 0.5941109375 0.29050693359375 0.589358203125 0.2873947265625 0.5746306640625 0.28488916015625 0.569862109375 0.2796775390625 0.57086435546875 0.27389619140625 0.5775951171875 0.26175859375 0.582216015625 0.249119921875 0.58111357421875 0.24282685546875 0.57160810546875 0.23660244140625 0.56681845703125 0.22876396484375 0.56728271484375 0.2214107421875 0.572478515625 0.2145375 0.5781384765625 0.20031103515625 0.5775740234375 0.19558994140625 0.57492080078125 0.19193447265625 0.54802919921875 0.17902666015625 0.54274375 0.17487001953125 0.53200927734375 0.15590673828125 0.55764013671875 0.13378896484375 0.56130087890625 0.132180078125 0.5644236328125 0.12900458984375 0.57165029296875 0.11371787109375 0.58579765625 0.1099251953125 0.6008892578125 0.09299267578125 0.61608623046875 0.08866728515625 0.6202587890625 0.08548642578125 0.62181484375 0.08284375 0.621134375 0.06394365234375 0.62630908203125 0.054448828125 0.626778515625 0.0476177734375 0.62360830078125 0.0455447265625 0.60892822265625 0.048815234375 0.60838486328125 0.0461935546875 0.61409765625 0.03827060546875 0.6261296875 0.032921875 0.6302705078125 0.025531640625 0.64015576171875 0.02104267578125 0.64074130859375 0.0212484375 0.652868359375 0.0274517578125 0.670217578125 0.02993095703125 0.6744427734375 0.03252626953125 0.6771119140625 0.0377537109375
0 0.89783056640625 0.05694912109375 0.912151953125 0.057434375 0.91101787109375 0.0636693359375 0.9179015625 0.0683060546875 0.91530634765625 0.0746623046875 0.91612919921875 0.0849958984375 0.91647734375 0.08935302734375 0.916946875 0.0905240234375 0.914404296875 0.0925232421875 0.90978349609375 0.105689453125 0.90622294921875 0.11937255859375 0.90630205078125 0.1293474609375 0.90781064453125 0.13374677734375 0.89538291015625 0.14256640625 0.89021357421875 0.15258876953125 0.88768154296875 0.1641619140625 0.878856640625 0.17631533203125 0.88953837890625 0.19828017578125 0.88805078125 0.20879833984375 0.8823064453125 0.21304462890625 0.8809560546875 0.2133927734375 0.87601875 0.214674609375 0.8609060546875 0.22897490234375 0.85566279296875 0.22954462890625 0.85151142578125 0.22819951171875 0.8414416015625 0.224934375 0.83356611328125 0.22499765625 0.82518427734375 0.2276931640625 0.81625380859375 0.227239453125 0.805630078125 0.21210048828125 0.790981640625 0.21904755859375 0.7862130859375 0.21923212890625 0.773653515625 0.21971220703125 0.77255634765625 0.2188259765625 0.75885205078125 0.2077591796875 0.75724326171875 0.2035708984375 0.75716943359375 0.1946404296875 0.76022880859375 0.18306201171875 0.76011806640625 0.16993798828125 0.7616478515625 0.16414609375 0.76352568359375 0.1618515625 0.76684365234375 0.157800390625 0.777820703125 0.1514125 0.78093291015625 0.146659765625 0.78347548828125 0.13665849609375 0.7834015625 0.12773330078125 0.781798046875 0.12406728515625 0.772783203125 0.11363876953125 0.77079453125 0.11221455078125 0.77064150390625 0.1084060546875 0.77322626953125 0.103136328125 0.789388671875 0.08934775390625 0.788792578125 0.08042255859375 0.79557080078125 0.07459375 0.79763330078125 0.0698462890625 0.79549169921875 0.06513583984375 0.80172138671875 0.05616318359375 0.80429560546875 0.04983857421875 0.80363623046875 0.039884765625 0.81054638671875 0.0434875 0.82524755859375 0.0433662109375 0.83846123046875 0.0537578125 0.8552513671875 0.05204345703125 0.86211396484375 0.05618955078125 0.86893974609375 0.05613681640625 0.87731103515625 0.0518640625 0.880407421875 0.048846875 0.89783056640625 0.05694912109375
0 0.48278369140625 0.00575068359375 0.47722392578125 0.01089375 0.46754970703125 0.01199091796875 0.45943154296875 0.015625390625 0.46358291015625 0.0247615234375 0.47255029296875 0.06238759765625 0.482372265625 0.0796259765625 0.48091103515625 0.0877916015625 0.470762109375 0.09296630859375 0.4672384765625 0.09808828125 0.47093623046875 0.11385498046875 0.47184345703125 0.1232865234375 0.47260302734375 0.13116201171875 0.470825390625 0.13526064453125 0.4686046875 0.140366796875 0.460982421875 0.1424662109375 0.45778056640625 0.14213916015625 0.45180400390625 0.14152197265625 0.44667158203125 0.1369802734375 0.4430423828125 0.1293685546875 0.4394607421875 0.1273587890625 0.4318173828125 0.1274220703125 0.4262365234375 0.130012109375 0.42887919921875 0.1507689453125 0.4289583984375 0.1513861328125 0.405511328125 0.1500515625 0.40089580078125 0.14652265625 0.39265107421875 0.1348755859375 0.3896021484375 0.13592001953125 0.38653212890625 0.13945419921875 0.3820326171875 0.144639453125 0.37392509765625 0.14980361328125 0.36769541015625 0.1355876953125 0.36309033203125 0.1335884765625 0.3534267578125 0.13519736328125 0.33670517578125 0.14603203125 0.3281017578125 0.15323232421875 0.32142373046875 0.16172490234375 0.32003642578125 0.1634919921875 0.31754140625 0.170133203125 0.31710361328125 0.17879990234375 0.30952880859375 0.187012890625 0.30550927734375 0.19417626953125 0.305113671875 0.20793330078125 0.3031302734375 0.2140626953125 0.30328857421875 0.2334216796875 0.2982615234375 0.24212529296875 0.2947220703125 0.2452111328125 0.28405615234375 0.24886669921875 0.2800103515625 0.25246416015625 0.27908720703125 0.26419033203125 0.2745876953125 0.2749248046875 0.27337978515625 0.28568037109375 0.2683052734375 0.28285830078125 0.26378466796875 0.2826314453125 0.26029267578125 0.2824521484375 0.25561376953125 0.28626064453125 0.2560146484375 0.29460556640625 0.2558986328125 0.29443671875 0.25277060546875 0.28580166015625 0.2440353515625 0.27670244140625 0.24096005859375 0.27469267578125 0.2241171875 0.27075234375 0.21385751953125 0.26217529296875 0.2066994140625 0.25866748046875 0.20007939453125 0.25923193359375 0.19249404296875 0.2659205078125 0.19051591796875 0.2735744140625 0.1908587890625 0.27513056640625 0.1853201171875 0.275526171875 0.17734970703125 0.2803052734375 0.1589666015625 0.27998349609375 0.15424560546875 0.27860673828125 0.14949287109375 0.273463671875 0.1456421875 0.26359951171875 0.13847353515625 0.25891015625 0.127517578125 0.23231923828125 0.12442119140625 0.2277564453125 0.1187822265625 0.223731640625 0.1068767578125 0.20039013671875 0.10734619140625 0.1958009765625 0.1184974609375 0.1890859375 0.1260880859375 0.18240263671875 0.13209619140625 0.1696162109375 0.1325076171875 0.1578953125 0.12373017578125 0.14370576171875 0.1206021484375 0.135070703125 0.12053359375 0.12640927734375 0.12606689453125 0.117700390625 0.12448447265625 0.11109091796875 0.1198689453125 0.10756201171875 0.11681474609375 0.10758837890625 0.11072744140625 0.11120703125 0.10428681640625 0.13316650390625 0.09618974609375 0.139855078125 0.08241171875 0.13691171875 0.07354453125 0.13162099609375 0.0783130859375 0.127290234375 0.079125390625 0.12479521484375 0.0782603515625 0.12065439453125 0.07531689453125 0.11528974609375 0.0673728515625 0.10747763671875 0.0602517578125 0.10543095703125 0.06223505859375 0.09937529296875 0.06423955078125 0.09579365234375 0.0748896484375 0.08959560546875 0.07535908203125 0.08449482421875 0.072278515625 0.08197333984375 0.0610587890625 0.08053857421875 0.05593681640625 0.07701494140625 0.05592099609375 0.07548525390625 0.06083193359375 0.06649677734375 0.07032158203125 0.062677734375 0.0831185546875 0.05552490234375 0.09052978515625 0.04924775390625 0.10086337890625 0.04584541015625 0.10216630859375 0.04379873046875 0.11480498046875 0.04952734375 0.12654697265625 0.05198017578125 0.13414287109375 0.0468212890625 0.14319990234375 0.0329904296875 0.1593623046875 0.015541015625 0.1650380859375 0.0039466796875 0.17098291015625 0.00372509765625 0.17354560546875 0 0.48417060546875 0 0.48278369140625 0.00575068359375
0 0.74221494140625 0.16430439453125 0.736955859375 0.163296875 0.72895908203125 0.148658984375 0.71470625 0.1398498046875 0.71258046875 0.13671650390625 0.71095576171875 0.13042880859375 0.71025947265625 0.1099515625 0.70178271484375 0.10056748046875 0.69992587890625 0.08604560546875 0.699324609375 0.08132451171875 0.6988234375 0.080322265625 0.6979267578125 0.07854462890625 0.698601953125 0.0746359375 0.69892900390625 0.07275810546875 0.7051375 0.06168076171875 0.70455205078125 0.053810546875 0.70388740234375 0.052512890625 0.70348125 0.05171640625 0.694540234375 0.0502130859375 0.693944140625 0.0412931640625 0.68997216796875 0.0365984375 0.68864287109375 0.0350318359375 0.6891123046875 0.0287283203125 0.6953630859375 0.02237197265625 0.7016455078125 0.01969765625 0.70524833984375 0.0107408203125 0.70942607421875 0.0080822265625 0.727260546875 0.00583515625 0.738253515625 0.00154130859375 0.75191552734375 0.0024802734375 0.758366796875 0.015709765625 0.7631353515625 0.0254947265625 0.77106884765625 0.03277939453125 0.77113212890625 0.03753740234375 0.77116376953125 0.04433154296875 0.77331591796875 0.05061923828125 0.77808447265625 0.0553033203125 0.79549169921875 0.06513583984375 0.79763330078125 0.0698462890625 0.79557080078125 0.07459375 0.788792578125 0.08042255859375 0.789388671875 0.08934775390625 0.77322626953125 0.103136328125 0.77064150390625 0.1084060546875 0.77079453125 0.11221455078125 0.77130615234375 0.125206640625 0.76976591796875 0.1294212890625 0.76300869140625 0.1384044921875 0.75466376953125 0.145298828125 0.754262890625 0.146053125 0.7479435546875 0.15795869140625 0.74221494140625 0.16430439453125
0 0.632348828125 0.0020001953125 0.6348439453125 0.00711689453125 0.64644873046875 0.01332548828125 0.64648037109375 0.016996875 0.64439677734375 0.0191173828125 0.64015576171875 0.02104267578125 0.6302705078125 0.025531640625 0.6261296875 0.032921875 0.61409765625 0.03827060546875 0.60838486328125 0.0461935546875 0.60892822265625 0.048815234375 0.62360830078125 0.0455447265625 0.626778515625 0.0476177734375 0.62630908203125 0.054448828125 0.621134375 0.06394365234375 0.62181484375 0.08284375 0.6202587890625 0.08548642578125 0.61608623046875 0.08866728515625 0.6008892578125 0.09299267578125 0.58579765625 0.1099251953125 0.57165029296875 0.11371787109375 0.5644236328125 0.12900458984375 0.56130087890625 0.132180078125 0.55764013671875 0.13378896484375 0.53200927734375 0.15590673828125 0.51279267578125 0.172491015625 0.50637314453125 0.17613603515625 0.50651025390625 0.17464326171875 0.5033294921875 0.17099296875 0.49330185546875 0.1653013671875 0.48793203125 0.15063701171875 0.4784265625 0.14441259765625 0.48362236328125 0.1375447265625 0.48359599609375 0.1343375 0.48358544921875 0.132818359375 0.4809427734375 0.1302125 0.47184345703125 0.1232865234375 0.47093623046875 0.11385498046875 0.4672384765625 0.09808828125 0.470762109375 0.09296630859375 0.48091103515625 0.0877916015625 0.482372265625 0.0796259765625 0.47255029296875 0.06238759765625 0.46358291015625 0.0247615234375 0.45943154296875 0.015625390625 0.46754970703125 0.01199091796875 0.47722392578125 0.01089375 0.48278369140625 0.00575068359375 0.48417060546875 0 0.5662787109375 0 0.56611162109375 0.0005126953125 0.5672087890625 0.004057421875 0.5725681640625 0.0086255859375 0.58002685546875 0.00856220703125 0.59098291015625 0.00279677734375 0.5946484375 0 0.62914794921875 0 0.632348828125 0.0020001953125
0 0.584215234375 0.00001162109375 0.584091796875 0 0.58423662109375 0 0.584215234375 0.00001162109375
0 0.998175390625 0.12544404296875 0.99083798828125 0.12760673828125 0.98877021484375 0.1321009765625 0.98671298828125 0.13656884765625 0.9815013671875 0.1418595703125 0.97782470703125 0.14136376953125 0.9725392578125 0.1377345703125 0.9682982421875 0.13251767578125 0.95885615234375 0.133646484375 0.95415615234375 0.13736005859375 0.94734619140625 0.13951748046875 0.9399982421875 0.13957548828125 0.93208583984375 0.1354400390625 0.9273595703125 0.135476953125 0.916894140625 0.14029296875 0.9095302734375 0.13877373046875 0.90781064453125 0.13374677734375 0.90630205078125 0.1293474609375 0.90622294921875 0.11937255859375 0.90978349609375 0.105689453125 0.914404296875 0.0925232421875 0.916946875 0.0905240234375 0.92212158203125 0.08645703125 0.92588251953125 0.083503125 0.92421572265625 0.0724837890625 0.9179015625 0.0683060546875 0.91101787109375 0.0636693359375 0.912151953125 0.057434375 0.9130275390625 0.05262373046875 0.9192572265625 0.04416796875 0.91817060546875 0.03945224609375 0.91181962890625 0.03372890625 0.90341669921875 0.0337974609375 0.88981259765625 0.03968427734375 0.880407421875 0.048846875 0.87731103515625 0.0518640625 0.86893974609375 0.05613681640625 0.86211396484375 0.05618955078125 0.8552513671875 0.05204345703125 0.83846123046875 0.0537578125 0.82524755859375 0.0433662109375 0.81054638671875 0.0434875 0.80363623046875 0.039884765625 0.78575947265625 0.03055869140625 0.77736181640625 0.031676953125 0.77113212890625 0.03753740234375 0.77106884765625 0.03277939453125 0.7631353515625 0.0254947265625 0.758366796875 0.015709765625 0.75932685546875 0.00977021484375 0.7645173828125 0.0018525390625 0.76442109375 0 0.9990234375 0 0.9990234375 0.07378955078125 0.99776396484375 0.07555908203125 0.99779033203125 0.078708203125 0.9990234375 0.08086826171875 0.9990234375 0.125437109375 0.998175390625 0.12544404296875
0 0.584215234375 0.00001162109375 0.58423662109375 0 0.5946484375 0 0.59098291015625 0.00279677734375 0.58002685546875 0.00856220703125 0.5725681640625 0.0086255859375 0.5672087890625 0.004057421875 0.56611162109375 0.0005126953125 0.5662787109375 0 0.584091796875 0 0.584215234375 0.00001162109375
0 0.634284765625 0.00208466796875 0.63251240234375 0.00210048828125 0.632348828125 0.0020001953125 0.62914794921875 0 0.63610966796875 0 0.634284765625 0.00208466796875
0 0.00242275390625 0.56581572265625 0.0139958984375 0.56834775390625 0.02822763671875 0.575057421875 0.0408505859375 0.577056640625 0.05870087890625 0.57690888671875 0.07030576171875 0.5825900390625 0.086035546875 0.5798365234375 0.0944068359375 0.57609130859375 0.102809765625 0.57602275390625 0.1191673828125 0.5853435546875 0.1380779296875 0.5862349609375 0.153860546875 0.58978505859375 0.16549169921875 0.5991375 0.16811865234375 0.59911640625 0.1774552734375 0.5848634765625 0.1761998046875 0.56019267578125 0.18818447265625 0.5485404296875 0.1891919921875 0.54328125 0.18705029296875 0.53857080078125 0.18070458984375 0.5328474609375 0.17396328125 0.5312650390625 0.1783994140625 0.52343173828125 0.18214462890625 0.520098046875 0.18544150390625 0.52007158203125 0.18828466796875 0.52193369140625 0.19258896484375 0.529909375 0.19732060546875 0.53222509765625 0.200253515625 0.5333328125 0.205396484375 0.54016904296875 0.21629453125 0.54762255859375 0.219644140625 0.55418984375 0.229550390625 0.555049609375 0.230336328125 0.55470673828125 0.21173173828125 0.57816962890625 0.158112109375 0.627126171875 0.1476203125 0.64810986328125 0.151117578125 0.67375126953125 0.15927783203125 0.68307734375 0.16743818359375 0.70172421875 0.18841650390625 0.70871875 0.1942453125 0.71804482421875 0.197062109375 0.740790234375 0.1962181640625 0.74238330078125 0.19317451171875 0.7607822265625 0.19071640625 0.76080859375 0.183241796875 0.76887919921875 0.176674609375 0.77222880859375 0.15123359375 0.77290927734375 0.14465048828125 0.77438095703125 0.1234453125 0.7740802734375 0.11545380859375 0.77650146484375 0.10656552734375 0.78411318359375 0.10333203125 0.79215224609375 0.10386474609375 0.799684765625 0.11048486328125 0.80292890625 0.11287958984375 0.8071541015625 0.11400849609375 0.8302318359375 0.1062490234375 0.84160986328125 0.08351416015625 0.836936328125 0.05087822265625 0.8147921875 0.0368890625 0.81712373046875 0.01124765625 0.84509658203125 0 0.8467837890625 0 0.5639861328125 0.00242275390625 0.56581572265625
0 0.00953857421875 0.4092666015625 0.02210869140625 0.40496220703125 0.0619080078125 0.39804150390625 0.0667556640625 0.4122046875 0.07105478515625 0.41876142578125 0.08145693359375 0.4233927734375 0.085312890625 0.4337263671875 0.10369599609375 0.434987109375 0.10749921875 0.43872705078125 0.11275830078125 0.448105859375 0.11890888671875 0.45135517578125 0.1401298828125 0.4530642578125 0.144887890625 0.45868203125 0.14868583984375 0.462084375 0.13085126953125 0.471046484375 0.13000205078125 0.48236123046875 0.12536005859375 0.49088017578125 0.1254498046875 0.5017201171875 0.13487080078125 0.5013826171875 0.14240869140625 0.50110830078125 0.14477177734375 0.50250087890625 0.1490919921875 0.511890234375 0.15429306640625 0.51420068359375 0.15763212890625 0.51935947265625 0.16010078125 0.53300576171875 0.16393037109375 0.54003720703125 0.1672271484375 0.54001083984375 0.17143125 0.53573818359375 0.17396328125 0.5312650390625 0.18070458984375 0.5328474609375 0.18705029296875 0.53857080078125 0.1891919921875 0.54328125 0.18818447265625 0.5485404296875 0.1761998046875 0.56019267578125 0.1774552734375 0.5848634765625 0.16811865234375 0.59911640625 0.16549169921875 0.5991375 0.153860546875 0.58978505859375 0.1380779296875 0.5862349609375 0.1191673828125 0.5853435546875 0.102809765625 0.57602275390625 0.0944068359375 0.57609130859375 0.086035546875 0.5798365234375 0.07030576171875 0.5825900390625 0.05870087890625 0.57690888671875 0.0408505859375 0.577056640625 0.02822763671875 0.575057421875 0.0139958984375 0.56834775390625 0.00242275390625 0.56581572265625 0 0.5639861328125 0 0.4160615234375 0.00953857421875 0.4092666015625
0 0.1456421875 0.26359951171875 0.14949287109375 0.273463671875 0.15424560546875 0.27860673828125 0.1589666015625 0.27998349609375 0.17734970703125 0.2803052734375 0.1853201171875 0.275526171875 0.1908587890625 0.27513056640625 0.192852734375 0.274993359375 0.202316015625 0.28009951171875 0.2085509765625 0.29323935546875 0.20866171875 0.30643193359375 0.20775439453125 0.31068349609375 0.20002666015625 0.32437724609375 0.1970251953125 0.3239658203125 0.1735306640625 0.3316935546875 0.16410966796875 0.33224208984375 0.15367060546875 0.323375 0.14468212890625 0.3192078125 0.14044111328125 0.3192447265625 0.1352822265625 0.3221142578125 0.13776142578125 0.33717421875 0.1344857421875 0.3400279296875 0.13072470703125 0.34052900390625 0.1165615234375 0.3373482421875 0.1090236328125 0.33740625 0.10573740234375 0.33932109375 0.10154384765625 0.345007421875 0.10019345703125 0.352555859375 0.10586923828125 0.35486630859375 0.122838671875 0.3561427734375 0.12945869140625 0.358912109375 0.1441599609375 0.370575 0.14518330078125 0.37999072265625 0.13909072265625 0.384279296875 0.13438017578125 0.3843162109375 0.12397802734375 0.38016484375 0.1192359375 0.37643017578125 0.107425390625 0.37228935546875 0.09611064453125 0.3719095703125 0.09236015625 0.37429912109375 0.0909623046875 0.37572333984375 0.09192236328125 0.378070703125 0.098558203125 0.38272841796875 0.11694658203125 0.3844638671875 0.12592978515625 0.38815634765625 0.124094140625 0.39429638671875 0.12057578125 0.3982314453125 0.11942578125 0.3995185546875 0.11142373046875 0.40005654296875 0.10716689453125 0.398205078125 0.10104267578125 0.3982578125 0.0958732421875 0.40018310546875 0.0903134765625 0.4120095703125 0.0903345703125 0.4143673828125 0.09413779296875 0.41810205078125 0.10169150390625 0.4199271484375 0.1082798828125 0.4189302734375 0.1449142578125 0.4016021484375 0.158971875 0.3949556640625 0.16884130859375 0.3920439453125 0.182498046875 0.39098896484375 0.185816015625 0.39378994140625 0.1872666015625 0.39802041015625 0.1857474609375 0.4023142578125 0.18542568359375 0.4032162109375 0.1573630859375 0.42889453125 0.1573841796875 0.431721875 0.16261162109375 0.43685966796875 0.16407802734375 0.44297333984375 0.16413603515625 0.45004169921875 0.16135087890625 0.455717578125 0.14868583984375 0.462084375 0.144887890625 0.45868203125 0.1401298828125 0.4530642578125 0.11890888671875 0.45135517578125 0.11275830078125 0.448105859375 0.10749921875 0.43872705078125 0.10369599609375 0.434987109375 0.085312890625 0.4337263671875 0.08145693359375 0.4233927734375 0.07105478515625 0.41876142578125 0.0667556640625 0.4122046875 0.0619080078125 0.39804150390625 0.05951845703125 0.39105751953125 0.05946044921875 0.38398916015625 0.0658748046875 0.36226171875 0.06197666015625 0.3462734375 0.06143330078125 0.33779658203125 0.08913193359375 0.3248466796875 0.08721708984375 0.32156572265625 0.07583388671875 0.31270908203125 0.07106533203125 0.30567763671875 0.07100732421875 0.29813974609375 0.0750900390625 0.28767958984375 0.075617578125 0.28632392578125 0.077869921875 0.2735796875 0.08624658203125 0.26079326171875 0.086758203125 0.2604029296875 0.09186435546875 0.25650478515625 0.1055474609375 0.2582771484375 0.13286630859375 0.25711142578125 0.13711259765625 0.25801865234375 0.13847353515625 0.25891015625 0.1456421875 0.26359951171875
0 0.00320341796875 0.1183703125 0.01147451171875 0.1162287109375 0.01304638671875 0.1058529296875 0.0179626953125 0.09834677734375 0.0237544921875 0.09664296875 0.03165634765625 0.09989228515625 0.03455751953125 0.09987119140625 0.03661474609375 0.09778232421875 0.03662529296875 0.096843359375 0.04493330078125 0.101031640625 0.0602517578125 0.10543095703125 0.0673728515625 0.10747763671875 0.07531689453125 0.11528974609375 0.0782603515625 0.12065439453125 0.079125390625 0.12479521484375 0.0783130859375 0.127290234375 0.07354453125 0.13162099609375 0.066792578125 0.137750390625 0.06773154296875 0.15100625 0.063253125 0.16099697265625 0.0625251953125 0.17344052734375 0.06090576171875 0.1780138671875 0.053483984375 0.18305146484375 0.04978623046875 0.18722392578125 0.04980205078125 0.188885546875 0.05151640625 0.1959169921875 0.0556994140625 0.20044287109375 0.06774208984375 0.202832421875 0.07193564453125 0.2090146484375 0.07450986328125 0.2193587890625 0.07460478515625 0.2305521484375 0.0783658203125 0.2346666015625 0.08225869140625 0.2541205078125 0.086758203125 0.2604029296875 0.08624658203125 0.26079326171875 0.077869921875 0.2735796875 0.075617578125 0.28632392578125 0.0750900390625 0.28767958984375 0.071344921875 0.28820703125 0.06762607421875 0.28948359375 0.06475126953125 0.29323935546875 0.0645296875 0.3164595703125 0.0604732421875 0.32726787109375 0.0526716796875 0.33686826171875 0.05445458984375 0.35219716796875 0.04709609375 0.36469345703125 0.0443056640625 0.37798095703125 0.04143076171875 0.38132529296875 0.02196630859375 0.384384765625 0.00122001953125 0.38206904296875 0 0.38287275390625 0 0.1206982421875 0.00320341796875 0.1183703125
0 0.00326142578125 0.075253125 0.013257421875 0.0809763671875 0.02403935546875 0.08129814453125 0.0373796875 0.07593359375 0.0368732421875 0.078708203125 0.03662529296875 0.096843359375 0.03661474609375 0.09778232421875 0.03455751953125 0.09987119140625 0.03165634765625 0.09989228515625 0.0237544921875 0.09664296875 0.0179626953125 0.09834677734375 0.01304638671875 0.1058529296875 0.01147451171875 0.1162287109375 0.00320341796875 0.1183703125 0 0.1206982421875 0 0.07528076171875 0.00326142578125 0.075253125
0 0.09759287109375 0.00109296875 0.0977564453125 0.00354052734375 0.09806767578125 0.008140234375 0.09479716796875 0.01396904296875 0.09446484375 0.0239228515625 0.09531943359375 0.02681875 0.1049197265625 0.03461513671875 0.1053681640625 0.03876123046875 0.10216630859375 0.04379873046875 0.10086337890625 0.04584541015625 0.09052978515625 0.04924775390625 0.0831185546875 0.05552490234375 0.07032158203125 0.062677734375 0.06083193359375 0.06649677734375 0.0373796875 0.07593359375 0.02403935546875 0.08129814453125 0.013257421875 0.0809763671875 0.00326142578125 0.075253125 0 0.07528076171875 0 0 0.09648125 0 0.09759287109375 0.00109296875
0 0.1650380859375 0.0039466796875 0.1593623046875 0.015541015625 0.14319990234375 0.0329904296875 0.13414287109375 0.0468212890625 0.12654697265625 0.05198017578125 0.11480498046875 0.04952734375 0.10216630859375 0.04379873046875 0.1053681640625 0.03876123046875 0.1049197265625 0.03461513671875 0.09531943359375 0.02681875 0.09446484375 0.0239228515625 0.09479716796875 0.01396904296875 0.09806767578125 0.008140234375 0.0977564453125 0.00354052734375 0.09759287109375 0.00109296875 0.09648125 0 0.16696787109375 0 0.1650380859375 0.0039466796875