0 0.99041220703125 0.8889869140625 0.986379296875 0.88293759765625 0.977302734375 0.86680087890625 0.975286328125 0.855702734375 0.9719599609375 0.850710546875 0.963182421875 0.83754951171875 0.9692318359375 0.81939638671875 0.95713310546875 0.80628173828125 0.96419326171875 0.7709810546875 0.95941259765625 0.76397255859375 0.94906220703125 0.74879501953125 0.9480513671875 0.7387076171875 0.95612236328125 0.7276146484375 0.96519892578125 0.72458740234375 0.96519892578125 0.7205544921875 0.95813876953125 0.70743984375 0.9480513671875 0.69937412109375 0.9480513671875 0.691303125 0.95209462890625 0.68747138671875 0.9613671875 0.67868876953125 0.96721533203125 0.67315 0.9990234375 0.67604296875 0.9990234375 0.8927533203125 0.99041220703125 0.8889869140625
0 0.237644140625 0.99549228515625 0.246772265625 0.99640517578125 0.2471462890625 0.9990234375 0.22422578125 0.9990234375 0.237644140625 0.99549228515625
0 0.0934193359375 0.99366669921875 0.0979833984375 0.98910263671875 0.147275390625 0.99275390625 0.147275390625 0.97723603515625 0.16231884765625 0.9691857421875 0.18835205078125 0.97267197265625 0.1920033203125 0.97449755859375 0.19291611328125 0.982712890625 0.2139109375 0.987276953125 0.2197841796875 0.9990234375 0.0905833984375 0.9990234375 0.0934193359375 0.99366669921875
0 0.39349306640625 0.9956212890625 0.4038640625 0.99339853515625 0.40608681640625 0.989695703125 0.38831015625 0.961553125 0.3912703125 0.9534099609375 0.41274990234375 0.94229638671875 0.4364521484375 0.9378560546875 0.44163505859375 0.93489072265625 0.44904072265625 0.93489072265625 0.45940654296875 0.94229638671875 0.47236650390625 0.9431833984375 0.47216015625 0.94752568359375 0.4763375 0.95671572265625 0.47550205078125 0.96507548828125 0.46045859375 0.9859619140625 0.457116796875 0.995992578125 0.45727626953125 0.9990234375 0.3917919921875 0.9990234375 0.39349306640625 0.9956212890625
0 0.92599423828125 0.99266103515625 0.937102734375 0.9830326171875 0.94673115234375 0.9808099609375 0.963765234375 0.9815525390625 0.9793140625 0.98673544921875 0.9874623046875 0.99266103515625 0.99128154296875 0.9990234375 0.91104091796875 0.9990234375 0.92599423828125 0.99266103515625
0 0.0222197265625 0.9854513671875 0.03134794921875 0.9708462890625 0.03591201171875 0.97175908203125 0.03591201171875 0.98180009765625 0.043214453125 0.98362568359375 0.06608642578125 0.96887109375 0.07151171875 0.96536943359375 0.07790146484375 0.95532841796875 0.08463671875 0.95084169921875 0.086116796875 0.9498515625 0.11623974609375 0.9480259765625 0.11532685546875 0.95532841796875 0.10893720703125 0.96354375 0.08063994140625 0.982712890625 0.06420927734375 0.98818974609375 0.0510541015625 0.9990234375 0.0222197265625 0.9990234375 0.0222197265625 0.9854513671875
0 0.001225 0.982712890625 0.00213779296875 0.99549228515625 0.00419765625 0.9990234375 0 0.9990234375 0 0.97924208984375 0.001225 0.982712890625
0 0.00399443359375 0.884 0.018532421875 0.884 0.02684052734375 0.8798484375 0.05177021484375 0.88296337890625 0.0600783203125 0.89542822265625 0.066308203125 0.91723779296875 0.08396630859375 0.93696904296875 0.08500283203125 0.94839208984375 0.08463671875 0.95084169921875 0.07790146484375 0.95532841796875 0.07151171875 0.96536943359375 0.06608642578125 0.96887109375 0.0569634765625 0.96708671875 0.04346201171875 0.96189345703125 0.0008794921875 0.9650083984375 0 0.96596552734375 0 0.88127666015625 0.00399443359375 0.884
0 0.01126083984375 0.820649609375 0.0164541015625 0.82687939453125 0.0164541015625 0.83934423828125 0.00399443359375 0.8538822265625 0 0.85521328125 0 0.810316015625 0.01126083984375 0.820649609375
0 0.457116796875 0.995992578125 0.46045859375 0.9859619140625 0.47550205078125 0.96507548828125 0.4763375 0.95671572265625 0.47216015625 0.94752568359375 0.47236650390625 0.9431833984375 0.47368671875 0.91542763671875 0.47383115234375 0.91243134765625 0.48803388671875 0.89488154296875 0.48970478515625 0.8806736328125 0.49806455078125 0.87398994140625 0.513102734375 0.874825390625 0.523778125 0.87145263671875 0.53148798828125 0.874825390625 0.53566533203125 0.886526953125 0.53900712890625 0.8881978515625 0.55906328125 0.88736240234375 0.56574697265625 0.89070419921875 0.57075966796875 0.8990587890625 0.59165126953125 0.89822333984375 0.6100365234375 0.91159072265625 0.63009267578125 0.913266796875 0.64095361328125 0.91911494140625 0.6869140625 0.91660859375 0.69112236328125 0.9091255859375 0.710312109375 0.92162138671875 0.71365390625 0.9291404296875 0.716995703125 0.95337392578125 0.72200849609375 0.9525384765625 0.7303630859375 0.9333177734375 0.73621640625 0.9291404296875 0.747938671875 0.93238427734375 0.7508833984375 0.93319912109375 0.76295625 0.95003203125 0.76295625 0.96256396484375 0.766298046875 0.97008818359375 0.76963994140625 0.99348623046875 0.7694091796875 0.9990234375 0.45727626953125 0.9990234375 0.457116796875 0.995992578125
0 0.76963994140625 0.99348623046875 0.766298046875 0.97008818359375 0.76295625 0.96256396484375 0.76295625 0.95003203125 0.7508833984375 0.93319912109375 0.747938671875 0.93238427734375 0.7423173828125 0.9166498046875 0.7529255859375 0.9182794921875 0.76546259765625 0.90908427734375 0.76963994140625 0.88903330078125 0.77799443359375 0.8781671875 0.781336328125 0.8781671875 0.78969599609375 0.86981259765625 0.80139248046875 0.86981259765625 0.8097470703125 0.8656353515625 0.81810673828125 0.84557919921875 0.81726611328125 0.837250390625 0.81977763671875 0.8355537109375 0.82729677734375 0.83304736328125 0.8323095703125 0.8338828125 0.83481591796875 0.8430728515625 0.8398337890625 0.84390830078125 0.85236572265625 0.83973095703125 0.859884765625 0.83053583984375 0.8665736328125 0.83053583984375 0.872421875 0.8338828125 0.8849537109375 0.8313712890625 0.8891361328125 0.83973095703125 0.898326171875 0.8388955078125 0.902503515625 0.84390830078125 0.90083251953125 0.85142744140625 0.8933134765625 0.859787109375 0.89247802734375 0.87148359375 0.898326171875 0.87900263671875 0.91252900390625 0.88317998046875 0.9192177734375 0.8881978515625 0.917546875 0.89488154296875 0.902503515625 0.90741337890625 0.902503515625 0.91243134765625 0.9108580078125 0.9291404296875 0.91252900390625 0.95337392578125 0.9075162109375 0.96005751953125 0.91252900390625 0.9675818359375 0.89581982421875 0.9859619140625 0.87815 0.9990234375 0.7694091796875 0.9990234375 0.76963994140625 0.99348623046875
0 0.99358388671875 0.969252734375 0.974368359375 0.97008818359375 0.96684404296875 0.96674638671875 0.96183125 0.954209375 0.9534767578125 0.9433484375 0.9417751953125 0.94167744140625 0.92757236328125 0.9291404296875 0.91419990234375 0.9257986328125 0.917546875 0.91410224609375 0.92172412109375 0.90908427734375 0.935926953125 0.90072978515625 0.94010419921875 0.87733173828125 0.9534767578125 0.86062265625 0.96350224609375 0.8539337890625 0.9719599609375 0.850710546875 0.975286328125 0.855702734375 0.977302734375 0.86680087890625 0.986379296875 0.88293759765625 0.99041220703125 0.8889869140625 0.9990234375 0.8927533203125 0.9990234375 0.9724513671875 0.99358388671875 0.969252734375
0 0.61087197265625 0.67427421875 0.608365625 0.6843048828125 0.60168193359375 0.6918240234375 0.60168193359375 0.6951658203125 0.6242392578125 0.70017861328125 0.68494921875 0.69509365234375 0.706134765625 0.70269013671875 0.710312109375 0.7068673828125 0.71365390625 0.72107021484375 0.7312037109375 0.73110087890625 0.7345455078125 0.7369490234375 0.73621640625 0.7636888671875 0.75206435546875 0.77756162109375 0.7679689453125 0.7678662109375 0.77465263671875 0.7670306640625 0.788860546875 0.77705615234375 0.7980505859375 0.77705615234375 0.8022279296875 0.77956259765625 0.80473427734375 0.7971123046875 0.80874658203125 0.80757099609375 0.80676103515625 0.8128673828125 0.80749853515625 0.82388310546875 0.81410478515625 0.82682265625 0.81616767578125 0.82630693359375 0.81726611328125 0.837250390625 0.81810673828125 0.84557919921875 0.8097470703125 0.8656353515625 0.80139248046875 0.86981259765625 0.78969599609375 0.86981259765625 0.781336328125 0.8781671875 0.77799443359375 0.8781671875 0.76963994140625 0.88903330078125 0.76546259765625 0.90908427734375 0.7529255859375 0.9182794921875 0.7423173828125 0.9166498046875 0.7420646484375 0.91660859375 0.73621640625 0.9099197265625 0.72785673828125 0.88903330078125 0.7261857421875 0.87566083984375 0.72141025390625 0.86347451171875 0.70947666015625 0.8764962890625 0.69112236328125 0.9091255859375 0.6869140625 0.91660859375 0.64095361328125 0.91911494140625 0.63009267578125 0.913266796875 0.6100365234375 0.91159072265625 0.59165126953125 0.89822333984375 0.57075966796875 0.8990587890625 0.56574697265625 0.89070419921875 0.55906328125 0.88736240234375 0.53900712890625 0.8881978515625 0.53566533203125 0.886526953125 0.53148798828125 0.874825390625 0.523778125 0.87145263671875 0.51811552734375 0.8689771484375 0.51811552734375 0.8622935546875 0.51477373046875 0.85894658203125 0.4989 0.8539337890625 0.483856640625 0.83806005859375 0.4763375 0.81382666015625 0.4663068359375 0.79544140625 0.468818359375 0.77204345703125 0.4646359375 0.7636888671875 0.46547138671875 0.754498828125 0.48218564453125 0.74363271484375 0.49388720703125 0.727758984375 0.50558369140625 0.71939931640625 0.5080900390625 0.70436103515625 0.5189509765625 0.68346943359375 0.5248662109375 0.6787970703125 0.5348298828125 0.670932421875 0.54067802734375 0.66090693359375 0.54308125 0.65960732421875 0.54971337890625 0.66671904296875 0.558526953125 0.67185556640625 0.5636634765625 0.6711232421875 0.5790884765625 0.66083994140625 0.5834978515625 0.66083994140625 0.604059375 0.67259306640625 0.61111953125 0.6716337890625 0.61087197265625 0.67427421875
0 0.8442173828125 0.74676826171875 0.82806005859375 0.7599912109375 0.8177818359375 0.77541103515625 0.8169619140625 0.7805888671875 0.8105876953125 0.7745498046875 0.79053154296875 0.7712080078125 0.78969599609375 0.74363271484375 0.7980505859375 0.7377845703125 0.79972158203125 0.7252474609375 0.8172712890625 0.72274111328125 0.82980322265625 0.71772841796875 0.84985927734375 0.71772841796875 0.85069482421875 0.731936328125 0.85154052734375 0.7339630859375 0.8442173828125 0.74676826171875
0 0.9480513671875 0.691303125 0.9480513671875 0.69937412109375 0.95813876953125 0.70743984375 0.96519892578125 0.7205544921875 0.96519892578125 0.72458740234375 0.95612236328125 0.7276146484375 0.9480513671875 0.7387076171875 0.94906220703125 0.74879501953125 0.95941259765625 0.76397255859375 0.94924267578125 0.769537109375 0.93235302734375 0.773946484375 0.93161552734375 0.777618359375 0.93602490234375 0.787896484375 0.927211328125 0.7945080078125 0.9183978515625 0.795977734375 0.919867578125 0.80405390625 0.8948966796875 0.80772578125 0.88461337890625 0.81507470703125 0.8757998046875 0.82609033203125 0.8640466796875 0.82462060546875 0.85009658203125 0.81874658203125 0.83540380859375 0.80479130859375 0.83026220703125 0.79377568359375 0.826590234375 0.79377568359375 0.823655859375 0.7989173828125 0.819983984375 0.82535283203125 0.81616767578125 0.82630693359375 0.81410478515625 0.82682265625 0.80749853515625 0.82388310546875 0.80676103515625 0.8128673828125 0.80874658203125 0.80757099609375 0.815574609375 0.78936630859375 0.8169619140625 0.7805888671875 0.8177818359375 0.77541103515625 0.82806005859375 0.7599912109375 0.8442173828125 0.74676826171875 0.85154052734375 0.7339630859375 0.8559705078125 0.72620673828125 0.85744033203125 0.704175390625 0.85082890625 0.69462431640625 0.8412830078125 0.68801806640625 0.84010712890625 0.6835880859375 0.8449548828125 0.685078515625 0.85744033203125 0.6711232421875 0.86632607421875 0.66579072265625 0.87432998046875 0.66892109375 0.87726953125 0.66671904296875 0.8875529296875 0.66598154296875 0.900770703125 0.6674513671875 0.90517490234375 0.66451181640625 0.9220697265625 0.66083994140625 0.92794365234375 0.6556982421875 0.93748955078125 0.65276376953125 0.9404291015625 0.65863779296875 0.93602490234375 0.66818369140625 0.9367572265625 0.676997265625 0.95209462890625 0.68747138671875 0.9480513671875 0.691303125
0 0.50417578125 0.5822552734375 0.51151953125 0.60502412109375 0.52694453125 0.62044912109375 0.52767685546875 0.63440439453125 0.52959013671875 0.637869921875 0.52640302734375 0.64304775390625 0.52120986328125 0.65759091796875 0.5248662109375 0.6787970703125 0.5189509765625 0.68346943359375 0.5080900390625 0.70436103515625 0.50558369140625 0.71939931640625 0.49388720703125 0.727758984375 0.48218564453125 0.74363271484375 0.46547138671875 0.754498828125 0.4646359375 0.7636888671875 0.468818359375 0.77204345703125 0.4663068359375 0.79544140625 0.4763375 0.81382666015625 0.483856640625 0.83806005859375 0.4989 0.8539337890625 0.51477373046875 0.85894658203125 0.51811552734375 0.8622935546875 0.51811552734375 0.8689771484375 0.523778125 0.87145263671875 0.513102734375 0.874825390625 0.49806455078125 0.87398994140625 0.48970478515625 0.8806736328125 0.48803388671875 0.89488154296875 0.47383115234375 0.91243134765625 0.47368671875 0.91542763671875 0.4620109375 0.91515947265625 0.44019619140625 0.92866083984375 0.43396640625 0.92866083984375 0.425658203125 0.9193109375 0.4152716796875 0.9193109375 0.40696357421875 0.9255458984375 0.4017703125 0.9255458984375 0.380997265625 0.91411767578125 0.36645927734375 0.91204453125 0.358151171875 0.90269462890625 0.34153486328125 0.89854306640625 0.33322666015625 0.891271484375 0.2999888671875 0.891271484375 0.2958373046875 0.8860783203125 0.29895224609375 0.85699716796875 0.27298603515625 0.85907548828125 0.27298603515625 0.87257685546875 0.265714453125 0.8860783203125 0.2480615234375 0.89230810546875 0.23144521484375 0.8902349609375 0.21794375 0.86219033203125 0.20360693359375 0.81926748046875 0.20755732421875 0.79468330078125 0.21690205078125 0.784296875 0.22832509765625 0.7801453125 0.22832509765625 0.76663876953125 0.24078994140625 0.74898583984375 0.2397533203125 0.72925458984375 0.245065234375 0.72165810546875 0.24701982421875 0.71886806640625 0.25325478515625 0.7178263671875 0.2594845703125 0.72301962890625 0.26467783203125 0.72301962890625 0.28545087890625 0.71263310546875 0.2916806640625 0.71263310546875 0.2958373046875 0.7178263671875 0.30726044921875 0.7178263671875 0.32491337890625 0.708481640625 0.33841474609375 0.71263310546875 0.36957421875 0.6897869140625 0.37476748046875 0.676285546875 0.40488525390625 0.65966923828125 0.405926953125 0.61085166015625 0.41057353515625 0.6041525390625 0.42046494140625 0.5900837890625 0.4121568359375 0.5464595703125 0.43188798828125 0.528806640625 0.44123798828125 0.53192158203125 0.4516244140625 0.5267283203125 0.4588908203125 0.52776484375 0.46304755859375 0.54750126953125 0.4755123046875 0.5630810546875 0.49333544921875 0.5663197265625 0.50417578125 0.5822552734375
0 0.827327734375 0.5940083984375 0.8559705078125 0.60282197265625 0.86331435546875 0.607963671875 0.8640466796875 0.62044912109375 0.87506748046875 0.63146474609375 0.87800185546875 0.63807626953125 0.87653212890625 0.65496591796875 0.87593388671875 0.65596123046875 0.87212783203125 0.66230966796875 0.86632607421875 0.66579072265625 0.85744033203125 0.6711232421875 0.8449548828125 0.685078515625 0.84010712890625 0.6835880859375 0.83540380859375 0.6821388671875 0.819983984375 0.684341015625 0.7964828125 0.69315458984375 0.77958798828125 0.69315458984375 0.7641681640625 0.6821388671875 0.76049111328125 0.67259306640625 0.75902646484375 0.6637794921875 0.7700421875 0.64762216796875 0.7700421875 0.6439501953125 0.7619609375 0.63513671875 0.76122861328125 0.6211814453125 0.76490048828125 0.615307421875 0.77224423828125 0.610898046875 0.77885576171875 0.59841259765625 0.7847296875 0.59327607421875 0.7891390625 0.5859271484375 0.7897115234375 0.5840138671875 0.80382666015625 0.59106884765625 0.81410478515625 0.5895990234375 0.81723525390625 0.5876857421875 0.827327734375 0.5940083984375
0 0.91325615234375 0.47943720703125 0.91692802734375 0.48825078125 0.91472587890625 0.5014685546875 0.91692802734375 0.504408203125 0.923539453125 0.5095498046875 0.93381767578125 0.5095498046875 0.93404970703125 0.5115353515625 0.9352875 0.52203525390625 0.94263125 0.5293791015625 0.9411666015625 0.5367228515625 0.93381767578125 0.54700615234375 0.9352875 0.5521478515625 0.95878857421875 0.5712396484375 0.9712740234375 0.57344169921875 0.969809375 0.592538671875 0.97348125 0.59547822265625 0.9903708984375 0.59915009765625 0.99110322265625 0.60502412109375 0.9756833984375 0.622651171875 0.96907197265625 0.63807626953125 0.95585419921875 0.63807626953125 0.94876826171875 0.63942744140625 0.9250041015625 0.6439501953125 0.9176603515625 0.64688984375 0.9103166015625 0.6556982421875 0.897098828125 0.66083994140625 0.87593388671875 0.65596123046875 0.87653212890625 0.65496591796875 0.87800185546875 0.63807626953125 0.87506748046875 0.63146474609375 0.8640466796875 0.62044912109375 0.86331435546875 0.607963671875 0.8559705078125 0.60282197265625 0.827327734375 0.5940083984375 0.81723525390625 0.5876857421875 0.827327734375 0.58152294921875 0.82806005859375 0.56316357421875 0.83246943359375 0.5514103515625 0.84642470703125 0.534520703125 0.8596423828125 0.52790927734375 0.86037470703125 0.511751953125 0.86331435546875 0.5022060546875 0.8868154296875 0.48384140625 0.89151357421875 0.47666787109375 0.8956083984375 0.47949912109375 0.9123587890625 0.47754970703125 0.91325615234375 0.47943720703125
0 0.018532421875 0.4187169921875 0.02788232421875 0.42183193359375 0.030311328125 0.425715234375 0.0330755859375 0.4301400390625 0.0320337890625 0.448834765625 0.03722705078125 0.4581794921875 0.04346201171875 0.4602578125 0.0559216796875 0.4748009765625 0.07357978515625 0.47999423828125 0.08915947265625 0.49556884765625 0.11719892578125 0.51114853515625 0.13070029296875 0.54126630859375 0.1244705078125 0.576582421875 0.133815234375 0.5983919921875 0.1421234375 0.60358525390625 0.14939501953125 0.60254345703125 0.16081806640625 0.57761904296875 0.17016796875 0.56723251953125 0.17328291015625 0.55580947265625 0.18470595703125 0.5423080078125 0.194055859375 0.5381513671875 0.20963046875 0.5402296875 0.2167318359375 0.54608310546875 0.20755732421875 0.55892431640625 0.201322265625 0.5983919921875 0.16705302734375 0.631624609375 0.1655677734375 0.6360958984375 0.1566666015625 0.63889619140625 0.13693017578125 0.65136103515625 0.1317369140625 0.663820703125 0.1317369140625 0.6783638671875 0.1244705078125 0.708481640625 0.11927724609375 0.71575322265625 0.10577587890625 0.71678974609375 0.09538935546875 0.71263310546875 0.08396630859375 0.71263310546875 0.034112109375 0.7261345703125 0.01957412109375 0.7396359375 0.00918759765625 0.75729404296875 0 0.76488291015625 0 0.418028515625 0.018532421875 0.4187169921875
0 0.00399443359375 0.288891015625 0.018532421875 0.28369775390625 0.04810859375 0.28444033203125 0.0528068359375 0.3023923828125 0.066308203125 0.3190138671875 0.09331103515625 0.30966396484375 0.10681240234375 0.32005048828125 0.137971875 0.32212880859375 0.14316513671875 0.32835859375 0.1442017578125 0.33770849609375 0.1722462890625 0.34289658203125 0.17431953125 0.35224658203125 0.18262763671875 0.35432490234375 0.18678427734375 0.35951806640625 0.18262763671875 0.3802859375 0.18886259765625 0.38963583984375 0.1878208984375 0.40210068359375 0.18366943359375 0.4062521484375 0.1556248046875 0.404173828125 0.14939501953125 0.40936708984375 0.146280078125 0.4259833984375 0.16497470703125 0.436369921875 0.16705302734375 0.45402802734375 0.166011328125 0.4602578125 0.1525099609375 0.4706443359375 0.14005029296875 0.47168603515625 0.11927724609375 0.46337275390625 0.098504296875 0.47272265625 0.09123271484375 0.47272265625 0.08396630859375 0.464414453125 0.08396630859375 0.45610634765625 0.0964259765625 0.4426048828125 0.1005826171875 0.4259833984375 0.1442017578125 0.381327734375 0.1442017578125 0.37717099609375 0.12758544921875 0.3667845703125 0.10681240234375 0.3667845703125 0.08084619140625 0.37405615234375 0.07046484375 0.4259833984375 0.030311328125 0.425715234375 0.02788232421875 0.42183193359375 0.018532421875 0.4187169921875 0 0.418028515625 0 0.29335546875 0.00399443359375 0.288891015625
0 0.01126083984375 0.01678447265625 0.0320337890625 0.01782099609375 0.06852705078125 0 0.1724888671875 0 0.16912626953125 0.00224130859375 0.1680896484375 0.009512890625 0.181591015625 0.0115912109375 0.213787109375 0.0012046875 0.22521025390625 0.0032830078125 0.2324818359375 0.009512890625 0.23040341796875 0.01989931640625 0.213787109375 0.03236416015625 0.20651552734375 0.044823828125 0.213787109375 0.07286845703125 0.21898037109375 0.08013486328125 0.22728857421875 0.07494677734375 0.23871162109375 0.05832529296875 0.27298603515625 0.04067236328125 0.28648740234375 0.05105888671875 0.313490234375 0.05001708984375 0.31410908203125 0.05040390625 0.33010654296875 0.06040361328125 0.33010654296875 0.0676751953125 0.30518212890625 0.0988294921875 0.30518212890625 0.105064453125 0.32076181640625 0.12064423828125 0.3238767578125 0.13414560546875 0.2983333984375 0.1537943359375 0.28337255859375 0.1653 0.28337255859375 0.16841484375 0.2958373046875 0.1788013671875 0.297405078125 0.18664541015625 0.297910546875 0.189187890625 0.296177734375 0.1900181640625 0.2719494140625 0.201652734375 0.26987109375 0.21930556640625 0.26675615234375 0.22138388671875 0.2439048828125 0.22034736328125 0.2397533203125 0.224498828125 0.233518359375 0.224498828125 0.22728857421875 0.21930556640625 0.22728857421875 0.21203916015625 0.22313701171875 0.21203916015625 0.18574775390625 0.23177041015625 0.181591015625 0.236963671875 0.18470595703125 0.25357998046875 0.17120458984375 0.27538955078125 0.16289638671875 0.281624609375 0.14731669921875 0.284739453125 0.1421234375 0.29824091796875 0.133815234375 0.3034341796875 0.10369755859375 0.3034341796875 0.08708115234375 0.2951259765625 0.08188798828125 0.281624609375 0.0600783203125 0.284739453125 0.04810859375 0.28444033203125 0.018532421875 0.28369775390625 0.00399443359375 0.288891015625 0 0.29335546875 0 0.0268591796875 0.01126083984375 0.01678447265625
0 0.715691015625 0.35091083984375 0.72303994140625 0.3597244140625 0.7215701171875 0.3751494140625 0.72597431640625 0.3788212890625 0.734787890625 0.3714775390625 0.750212890625 0.3744119140625 0.7524150390625 0.3670681640625 0.7487431640625 0.361194140625 0.74932587890625 0.3567796875 0.78062978515625 0.35847119140625 0.79071201171875 0.36653701171875 0.79676650390625 0.3806572265625 0.80785947265625 0.38671171875 0.85324755859375 0.39578828125 0.85728046875 0.40688134765625 0.86736787109375 0.4078921875 0.87543359375 0.41898515625 0.88753740234375 0.42402890625 0.8865318359375 0.4341162109375 0.8794716796875 0.4492421875 0.8794716796875 0.46134599609375 0.88249375 0.47042255859375 0.89151357421875 0.47666787109375 0.8868154296875 0.48384140625 0.86331435546875 0.5022060546875 0.86037470703125 0.511751953125 0.8596423828125 0.52790927734375 0.84642470703125 0.534520703125 0.83246943359375 0.5514103515625 0.82806005859375 0.56316357421875 0.827327734375 0.58152294921875 0.81723525390625 0.5876857421875 0.81410478515625 0.5895990234375 0.80382666015625 0.59106884765625 0.7897115234375 0.5840138671875 0.78179013671875 0.58005322265625 0.76857236328125 0.5793208984375 0.75388486328125 0.604291796875 0.73772744140625 0.62338349609375 0.723772265625 0.6520263671875 0.712019140625 0.66524921875 0.7068826171875 0.66818369140625 0.69953369140625 0.66818369140625 0.68631591796875 0.66304716796875 0.67236064453125 0.66157734375 0.66134501953125 0.66524921875 0.65547099609375 0.673325390625 0.63784384765625 0.66818369140625 0.61111953125 0.6716337890625 0.604059375 0.67259306640625 0.5834978515625 0.66083994140625 0.5790884765625 0.66083994140625 0.5636634765625 0.6711232421875 0.558526953125 0.67185556640625 0.54971337890625 0.66671904296875 0.54308125 0.65960732421875 0.53942998046875 0.6556982421875 0.52959013671875 0.637869921875 0.52767685546875 0.63440439453125 0.52694453125 0.62044912109375 0.51151953125 0.60502412109375 0.50417578125 0.5822552734375 0.49333544921875 0.5663197265625 0.49169033203125 0.56389580078125 0.49169033203125 0.5514103515625 0.50124130859375 0.51982802734375 0.50124130859375 0.50293837890625 0.50491328125 0.48163935546875 0.52694453125 0.46254248046875 0.5335560546875 0.4596080078125 0.54163212890625 0.44712255859375 0.543101953125 0.437571484375 0.54971337890625 0.42949541015625 0.56293115234375 0.4170099609375 0.573214453125 0.41480791015625 0.573214453125 0.4015849609375 0.57614892578125 0.3920390625 0.58202802734375 0.3846953125 0.5901041015625 0.37955361328125 0.5834978515625 0.36486611328125 0.588634375 0.3560525390625 0.596715625 0.350178515625 0.60185732421875 0.3523806640625 0.61067080078125 0.36192646484375 0.61874697265625 0.36266396484375 0.62829794921875 0.350178515625 0.642985546875 0.33695556640625 0.64746708984375 0.32487236328125 0.65354736328125 0.32014326171875 0.65324306640625 0.31739453125 0.67674423828125 0.324176171875 0.68783720703125 0.331236328125 0.7099716796875 0.3333404296875 0.715691015625 0.35091083984375
0 0.29895224609375 0.23592705078125 0.30829697265625 0.25150166015625 0.3041455078125 0.269159765625 0.317646875 0.27538955078125 0.33114833984375 0.27435302734375 0.361266015625 0.25773662109375 0.3616734375 0.25773662109375 0.36542275390625 0.25773662109375 0.3716525390625 0.265003125 0.3841173828125 0.28993271484375 0.3841173828125 0.30862734375 0.405926953125 0.34289658203125 0.4215015625 0.37924931640625 0.4194283203125 0.39275078125 0.41112021484375 0.39794404296875 0.41007841796875 0.40210068359375 0.4277365234375 0.41560205078125 0.43500810546875 0.42806171875 0.43396640625 0.436369921875 0.42462158203125 0.44779814453125 0.42877314453125 0.46545107421875 0.4277365234375 0.47583759765625 0.4194283203125 0.48933896484375 0.405926953125 0.49245390625 0.39761875 0.4986888671875 0.40073369140625 0.528806640625 0.3913837890625 0.55476767578125 0.3913837890625 0.5661958984375 0.4017703125 0.57242578125 0.40696357421875 0.59942861328125 0.41057353515625 0.6041525390625 0.405926953125 0.61085166015625 0.40488525390625 0.65966923828125 0.37476748046875 0.676285546875 0.36957421875 0.6897869140625 0.33841474609375 0.71263310546875 0.32491337890625 0.708481640625 0.30726044921875 0.7178263671875 0.2958373046875 0.7178263671875 0.2916806640625 0.71263310546875 0.28545087890625 0.71263310546875 0.26467783203125 0.72301962890625 0.2594845703125 0.72301962890625 0.25325478515625 0.7178263671875 0.24701982421875 0.71886806640625 0.245065234375 0.72165810546875 0.23871162109375 0.7199046875 0.19509248046875 0.71886806640625 0.18678427734375 0.71367490234375 0.181591015625 0.69705849609375 0.17120458984375 0.696016796875 0.16081806640625 0.68770859375 0.15581044921875 0.66539365234375 0.1655677734375 0.6360958984375 0.16705302734375 0.631624609375 0.201322265625 0.5983919921875 0.20755732421875 0.55892431640625 0.2167318359375 0.54608310546875 0.22313701171875 0.53711474609375 0.21794375 0.516341796875 0.18886259765625 0.50803359375 0.178476171875 0.4945322265625 0.17328291015625 0.48103076171875 0.17431953125 0.46752939453125 0.19717080078125 0.4187169921875 0.201322265625 0.39794404296875 0.2002857421875 0.364711328125 0.1795126953125 0.3387451171875 0.17328291015625 0.31277890625 0.1722462890625 0.29408427734375 0.178476171875 0.27435302734375 0.194055859375 0.27435302734375 0.20651552734375 0.2608515625 0.2324818359375 0.25254345703125 0.23871162109375 0.2390419921875 0.26052119140625 0.23073388671875 0.2896796875 0.23467392578125 0.29895224609375 0.23592705078125
0 0.86030771484375 0.010508203125 0.88451015625 0.02361767578125 0.89258115234375 0.0226068359375 0.9137615234375 0.00949736328125 0.9228380859375 0.010508203125 0.92384892578125 0.01454111328125 0.9137615234375 0.0296669921875 0.91779443359375 0.04580888671875 0.90972861328125 0.05790751953125 0.9319146484375 0.07303857421875 0.94704580078125 0.0740494140625 0.9692318359375 0.084131640625 0.97427548828125 0.09421904296875 0.992650390625 0.09353828125 0.98032998046875 0.11438857421875 0.9990234375 0.11482431640625 0.9990234375 0.44759306640625 0.968226171875 0.4431927734375 0.96015517578125 0.4502529296875 0.96721533203125 0.46336240234375 0.9530951171875 0.47949912109375 0.9389748046875 0.47445546875 0.9123587890625 0.47754970703125 0.8956083984375 0.47949912109375 0.89151357421875 0.47666787109375 0.88249375 0.47042255859375 0.8794716796875 0.46134599609375 0.8794716796875 0.4492421875 0.8865318359375 0.4341162109375 0.88753740234375 0.42402890625 0.87543359375 0.41898515625 0.86736787109375 0.4078921875 0.85728046875 0.40688134765625 0.85324755859375 0.39578828125 0.80785947265625 0.38671171875 0.79676650390625 0.3806572265625 0.79071201171875 0.36653701171875 0.78062978515625 0.35847119140625 0.74932587890625 0.3567796875 0.74330751953125 0.35645478515625 0.72011064453125 0.33426357421875 0.7099716796875 0.3333404296875 0.68783720703125 0.331236328125 0.67674423828125 0.324176171875 0.65324306640625 0.31739453125 0.6525365234375 0.31106669921875 0.6273232421875 0.29593564453125 0.62227958984375 0.289886328125 0.62328525390625 0.28181533203125 0.6323669921875 0.273749609375 0.6343833984375 0.25559130859375 0.6414435546875 0.2424818359375 0.64648720703125 0.24046533203125 0.6585859375 0.2444982421875 0.66968408203125 0.23945458984375 0.6737169921875 0.23441083984375 0.674727734375 0.21625771484375 0.681787890625 0.20919755859375 0.6898537109375 0.21424130859375 0.70296826171875 0.2021375 0.699941015625 0.18498994140625 0.71002841796875 0.17188046875 0.71002841796875 0.1648203125 0.70195751953125 0.14565634765625 0.6898537109375 0.137590625 0.68521220703125 0.1319177734375 0.69489736328125 0.11842666015625 0.71809423828125 0.09623544921875 0.7221271484375 0.0992626953125 0.72414873046875 0.107328515625 0.730198046875 0.11035576171875 0.73524169921875 0.10329560546875 0.74431826171875 0.09825185546875 0.746334765625 0.0760658203125 0.753394921875 0.077071484375 0.74431826171875 0.04681455078125 0.74431826171875 0.03471064453125 0.75036767578125 0.02563408203125 0.74459677734375 0.0171505859375 0.7453291015625 0.01655751953125 0.753394921875 0.0155466796875 0.76549873046875 0.0205904296875 0.78869560546875 0.021601171875 0.8098759765625 0.0367271484375 0.80711982421875 0 0.85680498046875 0 0.86030771484375 0.010508203125
0 0.63942705078125 0.0851423828125 0.65152578125 0.086148046875 0.67270615234375 0.1063228515625 0.6807771484375 0.1264923828125 0.68521220703125 0.1319177734375 0.6898537109375 0.137590625 0.70195751953125 0.14565634765625 0.71002841796875 0.1648203125 0.71002841796875 0.17188046875 0.699941015625 0.18498994140625 0.70296826171875 0.2021375 0.6898537109375 0.21424130859375 0.681787890625 0.20919755859375 0.674727734375 0.21625771484375 0.6737169921875 0.23441083984375 0.66968408203125 0.23945458984375 0.6585859375 0.2444982421875 0.64648720703125 0.24046533203125 0.6414435546875 0.2424818359375 0.6343833984375 0.25559130859375 0.6323669921875 0.273749609375 0.62328525390625 0.28181533203125 0.62227958984375 0.289886328125 0.6273232421875 0.29593564453125 0.6525365234375 0.31106669921875 0.65324306640625 0.31739453125 0.65354736328125 0.32014326171875 0.64746708984375 0.32487236328125 0.644465625 0.32720341796875 0.59302822265625 0.3322470703125 0.5698314453125 0.3393072265625 0.56075478515625 0.3282142578125 0.55873837890625 0.31611044921875 0.55066748046875 0.30400654296875 0.5486509765625 0.29391923828125 0.52747060546875 0.28887548828125 0.52041044921875 0.29492998046875 0.51133388671875 0.2838318359375 0.508306640625 0.2838318359375 0.49519716796875 0.29795205078125 0.4911642578125 0.29795205078125 0.47906044921875 0.28685908203125 0.474016796875 0.2747552734375 0.452836328125 0.27273876953125 0.44073251953125 0.250552734375 0.4436669921875 0.224627734375 0.4467818359375 0.19709375 0.46377978515625 0.1793892578125 0.47098955078125 0.17188046875 0.47156708984375 0.16727509765625 0.474016796875 0.1476728515625 0.48107685546875 0.12951962890625 0.48712626953125 0.12144873046875 0.50225732421875 0.11438857421875 0.51839404296875 0.09623544921875 0.5262638671875 0.09062451171875 0.5395744140625 0.0811095703125 0.55974404296875 0.08009873046875 0.5568044921875 0.05490087890625 0.57487509765625 0.058918359375 0.60041328125 0.05058955078125 0.63135615234375 0.08009873046875 0.6384265625 0.08451845703125 0.63942705078125 0.0851423828125
0 0.43496689453125 0.01003369140625 0.44131533203125 0.01641826171875 0.42963955078125 0.02563408203125 0.427623046875 0.035721484375 0.42772109375 0.03601025390625 0.4306451171875 0.044798046875 0.436699609375 0.05084736328125 0.468973046875 0.04883095703125 0.47704404296875 0.062951171875 0.48578017578125 0.0667623046875 0.48696123046875 0.07621025390625 0.5262638671875 0.09062451171875 0.51839404296875 0.09623544921875 0.50225732421875 0.11438857421875 0.48712626953125 0.12144873046875 0.48107685546875 0.12951962890625 0.474016796875 0.1476728515625 0.47156708984375 0.16727509765625 0.4597830078125 0.15892568359375 0.4326048828125 0.14829169921875 0.41960888671875 0.1376576171875 0.39833564453125 0.14001962890625 0.3959736328125 0.14947265625 0.3687955078125 0.15183466796875 0.36406640625 0.1577447265625 0.34161728515625 0.15065361328125 0.32979716796875 0.1612876953125 0.32152509765625 0.17901279296875 0.313258203125 0.17901279296875 0.30616708984375 0.1742888671875 0.30193310546875 0.18026083984375 0.30143798828125 0.17901279296875 0.2983333984375 0.1537943359375 0.3238767578125 0.13414560546875 0.32076181640625 0.12064423828125 0.30518212890625 0.105064453125 0.30518212890625 0.0988294921875 0.33010654296875 0.0676751953125 0.33010654296875 0.06040361328125 0.31410908203125 0.05040390625 0.31443916015625 0.0502130859375 0.32343837890625 0.0451126953125 0.34988935546875 0.0301259765625 0.35441220703125 0.0290791015625 0.36524736328125 0.02657783203125 0.36883671875 0.01972919921875 0.37824853515625 0.00176171875 0.39614384765625 0.00032802734375 0.400258203125 0 0.40932294921875 0 0.43496689453125 0.01003369140625
0 0.73322529296875 0.00042080078125 0.74459677734375 0.0171505859375 0.75036767578125 0.02563408203125 0.74431826171875 0.03471064453125 0.74431826171875 0.04681455078125 0.753394921875 0.077071484375 0.746334765625 0.0760658203125 0.74431826171875 0.09825185546875 0.73524169921875 0.10329560546875 0.730198046875 0.11035576171875 0.72414873046875 0.107328515625 0.7221271484375 0.0992626953125 0.71809423828125 0.09623544921875 0.69489736328125 0.11842666015625 0.68521220703125 0.1319177734375 0.6807771484375 0.1264923828125 0.67270615234375 0.1063228515625 0.65152578125 0.086148046875 0.63942705078125 0.0851423828125 0.6384265625 0.08451845703125 0.63942705078125 0.075055078125 0.65354736328125 0.06597841796875 0.65656943359375 0.053874609375 0.66262392578125 0.051858203125 0.6666568359375 0.04580888671875 0.67170048828125 0.028661328125 0.69288095703125 0.019584765625 0.690864453125 0.0135302734375 0.6757333984375 0.00546455078125 0.67539287109375 0 0.7330849609375 0 0.73322529296875 0.00042080078125
0 0.64043271484375 0.003448046875 0.65152578125 0.00546455078125 0.64749287109375 0.02563408203125 0.63942705078125 0.033705078125 0.62126875 0.0437873046875 0.60041328125 0.05058955078125 0.57487509765625 0.058918359375 0.5568044921875 0.05490087890625 0.5476453125 0.05286904296875 0.53296806640625 0.05286904296875 0.52747060546875 0.05286904296875 0.524443359375 0.04580888671875 0.52646494140625 0.012524609375 0.54461806640625 0.00848662109375 0.55169384765625 0 0.6399416015625 0 0.64043271484375 0.003448046875
0 0.54461806640625 0.00848662109375 0.52646494140625 0.012524609375 0.524443359375 0.04580888671875 0.52747060546875 0.05286904296875 0.53296806640625 0.05286904296875 0.5254541015625 0.05690185546875 0.508306640625 0.053874609375 0.49318076171875 0.070011328125 0.48578017578125 0.0667623046875 0.47704404296875 0.062951171875 0.468973046875 0.04883095703125 0.436699609375 0.05084736328125 0.4306451171875 0.044798046875 0.42772109375 0.03601025390625 0.427623046875 0.035721484375 0.42963955078125 0.02563408203125 0.44131533203125 0.01641826171875 0.448803515625 0.010508203125 0.45300458984375 0 0.55169384765625 0 0.54461806640625 0.00848662109375
0 0.992650390625 0.09353828125 0.97427548828125 0.09421904296875 0.9692318359375 0.084131640625 0.94704580078125 0.0740494140625 0.9319146484375 0.07303857421875 0.90972861328125 0.05790751953125 0.91779443359375 0.04580888671875 0.9137615234375 0.0296669921875 0.92384892578125 0.01454111328125 0.9228380859375 0.010508203125 0.9137615234375 0.00949736328125 0.89258115234375 0.0226068359375 0.88451015625 0.02361767578125 0.86030771484375 0.010508203125 0.85680498046875 0 0.9990234375 0 0.9990234375 0.09330087890625 0.992650390625 0.09353828125
0 0.3687955078125 0.01948681640625 0.36883671875 0.01972919921875 0.36524736328125 0.02657783203125 0.35441220703125 0.0290791015625 0.34516025390625 0.025396875 0.3321642578125 0.02657783203125 0.3238921875 0.04076005859375 0.32343837890625 0.0451126953125 0.31443916015625 0.0502130859375 0.31410908203125 0.05040390625 0.313490234375 0.05001708984375 0.28648740234375 0.05105888671875 0.27298603515625 0.04067236328125 0.23871162109375 0.05832529296875 0.22728857421875 0.07494677734375 0.21898037109375 0.08013486328125 0.213787109375 0.07286845703125 0.20651552734375 0.044823828125 0.213787109375 0.03236416015625 0.23040341796875 0.01989931640625 0.2324818359375 0.009512890625 0.22521025390625 0.0032830078125 0.213787109375 0.0012046875 0.181591015625 0.0115912109375 0.1680896484375 0.009512890625 0.16912626953125 0.00224130859375 0.1724888671875 0 0.36044345703125 0 0.3687955078125 0.01948681640625
0 0.39614384765625 0.00032802734375 0.3960986328125 0 0.400258203125 0 0.39614384765625 0.00032802734375
0 0.448803515625 0.010508203125 0.44131533203125 0.01641826171875 0.43496689453125 0.01003369140625 0.40932294921875 0 0.45300458984375 0 0.448803515625 0.010508203125
0 0.0320337890625 0.01782099609375 0.01126083984375 0.01678447265625 0 0.0268591796875 0 0 0.06852705078125 0 0.0320337890625 0.01782099609375