0 0.6838703125 0.9882826171875 0.691518359375 0.9876947265625 0.70451943359375 0.98669423828125 0.7124615234375 0.98987099609375 0.71881513671875 0.996224609375 0.71969892578125 0.9990234375 0.6758146484375 0.9990234375 0.6838703125 0.9882826171875
0 0.919072265625 0.9937388671875 0.920165625 0.98501298828125 0.94088701171875 0.98719443359375 0.9487619140625 0.9850955078125 0.95096923828125 0.9845076171875 0.9572455078125 0.98283154296875 0.9731294921875 0.9976634765625 0.97360390625 0.99810185546875 0.974275 0.9990234375 0.9137876953125 0.9990234375 0.919072265625 0.9937388671875
0 0.811107421875 0.98501298828125 0.8350984375 0.98719443359375 0.83687177734375 0.9990234375 0.8098470703125 0.9990234375 0.811107421875 0.98501298828125
0 0.33921298828125 0.996224609375 0.34953759765625 0.99543046875 0.35350859375 0.99781298828125 0.36217255859375 0.99548203125 0.364940234375 0.9990234375 0.3373470703125 0.9990234375 0.33921298828125 0.996224609375
0 0.53145595703125 0.99343974609375 0.53377666015625 0.996224609375 0.54886650390625 0.99701884765625 0.549020703125 0.9990234375 0.52222744140625 0.9990234375 0.53145595703125 0.99343974609375
0 0.4048376953125 0.99881865234375 0.4050208984375 0.9990234375 0.4046373046875 0.9990234375 0.4048376953125 0.99881865234375
0 0.09564091796875 0.990691015625 0.10297958984375 0.98376494140625 0.11031298828125 0.9768388671875 0.1298689453125 0.9792833984375 0.144541015625 0.98743173828125 0.15024482421875 0.98743173828125 0.161879296875 0.980087890625 0.16573173828125 0.9776537109375 0.17713935546875 0.9776537109375 0.194255859375 0.992320703125 0.2056634765625 0.99476513671875 0.20811318359375 0.993135546875 0.20811318359375 0.98417236328125 0.20158935546875 0.9735744140625 0.20240419921875 0.96868544921875 0.21707626953125 0.96787060546875 0.222780078125 0.95646298828125 0.24560048828125 0.94505029296875 0.25782802734375 0.9768388671875 0.272494921875 0.97602412109375 0.274939453125 0.9792833984375 0.27005048828125 0.993135546875 0.27005048828125 0.9990234375 0.09407919921875 0.9990234375 0.09564091796875 0.990691015625
0 0.0031462890625 0.9990234375 0 0.9990234375 0 0.99626884765625 0.0031462890625 0.9990234375
0 0.0030443359375 0.94874794921875 0.0030443359375 0.9561638671875 0 0.95877509765625 0 0.94099853515625 0.0030443359375 0.94874794921875
0 0.0030443359375 0.9561638671875 0.0030443359375 0.94874794921875 0 0.94099853515625 0 0.75000146484375 0.0076806640625 0.7679228515625 0.02622568359375 0.7679228515625 0.033646875 0.77719541015625 0.0478599609375 0.78431748046875 0.048483984375 0.7846166015625 0.0494123046875 0.79388916015625 0.0490048828125 0.7957302734375 0.04569912109375 0.81057763671875 0.06146455078125 0.828199609375 0.058684765625 0.84210849609375 0.04662744140625 0.8467447265625 0.0475556640625 0.85323759765625 0.05312021484375 0.857873828125 0.0559 0.86528984375 0.041062890625 0.8643615234375 0.03921142578125 0.87827041015625 0.02808232421875 0.88476318359375 0.02808232421875 0.89217919921875 0.033646875 0.90330830078125 0.0670291015625 0.90794462890625 0.070737109375 0.909801171875 0.07166533203125 0.9162888671875 0.06332109375 0.920001953125 0.06146455078125 0.939475390625 0.0521919921875 0.9431833984375 0.04199111328125 0.9431833984375 0.04013974609375 0.9533841796875 0.0475556640625 0.96729306640625 0.07158798828125 0.96800986328125 0.0800095703125 0.9682212890625 0.08557421875 0.97378583984375 0.08557421875 0.9793453125 0.09021044921875 0.98676640625 0.080937890625 0.99603896484375 0.0821330078125 0.9990234375 0.0031462890625 0.9990234375 0 0.99626884765625 0 0.95877509765625 0.0030443359375 0.9561638671875
0 0.71881513671875 0.996224609375 0.7124615234375 0.98987099609375 0.70451943359375 0.98669423828125 0.691518359375 0.9876947265625 0.69124501953125 0.98024775390625 0.704803125 0.96669482421875 0.71293076171875 0.9459115234375 0.73009892578125 0.9540443359375 0.7340544921875 0.94961953125 0.73708681640625 0.94623125 0.7445595703125 0.95675185546875 0.75811259765625 0.9621771484375 0.77256806640625 0.97753515625 0.7731869140625 0.977256640625 0.776183203125 0.98024775390625 0.7879259765625 0.9847654296875 0.7971953125 0.9990234375 0.71969892578125 0.9990234375 0.71881513671875 0.996224609375
0 0.9960220703125 0.99458466796875 0.98821416015625 0.9948322265625 0.98172646484375 0.99503330078125 0.9731294921875 0.9976634765625 0.9572455078125 0.98283154296875 0.95096923828125 0.9845076171875 0.9487619140625 0.9850955078125 0.9491177734375 0.98252724609375 0.95358388671875 0.97627158203125 0.95993232421875 0.97229033203125 0.96430556640625 0.9695724609375 0.96296474609375 0.96376552734375 0.9611751953125 0.96242470703125 0.95313525390625 0.9628681640625 0.95298046875 0.96294560546875 0.9406291015625 0.969123828125 0.93526572265625 0.96554990234375 0.92544130859375 0.96242470703125 0.92404375 0.96068154296875 0.92365185546875 0.9601916015625 0.92365185546875 0.9575099609375 0.92392001953125 0.9571283203125 0.9312482421875 0.94678818359375 0.931691796875 0.9418734375 0.9287625 0.9409400390625 0.92186748046875 0.9387482421875 0.9205265625 0.93695869140625 0.92097529296875 0.93383349609375 0.92454404296875 0.929816015625 0.93140302734375 0.92638134765625 0.93348134765625 0.92534482421875 0.93392998046875 0.91972353515625 0.93437353515625 0.91417958984375 0.935028515625 0.913576171875 0.940562109375 0.9084654296875 0.94598740234375 0.90345791015625 0.947776953125 0.8927361328125 0.95358388671875 0.890503125 0.9588802734375 0.89129736328125 0.96251611328125 0.8918439453125 0.966538671875 0.89631005859375 0.9687716796875 0.90345791015625 0.97323779296875 0.90613955078125 0.97761103515625 0.904680078125 0.97859609375 0.90435009765625 0.9799369140625 0.89943525390625 0.98046806640625 0.89901240234375 0.98440302734375 0.89586142578125 0.987084765625 0.89631005859375 0.99065859375 0.9012248046875 0.995294921875 0.9020654296875 0.99557333984375 0.9021169921875 0.998255078125 0.89675869140625 0.9990234375 0.8960751953125 0.9990234375 0.99146728515625 0.9960220703125 0.99458466796875
0 0.30640322265625 0.97453369140625 0.3088837890625 0.96708671875 0.31633076171875 0.9658490234375 0.3126072265625 0.9435134765625 0.31633076171875 0.9385470703125 0.3374234375 0.9298625 0.341146875 0.918697265625 0.33990400390625 0.8938810546875 0.34859384765625 0.8913953125 0.35355498046875 0.89511875 0.35975908203125 0.880230078125 0.37341005859375 0.8851912109375 0.3858181640625 0.90008505859375 0.4117224609375 0.89697529296875 0.41683837890625 0.89636162109375 0.42056181640625 0.90256572265625 0.4428974609375 0.9050462890625 0.44910146484375 0.92490126953125 0.45755400390625 0.9338025390625 0.45436171875 0.9358705078125 0.44800810546875 0.9438125 0.42101044921875 0.954926171875 0.42339306640625 0.96922177734375 0.41783369140625 0.97398701171875 0.4138626953125 0.975575390625 0.39241923828125 0.97398701171875 0.37415263671875 0.99225361328125 0.35350859375 0.99781298828125 0.34953759765625 0.99543046875 0.33921298828125 0.996224609375 0.3373470703125 0.9990234375 0.3134208984375 0.9990234375 0.30640322265625 0.97453369140625
0 0.93882412109375 0.73447880859375 0.94649794921875 0.74074990234375 0.9424392578125 0.745319140625 0.928886328125 0.77333271484375 0.93159384765625 0.78959326171875 0.93882412109375 0.8013412109375 0.9343064453125 0.806761328125 0.93340400390625 0.81399169921875 0.92844794921875 0.8194685546875 0.93069130859375 0.82844716796875 0.93701396484375 0.82934970703125 0.93882412109375 0.83296484375 0.93972666015625 0.85103544921875 0.94785947265625 0.8582658203125 0.94785947265625 0.86910615234375 0.9749654296875 0.888084375 0.98046806640625 0.89901240234375 0.9799369140625 0.89943525390625 0.97859609375 0.90435009765625 0.97761103515625 0.904680078125 0.97323779296875 0.90613955078125 0.9687716796875 0.90345791015625 0.966538671875 0.89631005859375 0.96251611328125 0.8918439453125 0.9588802734375 0.89129736328125 0.95358388671875 0.890503125 0.947776953125 0.8927361328125 0.94598740234375 0.90345791015625 0.940562109375 0.9084654296875 0.935028515625 0.913576171875 0.93437353515625 0.91417958984375 0.93392998046875 0.91972353515625 0.93348134765625 0.92534482421875 0.93140302734375 0.92638134765625 0.92454404296875 0.929816015625 0.92097529296875 0.93383349609375 0.9205265625 0.93695869140625 0.92186748046875 0.9387482421875 0.9287625 0.9409400390625 0.931691796875 0.9418734375 0.9312482421875 0.94678818359375 0.92392001953125 0.9571283203125 0.920753515625 0.95675185546875 0.91352314453125 0.95313662109375 0.90539033203125 0.943198828125 0.89725751953125 0.943198828125 0.8873197265625 0.94861904296875 0.87466923828125 0.96669482421875 0.8584087890625 0.967597265625 0.83129765625 0.98205283203125 0.81864716796875 0.98205283203125 0.79786904296875 0.97301748046875 0.782505859375 0.97301748046875 0.7731869140625 0.977256640625 0.77256806640625 0.97753515625 0.75811259765625 0.9621771484375 0.7445595703125 0.95675185546875 0.73708681640625 0.94623125 0.745462109375 0.936876171875 0.75811259765625 0.93326103515625 0.761727734375 0.9260306640625 0.761727734375 0.920610546875 0.753594921875 0.91519033203125 0.74907724609375 0.904344921875 0.76353271484375 0.8808541015625 0.74816953125 0.8745314453125 0.7427494140625 0.86910615234375 0.75268720703125 0.8564556640625 0.75268720703125 0.84923046875 0.74636455078125 0.84471279296875 0.747272265625 0.83483173828125 0.7499796875 0.8320623046875 0.75449736328125 0.82212451171875 0.76624541015625 0.82121689453125 0.77798818359375 0.81127900390625 0.78070087890625 0.80314619140625 0.790638671875 0.8013412109375 0.7915412109375 0.79411083984375 0.798771484375 0.78778818359375 0.81864716796875 0.78327060546875 0.8240724609375 0.784173046875 0.82859013671875 0.790495703125 0.83491279296875 0.78959326171875 0.83762548828125 0.78597802734375 0.83672294921875 0.7751376953125 0.8448505859375 0.7670048828125 0.85027587890625 0.76610244140625 0.851008203125 0.7665666015625 0.85208095703125 0.76519990234375 0.86563388671875 0.753451953125 0.8791869140625 0.75796962890625 0.88551474609375 0.75706708984375 0.92436865234375 0.73176611328125 0.93036123046875 0.7328904296875 0.93882412109375 0.73447880859375
0 0.54886650390625 0.99701884765625 0.53377666015625 0.996224609375 0.52583466796875 0.98669423828125 0.51551005859375 0.98748837890625 0.48765625 0.98340400390625 0.4718341796875 0.9723986328125 0.46829638671875 0.95925302734375 0.4662748046875 0.9517494140625 0.46904931640625 0.94620546875 0.4694515625 0.9454009765625 0.47898193359375 0.938253125 0.479776171875 0.93428212890625 0.47580517578125 0.927928515625 0.46786318359375 0.927134375 0.45755400390625 0.9338025390625 0.44910146484375 0.92490126953125 0.4428974609375 0.9050462890625 0.42056181640625 0.90256572265625 0.41683837890625 0.89636162109375 0.4117224609375 0.89697529296875 0.40933466796875 0.8889869140625 0.40571953125 0.88537177734375 0.3966841796875 0.883566796875 0.3921666015625 0.87904912109375 0.3912640625 0.87091630859375 0.37861357421875 0.8663986328125 0.3740958984375 0.855553125 0.38042373046875 0.8501330078125 0.3903615234375 0.8483279296875 0.3903615234375 0.8401951171875 0.39307421875 0.8383849609375 0.4102423828125 0.83567744140625 0.41114482421875 0.83115986328125 0.40571953125 0.8266421875 0.41204736328125 0.8176068359375 0.4075296875 0.808571484375 0.40761220703125 0.80829306640625 0.4078701171875 0.80738017578125 0.40933466796875 0.80224375 0.42740537109375 0.79501337890625 0.4409634765625 0.79501337890625 0.44909111328125 0.790495703125 0.44909111328125 0.7769427734375 0.45722392578125 0.77152255859375 0.45722392578125 0.75796962890625 0.462644140625 0.747129296875 0.487042578125 0.74622158203125 0.49879052734375 0.74261162109375 0.517763671875 0.72092578125 0.5267990234375 0.71640810546875 0.5439671875 0.719115625 0.54916044921875 0.71450517578125 0.5521 0.71189052734375 0.55571513671875 0.71126650390625 0.56355400390625 0.70991533203125 0.5662357421875 0.709451171875 0.578303515625 0.7073728515625 0.58552861328125 0.6992400390625 0.5981275390625 0.6938353515625 0.606683203125 0.694459375 0.609916796875 0.6947068359375 0.617157421875 0.71731064453125 0.637935546875 0.71731064453125 0.64336083984375 0.7200181640625 0.64155068359375 0.7299611328125 0.631612890625 0.74170400390625 0.6325154296875 0.74893427734375 0.65058603515625 0.7525494140625 0.66143154296875 0.7588720703125 0.6858248046875 0.761584765625 0.6975728515625 0.776040234375 0.70751064453125 0.79953623046875 0.747272265625 0.83483173828125 0.74636455078125 0.84471279296875 0.75268720703125 0.84923046875 0.75268720703125 0.8564556640625 0.7427494140625 0.86910615234375 0.74816953125 0.8745314453125 0.76353271484375 0.8808541015625 0.74907724609375 0.904344921875 0.753594921875 0.91519033203125 0.761727734375 0.920610546875 0.761727734375 0.9260306640625 0.75811259765625 0.93326103515625 0.745462109375 0.936876171875 0.73708681640625 0.94623125 0.7340544921875 0.94961953125 0.73009892578125 0.9540443359375 0.71293076171875 0.9459115234375 0.704803125 0.96669482421875 0.69124501953125 0.98024775390625 0.691518359375 0.9876947265625 0.6838703125 0.9882826171875 0.6758146484375 0.9990234375 0.549020703125 0.9990234375 0.54886650390625 0.99701884765625
0 0.20983046875 0.9311259765625 0.2107587890625 0.94967626953125 0.1959216796875 0.95059931640625 0.1912853515625 0.9793453125 0.18015625 0.97749384765625 0.16903232421875 0.96729306640625 0.1616111328125 0.97007275390625 0.161879296875 0.980087890625 0.15024482421875 0.98743173828125 0.144541015625 0.98743173828125 0.1298689453125 0.9792833984375 0.11031298828125 0.9768388671875 0.10297958984375 0.98376494140625 0.0985546875 0.976565625 0.09763154296875 0.9533841796875 0.07444501953125 0.9543125 0.07166533203125 0.9580205078125 0.07158798828125 0.96800986328125 0.0475556640625 0.96729306640625 0.04013974609375 0.9533841796875 0.04199111328125 0.9431833984375 0.0521919921875 0.9431833984375 0.06146455078125 0.939475390625 0.06332109375 0.920001953125 0.07166533203125 0.9162888671875 0.070737109375 0.909801171875 0.0670291015625 0.90794462890625 0.033646875 0.90330830078125 0.02808232421875 0.89217919921875 0.02808232421875 0.88476318359375 0.03921142578125 0.87827041015625 0.041062890625 0.8643615234375 0.0559 0.86528984375 0.05312021484375 0.857873828125 0.0475556640625 0.85323759765625 0.04662744140625 0.8467447265625 0.058684765625 0.84210849609375 0.06146455078125 0.828199609375 0.04569912109375 0.81057763671875 0.0490048828125 0.7957302734375 0.06332109375 0.79296083984375 0.0623927734375 0.77163603515625 0.070737109375 0.75679892578125 0.070737109375 0.74937783203125 0.0549716796875 0.7326892578125 0.051263671875 0.72156015625 0.05459521484375 0.7129064453125 0.0559 0.70950791015625 0.0698087890625 0.6955939453125 0.07150029296875 0.6955939453125 0.07444501953125 0.6955939453125 0.08557421875 0.71321591796875 0.103191015625 0.714144140625 0.10411923828125 0.7178521484375 0.1152484375 0.71506728515625 0.13101376953125 0.70115849609375 0.14585087890625 0.70115849609375 0.157903125 0.70486650390625 0.16903232421875 0.71321591796875 0.1761439453125 0.73280791015625 0.17181201171875 0.7530857421875 0.16903232421875 0.75679892578125 0.16903232421875 0.768851171875 0.1736685546875 0.78183173828125 0.174596875 0.7994537109375 0.165319140625 0.80408994140625 0.13750146484375 0.80686962890625 0.159759765625 0.82541474609375 0.1736685546875 0.8291279296875 0.174596875 0.84303671875 0.17923310546875 0.85230927734375 0.1764482421875 0.88105517578125 0.192213671875 0.8949640625 0.1959216796875 0.9088728515625 0.2033427734375 0.9162888671875 0.21817470703125 0.9237099609375 0.2167875 0.924942578125 0.20983046875 0.9311259765625
0 0.998255078125 0.89675869140625 0.99557333984375 0.9021169921875 0.995294921875 0.9020654296875 0.99065859375 0.9012248046875 0.987084765625 0.89631005859375 0.98440302734375 0.89586142578125 0.98046806640625 0.89901240234375 0.9749654296875 0.888084375 0.94785947265625 0.86910615234375 0.94785947265625 0.8582658203125 0.93972666015625 0.85103544921875 0.93882412109375 0.83296484375 0.93701396484375 0.82934970703125 0.93069130859375 0.82844716796875 0.92844794921875 0.8194685546875 0.93340400390625 0.81399169921875 0.9343064453125 0.806761328125 0.93882412109375 0.8013412109375 0.93159384765625 0.78959326171875 0.928886328125 0.77333271484375 0.9424392578125 0.745319140625 0.94649794921875 0.74074990234375 0.949664453125 0.737186328125 0.96502763671875 0.73357109375 0.99213359375 0.738996484375 0.9990234375 0.73469150390625 0.9990234375 0.8960751953125 0.998255078125 0.89675869140625
0 0.2877240234375 0.56948623046875 0.27474345703125 0.58246669921875 0.276594921875 0.58988271484375 0.2963931640625 0.59805166015625 0.2963931640625 0.60436396484375 0.30000322265625 0.60707666015625 0.3027158203125 0.617014453125 0.30000322265625 0.6341826171875 0.30813603515625 0.64593056640625 0.33163193359375 0.65135078125 0.328016796875 0.6630935546875 0.3207865234375 0.66942138671875 0.3207865234375 0.67665166015625 0.33885712890625 0.68387685546875 0.33253447265625 0.6874919921875 0.33072431640625 0.69200966796875 0.33072431640625 0.70104501953125 0.334339453125 0.70466015625 0.336149609375 0.71821318359375 0.3451849609375 0.7362837890625 0.350605078125 0.738996484375 0.36687080078125 0.7362837890625 0.3822287109375 0.7380939453125 0.38855654296875 0.7299611328125 0.3912640625 0.7299611328125 0.39487919921875 0.73538125 0.395394921875 0.7540037109375 0.39250693359375 0.7549423828125 0.3823060546875 0.7549423828125 0.34892392578125 0.801305078125 0.34057958984375 0.80779794921875 0.3368716796875 0.82634306640625 0.34428759765625 0.8319076171875 0.34243623046875 0.847673046875 0.335943359375 0.85879697265625 0.3238859375 0.8643615234375 0.32945048828125 0.8689978515625 0.33037880859375 0.8764189453125 0.306269140625 0.890327734375 0.29421689453125 0.882906640625 0.2951400390625 0.875490625 0.30070458984375 0.87085439453125 0.27752314453125 0.8689978515625 0.25990634765625 0.88661982421875 0.2580498046875 0.90237998046875 0.25248525390625 0.912580859375 0.2506337890625 0.92463828125 0.24599755859375 0.93020283203125 0.23764814453125 0.93020283203125 0.22745244140625 0.9255666015625 0.2167875 0.924942578125 0.21817470703125 0.9237099609375 0.2033427734375 0.9162888671875 0.1959216796875 0.9088728515625 0.192213671875 0.8949640625 0.1764482421875 0.88105517578125 0.17923310546875 0.85230927734375 0.174596875 0.84303671875 0.1736685546875 0.8291279296875 0.159759765625 0.82541474609375 0.13750146484375 0.80686962890625 0.165319140625 0.80408994140625 0.174596875 0.7994537109375 0.1736685546875 0.78183173828125 0.16903232421875 0.768851171875 0.16903232421875 0.75679892578125 0.17181201171875 0.7530857421875 0.1761439453125 0.73280791015625 0.16903232421875 0.71321591796875 0.157903125 0.70486650390625 0.14585087890625 0.70115849609375 0.13101376953125 0.70115849609375 0.1152484375 0.71506728515625 0.10411923828125 0.7178521484375 0.103191015625 0.714144140625 0.08557421875 0.71321591796875 0.07444501953125 0.6955939453125 0.07150029296875 0.6955939453125 0.07444501953125 0.6909576171875 0.103191015625 0.687249609375 0.1143201171875 0.6724125 0.110612109375 0.66499658203125 0.0967033203125 0.65293916015625 0.10025146484375 0.6468537109375 0.10226787109375 0.64552314453125 0.110612109375 0.63439404296875 0.1072703125 0.6188865234375 0.11246357421875 0.61770546875 0.110612109375 0.60194013671875 0.1143201171875 0.5963755859375 0.1143201171875 0.592667578125 0.0967033203125 0.56762958984375 0.09514580078125 0.55829521484375 0.09499111328125 0.5573720703125 0.096311328125 0.55723798828125 0.11246357421875 0.55557734375 0.11710498046875 0.5592853515625 0.12452099609375 0.55001279296875 0.1291572265625 0.5370271484375 0.1551234375 0.5268314453125 0.169960546875 0.52775458984375 0.1773765625 0.53517568359375 0.19035712890625 0.53517568359375 0.20426591796875 0.52404658203125 0.21539501953125 0.5296111328125 0.224667578125 0.5444482421875 0.24784892578125 0.5444482421875 0.2580498046875 0.54815625 0.26361435546875 0.55650048828125 0.2803080078125 0.55557734375 0.2877240234375 0.5620650390625 0.2877240234375 0.56642802734375 0.2877240234375 0.56948623046875
0 0.88366328125 0.561286328125 0.8864171875 0.5628025390625 0.887005078125 0.563782421875 0.8891298828125 0.56732021484375 0.88280205078125 0.579970703125 0.86883134765625 0.5916876953125 0.8547935546875 0.6034615234375 0.853658984375 0.60629794921875 0.8529833984375 0.6079791015625 0.87557177734375 0.6161119140625 0.8891298828125 0.62966494140625 0.8864171875 0.639602734375 0.87738193359375 0.649540625 0.87738193359375 0.66038603515625 0.89364755859375 0.66580625 0.89972783203125 0.6718865234375 0.90720048828125 0.6793591796875 0.92436865234375 0.68839453125 0.92527119140625 0.69200966796875 0.920753515625 0.70104501953125 0.92527119140625 0.70466015625 0.93036123046875 0.7328904296875 0.92436865234375 0.73176611328125 0.88551474609375 0.75706708984375 0.8791869140625 0.75796962890625 0.86563388671875 0.753451953125 0.85208095703125 0.76519990234375 0.851008203125 0.7665666015625 0.85027587890625 0.76610244140625 0.8448505859375 0.7670048828125 0.83672294921875 0.7751376953125 0.83762548828125 0.78597802734375 0.83491279296875 0.78959326171875 0.82859013671875 0.790495703125 0.8240724609375 0.784173046875 0.81864716796875 0.78327060546875 0.798771484375 0.78778818359375 0.7915412109375 0.79411083984375 0.790638671875 0.8013412109375 0.78070087890625 0.80314619140625 0.77798818359375 0.81127900390625 0.76624541015625 0.82121689453125 0.75449736328125 0.82212451171875 0.7499796875 0.8320623046875 0.747272265625 0.83483173828125 0.70751064453125 0.79953623046875 0.6975728515625 0.776040234375 0.6858248046875 0.761584765625 0.66143154296875 0.7588720703125 0.65058603515625 0.7525494140625 0.6325154296875 0.74893427734375 0.631612890625 0.74170400390625 0.64155068359375 0.7299611328125 0.64336083984375 0.7200181640625 0.637935546875 0.71731064453125 0.617157421875 0.71731064453125 0.609916796875 0.6947068359375 0.617157421875 0.68387685546875 0.6144447265625 0.67213408203125 0.60007177734375 0.66834873046875 0.598978515625 0.66805986328125 0.5972765625 0.66761123046875 0.59908681640625 0.654058203125 0.592758984375 0.6405052734375 0.61896240234375 0.61249677734375 0.6180599609375 0.59623115234375 0.61952451171875 0.59257470703125 0.62167509765625 0.58719580078125 0.63522802734375 0.586293359375 0.64736796875 0.5926830078125 0.65239619140625 0.59532861328125 0.661080859375 0.5979330078125 0.670466796875 0.600748828125 0.6739427734375 0.5951017578125 0.6776919921875 0.58900595703125 0.68943994140625 0.59081103515625 0.70028544921875 0.58719580078125 0.70932080078125 0.592616015625 0.71564345703125 0.579970703125 0.73009892578125 0.579970703125 0.7337140625 0.58177568359375 0.7364267578125 0.5935236328125 0.745462109375 0.59804130859375 0.7572048828125 0.59894384765625 0.77256806640625 0.5853908203125 0.7834083984375 0.58719580078125 0.7852185546875 0.579970703125 0.7897361328125 0.57545302734375 0.79425380859375 0.57545302734375 0.79786904296875 0.57906298828125 0.798771484375 0.58990849609375 0.80961181640625 0.58719580078125 0.81774462890625 0.59081103515625 0.82045732421875 0.58177568359375 0.824975 0.579970703125 0.83129765625 0.58990849609375 0.83740888671875 0.5937248046875 0.8385279296875 0.594426171875 0.83900244140625 0.59189912109375 0.84394814453125 0.56551005859375 0.8629263671875 0.5528595703125 0.86834658203125 0.5528595703125 0.8816107421875 0.56015693359375 0.88366328125 0.561286328125
0 0.99213359375 0.738996484375 0.96502763671875 0.73357109375 0.949664453125 0.737186328125 0.94649794921875 0.74074990234375 0.93882412109375 0.73447880859375 0.93036123046875 0.7328904296875 0.92527119140625 0.70466015625 0.920753515625 0.70104501953125 0.92527119140625 0.69200966796875 0.92436865234375 0.68839453125 0.90720048828125 0.6793591796875 0.89972783203125 0.6718865234375 0.91713837890625 0.66128857421875 0.91713837890625 0.654058203125 0.92255849609375 0.64412041015625 0.957797265625 0.625147265625 0.96412509765625 0.6260498046875 0.96954521484375 0.6323724609375 0.990328515625 0.617014453125 0.9990234375 0.60120400390625 0.9990234375 0.73469150390625 0.99213359375 0.738996484375
0 0.5186662109375 0.4182322265625 0.52951171875 0.433590234375 0.535834375 0.433590234375 0.5412544921875 0.425457421875 0.54848486328125 0.4245548828125 0.57076884765625 0.43605537109375 0.5773236328125 0.43943837890625 0.57468828125 0.43991806640625 0.57197568359375 0.44262548828125 0.5674580078125 0.4471431640625 0.56203779296875 0.45979365234375 0.56283720703125 0.47101044921875 0.55390498046875 0.47696181640625 0.54035205078125 0.4814794921875 0.53944951171875 0.49141728515625 0.55028984375 0.50136025390625 0.55480751953125 0.51943095703125 0.56528681640625 0.520957421875 0.56203779296875 0.52485107421875 0.56203779296875 0.5320814453125 0.57107314453125 0.53930654296875 0.57649326171875 0.55737724609375 0.584626171875 0.56551005859375 0.60179423828125 0.57545302734375 0.61263974609375 0.58900595703125 0.61952451171875 0.59257470703125 0.6180599609375 0.59623115234375 0.61896240234375 0.61249677734375 0.592758984375 0.6405052734375 0.59908681640625 0.654058203125 0.5972765625 0.66761123046875 0.598978515625 0.66805986328125 0.60007177734375 0.66834873046875 0.5972765625 0.6739390625 0.59547158203125 0.6811693359375 0.60269677734375 0.68387685546875 0.6063119140625 0.69200966796875 0.606683203125 0.694459375 0.5981275390625 0.6938353515625 0.58552861328125 0.6992400390625 0.578303515625 0.7073728515625 0.5662357421875 0.709451171875 0.56565302734375 0.70827529296875 0.5521 0.7055626953125 0.5430646484375 0.70014248046875 0.54216220703125 0.70646513671875 0.5448697265625 0.71008037109375 0.55390498046875 0.71008037109375 0.55571513671875 0.71126650390625 0.5521 0.71189052734375 0.54916044921875 0.71450517578125 0.5439671875 0.719115625 0.5267990234375 0.71640810546875 0.517763671875 0.72092578125 0.49879052734375 0.74261162109375 0.487042578125 0.74622158203125 0.462644140625 0.747129296875 0.45722392578125 0.75796962890625 0.45722392578125 0.77152255859375 0.44909111328125 0.7769427734375 0.44909111328125 0.790495703125 0.4409634765625 0.79501337890625 0.42740537109375 0.79501337890625 0.40933466796875 0.80224375 0.4078701171875 0.80738017578125 0.40761220703125 0.80829306640625 0.40301201171875 0.798628515625 0.39578173828125 0.767907421875 0.395394921875 0.7540037109375 0.39487919921875 0.73538125 0.3912640625 0.7299611328125 0.38855654296875 0.7299611328125 0.3822287109375 0.7380939453125 0.36687080078125 0.7362837890625 0.350605078125 0.738996484375 0.3451849609375 0.7362837890625 0.336149609375 0.71821318359375 0.334339453125 0.70466015625 0.33072431640625 0.70104501953125 0.33072431640625 0.69200966796875 0.33253447265625 0.6874919921875 0.33885712890625 0.68387685546875 0.3207865234375 0.67665166015625 0.3207865234375 0.66942138671875 0.328016796875 0.6630935546875 0.33163193359375 0.65135078125 0.30813603515625 0.64593056640625 0.30000322265625 0.6341826171875 0.3027158203125 0.617014453125 0.30000322265625 0.60707666015625 0.2963931640625 0.60436396484375 0.2963931640625 0.59805166015625 0.30490244140625 0.57714970703125 0.3063310546875 0.57364287109375 0.305428515625 0.5628025390625 0.3225966796875 0.5537671875 0.328016796875 0.54473193359375 0.3352419921875 0.54020908203125 0.33795458984375 0.52485107421875 0.35272470703125 0.51401591796875 0.36506064453125 0.5049703125 0.3677732421875 0.4959349609375 0.37319345703125 0.4896123046875 0.37680859375 0.4751568359375 0.36867578125 0.47424912109375 0.3631833984375 0.470324609375 0.362353125 0.46973154296875 0.36506064453125 0.4588912109375 0.36415810546875 0.4444357421875 0.37771103515625 0.43449267578125 0.381119921875 0.4165974609375 0.38132626953125 0.41551953125 0.38674638671875 0.40648427734375 0.39029453125 0.40411708984375 0.4002994140625 0.39744892578125 0.41476005859375 0.39744892578125 0.425600390625 0.40648427734375 0.44367099609375 0.40286904296875 0.45812646484375 0.4082892578125 0.4734896484375 0.42093974609375 0.516510546875 0.4183611328125 0.5186662109375 0.4182322265625
0 0.00397265625 0.54629970703125 0.0197380859375 0.5472279296875 0.0327185546875 0.543519921875 0.04725654296875 0.528249609375 0.051263671875 0.52404658203125 0.05404853515625 0.52404658203125 0.0642494140625 0.53981201171875 0.07444501953125 0.54815625 0.0948466796875 0.55650048828125 0.09499111328125 0.5573720703125 0.09514580078125 0.55829521484375 0.0967033203125 0.56762958984375 0.1143201171875 0.592667578125 0.1143201171875 0.5963755859375 0.110612109375 0.60194013671875 0.11246357421875 0.61770546875 0.1072703125 0.6188865234375 0.0920669921875 0.622341796875 0.09021044921875 0.627901171875 0.10133955078125 0.6362505859375 0.103191015625 0.64181513671875 0.10025146484375 0.6468537109375 0.0967033203125 0.65293916015625 0.110612109375 0.66499658203125 0.1143201171875 0.6724125 0.103191015625 0.687249609375 0.07444501953125 0.6909576171875 0.07150029296875 0.6955939453125 0.0698087890625 0.6955939453125 0.0559 0.70950791015625 0.05459521484375 0.7129064453125 0.04199111328125 0.714144140625 0.0364265625 0.71878046875 0.0354982421875 0.72712470703125 0.04569912109375 0.72990439453125 0.051263671875 0.74103349609375 0.0549716796875 0.7799802734375 0.0478599609375 0.78431748046875 0.033646875 0.77719541015625 0.02622568359375 0.7679228515625 0.0076806640625 0.7679228515625 0 0.75000146484375 0 0.550272265625 0.00397265625 0.54629970703125
0 0.003745703125 0.178687890625 0.0028896484375 0.16501630859375 0.01229111328125 0.14877646484375 0.0045966796875 0.141087109375 0.003745703125 0.1359609375 0.01057890625 0.124847265625 0.01870146484375 0.11834931640625 0.023399609375 0.114594921875 0.03280107421875 0.114594921875 0.043053515625 0.11972109375 0.05245498046875 0.1205771484375 0.061000390625 0.13082958984375 0.06441953125 0.14792548828125 0.07125791015625 0.1530517578125 0.07382099609375 0.159033984375 0.09091181640625 0.14963251953125 0.0994572265625 0.14963251953125 0.10444931640625 0.15346943359375 0.10715166015625 0.15561484375 0.10853896484375 0.16763095703125 0.10971474609375 0.1778318359375 0.10715166015625 0.18381416015625 0.10031328125 0.1889455078125 0.10116943359375 0.1957787109375 0.113133984375 0.20091005859375 0.13193173828125 0.1991978515625 0.141333203125 0.20176103515625 0.1567169921875 0.196634765625 0.1571966796875 0.196531640625 0.1650509765625 0.21223515625 0.16133779296875 0.2221265625 0.14403046875 0.2394390625 0.14155498046875 0.25304365234375 0.16381328125 0.27900986328125 0.1650509765625 0.309921875 0.18112578125 0.3161052734375 0.1883767578125 0.3161052734375 0.1885056640625 0.3191169921875 0.19777822265625 0.3339541015625 0.1959216796875 0.340441796875 0.18942880859375 0.3385904296875 0.1885056640625 0.33116923828125 0.18294111328125 0.3265330078125 0.1783048828125 0.31633212890625 0.169960546875 0.31540908203125 0.1616111328125 0.3218966796875 0.15419521484375 0.33487724609375 0.1467740234375 0.359915234375 0.14213779296875 0.36640810546875 0.1319369140625 0.36547978515625 0.12359267578125 0.3682646484375 0.11710498046875 0.3534275390625 0.1115404296875 0.35435068359375 0.103191015625 0.3636283203125 0.10411923828125 0.38402490234375 0.10226787109375 0.386809765625 0.09391845703125 0.38773291015625 0.08928212890625 0.39237431640625 0.08835390625 0.39886201171875 0.0929953125 0.40628310546875 0.10411923828125 0.41091943359375 0.10875556640625 0.42482822265625 0.10504755859375 0.429464453125 0.09391845703125 0.43410078125 0.08928212890625 0.45728212890625 0.08557421875 0.463775 0.07630166015625 0.469334375 0.07908134765625 0.49622890625 0.0698087890625 0.5073580078125 0.05312021484375 0.51663056640625 0.04725654296875 0.528249609375 0.0327185546875 0.543519921875 0.0197380859375 0.5472279296875 0.00397265625 0.54629970703125 0 0.550272265625 0 0.17891533203125 0.003745703125 0.178687890625
0 0.990328515625 0.617014453125 0.96954521484375 0.6323724609375 0.96412509765625 0.6260498046875 0.957797265625 0.625147265625 0.92255849609375 0.64412041015625 0.91713837890625 0.654058203125 0.91713837890625 0.66128857421875 0.89972783203125 0.6718865234375 0.89364755859375 0.66580625 0.87738193359375 0.66038603515625 0.87738193359375 0.649540625 0.8864171875 0.639602734375 0.8891298828125 0.62966494140625 0.87557177734375 0.6161119140625 0.8529833984375 0.6079791015625 0.853658984375 0.60629794921875 0.8547935546875 0.6034615234375 0.86883134765625 0.5916876953125 0.88280205078125 0.579970703125 0.8891298828125 0.56732021484375 0.887005078125 0.563782421875 0.898165234375 0.54834189453125 0.89093486328125 0.53569140625 0.88822216796875 0.5239486328125 0.8829515625 0.5199466796875 0.88460703125 0.495032421875 0.89093486328125 0.480576953125 0.92255849609375 0.46160380859375 0.943341796875 0.45979365234375 0.9605099609375 0.44533818359375 0.96177861328125 0.4450390625 0.97586796875 0.441723046875 0.98214931640625 0.45577109375 0.98761591796875 0.46792646484375 0.98761591796875 0.4832896484375 0.98400078125 0.48780732421875 0.98400078125 0.4959349609375 0.99484619140625 0.50136025390625 0.9990234375 0.5122181640625 0.9990234375 0.60120400390625 0.990328515625 0.617014453125
0 0.79696650390625 0.3793783203125 0.79786904296875 0.40016162109375 0.80238662109375 0.40558173828125 0.82859013671875 0.40286904296875 0.8331078125 0.40648427734375 0.833515234375 0.41137841796875 0.83401025390625 0.4173296875 0.84304560546875 0.4082892578125 0.8466607421875 0.4082892578125 0.86201875 0.43088271484375 0.87557177734375 0.43810791015625 0.89364755859375 0.43630283203125 0.896355078125 0.4390103515625 0.90810302734375 0.4390103515625 0.91623583984375 0.42817001953125 0.92527119140625 0.42907255859375 0.93159384765625 0.433590234375 0.9514384765625 0.43202763671875 0.95418212890625 0.43178525390625 0.959607421875 0.43720537109375 0.96177861328125 0.4450390625 0.9605099609375 0.44533818359375 0.943341796875 0.45979365234375 0.92255849609375 0.46160380859375 0.89093486328125 0.480576953125 0.88460703125 0.495032421875 0.8829515625 0.5199466796875 0.88284326171875 0.52155048828125 0.88276591796875 0.52213330078125 0.88008935546875 0.5365990234375 0.8816107421875 0.56015693359375 0.86834658203125 0.5528595703125 0.8629263671875 0.5528595703125 0.84394814453125 0.56551005859375 0.83900244140625 0.59189912109375 0.8385279296875 0.594426171875 0.83740888671875 0.5937248046875 0.83129765625 0.58990849609375 0.824975 0.579970703125 0.82045732421875 0.58177568359375 0.81774462890625 0.59081103515625 0.80961181640625 0.58719580078125 0.798771484375 0.58990849609375 0.79786904296875 0.57906298828125 0.79425380859375 0.57545302734375 0.7897361328125 0.57545302734375 0.7852185546875 0.579970703125 0.7834083984375 0.58719580078125 0.77256806640625 0.5853908203125 0.7572048828125 0.59894384765625 0.745462109375 0.59804130859375 0.7364267578125 0.5935236328125 0.7337140625 0.58177568359375 0.73009892578125 0.579970703125 0.71564345703125 0.579970703125 0.70932080078125 0.592616015625 0.70028544921875 0.58719580078125 0.68943994140625 0.59081103515625 0.6776919921875 0.58900595703125 0.6739427734375 0.5951017578125 0.670466796875 0.592616015625 0.65962138671875 0.58719580078125 0.65665595703125 0.5885263671875 0.64736796875 0.5926830078125 0.63522802734375 0.586293359375 0.62167509765625 0.58719580078125 0.61952451171875 0.59257470703125 0.61263974609375 0.58900595703125 0.60179423828125 0.57545302734375 0.584626171875 0.56551005859375 0.57649326171875 0.55737724609375 0.57107314453125 0.53930654296875 0.56203779296875 0.5320814453125 0.56203779296875 0.52485107421875 0.56528681640625 0.520957421875 0.56655546875 0.51943095703125 0.56655546875 0.51491328125 0.56203779296875 0.50949306640625 0.55480751953125 0.50768291015625 0.55028984375 0.50045263671875 0.5511974609375 0.492325 0.57197568359375 0.47605927734375 0.56294033203125 0.472444140625 0.56283720703125 0.47101044921875 0.56203779296875 0.45979365234375 0.5674580078125 0.4471431640625 0.57197568359375 0.44262548828125 0.57468828125 0.43991806640625 0.5773236328125 0.43943837890625 0.584626171875 0.43810791015625 0.5900462890625 0.4507583984375 0.60360439453125 0.45166083984375 0.61082958984375 0.46973154296875 0.61896240234375 0.47063916015625 0.6225775390625 0.4652138671875 0.62167509765625 0.45347099609375 0.631612890625 0.44624072265625 0.6343255859375 0.43630283203125 0.65781640625 0.4263650390625 0.659631640625 0.42489013671875 0.6632365234375 0.42184736328125 0.6632365234375 0.4164220703125 0.66685166015625 0.412812109375 0.670466796875 0.41461708984375 0.67113212890625 0.41896455078125 0.672271875 0.4263650390625 0.67859970703125 0.42997509765625 0.68672734375 0.427267578125 0.68672734375 0.42365234375 0.6795021484375 0.41551953125 0.6796001953125 0.41530810546875 0.68130712890625 0.41190439453125 0.682544921875 0.4116568359375 0.69034248046875 0.4100994140625 0.6957677734375 0.412812109375 0.70179130859375 0.40755693359375 0.70299296875 0.40648427734375 0.7174484375 0.4010640625 0.73009892578125 0.40377158203125 0.737329296875 0.41371455078125 0.743651953125 0.41461708984375 0.75268720703125 0.40738671875 0.753594921875 0.3875111328125 0.774373046875 0.3775681640625 0.7749248046875 0.37761455078125 0.79696650390625 0.3793783203125
0 0.286795703125 0.3636283203125 0.30344296875 0.3658716796875 0.323323828125 0.39277138671875 0.3319826171875 0.39277138671875 0.3351181640625 0.39049189453125 0.34057958984375 0.401646875 0.3517087890625 0.42760791015625 0.36098125 0.42667958984375 0.37674150390625 0.41740712890625 0.381119921875 0.4165974609375 0.37771103515625 0.43449267578125 0.36415810546875 0.4444357421875 0.36506064453125 0.4588912109375 0.362353125 0.46973154296875 0.3631833984375 0.470324609375 0.3619095703125 0.4925208984375 0.3517087890625 0.50457314453125 0.35272470703125 0.51401591796875 0.33795458984375 0.52485107421875 0.3352419921875 0.54020908203125 0.328016796875 0.54473193359375 0.3225966796875 0.5537671875 0.305428515625 0.5628025390625 0.3063310546875 0.57364287109375 0.30490244140625 0.57714970703125 0.3016328125 0.57597392578125 0.2905037109375 0.5667013671875 0.2877240234375 0.56642802734375 0.2877240234375 0.5620650390625 0.2803080078125 0.55557734375 0.26361435546875 0.55650048828125 0.2580498046875 0.54815625 0.24784892578125 0.5444482421875 0.224667578125 0.5444482421875 0.21539501953125 0.5296111328125 0.20426591796875 0.52404658203125 0.19035712890625 0.53517568359375 0.1773765625 0.53517568359375 0.169960546875 0.52775458984375 0.1551234375 0.5268314453125 0.1291572265625 0.5370271484375 0.12452099609375 0.55001279296875 0.11710498046875 0.5592853515625 0.11246357421875 0.55557734375 0.096311328125 0.55723798828125 0.09499111328125 0.5573720703125 0.0948466796875 0.55650048828125 0.07444501953125 0.54815625 0.0642494140625 0.53981201171875 0.05404853515625 0.52404658203125 0.051263671875 0.52404658203125 0.04725654296875 0.528249609375 0.05312021484375 0.51663056640625 0.0698087890625 0.5073580078125 0.07908134765625 0.49622890625 0.07630166015625 0.469334375 0.08557421875 0.463775 0.08928212890625 0.45728212890625 0.09391845703125 0.43410078125 0.10504755859375 0.429464453125 0.10875556640625 0.42482822265625 0.10411923828125 0.41091943359375 0.0929953125 0.40628310546875 0.08835390625 0.39886201171875 0.08928212890625 0.39237431640625 0.09391845703125 0.38773291015625 0.10226787109375 0.386809765625 0.10411923828125 0.38402490234375 0.103191015625 0.3636283203125 0.1115404296875 0.35435068359375 0.11710498046875 0.3534275390625 0.12359267578125 0.3682646484375 0.1319369140625 0.36547978515625 0.14213779296875 0.36640810546875 0.1467740234375 0.359915234375 0.15419521484375 0.33487724609375 0.1616111328125 0.3218966796875 0.169960546875 0.31540908203125 0.1783048828125 0.31633212890625 0.18294111328125 0.3265330078125 0.1885056640625 0.33116923828125 0.18942880859375 0.3385904296875 0.1959216796875 0.340441796875 0.19777822265625 0.3339541015625 0.1885056640625 0.3191169921875 0.1883767578125 0.3161052734375 0.1947251953125 0.3161052734375 0.2120376953125 0.30868408203125 0.21945888671875 0.29879267578125 0.23924169921875 0.2963224609375 0.25037080078125 0.30868408203125 0.24789541015625 0.31981328125 0.2627376953125 0.3309423828125 0.26644560546875 0.342071484375 0.2787763671875 0.3475638671875 0.282283203125 0.34609404296875 0.286795703125 0.3636283203125
0 0.99484619140625 0.50136025390625 0.98400078125 0.4959349609375 0.98400078125 0.48780732421875 0.98761591796875 0.4832896484375 0.98761591796875 0.46792646484375 0.98214931640625 0.45577109375 0.98490322265625 0.4507583984375 0.99213359375 0.44533818359375 0.99484619140625 0.4245548828125 0.9975537109375 0.4245548828125 0.9990234375 0.4274943359375 0.9990234375 0.5122181640625 0.99484619140625 0.50136025390625
0 0.9975537109375 0.4245548828125 0.99484619140625 0.4245548828125 0.99213359375 0.44533818359375 0.98490322265625 0.4507583984375 0.98214931640625 0.45577109375 0.97586796875 0.441723046875 0.96177861328125 0.4450390625 0.959607421875 0.43720537109375 0.95418212890625 0.43178525390625 0.9514384765625 0.43202763671875 0.9523771484375 0.43088271484375 0.95508974609375 0.42907255859375 0.95508974609375 0.4100994140625 0.943341796875 0.41190439453125 0.93882412109375 0.4100994140625 0.935208984375 0.4019666015625 0.92346103515625 0.4010640625 0.920753515625 0.39835146484375 0.89906767578125 0.39835146484375 0.89725751953125 0.39112626953125 0.8873197265625 0.3875111328125 0.87647939453125 0.37305048828125 0.86859931640625 0.36804287109375 0.86653642578125 0.36672783203125 0.86382890625 0.35859501953125 0.86382890625 0.34142685546875 0.87196171875 0.3369091796875 0.8891298828125 0.3387193359375 0.8954525390625 0.336006640625 0.898165234375 0.329683984375 0.90629287109375 0.3224537109375 0.9117181640625 0.321551171875 0.920753515625 0.32516630859375 0.92527119140625 0.319741015625 0.92527119140625 0.3043830078125 0.92797861328125 0.30167041015625 0.9424392578125 0.30076787109375 0.9487619140625 0.290830078125 0.96412509765625 0.290830078125 0.9668326171875 0.280887109375 0.965930078125 0.266431640625 0.9830982421875 0.251976171875 0.982195703125 0.23390546875 0.98490322265625 0.22215751953125 0.99665126953125 0.2203525390625 0.9990234375 0.2179783203125 0.9990234375 0.4274943359375 0.9975537109375 0.4245548828125
0 0.5743427734375 0.4162673828125 0.568159375 0.4261587890625 0.5520845703125 0.4150296875 0.5471388671875 0.40637080078125 0.51498916015625 0.39647939453125 0.516510546875 0.4183611328125 0.4734896484375 0.42093974609375 0.45812646484375 0.4082892578125 0.44367099609375 0.40286904296875 0.425600390625 0.40648427734375 0.41476005859375 0.39744892578125 0.4002994140625 0.39744892578125 0.39029453125 0.40411708984375 0.38639052734375 0.40018740234375 0.38144482421875 0.37793427734375 0.34558203125 0.38287998046875 0.3351181640625 0.39049189453125 0.3319826171875 0.39277138671875 0.323323828125 0.39277138671875 0.30344296875 0.3658716796875 0.3023033203125 0.3643296875 0.2991419921875 0.33901845703125 0.2985953125 0.33465546875 0.30848671875 0.31734296875 0.3171404296875 0.3185806640625 0.320853515625 0.314867578125 0.3295072265625 0.29384697265625 0.33816611328125 0.2864310546875 0.3393986328125 0.244384765625 0.3567111328125 0.23696884765625 0.39133623046875 0.23078544921875 0.40369794921875 0.197398046875 0.41482705078125 0.180085546875 0.4234859375 0.17266953125 0.4346150390625 0.17390205078125 0.4543978515625 0.1664861328125 0.47047265625 0.16524833984375 0.4717103515625 0.17390205078125 0.4766560546875 0.17513984375 0.49273095703125 0.16524833984375 0.50138466796875 0.1714318359375 0.51375146484375 0.16030263671875 0.53402939453125 0.1546349609375 0.53402939453125 0.16613544921875 0.55028984375 0.17246328125 0.5466798828125 0.20137421875 0.56565302734375 0.20679951171875 0.56475048828125 0.21945 0.5837236328125 0.22215751953125 0.586436328125 0.2266751953125 0.58733876953125 0.24745849609375 0.59637412109375 0.25468876953125 0.61263974609375 0.260108984375 0.607214453125 0.27817958984375 0.61354228515625 0.28721494140625 0.60992705078125 0.297152734375 0.5999892578125 0.30709052734375 0.600891796875 0.31883857421875 0.59547158203125 0.321551171875 0.586436328125 0.31251591796875 0.57649326171875 0.31251591796875 0.586436328125 0.339621875 0.592758984375 0.34684697265625 0.60540947265625 0.35227236328125 0.607214453125 0.35859501953125 0.59908681640625 0.3685328125 0.60269677734375 0.37847578125 0.60179423828125 0.3838958984375 0.578303515625 0.39925390625 0.57493583984375 0.415694921875 0.5743427734375 0.4162673828125
0 0.01143505859375 0.096648046875 0.01741728515625 0.1009181640625 0.0182734375 0.1154509765625 0.01870146484375 0.11834931640625 0.01057890625 0.124847265625 0.003745703125 0.1359609375 0.0045966796875 0.141087109375 0.01229111328125 0.14877646484375 0.0028896484375 0.16501630859375 0.003745703125 0.178687890625 0 0.17891533203125 0 0.096648046875 0.01143505859375 0.096648046875
0 0.09347490234375 0.00093134765625 0.0849294921875 0.005206640625 0.08664169921875 0.01887822265625 0.0840734375 0.03169892578125 0.09603798828125 0.03426201171875 0.1028763671875 0.041100390625 0.10373251953125 0.0487896484375 0.10885869140625 0.0581912109375 0.10885869140625 0.07357490234375 0.1208232421875 0.0863904296875 0.1122779296875 0.10604951171875 0.13132841796875 0.121072265625 0.13134384765625 0.12124765625 0.13166357421875 0.12444501953125 0.12243232421875 0.1484515625 0.1199671875 0.14621337890625 0.1156970703125 0.14621337890625 0.10444931640625 0.15346943359375 0.0994572265625 0.14963251953125 0.09091181640625 0.14963251953125 0.07382099609375 0.159033984375 0.07125791015625 0.1530517578125 0.06441953125 0.14792548828125 0.061000390625 0.13082958984375 0.05245498046875 0.1205771484375 0.043053515625 0.11972109375 0.03280107421875 0.114594921875 0.023399609375 0.114594921875 0.01870146484375 0.11834931640625 0.0182734375 0.1154509765625 0.01741728515625 0.1009181640625 0.01143505859375 0.096648046875 0 0.096648046875 0 0 0.09394111328125 0 0.09347490234375 0.00093134765625
0 0.74004189453125 0.0025919921875 0.741846875 0.01433994140625 0.74907724609375 0.024277734375 0.765884375 0.025118359375 0.7671478515625 0.0251802734375 0.77798818359375 0.03602578125 0.77798818359375 0.05228623046875 0.7734705078125 0.0748796875 0.75449736328125 0.0748796875 0.745462109375 0.08572001953125 0.7346166015625 0.0920478515625 0.7337140625 0.10198564453125 0.7282939453125 0.113728515625 0.72919638671875 0.1308966796875 0.71474091796875 0.13632197265625 0.71112578125 0.1408396484375 0.7138384765625 0.15077744140625 0.70932080078125 0.16433037109375 0.71293076171875 0.16704306640625 0.72467880859375 0.16794560546875 0.72558125 0.17336572265625 0.71835615234375 0.183303515625 0.71112578125 0.1842060546875 0.70751064453125 0.1941490234375 0.7174484375 0.2149271484375 0.74094443359375 0.21312216796875 0.75539990234375 0.22125498046875 0.7671478515625 0.23752060546875 0.7653376953125 0.24655595703125 0.751784765625 0.25559130859375 0.753594921875 0.26733408203125 0.759917578125 0.274564453125 0.76353271484375 0.28631240234375 0.75630244140625 0.2917326171875 0.745462109375 0.30980322265625 0.753594921875 0.3143208984375 0.76263017578125 0.31522333984375 0.78070087890625 0.33239150390625 0.776183203125 0.3594974609375 0.7749248046875 0.37761455078125 0.774373046875 0.3775681640625 0.753594921875 0.3875111328125 0.75268720703125 0.40738671875 0.743651953125 0.41461708984375 0.737329296875 0.41371455078125 0.73009892578125 0.40377158203125 0.7174484375 0.4010640625 0.70299296875 0.40648427734375 0.70179130859375 0.40755693359375 0.69486015625 0.40377158203125 0.6876349609375 0.40467919921875 0.682544921875 0.4116568359375 0.68130712890625 0.41190439453125 0.6796001953125 0.41530810546875 0.67113212890625 0.41896455078125 0.670466796875 0.41461708984375 0.66685166015625 0.412812109375 0.6632365234375 0.4164220703125 0.6632365234375 0.42184736328125 0.659631640625 0.42489013671875 0.65781640625 0.4263650390625 0.6343255859375 0.43630283203125 0.631612890625 0.44624072265625 0.62167509765625 0.45347099609375 0.6225775390625 0.4652138671875 0.61896240234375 0.47063916015625 0.61082958984375 0.46973154296875 0.60360439453125 0.45166083984375 0.5900462890625 0.4507583984375 0.584626171875 0.43810791015625 0.5773236328125 0.43943837890625 0.57076884765625 0.43605537109375 0.57493583984375 0.415694921875 0.578303515625 0.39925390625 0.60179423828125 0.3838958984375 0.60269677734375 0.37847578125 0.59908681640625 0.3685328125 0.607214453125 0.35859501953125 0.60540947265625 0.35227236328125 0.592758984375 0.34684697265625 0.586436328125 0.339621875 0.57649326171875 0.31251591796875 0.586436328125 0.31251591796875 0.59547158203125 0.321551171875 0.600891796875 0.31883857421875 0.5999892578125 0.30709052734375 0.60992705078125 0.297152734375 0.61354228515625 0.28721494140625 0.607214453125 0.27817958984375 0.61263974609375 0.260108984375 0.59637412109375 0.25468876953125 0.58733876953125 0.24745849609375 0.586436328125 0.2266751953125 0.5837236328125 0.22215751953125 0.56475048828125 0.21945 0.56565302734375 0.20679951171875 0.5466798828125 0.20137421875 0.55028984375 0.17246328125 0.53402939453125 0.16613544921875 0.53402939453125 0.1546349609375 0.53402939453125 0.15167998046875 0.5267990234375 0.144449609375 0.52735087890625 0.1383951171875 0.5277015625 0.13451181640625 0.55480751953125 0.1146361328125 0.56475048828125 0.1146361328125 0.56565302734375 0.107405859375 0.5755908203125 0.10198564453125 0.5774009765625 0.08933515625 0.58485302734375 0.07557587890625 0.58914375 0.0676494140625 0.61082958984375 0.0676494140625 0.63562001953125 0.05333310546875 0.65148857421875 0.02789296875 0.65239619140625 0.024277734375 0.65781640625 0.02337529296875 0.66594921875 0.01252978515625 0.68943994140625 0.0134375 0.6966703125 0.008012109375 0.70751064453125 0.008012109375 0.70845498046875 0 0.73680283203125 0 0.74004189453125 0.0025919921875
0 0.29117412109375 0.01068349609375 0.30848671875 0.01315380859375 0.313432421875 0.02304521484375 0.30848671875 0.0490166015625 0.3171404296875 0.052724609375 0.323323828125 0.03417431640625 0.335690625 0.02799091796875 0.3369283203125 0.00079208984375 0.33759833984375 0 0.4227673828125 0 0.42471845703125 0.01562919921875 0.428431640625 0.0218126953125 0.44326875 0.03046630859375 0.445744140625 0.0490166015625 0.4803640625 0.042833203125 0.5118330078125 0.05664404296875 0.5125447265625 0.05695341796875 0.53106396484375 0.082398828125 0.5323017578125 0.0885822265625 0.52735087890625 0.0984736328125 0.52858857421875 0.11949931640625 0.51622685546875 0.13309873046875 0.51498916015625 0.13928212890625 0.52735087890625 0.1383951171875 0.5267990234375 0.144449609375 0.53402939453125 0.15167998046875 0.53402939453125 0.1546349609375 0.51375146484375 0.16030263671875 0.50138466796875 0.1714318359375 0.49273095703125 0.16524833984375 0.4766560546875 0.17513984375 0.4717103515625 0.17390205078125 0.47047265625 0.16524833984375 0.4543978515625 0.1664861328125 0.4346150390625 0.17390205078125 0.4234859375 0.17266953125 0.41482705078125 0.180085546875 0.40369794921875 0.197398046875 0.39133623046875 0.23078544921875 0.3567111328125 0.23696884765625 0.3393986328125 0.244384765625 0.33816611328125 0.2864310546875 0.3295072265625 0.29384697265625 0.320853515625 0.314867578125 0.3171404296875 0.3185806640625 0.30848671875 0.31734296875 0.2985953125 0.33465546875 0.2991419921875 0.33901845703125 0.282283203125 0.34609404296875 0.2787763671875 0.3475638671875 0.26644560546875 0.342071484375 0.2627376953125 0.3309423828125 0.24789541015625 0.31981328125 0.25037080078125 0.30868408203125 0.23924169921875 0.2963224609375 0.21945888671875 0.29879267578125 0.2120376953125 0.30868408203125 0.1947251953125 0.3161052734375 0.1883767578125 0.3161052734375 0.18112578125 0.3161052734375 0.1650509765625 0.309921875 0.16381328125 0.27900986328125 0.14155498046875 0.25304365234375 0.14403046875 0.2394390625 0.16133779296875 0.2221265625 0.1650509765625 0.21223515625 0.1571966796875 0.196531640625 0.15639208984375 0.194927734375 0.14526298828125 0.19245234375 0.11682646484375 0.194927734375 0.11311337890625 0.1837986328125 0.11311337890625 0.17266953125 0.1222982421875 0.1487970703125 0.12243232421875 0.1484515625 0.13166357421875 0.12444501953125 0.13134384765625 0.12124765625 0.13132841796875 0.121072265625 0.13042587890625 0.11207822265625 0.13537158203125 0.10094912109375 0.148976171875 0.09600341796875 0.153921875 0.10465703125 0.158867578125 0.10589482421875 0.18359609375 0.08611201171875 0.1922548828125 0.0984736328125 0.2021462890625 0.09724111328125 0.2021462890625 0.08611201171875 0.2169833984375 0.0663240234375 0.23429599609375 0.060145703125 0.2367662109375 0.02057490234375 0.2466576171875 0.01191611328125 0.25531650390625 0.01315380859375 0.25902451171875 0.00079208984375 0.25994873046875 0 0.28278203125 0 0.29117412109375 0.01068349609375
0 0.99665126953125 0.2203525390625 0.98490322265625 0.22215751953125 0.982195703125 0.23390546875 0.9830982421875 0.251976171875 0.965930078125 0.266431640625 0.9668326171875 0.280887109375 0.96412509765625 0.290830078125 0.9487619140625 0.290830078125 0.9424392578125 0.30076787109375 0.92797861328125 0.30167041015625 0.92527119140625 0.3043830078125 0.92527119140625 0.319741015625 0.920753515625 0.32516630859375 0.9117181640625 0.321551171875 0.90629287109375 0.3224537109375 0.898165234375 0.329683984375 0.8954525390625 0.336006640625 0.8891298828125 0.3387193359375 0.87196171875 0.3369091796875 0.86382890625 0.34142685546875 0.86382890625 0.35859501953125 0.86653642578125 0.36672783203125 0.86859931640625 0.36804287109375 0.84575830078125 0.39021865234375 0.83581533203125 0.4082892578125 0.833515234375 0.41137841796875 0.8331078125 0.40648427734375 0.82859013671875 0.40286904296875 0.80238662109375 0.40558173828125 0.79786904296875 0.40016162109375 0.79696650390625 0.3793783203125 0.7749248046875 0.37761455078125 0.776183203125 0.3594974609375 0.78070087890625 0.33239150390625 0.76263017578125 0.31522333984375 0.753594921875 0.3143208984375 0.745462109375 0.30980322265625 0.75630244140625 0.2917326171875 0.76353271484375 0.28631240234375 0.759917578125 0.274564453125 0.753594921875 0.26733408203125 0.751784765625 0.25559130859375 0.7653376953125 0.24655595703125 0.7671478515625 0.23752060546875 0.75539990234375 0.22125498046875 0.74094443359375 0.21312216796875 0.7174484375 0.2149271484375 0.70751064453125 0.1941490234375 0.71112578125 0.1842060546875 0.71835615234375 0.183303515625 0.72558125 0.17336572265625 0.72467880859375 0.16794560546875 0.71293076171875 0.16704306640625 0.70932080078125 0.16433037109375 0.7138384765625 0.15077744140625 0.71112578125 0.1408396484375 0.71474091796875 0.13632197265625 0.72919638671875 0.1308966796875 0.7282939453125 0.113728515625 0.7337140625 0.10198564453125 0.7346166015625 0.0920478515625 0.745462109375 0.08572001953125 0.75449736328125 0.0748796875 0.7734705078125 0.0748796875 0.77798818359375 0.05228623046875 0.77798818359375 0.03602578125 0.7671478515625 0.0251802734375 0.765884375 0.025118359375 0.774373046875 0.01252978515625 0.7834083984375 0.0134375 0.79425380859375 0.00530458984375 0.79226552734375 0 0.9990234375 0 0.9990234375 0.2179783203125 0.99665126953125 0.2203525390625
0 0.57288330078125 0.0025919921875 0.5810109375 0.0134375 0.56475048828125 0.02337529296875 0.5637861328125 0.0276248046875 0.55730361328125 0.0296154296875 0.5439517578125 0.04163154296875 0.5372783203125 0.06032626953125 0.53059990234375 0.05899052734375 0.51858369140625 0.0469744140625 0.5118330078125 0.05664404296875 0.4803640625 0.042833203125 0.445744140625 0.0490166015625 0.44326875 0.03046630859375 0.428431640625 0.0218126953125 0.42471845703125 0.01562919921875 0.4227673828125 0 0.5736232421875 0 0.57288330078125 0.0025919921875
0 0.70751064453125 0.008012109375 0.6966703125 0.008012109375 0.68943994140625 0.0134375 0.66594921875 0.01252978515625 0.65781640625 0.02337529296875 0.65239619140625 0.024277734375 0.65148857421875 0.02789296875 0.63562001953125 0.05333310546875 0.61082958984375 0.0676494140625 0.58914375 0.0676494140625 0.58485302734375 0.07557587890625 0.55842265625 0.07668466796875 0.5530025390625 0.07036201171875 0.5521 0.06222919921875 0.5602328125 0.04325087890625 0.5637861328125 0.0276248046875 0.56475048828125 0.02337529296875 0.5810109375 0.0134375 0.57288330078125 0.0025919921875 0.5736232421875 0 0.70845498046875 0 0.70751064453125 0.008012109375
0 0.79425380859375 0.00530458984375 0.7834083984375 0.0134375 0.774373046875 0.01252978515625 0.765884375 0.025118359375 0.74907724609375 0.024277734375 0.741846875 0.01433994140625 0.74004189453125 0.0025919921875 0.73680283203125 0 0.79226552734375 0 0.79425380859375 0.00530458984375