0 0.96414296875 0.9816626953125 0.980661328125 0.96986318359375 0.99563251953125 0.96761982421875 0.9990234375 0.96711103515625 0.9990234375 0.9990234375 0.968062109375 0.9990234375 0.96414296875 0.9816626953125
0 0.4811658203125 0.99833056640625 0.48142763671875 0.9990234375 0.477901171875 0.9990234375 0.4811658203125 0.99833056640625
0 0.16454794921875 0.9962419921875 0.16917392578125 0.9846693359375 0.17457861328125 0.986211328125 0.1876984375 0.9977890625 0.18798330078125 0.9990234375 0.16176650390625 0.9990234375 0.16454794921875 0.9962419921875
0 0.14757060546875 0.99547353515625 0.15297021484375 0.99547353515625 0.1557341796875 0.9990234375 0.14494609375 0.9990234375 0.14757060546875 0.99547353515625
0 0.2895572265625 0.9962419921875 0.29464736328125 0.9889806640625 0.2949619140625 0.98852685546875 0.30730810546875 0.99006884765625 0.3127076171875 0.98081181640625 0.32274345703125 0.98081181640625 0.33277412109375 0.9846693359375 0.34434677734375 0.9792646484375 0.345527734375 0.98575234375 0.34743583984375 0.9962419921875 0.35003212890625 0.9990234375 0.29077431640625 0.9990234375 0.2895572265625 0.9962419921875
0 0.765376171875 0.979914453125 0.76773818359375 0.97604140625 0.77477255859375 0.9705697265625 0.79509169921875 0.9729162109375 0.803688671875 0.97604140625 0.80759775390625 0.980729296875 0.810723046875 0.9791666015625 0.8138482421875 0.97135361328125 0.821661328125 0.97135361328125 0.8310421875 0.97604140625 0.83494609375 0.98541708984375 0.84354306640625 0.9838544921875 0.84733662109375 0.9990234375 0.75372607421875 0.9990234375 0.765376171875 0.979914453125
0 0.84354306640625 0.9838544921875 0.83494609375 0.98541708984375 0.8310421875 0.97604140625 0.821661328125 0.97135361328125 0.8138482421875 0.97135361328125 0.810723046875 0.9791666015625 0.80759775390625 0.980729296875 0.803688671875 0.97604140625 0.79509169921875 0.9729162109375 0.77477255859375 0.9705697265625 0.76773818359375 0.97604140625 0.765376171875 0.979914453125 0.7583625 0.96900703125 0.77243115234375 0.94400009765625 0.77008466796875 0.92915263671875 0.7732099609375 0.92446474609375 0.7794603515625 0.92446474609375 0.78727861328125 0.92915263671875 0.79196650390625 0.9275900390625 0.79196650390625 0.9229021484375 0.78727861328125 0.9182091796875 0.78805732421875 0.91039609375 0.796654296875 0.91117998046875 0.80290478515625 0.91743046875 0.8068138671875 0.9182091796875 0.8068138671875 0.90648701171875 0.810723046875 0.9025830078125 0.81775224609375 0.9025830078125 0.81932001953125 0.8994578125 0.8185361328125 0.89476474609375 0.80602998046875 0.89086083984375 0.80759775390625 0.88070126953125 0.81306435546875 0.87601337890625 0.81775224609375 0.87601337890625 0.81932001953125 0.86741640625 0.8318208984375 0.8572568359375 0.8388552734375 0.8478759765625 0.8444765625 0.84506533203125 0.8497935546875 0.84240947265625 0.8568279296875 0.84240947265625 0.86151572265625 0.84475078125 0.859953125 0.8595982421875 0.864641015625 0.86741640625 0.889653125 0.8728830078125 0.89199453125 0.8752294921875 0.89277841796875 0.88382646484375 0.90762578125 0.87679208984375 0.91622275390625 0.87835478515625 0.91937890625 0.88109833984375 0.92716103515625 0.887735546875 0.9201267578125 0.90102041015625 0.9201267578125 0.905708203125 0.94513369140625 0.905708203125 0.94513369140625 0.91117998046875 0.93732060546875 0.92211826171875 0.94435498046875 0.9275900390625 0.95607724609375 0.9275900390625 0.95607724609375 0.93227783203125 0.94122978515625 0.95025048828125 0.945917578125 0.9635353515625 0.93888330078125 0.9791666015625 0.93685625 0.9990234375 0.84733662109375 0.9990234375 0.84354306640625 0.9838544921875
0 0.99563251953125 0.96761982421875 0.99124375 0.9565009765625 0.97170849609375 0.94712529296875 0.9677994140625 0.937749609375 0.959986328125 0.92836875 0.98655595703125 0.91664658203125 0.9928064453125 0.89867392578125 0.99365732421875 0.8970390625 0.9990234375 0.89560751953125 0.9990234375 0.96711103515625 0.99563251953125 0.96761982421875
0 0.99365732421875 0.8970390625 0.99045986328125 0.8978900390625 0.988897265625 0.883042578125 0.9951529296875 0.8642912109375 0.9990234375 0.86138505859375 0.9990234375 0.89560751953125 0.99365732421875 0.8970390625
0 0.77086337890625 0.84240947265625 0.7685220703125 0.8642912109375 0.77243115234375 0.872104296875 0.77789775390625 0.8775759765625 0.79196650390625 0.883042578125 0.7958755859375 0.8861677734375 0.79743818359375 0.89163955078125 0.7943078125 0.897111328125 0.7794603515625 0.90648701171875 0.76461298828125 0.92680615234375 0.74273115234375 0.930715234375 0.71459892578125 0.912742578125 0.7099111328125 0.90102041015625 0.6997515625 0.8994578125 0.69896767578125 0.88851435546875 0.7028767578125 0.87835478515625 0.70131416015625 0.8681951171875 0.7028767578125 0.854131640625 0.71225244140625 0.84475078125 0.7255423828125 0.83927900390625 0.7341341796875 0.83068720703125 0.75646982421875 0.833178125 0.77086337890625 0.84240947265625
0 0.34743583984375 0.9962419921875 0.345527734375 0.98575234375 0.34743583984375 0.98003818359375 0.37598583984375 0.95380380859375 0.37861083984375 0.953453125 0.387563671875 0.952256640625 0.39296318359375 0.94917265625 0.39990986328125 0.937594921875 0.4122560546875 0.937594921875 0.44698427734375 0.9476255859375 0.44698427734375 0.95319521484375 0.44698427734375 0.95534580078125 0.4377220703125 0.96615 0.43849560546875 0.97000751953125 0.445437109375 0.974638671875 0.45687568359375 0.97594345703125 0.4491537109375 0.9990234375 0.35003212890625 0.9990234375 0.34743583984375 0.9962419921875
0 0.36287119140625 0.88589453125 0.35900849609375 0.90981337890625 0.3752173828125 0.92216474609375 0.3752173828125 0.926790625 0.3698126953125 0.9345109375 0.37861083984375 0.953453125 0.37598583984375 0.95380380859375 0.34743583984375 0.98003818359375 0.345527734375 0.98575234375 0.34434677734375 0.9792646484375 0.33277412109375 0.9846693359375 0.32274345703125 0.98081181640625 0.3127076171875 0.98081181640625 0.30730810546875 0.99006884765625 0.2949619140625 0.98852685546875 0.29464736328125 0.9889806640625 0.29418837890625 0.98852685546875 0.28415771484375 0.95611416015625 0.28415771484375 0.94994111328125 0.29341474609375 0.94608359375 0.29341474609375 0.94145244140625 0.28184208984375 0.92293310546875 0.28261572265625 0.91753359375 0.29264638671875 0.91212890625 0.3034505859375 0.8990142578125 0.3181123046875 0.90132470703125 0.3266009765625 0.88897841796875 0.34126279296875 0.8789478515625 0.35129345703125 0.875090234375 0.35746650390625 0.8758638671875 0.361948046875 0.8841771484375 0.36287119140625 0.88589453125
0 0.60050224609375 0.9025830078125 0.588780078125 0.908049609375 0.58330830078125 0.91899306640625 0.570807421875 0.92446474609375 0.5614265625 0.93618701171875 0.55205087890625 0.93696572265625 0.54345390625 0.9346244140625 0.53954990234375 0.92446474609375 0.5309529296875 0.92993134765625 0.5262599609375 0.92915263671875 0.531731640625 0.912742578125 0.524568359375 0.9064560546875 0.52759560546875 0.89435224609375 0.5346712890625 0.87783388671875 0.54411396484375 0.86721533203125 0.5559083984375 0.86131552734375 0.56535107421875 0.86485849609375 0.6019875 0.90038603515625 0.60050224609375 0.9025830078125
0 0.00335615234375 0.86050068359375 0.00750771484375 0.84888681640625 0.02326796875 0.8447404296875 0.035712109375 0.83727294921875 0.04567060546875 0.83727294921875 0.05728447265625 0.84224951171875 0.0622611328125 0.83395166015625 0.08466376953125 0.83727294921875 0.09793828125 0.8538634765625 0.11535908203125 0.85801494140625 0.12199638671875 0.863821875 0.121166015625 0.87295009765625 0.11452880859375 0.88456396484375 0.099598828125 0.89286181640625 0.090470703125 0.90447568359375 0.0744474609375 0.931401171875 0.034056640625 0.9252177734375 0.01082373046875 0.9177501953125 0 0.90963154296875 0 0.8613404296875 0.00335615234375 0.86050068359375
0 0.0145419921875 0.774948828125 0.01776005859375 0.79210146484375 0.01561474609375 0.79531953125 0.00060224609375 0.794246875 0 0.79469912109375 0 0.762390625 0.0145419921875 0.774948828125
0 0.124580078125 0.78692373046875 0.138648828125 0.77285498046875 0.15740537109375 0.77207626953125 0.16756494140625 0.7666044921875 0.16726064453125 0.7638763671875 0.17069013671875 0.76504189453125 0.18162841796875 0.77207626953125 0.1800658203125 0.788486328125 0.17146884765625 0.80489638671875 0.13630224609375 0.8056802734375 0.12926796875 0.80802158203125 0.113641796875 0.80802158203125 0.10817001953125 0.8056802734375 0.099573046875 0.79552060546875 0.098758203125 0.7869185546875 0.124580078125 0.78692373046875
0 0.1667810546875 0.75957021484375 0.16726064453125 0.7638763671875 0.16756494140625 0.7666044921875 0.15740537109375 0.77207626953125 0.138648828125 0.77285498046875 0.124580078125 0.78692373046875 0.098758203125 0.7869185546875 0.09332265625 0.7681671875 0.09566396484375 0.74316015625 0.1011357421875 0.74003486328125 0.1112953125 0.7392509765625 0.113641796875 0.7330005859375 0.118360546875 0.724094140625 0.1214548828125 0.7251875 0.12614267578125 0.7330005859375 0.13630224609375 0.738472265625 0.14333662109375 0.73768837890625 0.15818408203125 0.74941064453125 0.163279296875 0.75071015625 0.1667810546875 0.75957021484375
0 0.91622275390625 0.87835478515625 0.90762578125 0.87679208984375 0.89277841796875 0.88382646484375 0.89199453125 0.8752294921875 0.889653125 0.8728830078125 0.864641015625 0.86741640625 0.859953125 0.8595982421875 0.86151572265625 0.84475078125 0.8568279296875 0.84240947265625 0.8497935546875 0.84240947265625 0.8444765625 0.84506533203125 0.8451056640625 0.8369376953125 0.8544865234375 0.81583466796875 0.8630783203125 0.81583466796875 0.88261875 0.80880546875 0.894341015625 0.81114677734375 0.90137529296875 0.80802158203125 0.90918837890625 0.80802158203125 0.9154388671875 0.82286904296875 0.9357580078125 0.8345912109375 0.94200849609375 0.84084677734375 0.9427923828125 0.84631337890625 0.9295076171875 0.8728830078125 0.91937890625 0.88109833984375 0.91622275390625 0.87835478515625
0 0.6919384765625 0.7572236328125 0.6927171875 0.7689458984375 0.6895919921875 0.7767640625 0.6958423828125 0.781451953125 0.71147373046875 0.78301455078125 0.7231958984375 0.79082763671875 0.7153828125 0.79786201171875 0.70678583984375 0.79786201171875 0.6981888671875 0.80177109375 0.69662626953125 0.81349326171875 0.6997515625 0.826778125 0.69350107421875 0.84084677734375 0.67630712890625 0.8416255859375 0.65598798828125 0.8369376953125 0.641351953125 0.8367830078125 0.640862109375 0.82945986328125 0.6349623046875 0.81884130859375 0.6231626953125 0.81294150390625 0.619836328125 0.7952060546875 0.63175966796875 0.78692373046875 0.64504970703125 0.7689458984375 0.647391015625 0.75957021484375 0.65622001953125 0.74451650390625 0.683336328125 0.74804912109375 0.687033984375 0.7464658203125 0.6919384765625 0.7572236328125
0 0.75445341796875 0.75253583984375 0.7661755859375 0.73534189453125 0.79509169921875 0.72909140625 0.80847451171875 0.72240263671875 0.80993916015625 0.7533197265625 0.82791181640625 0.77598017578125 0.82557041015625 0.7822306640625 0.81541083984375 0.78770244140625 0.81775224609375 0.80020849609375 0.81618955078125 0.81036806640625 0.80759775390625 0.81036806640625 0.79743818359375 0.806458984375 0.79509169921875 0.822090234375 0.7864947265625 0.81974375 0.78258564453125 0.82521552734375 0.77711904296875 0.82599423828125 0.77243115234375 0.82130634765625 0.77243115234375 0.79708330078125 0.7583625 0.7939580078125 0.75445341796875 0.77285498046875 0.74038984375 0.76269541015625 0.7398947265625 0.75203046875 0.75445341796875 0.75253583984375
0 0.995931640625 0.81505595703125 0.99359033203125 0.80098720703125 0.98030029296875 0.79082763671875 0.9748337890625 0.7822306640625 0.97404990234375 0.758786328125 0.9607650390625 0.7462853515625 0.9631115234375 0.71659052734375 0.98030029296875 0.7009591796875 0.9822806640625 0.6830484375 0.98655595703125 0.68142392578125 0.989763671875 0.68069677734375 0.9990234375 0.67858935546875 0.9990234375 0.82008134765625 0.995931640625 0.81505595703125
0 0.79509169921875 0.72909140625 0.7661755859375 0.73534189453125 0.75445341796875 0.75253583984375 0.7398947265625 0.75203046875 0.73257158203125 0.75175712890625 0.71694541015625 0.7540984375 0.7075646484375 0.75175712890625 0.696440625 0.7424380859375 0.6998546875 0.74097353515625 0.70575439453125 0.73035498046875 0.725810546875 0.71501240234375 0.70811123046875 0.70321806640625 0.70693544921875 0.6961373046875 0.712830078125 0.6843376953125 0.73407236328125 0.66191962890625 0.73642919921875 0.64894423828125 0.71991083984375 0.64776318359375 0.71916298828125 0.6478921875 0.72241201171875 0.64078564453125 0.7372646484375 0.6220291015625 0.745077734375 0.618119921875 0.750915625 0.61595390625 0.75176650390625 0.61590751953125 0.75176650390625 0.61570126953125 0.78805732421875 0.61577861328125 0.7958755859375 0.62046640625 0.80290478515625 0.6298421875 0.803688671875 0.65407041015625 0.81618955078125 0.6626673828125 0.810723046875 0.67907744140625 0.810723046875 0.69627138671875 0.81541083984375 0.70720966796875 0.81541083984375 0.71424404296875 0.81228564453125 0.72049443359375 0.80847451171875 0.72240263671875 0.79509169921875 0.72909140625
0 0.4811658203125 0.99833056640625 0.46506005859375 0.9557068359375 0.44698427734375 0.95319521484375 0.44698427734375 0.9476255859375 0.4122560546875 0.937594921875 0.39990986328125 0.937594921875 0.39296318359375 0.94917265625 0.387563671875 0.952256640625 0.37861083984375 0.953453125 0.3698126953125 0.9345109375 0.3752173828125 0.926790625 0.3752173828125 0.92216474609375 0.35900849609375 0.90981337890625 0.36287119140625 0.88589453125 0.361948046875 0.8841771484375 0.36359326171875 0.87783388671875 0.3588744140625 0.85069697265625 0.36359326171875 0.83300283203125 0.3588744140625 0.82120322265625 0.33645634765625 0.820022265625 0.305781640625 0.83417861328125 0.272744921875 0.82710302734375 0.268026171875 0.81884130859375 0.269201953125 0.79524736328125 0.28926328125 0.7633916015625 0.272744921875 0.74804912109375 0.28100146484375 0.73153076171875 0.27982568359375 0.7220931640625 0.269201953125 0.71501240234375 0.23852724609375 0.71501240234375 0.23027060546875 0.69967509765625 0.2208279296875 0.7008560546875 0.20903349609375 0.7091177734375 0.2031337890625 0.70793681640625 0.20077177734375 0.6961373046875 0.17969970703125 0.69038701171875 0.1748158203125 0.68905654296875 0.16891611328125 0.68079990234375 0.19015322265625 0.673719140625 0.188183203125 0.67002666015625 0.180715625 0.65601982421875 0.180715625 0.6465822265625 0.188972265625 0.63714462890625 0.199709375 0.6394447265625 0.22200888671875 0.644225390625 0.22555185546875 0.63242587890625 0.231446484375 0.63242587890625 0.2585833984375 0.65130107421875 0.27392587890625 0.63950146484375 0.27392587890625 0.63478271484375 0.24678896484375 0.6253451171875 0.24324599609375 0.61118876953125 0.2243708984375 0.61118876953125 0.226727734375 0.5828708984375 0.22318984375 0.5663525390625 0.226727734375 0.5545529296875 0.24207021484375 0.54039658203125 0.2562265625 0.539215625 0.272744921875 0.54747216796875 0.305781640625 0.54865322265625 0.32347578125 0.55691494140625 0.339994140625 0.55927177734375 0.34943681640625 0.56753349609375 0.35769345703125 0.5875896484375 0.37657373046875 0.5828708984375 0.386011328125 0.56399052734375 0.38247353515625 0.54747216796875 0.37185498046875 0.5333158203125 0.35179365234375 0.52033525390625 0.33409951171875 0.5002791015625 0.3317375 0.484941796875 0.33637890625 0.46638125 0.33645634765625 0.4660666015625 0.348255859375 0.447186328125 0.36241220703125 0.44246748046875 0.36567158203125 0.44514921875 0.38247353515625 0.45898583984375 0.39426796875 0.489660546875 0.40016767578125 0.49674130859375 0.4048865234375 0.4955603515625 0.415505078125 0.48612275390625 0.42730458984375 0.447186328125 0.4320234375 0.4412865234375 0.4343853515625 0.4247681640625 0.4320234375 0.4153306640625 0.44146611328125 0.4035310546875 0.4509037109375 0.40117421875 0.461522265625 0.40235009765625 0.4674220703125 0.40706884765625 0.499277734375 0.44482431640625 0.50871533203125 0.44600537109375 0.5089783203125 0.4459279296875 0.52523369140625 0.4412865234375 0.52287685546875 0.46016689453125 0.53349541015625 0.4637046875 0.53113349609375 0.484941796875 0.55473251953125 0.4743232421875 0.5609572265625 0.476659375 0.5641701171875 0.47786103515625 0.55708935546875 0.5167974609375 0.56298916015625 0.5167974609375 0.57715068359375 0.5002791015625 0.58422626953125 0.49909814453125 0.58658828125 0.5038220703125 0.59130703125 0.5038220703125 0.60664443359375 0.49319833984375 0.61962490234375 0.4955603515625 0.6479376953125 0.48376083984375 0.65856142578125 0.489660546875 0.67035576171875 0.48140400390625 0.678617578125 0.48376083984375 0.6892361328125 0.47550419921875 0.70575439453125 0.48376083984375 0.703351171875 0.50355908203125 0.66681796875 0.54039658203125 0.64676181640625 0.555733984375 0.63378134765625 0.55927177734375 0.6231626953125 0.57225224609375 0.6231626953125 0.5793330078125 0.637319140625 0.5757900390625 0.6396810546875 0.5710712890625 0.645580859375 0.5710712890625 0.64911865234375 0.5757900390625 0.65973720703125 0.57225224609375 0.66209921875 0.5757900390625 0.67389873046875 0.5757900390625 0.6774365234375 0.5828708984375 0.70693544921875 0.58405185546875 0.72345380859375 0.59702724609375 0.7399669921875 0.60174599609375 0.75176650390625 0.61000771484375 0.75176650390625 0.61570126953125 0.75176650390625 0.61590751953125 0.750915625 0.61595390625 0.725810546875 0.6170884765625 0.721091796875 0.62416416015625 0.70339248046875 0.62652607421875 0.6892361328125 0.6418634765625 0.69277392578125 0.65248203125 0.71916298828125 0.6478921875 0.71991083984375 0.64776318359375 0.73642919921875 0.64894423828125 0.73407236328125 0.66191962890625 0.712830078125 0.6843376953125 0.70693544921875 0.6961373046875 0.70811123046875 0.70321806640625 0.725810546875 0.71501240234375 0.70575439453125 0.73035498046875 0.6998546875 0.74097353515625 0.696440625 0.7424380859375 0.687033984375 0.7464658203125 0.683336328125 0.74804912109375 0.65622001953125 0.74451650390625 0.645580859375 0.75276787109375 0.59248798828125 0.7468732421875 0.57950751953125 0.75041103515625 0.59012607421875 0.7763669921875 0.60310654296875 0.7881666015625 0.61962490234375 0.79406630859375 0.619836328125 0.7952060546875 0.6231626953125 0.81294150390625 0.6349623046875 0.81884130859375 0.640862109375 0.82945986328125 0.641351953125 0.8367830078125 0.64269287109375 0.85675146484375 0.63024345703125 0.88609560546875 0.62198173828125 0.895533203125 0.60428759765625 0.90261396484375 0.6019875 0.90038603515625 0.56535107421875 0.86485849609375 0.5559083984375 0.86131552734375 0.54411396484375 0.86721533203125 0.5346712890625 0.87783388671875 0.52759560546875 0.89435224609375 0.524568359375 0.9064560546875 0.51343408203125 0.95098798828125 0.51343408203125 0.9990234375 0.48142763671875 0.9990234375 0.4811658203125 0.99833056640625
0 0.0486978515625 0.6883396484375 0.0482388671875 0.6914494140625 0.0463822265625 0.70398125 0.049275390625 0.71151591796875 0.0446443359375 0.72599716796875 0.04174599609375 0.72889033203125 0.03769248046875 0.72889033203125 0.01741455078125 0.71672978515625 0.014196484375 0.715223828125 0.01857490234375 0.69818984375 0.0104626953125 0.691815625 0.0104626953125 0.685446484375 0.01485146484375 0.67861845703125 0.028419921875 0.67501875 0.0336337890625 0.67501875 0.04174599609375 0.67849462890625 0.0426587890625 0.67978916015625 0.04493828125 0.68301748046875 0.0486978515625 0.6883396484375
0 0.19015322265625 0.673719140625 0.16891611328125 0.68079990234375 0.1748158203125 0.68905654296875 0.17969970703125 0.69038701171875 0.1800658203125 0.69627138671875 0.1824123046875 0.70017529296875 0.2074193359375 0.718153125 0.20663544921875 0.72752880859375 0.20976064453125 0.73456318359375 0.20976064453125 0.74316015625 0.20585673828125 0.74941064453125 0.18671337890625 0.7565326171875 0.163279296875 0.75071015625 0.15818408203125 0.74941064453125 0.14333662109375 0.73768837890625 0.13630224609375 0.738472265625 0.12614267578125 0.7330005859375 0.1214548828125 0.7251875 0.118360546875 0.724094140625 0.10817001953125 0.72049443359375 0.09801044921875 0.71033486328125 0.0784751953125 0.704868359375 0.06128125 0.69470869140625 0.0482388671875 0.6914494140625 0.0486978515625 0.6883396484375 0.04493828125 0.68301748046875 0.05391171875 0.67559638671875 0.0568048828125 0.658216796875 0.0567533203125 0.65667998046875 0.063627734375 0.65641689453125 0.0761287109375 0.6626673828125 0.09253876953125 0.65719560546875 0.09488525390625 0.65875830078125 0.0964478515625 0.66891787109375 0.099573046875 0.6697017578125 0.1167669921875 0.63687646484375 0.1289533203125 0.62676845703125 0.1417740234375 0.6376603515625 0.149587109375 0.66110478515625 0.162871875 0.665792578125 0.188183203125 0.67002666015625 0.19015322265625 0.673719140625
0 0.0035109375 0.6599546875 0.005248828125 0.67212041015625 0.01567666015625 0.67733427734375 0.01485146484375 0.67861845703125 0.0104626953125 0.685446484375 0.0104626953125 0.691815625 0.01857490234375 0.69818984375 0.014196484375 0.715223828125 0.01336103515625 0.71846259765625 0.0064091796875 0.72715234375 0.00177294921875 0.72715234375 0 0.72537939453125 0 0.65698408203125 0.0035109375 0.6599546875
0 0.0011953125 0.620564453125 0.0127783203125 0.607816015625 0.01477412109375 0.5994974609375 0.01625419921875 0.59333466796875 0.0191525390625 0.591019140625 0.02311318359375 0.59685185546875 0.03015791015625 0.60723837890625 0.041168359375 0.628671484375 0.05332890625 0.63446298828125 0.05622724609375 0.64083720703125 0.0567533203125 0.65667998046875 0.0568048828125 0.658216796875 0.05391171875 0.67559638671875 0.04493828125 0.68301748046875 0.0426587890625 0.67978916015625 0.04174599609375 0.67849462890625 0.0336337890625 0.67501875 0.028419921875 0.67501875 0.01485146484375 0.67861845703125 0.01567666015625 0.67733427734375 0.005248828125 0.67212041015625 0.0035109375 0.6599546875 0 0.65698408203125 0 0.62086328125 0.0011953125 0.620564453125
0 0.188972265625 0.63714462890625 0.180715625 0.6465822265625 0.180715625 0.65601982421875 0.188183203125 0.67002666015625 0.162871875 0.665792578125 0.149587109375 0.66110478515625 0.1417740234375 0.6376603515625 0.1289533203125 0.62676845703125 0.12614267578125 0.6243755859375 0.1269265625 0.60874423828125 0.13005185546875 0.59858466796875 0.14489921875 0.57045244140625 0.156621484375 0.5696685546875 0.162871875 0.5767029296875 0.17069013671875 0.5696685546875 0.17615673828125 0.5720150390625 0.1800658203125 0.5829533203125 0.179287109375 0.60874423828125 0.18787890625 0.6282794921875 0.199709375 0.6394447265625 0.188972265625 0.63714462890625
0 0.989763671875 0.68069677734375 0.988897265625 0.67829873046875 0.9881185546875 0.67126435546875 0.995931640625 0.6525078125 0.9990234375 0.649416015625 0.9990234375 0.67858935546875 0.989763671875 0.68069677734375
0 0.99202255859375 0.609528125 0.98420947265625 0.596243359375 0.9748337890625 0.593896875 0.97248720703125 0.5743615234375 0.96936201171875 0.56810595703125 0.95060546875 0.55325849609375 0.9498267578125 0.54309892578125 0.95920244140625 0.5243423828125 0.97327109375 0.5110576171875 0.970924609375 0.5063697265625 0.963890234375 0.50402841796875 0.9607650390625 0.4993353515625 0.95685595703125 0.48214658203125 0.95685595703125 0.464952734375 0.95920244140625 0.46026484375 0.96623681640625 0.455571875 0.96936201171875 0.44150830078125 0.98264677734375 0.439945703125 0.98420947265625 0.4250982421875 0.98968115234375 0.4180638671875 0.9990234375 0.41873037109375 0.9990234375 0.609528125 0.99202255859375 0.609528125
0 0.66302236328125 0.4657314453125 0.64114052734375 0.4610435546875 0.63566884765625 0.455571875 0.62863447265625 0.43838310546875 0.6145708984375 0.43916181640625 0.60831533203125 0.4352578125 0.60988310546875 0.41650126953125 0.60284873046875 0.41102958984375 0.5911265625 0.40712041015625 0.5919052734375 0.3977447265625 0.60050224609375 0.38914775390625 0.62394658203125 0.37508427734375 0.629418359375 0.36882861328125 0.6395779296875 0.36492470703125 0.6598970703125 0.3641408203125 0.67083544921875 0.37195380859375 0.68334150390625 0.376646875 0.7099111328125 0.39930732421875 0.70912724609375 0.40399521484375 0.70131416015625 0.41102958984375 0.70131416015625 0.41415478515625 0.70678583984375 0.4196265625 0.70678583984375 0.425876953125 0.6856828125 0.44150830078125 0.665441015625 0.46591708984375 0.66302236328125 0.4657314453125
0 0.03653212890625 0.5886984375 0.0446443359375 0.58059140625 0.0504357421875 0.57885341796875 0.0527513671875 0.569580859375 0.0591255859375 0.5649498046875 0.0570111328125 0.5582505859375 0.06086357421875 0.55683759765625 0.07013095703125 0.55567724609375 0.0799810546875 0.5562599609375 0.09736064453125 0.5643669921875 0.1043125 0.5742171875 0.10257451171875 0.58696044921875 0.1031521484375 0.60202451171875 0.10025380859375 0.6089763671875 0.07129130859375 0.6107142578125 0.0591255859375 0.605500390625 0.0440615234375 0.605500390625 0.03884765625 0.60260205078125 0.03056015625 0.591684375 0.03653212890625 0.5886984375
0 0.0035109375 0.5151265625 0.0046197265625 0.51569384765625 0.00814716796875 0.517447265625 0.0150990234375 0.5249767578125 0.03305615234375 0.5354044921875 0.03943046875 0.548725390625 0.03943046875 0.555099609375 0.055649609375 0.5539392578125 0.0568306640625 0.55767822265625 0.0570111328125 0.5582505859375 0.0591255859375 0.5649498046875 0.0527513671875 0.569580859375 0.0504357421875 0.57885341796875 0.0446443359375 0.58059140625 0.03653212890625 0.5886984375 0.03056015625 0.591684375 0.02610439453125 0.5939123046875 0.02311318359375 0.59685185546875 0.0191525390625 0.591019140625 0.01625419921875 0.59333466796875 0.01477412109375 0.5994974609375 0 0.58408125 0 0.51486318359375 0.0035109375 0.5151265625
0 0.1597466796875 0.4954314453125 0.16130927734375 0.505591015625 0.16834365234375 0.51496669921875 0.16834365234375 0.52277978515625 0.17850322265625 0.530598046875 0.17787919921875 0.54126298828125 0.176940625 0.541536328125 0.165218359375 0.54232021484375 0.16130927734375 0.53997373046875 0.14489921875 0.5384111328125 0.1347396484375 0.52981416015625 0.1328109375 0.5294943359375 0.13239833984375 0.52825146484375 0.11832958984375 0.52512626953125 0.12301748046875 0.5134041015625 0.122847265625 0.513063671875 0.1269265625 0.509494921875 0.13105234375 0.49230107421875 0.1370861328125 0.49464755859375 0.14568310546875 0.4954314453125 0.1531970703125 0.49201220703125 0.15781787109375 0.49217724609375 0.1597466796875 0.4954314453125
0 0.17850322265625 0.530598046875 0.16834365234375 0.52277978515625 0.16834365234375 0.51496669921875 0.16130927734375 0.505591015625 0.1597466796875 0.4954314453125 0.15781787109375 0.49217724609375 0.16130927734375 0.49230615234375 0.17069013671875 0.48683447265625 0.18553759765625 0.4680779296875 0.18679072265625 0.46217294921875 0.2003849609375 0.46651533203125 0.2027314453125 0.46964052734375 0.2027314453125 0.48917578125 0.215232421875 0.4954314453125 0.222266796875 0.505591015625 0.2230455078125 0.51496669921875 0.2207041015625 0.523563671875 0.20976064453125 0.53216064453125 0.20116884765625 0.5509171875 0.17772451171875 0.5438828125 0.17787919921875 0.54126298828125 0.17850322265625 0.530598046875
0 0.08316298828125 0.48761318359375 0.08785087890625 0.49230615234375 0.1191083984375 0.505591015625 0.122847265625 0.513063671875 0.12301748046875 0.5134041015625 0.11832958984375 0.52512626953125 0.13239833984375 0.52825146484375 0.1328109375 0.5294943359375 0.1339609375 0.53293935546875 0.1238013671875 0.54622412109375 0.1097326171875 0.55482109375 0.09566396484375 0.54622412109375 0.08472568359375 0.54309892578125 0.08003779296875 0.534501953125 0.07300341796875 0.530598046875 0.06675302734375 0.53762724609375 0.06284384765625 0.55247978515625 0.0568306640625 0.55767822265625 0.055649609375 0.5539392578125 0.03943046875 0.555099609375 0.03943046875 0.548725390625 0.03305615234375 0.5354044921875 0.0150990234375 0.5249767578125 0.00814716796875 0.517447265625 0.0046197265625 0.51569384765625 0.0057955078125 0.5141828125 0.01439248046875 0.50793232421875 0.02220556640625 0.4954314453125 0.02064296875 0.4790162109375 0.030023828125 0.47276572265625 0.02689853515625 0.4571396484375 0.03549033203125 0.43838310546875 0.040962109375 0.432911328125 0.0464029296875 0.43223056640625 0.04721259765625 0.43212744140625 0.05971865234375 0.443849609375 0.08081650390625 0.4430708984375 0.08628828125 0.4540091796875 0.08628828125 0.47198701171875 0.08471015625 0.47987744140625 0.08316298828125 0.48761318359375
0 0.2496203125 0.44150830078125 0.2527455078125 0.44150830078125 0.25490634765625 0.44027578125 0.2636837890625 0.4352578125 0.26640673828125 0.43632021484375 0.27000126953125 0.440915234375 0.2777525390625 0.450883984375 0.287912109375 0.45948095703125 0.2886908203125 0.4633900390625 0.27462724609375 0.46964052734375 0.2736783203125 0.4735703125 0.27313681640625 0.4756744140625 0.27228076171875 0.4790162109375 0.26915556640625 0.48214658203125 0.26505048828125 0.48214658203125 0.26134248046875 0.48214658203125 0.2477224609375 0.491465625 0.24648984375 0.49230615234375 0.2207041015625 0.48995966796875 0.21679501953125 0.4633900390625 0.21846591796875 0.4592076171875 0.22148291015625 0.45166787109375 0.2225091796875 0.44243662109375 0.2230455078125 0.43759921875 0.22560859375 0.43819228515625 0.233205078125 0.439945703125 0.236954296875 0.43703193359375 0.23884697265625 0.43555693359375 0.240239453125 0.43447392578125 0.24414853515625 0.43447392578125 0.2496203125 0.44150830078125
0 0.18553759765625 0.4680779296875 0.17069013671875 0.48683447265625 0.16130927734375 0.49230615234375 0.15781787109375 0.49217724609375 0.1531970703125 0.49201220703125 0.154280078125 0.491522265625 0.15502275390625 0.48953681640625 0.156621484375 0.485271875 0.1527123046875 0.47432841796875 0.154280078125 0.4540091796875 0.15896796875 0.44854267578125 0.16834365234375 0.443849609375 0.17537802734375 0.432911328125 0.174774609375 0.4301935546875 0.17772451171875 0.42900224609375 0.1847537109375 0.42900224609375 0.1912568359375 0.44111123046875 0.18679072265625 0.46217294921875 0.18553759765625 0.4680779296875
0 0.14099013671875 0.3844599609375 0.14568310546875 0.38758515625 0.149587109375 0.39696083984375 0.15896796875 0.3977447265625 0.15896796875 0.40576923828125 0.15896796875 0.41102958984375 0.172252734375 0.41884267578125 0.174774609375 0.4301935546875 0.17537802734375 0.432911328125 0.16834365234375 0.443849609375 0.15896796875 0.44854267578125 0.154280078125 0.4540091796875 0.1527123046875 0.47432841796875 0.156621484375 0.485271875 0.15502275390625 0.48953681640625 0.154280078125 0.491522265625 0.1531970703125 0.49201220703125 0.14568310546875 0.4954314453125 0.1370861328125 0.49464755859375 0.13105234375 0.49230107421875 0.12301748046875 0.48917578125 0.11051650390625 0.47980009765625 0.088634765625 0.480583984375 0.08471015625 0.47987744140625 0.08628828125 0.47198701171875 0.08628828125 0.4540091796875 0.08081650390625 0.4430708984375 0.05971865234375 0.443849609375 0.04721259765625 0.43212744140625 0.0464029296875 0.43223056640625 0.04721259765625 0.4180638671875 0.04955908203125 0.41415478515625 0.06128125 0.41415478515625 0.07300341796875 0.4196265625 0.07769130859375 0.4125921875 0.08707216796875 0.41102958984375 0.0987943359375 0.4204052734375 0.10504482421875 0.4196265625 0.10817001953125 0.4157173828125 0.106607421875 0.40712041015625 0.10269833984375 0.40087001953125 0.09566396484375 0.39618212890625 0.09528232421875 0.3942740234375 0.09488525390625 0.392273046875 0.11285791015625 0.38367607421875 0.11871640625 0.38384111328125 0.14099013671875 0.3844599609375
0 0.55473251953125 0.4743232421875 0.53113349609375 0.484941796875 0.53349541015625 0.4637046875 0.52287685546875 0.46016689453125 0.52523369140625 0.4412865234375 0.5089783203125 0.4459279296875 0.5082873046875 0.44463349609375 0.5012529296875 0.43682041015625 0.49500244140625 0.41337607421875 0.50438330078125 0.40712041015625 0.5082873046875 0.38758515625 0.51453779296875 0.3797720703125 0.53798212890625 0.3797720703125 0.54501650390625 0.38367607421875 0.5512720703125 0.392273046875 0.56064775390625 0.3907103515625 0.56611953125 0.3953982421875 0.5739326171875 0.4118134765625 0.57784169921875 0.4297861328125 0.58800126953125 0.439945703125 0.586438671875 0.45479306640625 0.581745703125 0.46260615234375 0.56221044921875 0.4751123046875 0.5609572265625 0.476659375 0.55473251953125 0.4743232421875
0 0.33245439453125 0.39618212890625 0.346523046875 0.4000912109375 0.3496482421875 0.41025078125 0.3651712890625 0.4108439453125 0.36996748046875 0.41102958984375 0.3723087890625 0.41337607421875 0.37387138671875 0.43056484375 0.36567158203125 0.44514921875 0.36241220703125 0.44246748046875 0.348255859375 0.447186328125 0.33645634765625 0.4660666015625 0.33637890625 0.46638125 0.33245439453125 0.464952734375 0.316823046875 0.4540091796875 0.30353828125 0.4540091796875 0.2910373046875 0.4571396484375 0.27853125 0.43759921875 0.25959931640625 0.4286412109375 0.2597798828125 0.4282234375 0.25743330078125 0.41884267578125 0.2636837890625 0.41025078125 0.26336923828125 0.40910595703125 0.2798720703125 0.39877099609375 0.2840029296875 0.39618212890625 0.3090099609375 0.389931640625 0.321516015625 0.374300390625 0.32263515625 0.3765333984375 0.33245439453125 0.39618212890625
0 0.2636837890625 0.41025078125 0.25743330078125 0.41884267578125 0.2597798828125 0.4282234375 0.25959931640625 0.4286412109375 0.25926416015625 0.42942509765625 0.25508681640625 0.43916181640625 0.25490634765625 0.44027578125 0.2527455078125 0.44150830078125 0.2496203125 0.44150830078125 0.24414853515625 0.43447392578125 0.240239453125 0.43447392578125 0.23884697265625 0.43555693359375 0.236954296875 0.43703193359375 0.23630966796875 0.43567041015625 0.23164248046875 0.425876953125 0.21992021484375 0.42353564453125 0.20976064453125 0.4157173828125 0.20976064453125 0.40946689453125 0.2144537109375 0.40165390625 0.20898193359375 0.389931640625 0.21132333984375 0.38367607421875 0.2285171875 0.38289736328125 0.2355515625 0.3797720703125 0.25899599609375 0.39305693359375 0.26336923828125 0.40910595703125 0.2636837890625 0.41025078125
0 0.00396474609375 0.39713623046875 0.0046712890625 0.3986884765625 0.0046712890625 0.401581640625 0.0023505859375 0.40390234375 0 0.4044896484375 0 0.3884068359375 0.00396474609375 0.39713623046875
0 0.353557421875 0.3547650390625 0.36371181640625 0.36570341796875 0.3926279296875 0.37508427734375 0.3887240234375 0.3844599609375 0.38403095703125 0.38836904296875 0.38794013671875 0.39852861328125 0.3816896484375 0.40321650390625 0.3723087890625 0.4055578125 0.3651712890625 0.4108439453125 0.3496482421875 0.41025078125 0.346523046875 0.4000912109375 0.33245439453125 0.39618212890625 0.32263515625 0.3765333984375 0.323857421875 0.3703912109375 0.3363634765625 0.3500720703125 0.34182490234375 0.34461064453125 0.34211884765625 0.34431669921875 0.34261396484375 0.34382158203125 0.3473017578125 0.34382158203125 0.3501794921875 0.34886015625 0.353557421875 0.3547650390625
0 0.14195966796875 0.33869541015625 0.14646181640625 0.34069638671875 0.15349619140625 0.33991767578125 0.16333603515625 0.333105078125 0.16365576171875 0.33288330078125 0.17069013671875 0.3320994140625 0.17537802734375 0.33600849609375 0.17634755859375 0.3381126953125 0.1800658203125 0.3461681640625 0.18553759765625 0.34773076171875 0.20351025390625 0.36179423828125 0.20663544921875 0.37195380859375 0.20585673828125 0.39696083984375 0.18866279296875 0.39696083984375 0.174594140625 0.40399521484375 0.15896796875 0.40576923828125 0.15896796875 0.3977447265625 0.149587109375 0.39696083984375 0.14568310546875 0.38758515625 0.14099013671875 0.3844599609375 0.11871640625 0.38384111328125 0.11832958984375 0.3774255859375 0.12614267578125 0.36882861328125 0.1167669921875 0.356327734375 0.11285791015625 0.33834990234375 0.1097017578125 0.33298125 0.109129296875 0.332006640625 0.1112076171875 0.3316919921875 0.113641796875 0.331320703125 0.12536396484375 0.331320703125 0.12639541015625 0.33177451171875 0.14195966796875 0.33869541015625
0 0.33994765625 0.3439505859375 0.34182490234375 0.34461064453125 0.3363634765625 0.3500720703125 0.323857421875 0.3703912109375 0.32263515625 0.3765333984375 0.321516015625 0.374300390625 0.3090099609375 0.389931640625 0.2840029296875 0.39618212890625 0.2798720703125 0.39877099609375 0.27462724609375 0.39618212890625 0.26055859375 0.38758515625 0.26134248046875 0.3797720703125 0.2707181640625 0.36570341796875 0.2707181640625 0.3500720703125 0.28009384765625 0.34304287109375 0.2816564453125 0.33366201171875 0.287912109375 0.32975810546875 0.29963427734375 0.32975810546875 0.33306806640625 0.34152666015625 0.33994765625 0.3439505859375
0 0.1097017578125 0.33298125 0.11285791015625 0.33834990234375 0.1167669921875 0.356327734375 0.12614267578125 0.36882861328125 0.11832958984375 0.3774255859375 0.11871640625 0.38384111328125 0.11285791015625 0.38367607421875 0.09488525390625 0.392273046875 0.09528232421875 0.3942740234375 0.0894134765625 0.39383564453125 0.0690943359375 0.3907103515625 0.05724326171875 0.3869611328125 0.05738759765625 0.38478486328125 0.05506689453125 0.37088115234375 0.05738759765625 0.3627689453125 0.0527513671875 0.3569775390625 0.05217373046875 0.3442341796875 0.06144111328125 0.33090810546875 0.0631791015625 0.31063017578125 0.06298310546875 0.309144921875 0.07456611328125 0.3070923828125 0.0855095703125 0.3070923828125 0.0917599609375 0.3117802734375 0.1042609375 0.3141267578125 0.10504482421875 0.3250650390625 0.109129296875 0.332006640625 0.1097017578125 0.33298125
0 0.00061259765625 0.34538935546875 0.0064091796875 0.3314857421875 0.00582646484375 0.319902734375 0.0049548828125 0.31738603515625 0.01220068359375 0.31526650390625 0.02378876953125 0.3042611328125 0.0345775390625 0.302719140625 0.0400080078125 0.3019404296875 0.0527513671875 0.29614892578125 0.057965234375 0.29614892578125 0.06201875 0.3019404296875 0.06298310546875 0.309144921875 0.0631791015625 0.31063017578125 0.06144111328125 0.33090810546875 0.05217373046875 0.3442341796875 0.0527513671875 0.3569775390625 0.05738759765625 0.3627689453125 0.05506689453125 0.37088115234375 0.05738759765625 0.38478486328125 0.05724326171875 0.3869611328125 0.0568048828125 0.393474609375 0.05332890625 0.395790234375 0.0423236328125 0.3963677734375 0.03710966796875 0.4027419921875 0.0336337890625 0.4027419921875 0.0255267578125 0.3963677734375 0.0126029296875 0.37989072265625 0.011623046875 0.37377431640625 0.0011953125 0.3627689453125 0 0.35560166015625 0 0.3534138671875 0.00061259765625 0.34538935546875
0 0.00061259765625 0.30483876953125 0.0049548828125 0.31738603515625 0.00582646484375 0.319902734375 0.0064091796875 0.3314857421875 0.00061259765625 0.34538935546875 0 0.3534138671875 0 0.30398046875 0.00061259765625 0.30483876953125
0 0.44889755859375 0.32350244140625 0.4528015625 0.306313671875 0.45211044921875 0.27645380859375 0.455148046875 0.27505107421875 0.47468330078125 0.27505107421875 0.4856267578125 0.27896015625 0.49891162109375 0.2914611328125 0.50281552734375 0.3117802734375 0.48406416015625 0.34460546875 0.47859248046875 0.34773076171875 0.4723419921875 0.3367873046875 0.46764892578125 0.33366201171875 0.4527912109375 0.33185185546875 0.44889755859375 0.32350244140625
0 0.4528015625 0.306313671875 0.44889755859375 0.32350244140625 0.4527912109375 0.33185185546875 0.4570974609375 0.34108837890625 0.44420458984375 0.356327734375 0.4340501953125 0.3641408203125 0.41685625 0.35866904296875 0.407475390625 0.36336201171875 0.3996623046875 0.37195380859375 0.3949744140625 0.3727376953125 0.38481484375 0.36179423828125 0.36058662109375 0.3594529296875 0.3501794921875 0.34886015625 0.3473017578125 0.34382158203125 0.34261396484375 0.34382158203125 0.34211884765625 0.34431669921875 0.33994765625 0.3439505859375 0.33306806640625 0.34152666015625 0.32620390625 0.317251953125 0.31526044921875 0.30005810546875 0.31526044921875 0.29302890625 0.33416142578125 0.284926953125 0.34808564453125 0.27896015625 0.35589873046875 0.26801669921875 0.365439453125 0.26165791015625 0.36996748046875 0.258641015625 0.39419052734375 0.25942490234375 0.41138447265625 0.2484814453125 0.42623193359375 0.2531693359375 0.43873798828125 0.26332890625 0.44889755859375 0.2664541015625 0.4520228515625 0.272709765625 0.45211044921875 0.27645380859375 0.4528015625 0.306313671875
0 0.18499609375 0.24207109375 0.1871001953125 0.25239052734375 0.18778095703125 0.25352001953125 0.1871001953125 0.2617662109375 0.19093193359375 0.27363798828125 0.19178798828125 0.283648046875 0.2074193359375 0.3070923828125 0.197259765625 0.3117802734375 0.1965326171875 0.316024609375 0.190225390625 0.3188146484375 0.17634755859375 0.3381126953125 0.17537802734375 0.33600849609375 0.17069013671875 0.3320994140625 0.16365576171875 0.33288330078125 0.16333603515625 0.333105078125 0.16053056640625 0.331320703125 0.154280078125 0.33053681640625 0.14195966796875 0.33869541015625 0.12639541015625 0.33177451171875 0.12614267578125 0.31803583984375 0.1250494140625 0.31322939453125 0.13317705078125 0.3117802734375 0.1550587890625 0.2969328125 0.1550587890625 0.290682421875 0.15408408203125 0.2857521484375 0.15740537109375 0.2867732421875 0.16990625 0.27739755859375 0.17146884765625 0.27192587890625 0.17069013671875 0.2609875 0.165218359375 0.25239052734375 0.149896484375 0.2424115234375 0.15114970703125 0.2414470703125 0.1894466796875 0.238321875 0.18976640625 0.2444279296875 0.18499609375 0.24207109375
0 0.204294140625 0.251606640625 0.21757890625 0.265675390625 0.22382939453125 0.27817626953125 0.2457111328125 0.27505107421875 0.255870703125 0.283648046875 0.25899599609375 0.29459150390625 0.2503990234375 0.29771669921875 0.2433646484375 0.3070923828125 0.23633544921875 0.30943896484375 0.2324263671875 0.31803583984375 0.22148291015625 0.31803583984375 0.21132333984375 0.32897421875 0.19960107421875 0.32584892578125 0.19569716796875 0.3211611328125 0.1965326171875 0.316024609375 0.197259765625 0.3117802734375 0.2074193359375 0.3070923828125 0.19178798828125 0.283648046875 0.19093193359375 0.27363798828125 0.1894466796875 0.25629453125 0.18778095703125 0.25352001953125 0.1871001953125 0.25239052734375 0.18499609375 0.24207109375 0.18976640625 0.2444279296875 0.204294140625 0.251606640625
0 0.970924609375 0.37820947265625 0.955293359375 0.34304287109375 0.94357109375 0.33053681640625 0.94357109375 0.3208310546875 0.94357109375 0.30943896484375 0.9404458984375 0.30005810546875 0.9474802734375 0.2938076171875 0.95685595703125 0.28989853515625 0.959986328125 0.28052275390625 0.96467412109375 0.27739755859375 0.99359033203125 0.27896015625 0.994069921875 0.27874873046875 0.9990234375 0.27659619140625 0.9990234375 0.3867046875 0.970924609375 0.37820947265625
0 0.9810841796875 0.25395322265625 0.994069921875 0.27874873046875 0.99359033203125 0.27896015625 0.96467412109375 0.27739755859375 0.959986328125 0.28052275390625 0.95685595703125 0.28989853515625 0.9474802734375 0.2938076171875 0.9404458984375 0.30005810546875 0.94357109375 0.30943896484375 0.94357109375 0.3208310546875 0.9045005859375 0.31256416015625 0.8974662109375 0.3039671875 0.8951197265625 0.29224501953125 0.8724591796875 0.28989853515625 0.87157216796875 0.27926962890625 0.87089658203125 0.2711470703125 0.87323798828125 0.25785712890625 0.88105615234375 0.247702734375 0.8880853515625 0.2437935546875 0.89668232421875 0.2281623046875 0.90137529296875 0.22425830078125 0.91466015625 0.22269052734375 0.92817705078125 0.22776005859375 0.9334115234375 0.22972490234375 0.945917578125 0.22503701171875 0.94966689453125 0.22021513671875 0.95138935546875 0.218002734375 0.95763984375 0.218002734375 0.9787376953125 0.2234744140625 0.984993359375 0.22738359375 0.9810841796875 0.24223095703125 0.9810841796875 0.249744921875 0.9810841796875 0.25395322265625
0 0.796654296875 0.1171908203125 0.80759775390625 0.1085990234375 0.81972734375 0.104865234375 0.82791181640625 0.102343359375 0.8294744140625 0.11562822265625 0.8388552734375 0.12109990234375 0.85526533203125 0.12578779296875 0.8554921875 0.12578779296875 0.86777138671875 0.12578779296875 0.8748005859375 0.1218837890625 0.87793095703125 0.12422509765625 0.8788025390625 0.12641181640625 0.88261875 0.13594736328125 0.89590361328125 0.13516865234375 0.90606318359375 0.14610693359375 0.91466015625 0.1468908203125 0.9295076171875 0.14376552734375 0.93732060546875 0.14532822265625 0.93419541015625 0.17423916015625 0.93654189453125 0.17893212890625 0.93654189453125 0.19377958984375 0.94200849609375 0.2023765625 0.94200849609375 0.20628046875 0.92817705078125 0.22776005859375 0.91466015625 0.22269052734375 0.90137529296875 0.22425830078125 0.89668232421875 0.2281623046875 0.8880853515625 0.2437935546875 0.88105615234375 0.247702734375 0.87323798828125 0.25785712890625 0.87089658203125 0.2711470703125 0.87157216796875 0.27926962890625 0.86073701171875 0.28521064453125 0.83572998046875 0.2867732421875 0.82634912109375 0.301620703125 0.8318208984375 0.34460546875 0.8169734375 0.3524185546875 0.8115017578125 0.360231640625 0.8013421875 0.36804990234375 0.778681640625 0.374300390625 0.75992509765625 0.389931640625 0.7482029296875 0.38914775390625 0.74273115234375 0.38289736328125 0.74273115234375 0.35398115234375 0.73491806640625 0.32975810546875 0.7278837890625 0.32584892578125 0.713036328125 0.3250650390625 0.702098046875 0.317251953125 0.6919384765625 0.3039671875 0.68724541015625 0.28052275390625 0.6669314453125 0.2711470703125 0.65364150390625 0.25785712890625 0.6528626953125 0.22972490234375 0.6395779296875 0.22034921875 0.63499833984375 0.2134798828125 0.6348900390625 0.21331484375 0.6348900390625 0.20081396484375 0.64114052734375 0.1883078125 0.6325435546875 0.1797109375 0.627071875 0.167988671875 0.63098095703125 0.14923212890625 0.63098095703125 0.14031025390625 0.63098095703125 0.134384765625 0.64582841796875 0.1328220703125 0.665363671875 0.1398564453125 0.6755232421875 0.13048076171875 0.69037587890625 0.125008984375 0.6995142578125 0.1081296875 0.7005302734375 0.10625244140625 0.70912724609375 0.098439453125 0.71533642578125 0.10619580078125 0.720070703125 0.13360595703125 0.727105078125 0.1398564453125 0.74038984375 0.15939169921875 0.74898681640625 0.1625169921875 0.756016015625 0.14532822265625 0.765396875 0.13673125 0.76930078125 0.12344638671875 0.78258564453125 0.1171908203125 0.78355517578125 0.1171908203125 0.796654296875 0.1171908203125
0 0.165218359375 0.25239052734375 0.17069013671875 0.2609875 0.17146884765625 0.27192587890625 0.16990625 0.27739755859375 0.15740537109375 0.2867732421875 0.15408408203125 0.2857521484375 0.147245703125 0.283648046875 0.1394275390625 0.27817626953125 0.13317705078125 0.27739755859375 0.13083056640625 0.2797388671875 0.1269265625 0.3039671875 0.124399609375 0.31091904296875 0.123455859375 0.3135130859375 0.120676171875 0.3211611328125 0.1112076171875 0.3316919921875 0.109129296875 0.332006640625 0.10504482421875 0.3250650390625 0.1042609375 0.3141267578125 0.0917599609375 0.3117802734375 0.0855095703125 0.3070923828125 0.07456611328125 0.3070923828125 0.06298310546875 0.309144921875 0.06201875 0.3019404296875 0.057965234375 0.29614892578125 0.0527513671875 0.29614892578125 0.0400080078125 0.3019404296875 0.0345775390625 0.302719140625 0.03236513671875 0.29459150390625 0.03073037109375 0.28347265625 0.0342166015625 0.28456083984375 0.0355986328125 0.274880859375 0.04252470703125 0.269579296875 0.04721259765625 0.2617662109375 0.06049736328125 0.21878662109375 0.06841875 0.21601201171875 0.0761287109375 0.21331484375 0.0817912109375 0.213010546875 0.1034822265625 0.21175224609375 0.1269265625 0.22269052734375 0.131614453125 0.2305087890625 0.149896484375 0.2424115234375 0.165218359375 0.25239052734375
0 0.0150990234375 0.20925107421875 0.02262841796875 0.2138873046875 0.02494404296875 0.22083916015625 0.0127783203125 0.2347427734375 0.01104033203125 0.2393791015625 0.034794140625 0.25617587890625 0.04290634765625 0.2642880859375 0.04290634765625 0.26718125 0.0359544921875 0.2723951171875 0.0355986328125 0.274880859375 0.0342166015625 0.28456083984375 0.03073037109375 0.28347265625 0.0064091796875 0.27587109375 0 0.2748060546875 0 0.20925107421875 0.0150990234375 0.20925107421875
0 0.30666865234375 0.09609287109375 0.32229482421875 0.10000205078125 0.323857421875 0.10781513671875 0.321516015625 0.1195373046875 0.3316755859375 0.12578779296875 0.33245439453125 0.13673125 0.33986005859375 0.145194140625 0.3433978515625 0.14923212890625 0.3473017578125 0.167988671875 0.3543361328125 0.1718978515625 0.36918359375 0.1726765625 0.3723087890625 0.1758017578125 0.37387138671875 0.18752392578125 0.36293310546875 0.1922169921875 0.358044140625 0.20129873046875 0.357461328125 0.2023765625 0.35824521484375 0.21175224609375 0.37309267578125 0.22191181640625 0.3723087890625 0.2312875 0.36527958984375 0.2437935546875 0.36527958984375 0.2609875 0.365439453125 0.26165791015625 0.35589873046875 0.26801669921875 0.34808564453125 0.27896015625 0.33416142578125 0.284926953125 0.32776650390625 0.276613671875 0.32229482421875 0.276613671875 0.31526044921875 0.28052275390625 0.3019755859375 0.299279296875 0.2683716796875 0.28833583984375 0.2566494140625 0.2797388671875 0.24648984375 0.2617662109375 0.23946064453125 0.2312875 0.2230455078125 0.218002734375 0.22382939453125 0.20628046875 0.2285171875 0.19846748046875 0.22695458984375 0.17736953125 0.21601630859375 0.1601755859375 0.21914150390625 0.14845341796875 0.215232421875 0.14063515625 0.20643427734375 0.1313677734375 0.2003849609375 0.125008984375 0.2117513671875 0.1106515625 0.215232421875 0.10625244140625 0.22382939453125 0.1015646484375 0.2300798828125 0.1015646484375 0.2425859375 0.11094033203125 0.2480576171875 0.1195373046875 0.26055859375 0.12032119140625 0.26566416015625 0.11639140625 0.2707181640625 0.1125029296875 0.29337861328125 0.07264853515625 0.29650908203125 0.07264853515625 0.30650361328125 0.09571640625 0.30666865234375 0.09609287109375
0 0.5924931640625 0.0879240234375 0.59075009765625 0.0960568359375 0.5924931640625 0.10070341796875 0.6006259765625 0.1041896484375 0.6145708984375 0.10535 0.61224501953125 0.11522587890625 0.61398818359375 0.1175517578125 0.6232865234375 0.1204552734375 0.62385380859375 0.12415810546875 0.6256072265625 0.135560546875 0.63098095703125 0.14031025390625 0.63098095703125 0.14923212890625 0.627071875 0.167988671875 0.6325435546875 0.1797109375 0.64114052734375 0.1883078125 0.6348900390625 0.20081396484375 0.6348900390625 0.21331484375 0.63499833984375 0.2134798828125 0.62735029296875 0.220962890625 0.621543359375 0.237228515625 0.610501953125 0.25175625 0.6035294921875 0.25756318359375 0.58493798828125 0.281966796875 0.56983779296875 0.2848703125 0.55995673828125 0.290099609375 0.55066357421875 0.28835654296875 0.53091171875 0.2778978515625 0.51754951171875 0.279058203125 0.51406328125 0.2767375 0.5129029296875 0.26569599609375 0.51929267578125 0.2587287109375 0.51754951171875 0.24943037109375 0.51115986328125 0.2447837890625 0.49954072265625 0.24536650390625 0.49256826171875 0.24129755859375 0.491985546875 0.23839404296875 0.48733896484375 0.23432509765625 0.483269921875 0.22328876953125 0.48443544921875 0.19946787109375 0.4709650390625 0.1971265625 0.4723419921875 0.17018564453125 0.47758681640625 0.15620458984375 0.49069111328125 0.13697880859375 0.4915677734375 0.125617578125 0.4844251953125 0.1180572265625 0.4915677734375 0.11250810546875 0.49200615234375 0.1120697265625 0.51870986328125 0.11580869140625 0.5239392578125 0.1123224609375 0.52219609375 0.1041896484375 0.5233564453125 0.09373095703125 0.53091171875 0.0873412109375 0.536141015625 0.08559814453125 0.53962724609375 0.0809515625 0.55473251953125 0.08269462890625 0.5593791015625 0.07862568359375 0.56692919921875 0.07804287109375 0.57506201171875 0.0821119140625 0.585520703125 0.0815291015625 0.58818701171875 0.0839736328125 0.5924931640625 0.0879240234375
0 0.98565341796875 0.2508021484375 0.9810841796875 0.249744921875 0.9810841796875 0.24223095703125 0.984993359375 0.22738359375 0.9787376953125 0.2234744140625 0.95763984375 0.218002734375 0.95138935546875 0.218002734375 0.94966689453125 0.22021513671875 0.94578349609375 0.20219609375 0.94851162109375 0.19782275390625 0.962714453125 0.19181474609375 0.96380771484375 0.18034521484375 0.95998115234375 0.171608984375 0.95998115234375 0.1666890625 0.97434892578125 0.140913671875 0.9787376953125 0.1422029296875 0.988897265625 0.14923212890625 0.9990234375 0.151433984375 0.9990234375 0.2508021484375 0.98565341796875 0.2508021484375
0 0.988897265625 0.14923212890625 0.9787376953125 0.1422029296875 0.97434892578125 0.140913671875 0.9654529296875 0.13829384765625 0.96467412109375 0.129696875 0.9834306640625 0.11172421875 0.9857720703125 0.10625244140625 0.97952158203125 0.09765556640625 0.9677994140625 0.08984248046875 0.97014072265625 0.07271044921875 0.98655595703125 0.07264853515625 0.9990234375 0.06542958984375 0.9990234375 0.151433984375 0.988897265625 0.14923212890625
0 0.90918837890625 0.0809412109375 0.9173779296875 0.09295732421875 0.917924609375 0.10005361328125 0.9157431640625 0.1016935546875 0.90263369140625 0.1027869140625 0.89389228515625 0.10988828125 0.8862494140625 0.11261640625 0.88351611328125 0.11534970703125 0.8796947265625 0.12517919921875 0.8788025390625 0.12641181640625 0.87793095703125 0.12422509765625 0.8748005859375 0.1218837890625 0.86777138671875 0.12578779296875 0.8554921875 0.12578779296875 0.8540224609375 0.12190439453125 0.84419287109375 0.11644296875 0.84091298828125 0.10770166015625 0.84091298828125 0.102240234375 0.844734375 0.09350400390625 0.84364619140625 0.0847626953125 0.844734375 0.07547978515625 0.849654296875 0.0667384765625 0.85181513671875 0.06491796875 0.858576171875 0.06874970703125 0.86496591796875 0.07630498046875 0.8661314453125 0.08036875 0.8794935546875 0.07049287109375 0.88588330078125 0.0792083984375 0.89517646484375 0.07862568359375 0.9044748046875 0.0722359375 0.9054958984375 0.0722359375 0.90918837890625 0.0809412109375
0 0.70390302734375 0.05498525390625 0.71798203125 0.0559703125 0.73947705078125 0.07165322265625 0.73483046875 0.09082744140625 0.74760986328125 0.1012861328125 0.74793994140625 0.1035810546875 0.748192578125 0.10535 0.74778515625 0.1054119140625 0.73715634765625 0.10709306640625 0.7336701171875 0.110579296875 0.71533642578125 0.10619580078125 0.70912724609375 0.098439453125 0.7005302734375 0.10625244140625 0.6995142578125 0.1081296875 0.69823017578125 0.10767587890625 0.6889318359375 0.10070341796875 0.6866111328125 0.08385498046875 0.6692521484375 0.08404580078125 0.66917998046875 0.08385498046875 0.66917998046875 0.07688251953125 0.677065234375 0.0605859375 0.68312490234375 0.05945654296875 0.69300078125 0.0542271484375 0.70140185546875 0.0548099609375 0.70390302734375 0.05498525390625
0 0.40767646484375 0.085417578125 0.414664453125 0.0959072265625 0.4251541015625 0.10289521484375 0.44699970703125 0.10289521484375 0.4557359375 0.10726845703125 0.47671005859375 0.10988828125 0.47738564453125 0.110605078125 0.4844251953125 0.1180572265625 0.4915677734375 0.125617578125 0.49069111328125 0.13697880859375 0.47758681640625 0.15620458984375 0.4723419921875 0.17018564453125 0.4709650390625 0.1971265625 0.47059365234375 0.2051408203125 0.46272900390625 0.2121287109375 0.44350322265625 0.21912177734375 0.4347669921875 0.23834765625 0.41816103515625 0.24271572265625 0.408548046875 0.24184423828125 0.39893515625 0.23572783203125 0.3849541015625 0.21825029296875 0.358044140625 0.20129873046875 0.36293310546875 0.1922169921875 0.37387138671875 0.18752392578125 0.3723087890625 0.1758017578125 0.36918359375 0.1726765625 0.3543361328125 0.1718978515625 0.3473017578125 0.167988671875 0.3433978515625 0.14923212890625 0.33986005859375 0.145194140625 0.34912744140625 0.13523046875 0.35874033203125 0.12998564453125 0.35611533203125 0.1160046875 0.35699208984375 0.09852705078125 0.37184462890625 0.091533984375 0.3814576171875 0.0924107421875 0.38670234375 0.08192626953125 0.39109111328125 0.08265849609375 0.40767646484375 0.085417578125
0 0.52827119140625 0.00065478515625 0.5335109375 0.01725556640625 0.5448720703125 0.03211337890625 0.5466203125 0.0382296875 0.539632421875 0.05570732421875 0.5221548828125 0.08192626953125 0.505548828125 0.08891416015625 0.50118076171875 0.10289521484375 0.49200615234375 0.1120697265625 0.4915677734375 0.11250810546875 0.4844251953125 0.1180572265625 0.47738564453125 0.110605078125 0.47671005859375 0.10988828125 0.4557359375 0.10726845703125 0.44699970703125 0.10289521484375 0.4251541015625 0.10289521484375 0.414664453125 0.0959072265625 0.40767646484375 0.085417578125 0.39109111328125 0.08265849609375 0.39893515625 0.06706845703125 0.39194716796875 0.056583984375 0.39981181640625 0.04084951171875 0.40156015625 0.02599697265625 0.4033083984375 0.02337197265625 0.41554111328125 0.02162890625 0.4164126953125 0.00939091796875 0.4347669921875 0.00677109375 0.445767578125 0 0.52686787109375 0 0.52827119140625 0.00065478515625
0 0.37446962890625 0.00764267578125 0.37359296875 0.0137642578125 0.36485673828125 0.0207521484375 0.36397998046875 0.03298486328125 0.3596119140625 0.0425978515625 0.351747265625 0.0504625 0.35699208984375 0.07143662109375 0.35261884765625 0.08104951171875 0.33077314453125 0.09066240234375 0.30650361328125 0.09571640625 0.29650908203125 0.07264853515625 0.29337861328125 0.07264853515625 0.2707181640625 0.1125029296875 0.26566416015625 0.11639140625 0.26348779296875 0.11513310546875 0.23989384765625 0.0959072265625 0.23202919921875 0.07493310546875 0.22853271484375 0.0487193359375 0.219951171875 0.0409166015625 0.2200388671875 0.04067421875 0.21930654296875 0.04044208984375 0.21455166015625 0.03386162109375 0.21455166015625 0.028616796875 0.22099296875 0.01932880859375 0.2250361328125 0.02337197265625 0.2407654296875 0.02337197265625 0.254746484375 0.0294935546875 0.264359375 0.01550732421875 0.2809654296875 0.0146357421875 0.27924326171875 0 0.3644099609375 0 0.37446962890625 0.00764267578125
0 0.17339765625 0.00504345703125 0.179875 0.0115208984375 0.18181923828125 0.01670380859375 0.1882966796875 0.0212369140625 0.1882966796875 0.02383095703125 0.1649759765625 0.03872998046875 0.15007705078125 0.04455751953125 0.1481328125 0.04779619140625 0.164326171875 0.05621787109375 0.1695091796875 0.0555732421875 0.1792251953125 0.04844599609375 0.1792251953125 0.0367857421875 0.18440810546875 0.0322525390625 0.20384541015625 0.03549130859375 0.21930654296875 0.04044208984375 0.2200388671875 0.04067421875 0.219951171875 0.0409166015625 0.2168001953125 0.0497404296875 0.21161728515625 0.0549234375 0.19024091796875 0.0652892578125 0.18181923828125 0.0717666015625 0.183113671875 0.07630498046875 0.18959111328125 0.0840767578125 0.20578447265625 0.09897578125 0.21161728515625 0.10998623046875 0.2117513671875 0.1106515625 0.2003849609375 0.125008984375 0.20643427734375 0.1313677734375 0.20578447265625 0.143028125 0.20254580078125 0.146266796875 0.18116943359375 0.1456169921875 0.17858056640625 0.14367275390625 0.17534189453125 0.135251171875 0.17728095703125 0.11193046875 0.17534189453125 0.10739736328125 0.1727478515625 0.10674755859375 0.170158984375 0.10998623046875 0.1695091796875 0.12553505859375 0.1649759765625 0.13266220703125 0.164326171875 0.139789453125 0.172098046875 0.15857685546875 0.17469208984375 0.18189755859375 0.17404228515625 0.185780859375 0.16692021484375 0.19096376953125 0.15655439453125 0.19550205078125 0.14942724609375 0.19550205078125 0.14359453125 0.1929080078125 0.1332337890625 0.18060302734375 0.1286955078125 0.1644044921875 0.12286787109375 0.1611658203125 0.11832958984375 0.15144970703125 0.1099080078125 0.14432255859375 0.107319140625 0.19161357421875 0.10019189453125 0.1961466796875 0.0956587890625 0.19550205078125 0.0917703125 0.19226337890625 0.0859427734375 0.1929080078125 0.08723720703125 0.20003515625 0.0917703125 0.20780703125 0.08270400390625 0.2116955078125 0.0817912109375 0.213010546875 0.0761287109375 0.21331484375 0.06841875 0.21601201171875 0.06197236328125 0.2116955078125 0.0548451171875 0.20262412109375 0.05225625 0.18837490234375 0.04966220703125 0.185780859375 0.05420048828125 0.1708818359375 0.04318486328125 0.16311005859375 0.04253505859375 0.1566326171875 0.0483677734375 0.1533939453125 0.04253505859375 0.15144970703125 0.03476318359375 0.1566326171875 0.02504716796875 0.17023720703125 0.0185697265625 0.1831919921875 0.01792001953125 0.19226337890625 0.00949833984375 0.2019794921875 0.0010767578125 0.20651259765625 0 0.20701279296875 0 0 0.1582671875 0 0.17339765625 0.00504345703125
0 0.2809654296875 0.0146357421875 0.264359375 0.01550732421875 0.254746484375 0.0294935546875 0.2407654296875 0.02337197265625 0.2250361328125 0.02337197265625 0.22099296875 0.01932880859375 0.2189197265625 0.01725556640625 0.21280341796875 0.00415126953125 0.20412216796875 0 0.27924326171875 0 0.2809654296875 0.0146357421875
0 0.67440927734375 0.042025390625 0.679055859375 0.050158203125 0.6778955078125 0.05887373046875 0.677065234375 0.0605859375 0.66917998046875 0.07688251953125 0.66917998046875 0.08385498046875 0.6692521484375 0.08404580078125 0.6720833984375 0.09198779296875 0.66743681640625 0.096634375 0.65291435546875 0.09954306640625 0.6407125 0.10535 0.62385380859375 0.12415810546875 0.6232865234375 0.1204552734375 0.61398818359375 0.1175517578125 0.61224501953125 0.11522587890625 0.6145708984375 0.10535 0.6006259765625 0.1041896484375 0.5924931640625 0.10070341796875 0.59075009765625 0.0960568359375 0.5924931640625 0.0879240234375 0.58818701171875 0.0839736328125 0.58900693359375 0.07049287109375 0.59656220703125 0.058291015625 0.5953966796875 0.0553875 0.58784658203125 0.04957548828125 0.59597939453125 0.0408650390625 0.59772255859375 0.0327322265625 0.602369140625 0.03040634765625 0.60701572265625 0.0327322265625 0.610501953125 0.02808046875 0.61340537109375 0.02808046875 0.6168916015625 0.033309765625 0.62037783203125 0.033309765625 0.6232865234375 0.03040634765625 0.6285107421875 0.017626953125 0.63316240234375 0.01239755859375 0.64478154296875 0.0129751953125 0.64913408203125 0.008225390625 0.65117119140625 0.006002734375 0.6587212890625 0.0100716796875 0.66801962890625 0.0100716796875 0.66917998046875 0.01530107421875 0.6645333984375 0.02227353515625 0.6645333984375 0.02924599609375 0.66860234375 0.03737880859375 0.673728515625 0.0414787109375 0.67440927734375 0.042025390625
0 0.74760986328125 0.1012861328125 0.73483046875 0.09082744140625 0.73947705078125 0.07165322265625 0.71798203125 0.0559703125 0.70390302734375 0.05498525390625 0.7086888671875 0.0460943359375 0.7139130859375 0.0431857421875 0.7249544921875 0.04492880859375 0.729018359375 0.04376845703125 0.72844072265625 0.0327322265625 0.73134423828125 0.01646142578125 0.73657353515625 0.01646142578125 0.74296328125 0.01937001953125 0.7493529296875 0.017626953125 0.76155478515625 0.0321494140625 0.77084794921875 0.03156669921875 0.7714306640625 0.0350529296875 0.77666005859375 0.039121875 0.77666005859375 0.0559703125 0.7662013671875 0.0885015625 0.7574857421875 0.1012861328125 0.74793994140625 0.1035810546875 0.74760986328125 0.1012861328125
0 0.90330927734375 0.00309921875 0.9044748046875 0.01239755859375 0.91028173828125 0.01181484375 0.916671484375 0.00658544921875 0.918997265625 0.00658544921875 0.92538701171875 0.01239755859375 0.93816640625 0.00948896484375 0.94365361328125 0.0156671875 0.9381044921875 0.01950927734375 0.9357580078125 0.025759765625 0.93732060546875 0.036698046875 0.930286328125 0.04216982421875 0.927944921875 0.04764150390625 0.9295076171875 0.05857978515625 0.9357580078125 0.06171025390625 0.945917578125 0.0515505859375 0.94732548828125 0.05170537109375 0.944561328125 0.061199609375 0.9428181640625 0.06177724609375 0.94165263671875 0.066423828125 0.94804755859375 0.07688251953125 0.94688203125 0.08443779296875 0.93235947265625 0.08036875 0.92132314453125 0.08559814453125 0.90796103515625 0.0722359375 0.9054958984375 0.0722359375 0.9044748046875 0.0722359375 0.89517646484375 0.07862568359375 0.88588330078125 0.0792083984375 0.8794935546875 0.07049287109375 0.8661314453125 0.08036875 0.86496591796875 0.07630498046875 0.858576171875 0.06874970703125 0.85181513671875 0.06491796875 0.84114501953125 0.05887373046875 0.836802734375 0.0539435546875 0.8364984375 0.05364443359375 0.8364984375 0.04260810546875 0.84288818359375 0.0344701171875 0.8516037109375 0.02750283203125 0.85218642578125 0.02459423828125 0.83824150390625 0.01181484375 0.8353380859375 0.00542509765625 0.83688525390625 0.00253193359375 0.8382330078125 0 0.89297998046875 0 0.90330927734375 0.00309921875
0 0.9820125 0.00236171875 0.998278125 0.007787109375 0.9990234375 0.008780859375 0.9990234375 0.06542958984375 0.98655595703125 0.07264853515625 0.97014072265625 0.07271044921875 0.96701552734375 0.0671767578125 0.9677994140625 0.0562384765625 0.97327109375 0.048425390625 0.97327109375 0.041391015625 0.9701458984375 0.03513544921875 0.9677994140625 0.0359193359375 0.959986328125 0.05311328125 0.94732548828125 0.05170537109375 0.945917578125 0.0515505859375 0.9357580078125 0.06171025390625 0.9295076171875 0.05857978515625 0.927944921875 0.04764150390625 0.930286328125 0.04216982421875 0.93732060546875 0.036698046875 0.9357580078125 0.025759765625 0.9381044921875 0.01950927734375 0.94365361328125 0.0156671875 0.94826416015625 0.01247490234375 0.95842373046875 0.01325361328125 0.96154892578125 0.005440625 0.96284853515625 0.00430087890625 0.96776376953125 0 0.97492724609375 0 0.9820125 0.00236171875
0 0.8364984375 0.00135615234375 0.83688525390625 0.00253193359375 0.8353380859375 0.00542509765625 0.83824150390625 0.01181484375 0.85218642578125 0.02459423828125 0.8516037109375 0.02750283203125 0.84288818359375 0.0344701171875 0.8364984375 0.04260810546875 0.8364984375 0.05364443359375 0.836802734375 0.0539435546875 0.83592080078125 0.061199609375 0.83882431640625 0.0710755859375 0.8353380859375 0.0733962890625 0.828365625 0.0733962890625 0.82197587890625 0.07746533203125 0.8213931640625 0.0815291015625 0.82371904296875 0.08559814453125 0.8243017578125 0.09314814453125 0.81972734375 0.104865234375 0.80759775390625 0.1085990234375 0.796654296875 0.1171908203125 0.78355517578125 0.1171908203125 0.7824669921875 0.11580869140625 0.7743341796875 0.1123224609375 0.7551650390625 0.1094189453125 0.74778515625 0.1054119140625 0.748192578125 0.10535 0.74793994140625 0.1035810546875 0.7574857421875 0.1012861328125 0.7662013671875 0.0885015625 0.77666005859375 0.0559703125 0.77666005859375 0.039121875 0.7714306640625 0.0350529296875 0.77084794921875 0.03156669921875 0.76155478515625 0.0321494140625 0.7493529296875 0.017626953125 0.74296328125 0.01937001953125 0.73657353515625 0.01646142578125 0.73134423828125 0.01646142578125 0.72844072265625 0.0327322265625 0.729018359375 0.04376845703125 0.7249544921875 0.04492880859375 0.7139130859375 0.0431857421875 0.7086888671875 0.0460943359375 0.70390302734375 0.05498525390625 0.70140185546875 0.0548099609375 0.687771484375 0.04435126953125 0.673728515625 0.0414787109375 0.66860234375 0.03737880859375 0.6645333984375 0.02924599609375 0.6645333984375 0.02227353515625 0.66917998046875 0.01530107421875 0.66801962890625 0.0100716796875 0.6587212890625 0.0100716796875 0.65117119140625 0.006002734375 0.64913408203125 0.008225390625 0.64710224609375 0.00368203125 0.64606201171875 0 0.8366255859375 0 0.8364984375 0.00135615234375
0 0.59207548828125 0.0048939453125 0.5860673828125 0.0048939453125 0.574724609375 0 0.59238212890625 0 0.59207548828125 0.0048939453125
0 0.92653193359375 0.00299091796875 0.917056640625 0 0.95566259765625 0 0.92653193359375 0.00299091796875
0 0.96284853515625 0.00430087890625 0.95566494140625 0 0.96776376953125 0 0.96284853515625 0.00430087890625
0 0.98330693359375 0.00149541015625 0.9820125 0.00236171875 0.97492724609375 0 0.98492705078125 0 0.98330693359375 0.00149541015625