0 0.0016654296875 0.89995087890625 0.00432138671875 0.897294921875 0.0086328125 0.8951392578125 0.022634375 0.90699033203125 0.03340771484375 0.9371544921875 0.0484923828125 0.9457720703125 0.05064287109375 0.96301240234375 0.0861962890625 0.96408515625 0.10127578125 0.95438974609375 0.11636044921875 0.95008349609375 0.12928935546875 0.96408515625 0.1346734375 0.9834759765625 0.143291015625 0.9910208984375 0.14529287109375 0.9990234375 0 0.9990234375 0 0.90161630859375 0.0016654296875 0.89995087890625
0 0.0016654296875 0.89995087890625 0 0.90161630859375 0 0.8953712890625 0.0016654296875 0.89995087890625
0 0.00001005859375 0.8488177734375 0.01509462890625 0.8574353515625 0.0075548828125 0.87252001953125 0 0.87780732421875 0 0.84882236328125 0.00001005859375 0.8488177734375
0 0.01509462890625 0.59673125 0.01617255859375 0.60642666015625 0.00539921875 0.62258916015625 0.00539921875 0.6484419921875 0 0.657276171875 0 0.5876734375 0.01509462890625 0.59673125
0 0.0075548828125 0.438370703125 0.03734775390625 0.45004130859375 0.05279853515625 0.445915625 0.05603212890625 0.44052646484375 0.07972919921875 0.4437599609375 0.0948138671875 0.43298671875 0.09696953125 0.4362150390625 0.10127578125 0.44268212890625 0.1120490234375 0.450221875 0.109893359375 0.4696126953125 0.12174443359375 0.4814638671875 0.11528251953125 0.50301044921875 0.09696953125 0.53425244140625 0.0829626953125 0.54502568359375 0.06464970703125 0.55148759765625 0.043103125 0.56872275390625 0.014016796875 0.5698005859375 0 0.57862783203125 0 0.433202734375 0.0075548828125 0.438370703125
0 0.00971064453125 0.1561251953125 0.02155654296875 0.1776666015625 0.02586796875 0.2142978515625 0.01078330078125 0.23368876953125 0.01509462890625 0.2476904296875 0.0366412109375 0.26169716796875 0.03771904296875 0.2724705078125 0.043103125 0.278932421875 0.059265625 0.27354833984375 0.0700337890625 0.274626171875 0.08188486328125 0.28216591796875 0.0861962890625 0.2940169921875 0.10019794921875 0.3058681640625 0.097428515625 0.31972021484375 0.09696953125 0.32202548828125 0.07865654296875 0.33926064453125 0.105587109375 0.345727734375 0.11097119140625 0.36511865234375 0.1034314453125 0.3748140625 0.10450927734375 0.38235380859375 0.11851611328125 0.400666796875 0.11851611328125 0.40820654296875 0.1034314453125 0.4232912109375 0.09696953125 0.4362150390625 0.0948138671875 0.43298671875 0.07972919921875 0.4437599609375 0.05603212890625 0.44052646484375 0.05279853515625 0.445915625 0.03734775390625 0.45004130859375 0.0075548828125 0.438370703125 0 0.433202734375 0 0.14984287109375 0.00971064453125 0.1561251953125
0 0.997330078125 0.755530078125 0.9990234375 0.7540623046875 0.9990234375 0.76061337890625 0.997330078125 0.755530078125
0 0.8273298828125 0.983615234375 0.8400783203125 0.97936572265625 0.8698298828125 0.9949455078125 0.87279453125 0.9990234375 0.82116279296875 0.9990234375 0.8273298828125 0.983615234375
0 0.7226345703125 0.99623994140625 0.72604345703125 0.99454326171875 0.7508287109375 0.9821970703125 0.759327734375 0.9821970703125 0.769244921875 0.9949455078125 0.789079296875 0.99069599609375 0.801827734375 0.9949455078125 0.8103267578125 0.98928291015625 0.81564033203125 0.9990234375 0.7214603515625 0.9990234375 0.7226345703125 0.99623994140625
0 0.30882001953125 0.986446484375 0.28190478515625 0.97511630859375 0.28048662109375 0.96519912109375 0.286154296875 0.95244541015625 0.3272361328125 0.9184443359375 0.3314908203125 0.9028646484375 0.35840595703125 0.88161201171875 0.3541564453125 0.86886357421875 0.35497646484375 0.84371728515625 0.35537353515625 0.8316134765625 0.36832314453125 0.81927763671875 0.3718505859375 0.82045341796875 0.37257265625 0.82069580078125 0.38107158203125 0.84619794921875 0.38957060546875 0.8561099609375 0.40515546875 0.84619794921875 0.4334888671875 0.8674453125 0.45474140625 0.8660271484375 0.481656640625 0.857528125 0.5128263671875 0.8830302734375 0.546822265625 0.8674453125 0.53549208984375 0.8561099609375 0.541159765625 0.84619794921875 0.55988017578125 0.847683203125 0.55890546875 0.85776025390625 0.55815771484375 0.8660271484375 0.573742578125 0.87878076171875 0.56665673828125 0.9156130859375 0.57799208984375 0.92977978515625 0.58082333984375 0.951032421875 0.5751556640625 0.960949609375 0.54965869140625 0.97511630859375 0.53976396484375 0.9990234375 0.32454013671875 0.9990234375 0.30882001953125 0.986446484375
0 0.8103267578125 0.98928291015625 0.801827734375 0.9949455078125 0.789079296875 0.99069599609375 0.769244921875 0.9949455078125 0.759327734375 0.9821970703125 0.7508287109375 0.9821970703125 0.72604345703125 0.99454326171875 0.71965888671875 0.98786474609375 0.72532666015625 0.96944853515625 0.7139912109375 0.95953134765625 0.712578125 0.951032421875 0.71965888671875 0.9453646484375 0.7210771484375 0.9354474609375 0.69416201171875 0.9453646484375 0.68707607421875 0.94252822265625 0.68424482421875 0.9255302734375 0.69416201171875 0.90994541015625 0.69416201171875 0.89152919921875 0.66724169921875 0.86886357421875 0.66724169921875 0.83203125 0.64740732421875 0.83203125 0.61624267578125 0.81927763671875 0.6020759765625 0.80794736328125 0.59923955078125 0.7937806640625 0.6049072265625 0.78811298828125 0.633240625 0.78811298828125 0.6417447265625 0.78102705078125 0.6417447265625 0.76969677734375 0.6219103515625 0.7640291015625 0.61340625 0.75127548828125 0.630409375 0.7441947265625 0.633240625 0.7144431640625 0.65732451171875 0.71019365234375 0.65874267578125 0.703112890625 0.6445759765625 0.68186025390625 0.64599423828125 0.6549451171875 0.6814083984375 0.66202587890625 0.68707607421875 0.65919462890625 0.69557509765625 0.64077841796875 0.7155951171875 0.63407412109375 0.73524384765625 0.63936025390625 0.7437427734375 0.656358203125 0.752241796875 0.65919462890625 0.75649638671875 0.63936025390625 0.77632568359375 0.64219150390625 0.78766103515625 0.6351107421875 0.80324599609375 0.6577763671875 0.81316318359375 0.6577763671875 0.82449345703125 0.65069560546875 0.83299755859375 0.65069560546875 0.83866005859375 0.66202587890625 0.8499955078125 0.65352685546875 0.85566318359375 0.656358203125 0.85849443359375 0.676192578125 0.85424501953125 0.686109765625 0.85707626953125 0.703112890625 0.8528267578125 0.71161181640625 0.8627439453125 0.698858203125 0.87549755859375 0.7144431640625 0.8797470703125 0.708775390625 0.90099453125 0.70027646484375 0.8995814453125 0.72011083984375 0.91799765625 0.728609765625 0.92366533203125 0.74277646484375 0.93783203125 0.7413634765625 0.94349453125 0.74844423828125 0.94349453125 0.7569431640625 0.98316337890625 0.77110986328125 0.98316337890625 0.7767775390625 0.96757841796875 0.7937806640625 0.97324619140625 0.81927763671875 0.98316337890625 0.8334443359375 0.9990234375 0.83185947265625 0.9990234375 0.9990234375 0.87279453125 0.9990234375 0.8698298828125 0.9949455078125 0.8400783203125 0.97936572265625 0.8273298828125 0.983615234375 0.82116279296875 0.9990234375 0.81564033203125 0.9990234375 0.8103267578125 0.98928291015625
0 0.0086328125 0.70553671875 0.03125205078125 0.68722373046875 0.0452587890625 0.69153505859375 0.0571099609375 0.70123046875 0.07111162109375 0.70015263671875 0.07757861328125 0.69369072265625 0.07865654296875 0.66675498046875 0.092658203125 0.65383115234375 0.11636044921875 0.641980078125 0.14221318359375 0.64628623046875 0.163759765625 0.6365908203125 0.1777666015625 0.6365908203125 0.1863841796875 0.625817578125 0.19392392578125 0.60319833984375 0.20469716796875 0.59458076171875 0.2181779296875 0.59008369140625 0.217626171875 0.5988869140625 0.22516591796875 0.6107380859375 0.22301015625 0.63120673828125 0.2294720703125 0.63551298828125 0.2704095703125 0.64090224609375 0.2779544921875 0.6613708984375 0.2768765625 0.713081640625 0.2811828125 0.73139462890625 0.30057373046875 0.75832529296875 0.310269140625 0.76478720703125 0.31888671875 0.7820275390625 0.33397138671875 0.7906451171875 0.3501287109375 0.79280078125 0.35166552734375 0.79433759765625 0.35444013671875 0.80357412109375 0.35444013671875 0.81326953125 0.343666796875 0.82511552734375 0.33181572265625 0.83158251953125 0.33181572265625 0.8348109375 0.35444013671875 0.84343369140625 0.35497646484375 0.84371728515625 0.3541564453125 0.86886357421875 0.35840595703125 0.88161201171875 0.3314908203125 0.9028646484375 0.3272361328125 0.9184443359375 0.286154296875 0.95244541015625 0.28048662109375 0.96519912109375 0.28190478515625 0.97511630859375 0.30882001953125 0.986446484375 0.32454013671875 0.9990234375 0.14529287109375 0.9990234375 0.143291015625 0.9910208984375 0.1346734375 0.9834759765625 0.12928935546875 0.96408515625 0.11636044921875 0.95008349609375 0.10127578125 0.95438974609375 0.0861962890625 0.96408515625 0.05064287109375 0.96301240234375 0.0484923828125 0.9457720703125 0.03340771484375 0.9371544921875 0.022634375 0.90699033203125 0.0086328125 0.8951392578125 0.00432138671875 0.897294921875 0.0016654296875 0.89995087890625 0 0.8953712890625 0 0.87780732421875 0.0075548828125 0.87252001953125 0.01509462890625 0.8574353515625 0.00001005859375 0.8488177734375 0 0.84882236328125 0 0.70348232421875 0.0086328125 0.70553671875
0 0.5128005859375 0.517012109375 0.51341943359375 0.5281927734375 0.51387841796875 0.53748076171875 0.52034033203125 0.5482541015625 0.52249599609375 0.55148759765625 0.53434716796875 0.54933193359375 0.5418869140625 0.5611830078125 0.54080908203125 0.567644921875 0.5246517578125 0.57734033203125 0.5192625 0.58919150390625 0.54080908203125 0.58919150390625 0.54296474609375 0.59996474609375 0.54727099609375 0.604276171875 0.55481591796875 0.6021205078125 0.56989541015625 0.604276171875 0.58282431640625 0.63012890625 0.58066865234375 0.63444033203125 0.54727099609375 0.63766865234375 0.54080908203125 0.64090224609375 0.53650283203125 0.64628623046875 0.5332693359375 0.66352666015625 0.53650283203125 0.6699884765625 0.564511328125 0.67429990234375 0.5623556640625 0.68506796875 0.57743515625 0.68076181640625 0.5795908203125 0.6883015625 0.57205107421875 0.6990748046875 0.59359765625 0.7195435546875 0.5709732421875 0.74970771484375 0.55697158203125 0.759403125 0.5537380859375 0.77879404296875 0.5461982421875 0.79602919921875 0.54727099609375 0.80357412109375 0.57205107421875 0.8240427734375 0.5709732421875 0.84450634765625 0.55890546875 0.85776025390625 0.55988017578125 0.847683203125 0.541159765625 0.84619794921875 0.53549208984375 0.8561099609375 0.546822265625 0.8674453125 0.5128263671875 0.8830302734375 0.481656640625 0.857528125 0.45474140625 0.8660271484375 0.4334888671875 0.8674453125 0.40515546875 0.84619794921875 0.38957060546875 0.8561099609375 0.38107158203125 0.84619794921875 0.37257265625 0.82069580078125 0.3718505859375 0.82045341796875 0.35551796875 0.79818486328125 0.35166552734375 0.79433759765625 0.3501287109375 0.79280078125 0.33397138671875 0.7906451171875 0.31888671875 0.7820275390625 0.310269140625 0.76478720703125 0.30057373046875 0.75832529296875 0.2811828125 0.73139462890625 0.2768765625 0.713081640625 0.2779544921875 0.6613708984375 0.2704095703125 0.64090224609375 0.2294720703125 0.63551298828125 0.22301015625 0.63120673828125 0.22516591796875 0.6107380859375 0.217626171875 0.5988869140625 0.2181779296875 0.59008369140625 0.21870400390625 0.5816517578125 0.214392578125 0.570878515625 0.2208544921875 0.5417921875 0.20900341796875 0.52455693359375 0.2036193359375 0.48684794921875 0.21870400390625 0.4696126953125 0.2370169921875 0.47176845703125 0.26394765625 0.48684794921875 0.2704095703125 0.48038603515625 0.27148740234375 0.46637919921875 0.2768765625 0.4566837890625 0.29411181640625 0.44698828125 0.2973453125 0.44914404296875 0.3016515625 0.48684794921875 0.310269140625 0.48792578125 0.31565830078125 0.48361953125 0.32212021484375 0.46315078125 0.34474462890625 0.4362150390625 0.360901953125 0.43944853515625 0.38244853515625 0.43406455078125 0.38783779296875 0.44268212890625 0.40615078125 0.4437599609375 0.4126126953125 0.450221875 0.397533203125 0.48684794921875 0.401839453125 0.496543359375 0.43092578125 0.50301044921875 0.45678369140625 0.48792578125 0.4621677734375 0.48792578125 0.46970751953125 0.49977685546875 0.47401884765625 0.5213234375 0.49233193359375 0.5148615234375 0.50271318359375 0.51594970703125 0.5128005859375 0.517012109375
0 0.58471181640625 0.24471982421875 0.59658359375 0.25541064453125 0.60489697265625 0.25541064453125 0.62033740234375 0.24471982421875 0.65833525390625 0.24828349609375 0.67377578125 0.238783984375 0.6872255859375 0.2342044921875 0.69514697265625 0.238783984375 0.6956111328125 0.239547265625 0.7117736328125 0.2660962890625 0.7390859375 0.28034541015625 0.7402720703125 0.304094140625 0.74977666015625 0.3183484375 0.78777451171875 0.3337837890625 0.79252421875 0.3409109375 0.7937103515625 0.3622822265625 0.804401171875 0.37297294921875 0.79965146484375 0.39672158203125 0.804401171875 0.42284775390625 0.8139005859375 0.43947431640625 0.8340857421875 0.45609580078125 0.8350294921875 0.48088623046875 0.83523056640625 0.4862083984375 0.8291193359375 0.49602763671875 0.81627294921875 0.51666142578125 0.8067734375 0.522597265625 0.7972740234375 0.53803779296875 0.7770888671875 0.54753720703125 0.75689873046875 0.54990947265625 0.75214892578125 0.54872333984375 0.7462130859375 0.53922392578125 0.73789970703125 0.545159765625 0.7236505859375 0.545159765625 0.72008701171875 0.54872333984375 0.72245927734375 0.57009970703125 0.69514697265625 0.5890986328125 0.6808978515625 0.590284765625 0.67377578125 0.58316279296875 0.676148046875 0.5582228515625 0.67377578125 0.5558505859375 0.65898505859375 0.551611328125 0.61202412109375 0.56178642578125 0.585898046875 0.55347314453125 0.56689912109375 0.5427875 0.56214931640625 0.53922392578125 0.56214931640625 0.530910546875 0.57045751953125 0.51666142578125 0.56808525390625 0.51072548828125 0.5526447265625 0.51309775390625 0.52058271484375 0.52853828125 0.514646875 0.52853828125 0.51341943359375 0.5281927734375 0.5128005859375 0.517012109375 0.50271318359375 0.51594970703125 0.5015837890625 0.51191162109375 0.50396123046875 0.4727224609375 0.48258486328125 0.4477876953125 0.4873345703125 0.4192841796875 0.4766490234375 0.41097080078125 0.4707080078125 0.39790771484375 0.469521875 0.38840830078125 0.4766490234375 0.3824724609375 0.4766490234375 0.37772265625 0.46833564453125 0.36109599609375 0.4671443359375 0.349219140625 0.48258486328125 0.33853349609375 0.49265166015625 0.3128044921875 0.4932705078125 0.3112212890625 0.49351806640625 0.31097373046875 0.4992115234375 0.3052853515625 0.50871103515625 0.30290791015625 0.51939658203125 0.2886587890625 0.5217740234375 0.26491005859375 0.534837109375 0.25065576171875 0.549086328125 0.22334345703125 0.55620830078125 0.22334345703125 0.56214931640625 0.23284296875 0.56808525390625 0.23522041015625 0.5728349609375 0.22097119140625 0.579962109375 0.22097119140625 0.58471181640625 0.22690712890625 0.58471181640625 0.2309296875 0.58471181640625 0.24471982421875
0 0.24864638671875 0.33971962890625 0.2830806640625 0.3314115234375 0.29021298828125 0.3087716796875 0.2974072265625 0.3111439453125 0.29377138671875 0.31478486328125 0.29495751953125 0.32784794921875 0.316333984375 0.33616123046875 0.33295546875 0.33616123046875 0.34153173828125 0.341875390625 0.33396103515625 0.35704765625 0.33396103515625 0.367037109375 0.3406189453125 0.3781404296875 0.3406189453125 0.38702099609375 0.33506982421875 0.391461328125 0.30953681640625 0.38812978515625 0.29732470703125 0.39811923828125 0.26846533203125 0.40034189453125 0.26180224609375 0.41588037109375 0.24959013671875 0.42254345703125 0.2329376953125 0.4192119140625 0.22405712890625 0.4069998046875 0.20074677734375 0.40034189453125 0.1940837890625 0.3925701171875 0.1940837890625 0.38258076171875 0.20296435546875 0.37702646484375 0.1940837890625 0.36259677734375 0.19519775390625 0.354825 0.206739453125 0.33789921875 0.24864638671875 0.33971962890625
0 0.3699888671875 0.13925625 0.36282041015625 0.160771875 0.3433109375 0.1873775390625 0.340149609375 0.19895537109375 0.34023212890625 0.20554619140625 0.34967490234375 0.2334412109375 0.35152626953125 0.2490724609375 0.3590763671875 0.2580408203125 0.40223134765625 0.2715060546875 0.41493857421875 0.296064453125 0.4198275390625 0.3008193359375 0.419151953125 0.3026037109375 0.4176357421875 0.3133357421875 0.400287109375 0.31437744140625 0.38374814453125 0.31375859375 0.36301123046875 0.30825078125 0.34471884765625 0.2994166015625 0.32650380859375 0.2971732421875 0.31483837890625 0.2899068359375 0.302419921875 0.28841123046875 0.28911455078125 0.28199052734375 0.2819099609375 0.28117578125 0.2830806640625 0.25659677734375 0.27595859375 0.238783984375 0.28664423828125 0.2257208984375 0.28783037109375 0.21265791015625 0.27833095703125 0.193658984375 0.28783037109375 0.18415947265625 0.29495751953125 0.1604056640625 0.30683447265625 0.15446982421875 0.31514267578125 0.14259287109375 0.33058310546875 0.139029296875 0.34126875 0.13190732421875 0.361458984375 0.1354708984375 0.3698703125 0.13266533203125 0.3699888671875 0.13925625
0 0.992028515625 0.6840984375 0.992028515625 0.6745990234375 0.9872787109375 0.66628564453125 0.9789654296875 0.667476953125 0.97183828125 0.67934873046875 0.96590234375 0.6805400390625 0.9504619140625 0.667476953125 0.92671318359375 0.66272724609375 0.900587109375 0.69122568359375 0.8851517578125 0.695975390625 0.88158818359375 0.69122568359375 0.88277431640625 0.6603498046875 0.8709025390625 0.6377873046875 0.8625892578125 0.62947392578125 0.8340857421875 0.62472421875 0.81152314453125 0.6033478515625 0.812714453125 0.59266220703125 0.83052724609375 0.57128583984375 0.83052724609375 0.53328798828125 0.8542759765625 0.52853828125 0.8625892578125 0.520225 0.85783955078125 0.5095341796875 0.8291193359375 0.49602763671875 0.83523056640625 0.4862083984375 0.8350294921875 0.48088623046875 0.8483400390625 0.477472265625 0.86615283203125 0.46084560546875 0.866580859375 0.46084560546875 0.8709025390625 0.46084560546875 0.88040205078125 0.46560048828125 0.8998083984375 0.48357314453125 0.9124640625 0.4952849609375 0.93383525390625 0.50435126953125 0.95165322265625 0.51191162109375 0.96946591796875 0.5297244140625 0.9724365234375 0.52906435546875 0.9801515625 0.52734697265625 0.98608740234375 0.5214111328125 0.99440078125 0.522597265625 0.9990234375 0.52887021484375 0.9990234375 0.68473642578125 0.992028515625 0.6840984375
0 0.99257001953125 0.50055048828125 0.9724365234375 0.52906435546875 0.96946591796875 0.5297244140625 0.95165322265625 0.51191162109375 0.93383525390625 0.50435126953125 0.92983330078125 0.49135009765625 0.9030625 0.48298525390625 0.8998083984375 0.48357314453125 0.88040205078125 0.46560048828125 0.8709025390625 0.46084560546875 0.866580859375 0.46084560546875 0.87127900390625 0.447849609375 0.88967978515625 0.42777275390625 0.88633271484375 0.40853662109375 0.8888443359375 0.3742416015625 0.89135068359375 0.363365234375 0.898880078125 0.34914697265625 0.90055615234375 0.33325263671875 0.9064095703125 0.31986982421875 0.90975654296875 0.3165228515625 0.92565087890625 0.3165228515625 0.939869140625 0.2981169921875 0.96245224609375 0.3031400390625 0.96663466796875 0.29979306640625 0.9683107421875 0.2930990234375 0.9599458984375 0.2780453125 0.9883875 0.264657421875 0.9990234375 0.2717490234375 0.9990234375 0.49708271484375 0.99257001953125 0.50055048828125
0 0.9855150390625 0.11635849609375 0.98490126953125 0.1152806640625 0.96352490234375 0.09746787109375 0.9670884765625 0.0523427734375 0.98371513671875 0.0155310546875 0.983390234375 0.01515458984375 0.9956748046875 0 0.9990234375 0 0.9990234375 0.1185205078125 0.9855150390625 0.11635849609375
0 0.903444140625 0.161669140625 0.896786328125 0.16721826171875 0.896786328125 0.1727673828125 0.93897177734375 0.18831103515625 0.94452080078125 0.19275126953125 0.94229814453125 0.20274072265625 0.91565625 0.2193931640625 0.9023353515625 0.2360455078125 0.87680234375 0.2338228515625 0.87014443359375 0.2382630859375 0.850160546875 0.2382630859375 0.82129599609375 0.26046982421875 0.8013171875 0.24936650390625 0.78466474609375 0.24825771484375 0.7680123046875 0.23493671875 0.75691416015625 0.230496484375 0.7535826171875 0.22716494140625 0.7535826171875 0.2193931640625 0.75691416015625 0.212730078125 0.747528125 0.20283349609375 0.7485853515625 0.201972265625 0.7557125 0.18653173828125 0.75263369140625 0.17036416015625 0.75913173828125 0.1705498046875 0.779115625 0.1827619140625 0.78577353515625 0.1827619140625 0.789105078125 0.16610947265625 0.79687685546875 0.1583376953125 0.80148740234375 0.15492880859375 0.80575751953125 0.15722890625 0.8268501953125 0.15722890625 0.8379484375 0.16610947265625 0.84682900390625 0.16832705078125 0.874584765625 0.14945703125 0.876240234375 0.1464865234375 0.90676025390625 0.1477861328125 0.903444140625 0.161669140625
0 0.36660068359375 0.08129501953125 0.36502255859375 0.09628173828125 0.37214453125 0.116466796875 0.37214453125 0.13190732421875 0.3698703125 0.13266533203125 0.361458984375 0.1354708984375 0.34126875 0.13190732421875 0.33058310546875 0.139029296875 0.31514267578125 0.14259287109375 0.30683447265625 0.15446982421875 0.29495751953125 0.1604056640625 0.28783037109375 0.18415947265625 0.27833095703125 0.193658984375 0.28783037109375 0.21265791015625 0.28664423828125 0.2257208984375 0.27595859375 0.238783984375 0.2830806640625 0.25659677734375 0.2819099609375 0.28117578125 0.28189453125 0.28153154296875 0.291713671875 0.28441962890625 0.2913939453125 0.28509521484375 0.29021298828125 0.3087716796875 0.2830806640625 0.3314115234375 0.24864638671875 0.33971962890625 0.206739453125 0.33789921875 0.19401669921875 0.33734736328125 0.1809537109375 0.33022021484375 0.17858134765625 0.3219068359375 0.19164443359375 0.30647158203125 0.1952080078125 0.29340849609375 0.1792466796875 0.2943986328125 0.1863841796875 0.27031474609375 0.19930791015625 0.254157421875 0.217626171875 0.2476904296875 0.2327056640625 0.23368876953125 0.24455673828125 0.22829951171875 0.24886298828125 0.2186041015625 0.24240107421875 0.21106435546875 0.24240107421875 0.20460244140625 0.24779033203125 0.19059560546875 0.244752734375 0.18772822265625 0.24779033203125 0.18628935546875 0.25963623046875 0.183055859375 0.2574857421875 0.15504736328125 0.24347890625 0.13888486328125 0.2467125 0.11734345703125 0.2617919921875 0.11734345703125 0.2779544921875 0.107648046875 0.2919560546875 0.10657021484375 0.293033984375 0.08179013671875 0.30057373046875 0.074250390625 0.31673623046875 0.06671064453125 0.31673623046875 0.06387421875 0.34483232421875 0.06896943359375 0.36215 0.07877314453125 0.36660068359375 0.08129501953125
0 0.0032435546875 0.120571875 0.00971064453125 0.10118095703125 0.00971064453125 0.09471904296875 0.00216572265625 0.08610146484375 0.00539921875 0.0677884765625 0.022634375 0.06455498046875 0.034485546875 0.0688611328125 0.0452587890625 0.06132138671875 0.04574873046875 0.06159990234375 0.05279853515625 0.0656328125 0.05818779296875 0.07748388671875 0.05818779296875 0.0968748046875 0.0829626953125 0.12380537109375 0.09373603515625 0.1227275390625 0.11528251953125 0.1097986328125 0.1497529296875 0.111954296875 0.1659154296875 0.124883203125 0.16899423828125 0.1351666015625 0.16914384765625 0.13565654296875 0.201463671875 0.12703896484375 0.22624375 0.1431962890625 0.23055 0.149658203125 0.2283994140625 0.1722826171875 0.244752734375 0.18772822265625 0.24779033203125 0.19059560546875 0.24240107421875 0.20460244140625 0.24240107421875 0.21106435546875 0.24886298828125 0.2186041015625 0.24455673828125 0.22829951171875 0.2327056640625 0.23368876953125 0.217626171875 0.2476904296875 0.19930791015625 0.254157421875 0.1863841796875 0.27031474609375 0.1792466796875 0.2943986328125 0.1777666015625 0.29940107421875 0.15944833984375 0.31125224609375 0.13036201171875 0.325258984375 0.11636044921875 0.3263369140625 0.097428515625 0.31972021484375 0.10019794921875 0.3058681640625 0.0861962890625 0.2940169921875 0.08188486328125 0.28216591796875 0.0700337890625 0.274626171875 0.059265625 0.27354833984375 0.043103125 0.278932421875 0.03771904296875 0.2724705078125 0.0366412109375 0.26169716796875 0.01509462890625 0.2476904296875 0.01078330078125 0.23368876953125 0.02586796875 0.2142978515625 0.02155654296875 0.1776666015625 0.00971064453125 0.1561251953125 0 0.14984287109375 0 0.12069921875 0.0032435546875 0.120571875
0 0.62152353515625 0.09628173828125 0.63577275390625 0.10459501953125 0.6322091796875 0.12597138671875 0.63695888671875 0.13309345703125 0.63695888671875 0.14140673828125 0.62745947265625 0.16159697265625 0.608460546875 0.18415947265625 0.60608310546875 0.19840869140625 0.594211328125 0.22097119140625 0.58471181640625 0.2309296875 0.58471181640625 0.22690712890625 0.579962109375 0.22097119140625 0.5728349609375 0.22097119140625 0.56808525390625 0.23522041015625 0.56214931640625 0.23284296875 0.55620830078125 0.22334345703125 0.549086328125 0.22334345703125 0.534837109375 0.25065576171875 0.5217740234375 0.26491005859375 0.51939658203125 0.2886587890625 0.50871103515625 0.30290791015625 0.4992115234375 0.3052853515625 0.49351806640625 0.31097373046875 0.4932705078125 0.3112212890625 0.49265166015625 0.3128044921875 0.4728017578125 0.296167578125 0.45957880859375 0.2963326171875 0.4381921875 0.30483671875 0.4207970703125 0.3017630859375 0.4198275390625 0.3008193359375 0.41493857421875 0.296064453125 0.40223134765625 0.2715060546875 0.3590763671875 0.2580408203125 0.35152626953125 0.2490724609375 0.34967490234375 0.2334412109375 0.34023212890625 0.20554619140625 0.340149609375 0.19895537109375 0.3433109375 0.1873775390625 0.36282041015625 0.160771875 0.3699888671875 0.13925625 0.3698703125 0.13266533203125 0.37214453125 0.13190732421875 0.37214453125 0.116466796875 0.36502255859375 0.09628173828125 0.36660068359375 0.08129501953125 0.36215 0.07877314453125 0.36503291015625 0.07340458984375 0.3649400390625 0.065988671875 0.35492490234375 0.0587015625 0.35474951171875 0.0446947265625 0.3678951171875 0.0379388671875 0.36776611328125 0.02805263671875 0.37020546875 0.02472626953125 0.3892353515625 0.02613935546875 0.398296484375 0.02355048828125 0.40940498046875 0.0145873046875 0.41845576171875 0.01078134765625 0.42558291015625 0.01078134765625 0.435082421875 0.0190947265625 0.45170908203125 0.01315361328125 0.4671443359375 0.02384443359375 0.4908982421875 0.03215771484375 0.514646875 0.03215771484375 0.51821044921875 0.04877919921875 0.52533251953125 0.0559064453125 0.54670888671875 0.0523427734375 0.559771875 0.06302841796875 0.59064775390625 0.06184228515625 0.60014716796875 0.07015556640625 0.6262681640625 0.07733955078125 0.62152353515625 0.09628173828125
0 0.7557125 0.18653173828125 0.7485853515625 0.201972265625 0.747528125 0.20283349609375 0.74334052734375 0.20623203125 0.72958642578125 0.2174076171875 0.704646484375 0.22690712890625 0.6956111328125 0.239547265625 0.69514697265625 0.238783984375 0.6872255859375 0.2342044921875 0.67377578125 0.238783984375 0.65833525390625 0.24828349609375 0.62033740234375 0.24471982421875 0.60489697265625 0.25541064453125 0.59658359375 0.25541064453125 0.58471181640625 0.24471982421875 0.58471181640625 0.2309296875 0.594211328125 0.22097119140625 0.60608310546875 0.19840869140625 0.608460546875 0.18415947265625 0.62745947265625 0.16159697265625 0.63695888671875 0.14140673828125 0.63695888671875 0.13309345703125 0.6322091796875 0.12597138671875 0.63577275390625 0.10459501953125 0.62152353515625 0.09628173828125 0.6262681640625 0.07733955078125 0.64764970703125 0.05472021484375 0.6510482421875 0.0543798828125 0.65952138671875 0.05352900390625 0.6773341796875 0.07609150390625 0.69633828125 0.079655078125 0.690397265625 0.09153193359375 0.69396083984375 0.09865400390625 0.71415107421875 0.10578115234375 0.7177095703125 0.11765810546875 0.75689873046875 0.139029296875 0.75808486328125 0.147342578125 0.75096279296875 0.16159697265625 0.75263369140625 0.17036416015625 0.7557125 0.18653173828125
0 0.874584765625 0.14945703125 0.84682900390625 0.16832705078125 0.8379484375 0.16610947265625 0.8268501953125 0.15722890625 0.80575751953125 0.15722890625 0.80148740234375 0.15492880859375 0.79132265625 0.14945703125 0.79132265625 0.13946767578125 0.80464873046875 0.1239240234375 0.8002083984375 0.112820703125 0.78577353515625 0.1094943359375 0.779115625 0.08617880859375 0.766903515625 0.0895103515625 0.75246865234375 0.0884015625 0.74802841796875 0.08173857421875 0.74691962890625 0.06620009765625 0.74802841796875 0.0628685546875 0.76246328125 0.05731943359375 0.766903515625 0.0384443359375 0.774675390625 0.0262322265625 0.779265234375 0.02145146484375 0.79965146484375 0.0297802734375 0.812714453125 0.03096640625 0.81508681640625 0.04759306640625 0.83052724609375 0.08321865234375 0.83527705078125 0.1093447265625 0.86852509765625 0.1461564453125 0.876240234375 0.1464865234375 0.874584765625 0.14945703125
0 0.352284375 0.003148828125 0.330737890625 0.0020708984375 0.31673623046875 0.0096107421875 0.30488505859375 0.0085328125 0.28872255859375 0.01930615234375 0.2833384765625 0.0311572265625 0.2833384765625 0.04408623046875 0.30704072265625 0.04624189453125 0.31673623046875 0.06132138671875 0.31673623046875 0.06387421875 0.31673623046875 0.06671064453125 0.30057373046875 0.074250390625 0.293033984375 0.08179013671875 0.2919560546875 0.10657021484375 0.2779544921875 0.107648046875 0.2617919921875 0.11734345703125 0.2467125 0.11734345703125 0.24347890625 0.13888486328125 0.2574857421875 0.15504736328125 0.25963623046875 0.183055859375 0.24779033203125 0.18628935546875 0.244752734375 0.18772822265625 0.2283994140625 0.1722826171875 0.23055 0.149658203125 0.22624375 0.1431962890625 0.201463671875 0.12703896484375 0.16914384765625 0.13565654296875 0.16899423828125 0.1351666015625 0.1659154296875 0.124883203125 0.1497529296875 0.111954296875 0.11528251953125 0.1097986328125 0.09373603515625 0.1227275390625 0.0829626953125 0.12380537109375 0.05818779296875 0.0968748046875 0.05818779296875 0.07748388671875 0.05279853515625 0.0656328125 0.04574873046875 0.06159990234375 0.0452587890625 0.057015234375 0.03556337890625 0.0451640625 0.03125205078125 0.02685107421875 0.0538763671875 0.00422666015625 0.05176396484375 0 0.3552478515625 0 0.352284375 0.003148828125
0 0.983390234375 0.01515458984375 0.98371513671875 0.0155310546875 0.9670884765625 0.0523427734375 0.96352490234375 0.09746787109375 0.98490126953125 0.1152806640625 0.9855150390625 0.11635849609375 0.99440078125 0.13190732421875 0.99559208984375 0.1461564453125 0.98846494140625 0.171096484375 0.96352490234375 0.17346875 0.9338404296875 0.16159697265625 0.92434091796875 0.14853388671875 0.90991640625 0.14792021484375 0.90676025390625 0.1477861328125 0.876240234375 0.1464865234375 0.86852509765625 0.1461564453125 0.83527705078125 0.1093447265625 0.83052724609375 0.08321865234375 0.81508681640625 0.04759306640625 0.812714453125 0.03096640625 0.79965146484375 0.0297802734375 0.779265234375 0.02145146484375 0.7764236328125 0.02029111328125 0.78777451171875 0.01196748046875 0.784509765625 0 0.970341796875 0 0.983390234375 0.01515458984375
0 0.70227421875 0.00246806640625 0.65833525390625 0.03927978515625 0.6510482421875 0.0543798828125 0.64764970703125 0.05472021484375 0.6262681640625 0.07733955078125 0.60014716796875 0.07015556640625 0.59064775390625 0.06184228515625 0.559771875 0.06302841796875 0.54670888671875 0.0523427734375 0.52533251953125 0.0559064453125 0.51821044921875 0.04877919921875 0.514646875 0.03215771484375 0.4908982421875 0.03215771484375 0.4671443359375 0.02384443359375 0.45170908203125 0.01315361328125 0.435082421875 0.0190947265625 0.42558291015625 0.01078134765625 0.41845576171875 0.01078134765625 0.40940498046875 0.0145873046875 0.40522255859375 0.0162943359375 0.3994568359375 0.00128193359375 0.39924326171875 0 0.7027681640625 0 0.70227421875 0.00246806640625
0 0.78777451171875 0.01196748046875 0.7764236328125 0.02029111328125 0.76996171875 0.02503056640625 0.74977666015625 0.022653125 0.737503125 0 0.784509765625 0 0.78777451171875 0.01196748046875
0 0 0.0079255859375 0 0 0.0138685546875 0 0 0.0079255859375