0 0.0048654296875 0.96539248046875 0.0085947265625 0.9663525390625 0.02345419921875 0.96652138671875 0.04554033203125 0.96677451171875 0.06007802734375 0.972450390625 0.066655859375 0.97964013671875 0.07182001953125 0.9911869140625 0.07410419921875 0.9990234375 0 0.9990234375 0 0.96413759765625 0.0048654296875 0.96539248046875
0 0.0083943359375 0.76569970703125 0.0100189453125 0.7866939453125 0.01588994140625 0.79606220703125 0.02244140625 0.80035068359375 0.03525419921875 0.8025345703125 0.0298052734375 0.81478291015625 0.029884375 0.8241986328125 0.03435224609375 0.83994423828125 0.03808681640625 0.85310517578125 0.0258806640625 0.86624501953125 0.02630263671875 0.869948046875 0.02744208984375 0.87999677734375 0.0318783203125 0.890826171875 0.0298685546875 0.91040146484375 0.01556826171875 0.93370078125 0.0090958984375 0.93954541015625 0.006273828125 0.94826484375 0.0048654296875 0.96539248046875 0 0.96413759765625 0 0.764366796875 0.0083943359375 0.76569970703125
0 0.0092435546875 0.37523408203125 0.0250314453125 0.38939189453125 0.03320224609375 0.406276953125 0.05117392578125 0.4247919921875 0.0582529296875 0.43513603515625 0.0577095703125 0.44058505859375 0.05505625 0.442995703125 0.05171728515625 0.44602880859375 0.05171728515625 0.45310771484375 0.054982421875 0.461821875 0.0675103515625 0.47434462890625 0.06914033203125 0.48142353515625 0.0687078125 0.4846201171875 0.06088505859375 0.48016279296875 0.05397490234375 0.4797619140625 0.0388833984375 0.4913931640625 0.03706884765625 0.4950908203125 0.04694873046875 0.52079033203125 0.04701728515625 0.529071875 0.045234375 0.535992578125 0.0388623046875 0.5447912109375 0.027874609375 0.55224990234375 0.018221484375 0.55417001953125 0.0145607421875 0.5565015625 0.011823046875 0.55974560546875 0.008399609375 0.57150341796875 0 0.56363779296875 0 0.37134921875 0.0092435546875 0.37523408203125
0 0.0007826171875 0.21383720703125 0.0048390625 0.225990625 0.01091572265625 0.230722265625 0.01564208984375 0.23814931640625 0.01361650390625 0.25233359375 0.0057251953125 0.2619181640625 0 0.26887109375 0 0.2132953125 0.0007826171875 0.21383720703125
0 0.01294130859375 0.1510234375 0.01294130859375 0.15372412109375 0.00956533203125 0.15574970703125 0 0.15858310546875 0 0.14219833984375 0.01294130859375 0.1510234375
0 0.65714140625 0.99217861328125 0.6885060546875 0.99030068359375 0.69773193359375 0.9954701171875 0.71439541015625 0.9953330078125 0.71847177734375 0.9990234375 0.64784921875 0.9990234375 0.65714140625 0.99217861328125
0 0.18195517578125 0.9946314453125 0.18191298828125 0.98956220703125 0.169421875 0.96792978515625 0.16963818359375 0.96330888671875 0.1700390625 0.95488486328125 0.17546171875 0.950475 0.17723408203125 0.9490349609375 0.18230859375 0.9489927734375 0.18825341796875 0.9523951171875 0.199773828125 0.95898876953125 0.2178509765625 0.9552171875 0.22428115234375 0.94429814453125 0.22421787109375 0.9363330078125 0.2414615234375 0.91880439453125 0.26166982421875 0.90994775390625 0.26885419921875 0.9026419921875 0.2738390625 0.89246142578125 0.2744509765625 0.87869384765625 0.277995703125 0.869246484375 0.281566796875 0.86269501953125 0.28948447265625 0.85683984375 0.30397998046875 0.8574412109375 0.31924033203125 0.8638396484375 0.342692578125 0.8691779296875 0.3591609375 0.87292841796875 0.43230302734375 0.87015380859375 0.44680908203125 0.87293369140625 0.46207470703125 0.87932685546875 0.469475390625 0.89810029296875 0.47386943359375 0.903860546875 0.48985771484375 0.9102484375 0.5109046875 0.9151435546875 0.5159263671875 0.9156869140625 0.512402734375 0.92093017578125 0.5117486328125 0.929628515625 0.5344044921875 0.95406728515625 0.54096123046875 0.95836103515625 0.5532939453125 0.96043408203125 0.55548310546875 0.96259150390625 0.56819365234375 0.9990234375 0.1795626953125 0.9990234375 0.18195517578125 0.9946314453125
0 0.85711376953125 0.99705791015625 0.865812109375 0.99771201171875 0.866849609375 0.9990234375 0.85263203125 0.9990234375 0.85711376953125 0.99705791015625
0 0.997632421875 0.99517998046875 0.9990234375 0.99467236328125 0.9990234375 0.9990234375 0.983674609375 0.9990234375 0.997632421875 0.99517998046875
0 0.72669658203125 0.99378212890625 0.7403375 0.97918115234375 0.74962666015625 0.96316650390625 0.75877333984375 0.93049365234375 0.7667490234375 0.93115302734375 0.782019921875 0.93827412109375 0.79955908203125 0.95696318359375 0.8220302734375 0.95895185546875 0.82857119140625 0.96179501953125 0.83369306640625 0.96755 0.8324640625 0.99436240234375 0.833876953125 0.9990234375 0.72876181640625 0.9990234375 0.72669658203125 0.99378212890625
0 0.55548310546875 0.96259150390625 0.5532939453125 0.96043408203125 0.54096123046875 0.95836103515625 0.5344044921875 0.95406728515625 0.5117486328125 0.929628515625 0.512402734375 0.92093017578125 0.5159263671875 0.9156869140625 0.52170244140625 0.90708876953125 0.52153369140625 0.88608408203125 0.5316087890625 0.87802919921875 0.5365671875 0.87640986328125 0.54023330078125 0.869990234375 0.5553880859375 0.86262119140625 0.56612255859375 0.84659599609375 0.5914685546875 0.845667578125 0.60082626953125 0.83562412109375 0.6043921875 0.83179453125 0.61162939453125 0.8310138671875 0.623239453125 0.8330921875 0.634891796875 0.8409623046875 0.64942421875 0.84663818359375 0.6646740234375 0.85085810546875 0.6827880859375 0.85143837890625 0.6937546875 0.8636603515625 0.6982119140625 0.8773857421875 0.7077279296875 0.88890087890625 0.73464052734375 0.89900234375 0.74551220703125 0.9030798828125 0.7513515625 0.90882421875 0.7521322265625 0.91533876953125 0.75005390625 0.92694365234375 0.7464775390625 0.93277236328125 0.72414873046875 0.9481646484375 0.71769228515625 0.95618779296875 0.71775556640625 0.9634302734375 0.7228880859375 0.97135849609375 0.7229619140625 0.9800515625 0.71721220703125 0.98589091796875 0.69913505859375 0.9896625 0.6885060546875 0.99030068359375 0.65714140625 0.99217861328125 0.64784921875 0.9990234375 0.56819365234375 0.9990234375 0.55548310546875 0.96259150390625
0 0.07182001953125 0.9911869140625 0.066655859375 0.97964013671875 0.06007802734375 0.972450390625 0.04554033203125 0.96677451171875 0.02345419921875 0.96652138671875 0.0085947265625 0.9663525390625 0.0048654296875 0.96539248046875 0.006273828125 0.94826484375 0.0090958984375 0.93954541015625 0.01556826171875 0.93370078125 0.0298685546875 0.91040146484375 0.0318783203125 0.890826171875 0.02744208984375 0.87999677734375 0.02630263671875 0.869948046875 0.0258806640625 0.86624501953125 0.03808681640625 0.85310517578125 0.03435224609375 0.83994423828125 0.029884375 0.8241986328125 0.0298052734375 0.81478291015625 0.03525419921875 0.8025345703125 0.03692109375 0.79878408203125 0.052751171875 0.78634052734375 0.06359111328125 0.7826322265625 0.07662021484375 0.781798828125 0.0838837890625 0.7839140625 0.086088671875 0.788239453125 0.086246875 0.80707099609375 0.078498046875 0.83394140625 0.07867216796875 0.85494619140625 0.08309248046875 0.864325 0.0917908203125 0.8649791015625 0.10553203125 0.86196708984375 0.1185189453125 0.8560697265625 0.1387798828125 0.85300498046875 0.1429470703125 0.8527201171875 0.16277548828125 0.864398828125 0.17156884765625 0.87664189453125 0.1746494140625 0.8983482421875 0.171305078125 0.9324189453125 0.17546171875 0.950475 0.1700390625 0.95488486328125 0.16963818359375 0.96330888671875 0.1657875 0.96651083984375 0.13700703125 0.9990234375 0.117142578125 0.9990234375 0.11606611328125 0.998070703125 0.0950455078125 0.996794140625 0.09216015625 0.9982658203125 0.0917263671875 0.9990234375 0.07410419921875 0.9990234375 0.07182001953125 0.9911869140625
0 0.31924033203125 0.8638396484375 0.30397998046875 0.8574412109375 0.28948447265625 0.85683984375 0.281566796875 0.86269501953125 0.277995703125 0.869246484375 0.2744509765625 0.87869384765625 0.2738390625 0.89246142578125 0.26885419921875 0.9026419921875 0.26166982421875 0.90994775390625 0.2414615234375 0.91880439453125 0.22421787109375 0.9363330078125 0.22428115234375 0.94429814453125 0.2178509765625 0.9552171875 0.199773828125 0.95898876953125 0.18825341796875 0.9523951171875 0.18230859375 0.9489927734375 0.17723408203125 0.9490349609375 0.17546171875 0.950475 0.171305078125 0.9324189453125 0.1746494140625 0.8983482421875 0.17156884765625 0.87664189453125 0.16277548828125 0.864398828125 0.1429470703125 0.8527201171875 0.140942578125 0.85153857421875 0.13506630859375 0.8421703125 0.13500830078125 0.83492255859375 0.1442552734375 0.813838671875 0.1470509765625 0.80150595703125 0.1455212890625 0.79210068359375 0.1344755859375 0.76973505859375 0.13511904296875 0.7603087890625 0.141580859375 0.75301357421875 0.157463671875 0.74636181640625 0.1643369140625 0.73853388671875 0.1754037109375 0.72593203125 0.19534287109375 0.713240625 0.2024798828125 0.70869892578125 0.20423115234375 0.7075859375 0.206045703125 0.7075701171875 0.2150974609375 0.70749619140625 0.228221484375 0.71825703125 0.24783896484375 0.72534130859375 0.26162236328125 0.72739853515625 0.276824609375 0.72654921875 0.29559814453125 0.71915380859375 0.30492412109375 0.70820830078125 0.31795322265625 0.70665224609375 0.32890927734375 0.71742890625 0.3494498046875 0.74913642578125 0.35820087890625 0.756305078125 0.37274384765625 0.76270888671875 0.37352978515625 0.77066875 0.34763525390625 0.79261240234375 0.3419541015625 0.80642216796875 0.34655390625 0.83753369140625 0.342692578125 0.8691779296875 0.31924033203125 0.8638396484375
0 0.98206611328125 0.951846484375 0.958149609375 0.95059111328125 0.94371748046875 0.9572322265625 0.92994990234375 0.95734296875 0.91400380859375 0.95602421875 0.906740234375 0.953186328125 0.90162353515625 0.948159375 0.89727705078125 0.9481962890625 0.8922341796875 0.951134375 0.87069140625 0.974491796875 0.86056357421875 0.976021484375 0.86114912109375 0.9593580078125 0.8733025390625 0.93969833984375 0.8796904296875 0.92371005859375 0.87797080078125 0.89039892578125 0.874230859375 0.87594560546875 0.86761611328125 0.864409375 0.8483310546875 0.8444384765625 0.83985419921875 0.83566103515625 0.82810166015625 0.81619658203125 0.82489453125 0.7785546875 0.81679755859375 0.76268251953125 0.817419921875 0.75036552734375 0.82388173828125 0.7430650390625 0.84118349609375 0.7327841796875 0.84797236328125 0.72530439453125 0.8497974609375 0.72329462890625 0.8533052734375 0.70950595703125 0.85313642578125 0.68922392578125 0.85587939453125 0.6812376953125 0.8573828125 0.67687001953125 0.86698837890625 0.67761376953125 0.88275517578125 0.67883759765625 0.90368076171875 0.66924775390625 0.911651171875 0.66918447265625 0.91747470703125 0.67275556640625 0.9204181640625 0.6785263671875 0.92346171875 0.69589140625 0.9322708984375 0.71030244140625 0.949050390625 0.72465556640625 0.98761533203125 0.74534384765625 0.9990234375 0.74628720703125 0.9990234375 0.9474576171875 0.98206611328125 0.951846484375
0 0.7513990234375 0.7300095703125 0.74628759765625 0.7487091796875 0.7639744140625 0.7812923828125 0.7716388671875 0.80170634765625 0.74973212890625 0.82658818359375 0.74843447265625 0.85449248046875 0.7570009765625 0.8664244140625 0.7582880859375 0.87109794921875 0.75332958984375 0.88490244140625 0.73891328125 0.89371689453125 0.73464052734375 0.89900234375 0.7077279296875 0.88890087890625 0.6982119140625 0.8773857421875 0.6937546875 0.8636603515625 0.6827880859375 0.85143837890625 0.6646740234375 0.85085810546875 0.64942421875 0.84663818359375 0.634891796875 0.8409623046875 0.623239453125 0.8330921875 0.61162939453125 0.8310138671875 0.6043921875 0.83179453125 0.60082626953125 0.83562412109375 0.5956779296875 0.8289724609375 0.58693740234375 0.82324912109375 0.57100712890625 0.8241037109375 0.56954072265625 0.821941015625 0.57083310546875 0.80309365234375 0.5745888671875 0.79482255859375 0.57937314453125 0.78419365234375 0.57781181640625 0.77044189453125 0.5748630859375 0.76467109375 0.574762890625 0.75235419921875 0.58700595703125 0.74356083984375 0.62458984375 0.73311123046875 0.628171484375 0.7280103515625 0.6265626953125 0.708466796875 0.628641015625 0.69686201171875 0.63041865234375 0.69426669921875 0.648944140625 0.6995890625 0.65763720703125 0.6995205078125 0.6628857421875 0.69733671875 0.663318359375 0.69777451171875 0.66926318359375 0.70377216796875 0.676542578125 0.70805537109375 0.68378505859375 0.70799736328125 0.691723828125 0.70431015625 0.698908203125 0.69700966796875 0.70252685546875 0.69697802734375 0.72368984375 0.71564072265625 0.74690478515625 0.71979208984375 0.75056025390625 0.72411220703125 0.7513990234375 0.7300095703125
0 0.985078125 0.71149990234375 0.97497138671875 0.6980224609375 0.97272431640625 0.676680078125 0.97421708984375 0.66785517578125 0.9704771484375 0.6654498046875 0.97160068359375 0.65197236328125 0.981707421875 0.650848828125 0.988448828125 0.65421953125 0.9940666015625 0.66095556640625 0.99631376953125 0.68005078125 0.9990234375 0.682373828125 0.9990234375 0.71692451171875 0.985078125 0.71149990234375
0 0.628641015625 0.69686201171875 0.6265626953125 0.708466796875 0.628171484375 0.7280103515625 0.62458984375 0.73311123046875 0.58700595703125 0.74356083984375 0.574762890625 0.75235419921875 0.5748630859375 0.76467109375 0.57781181640625 0.77044189453125 0.57937314453125 0.78419365234375 0.5745888671875 0.79482255859375 0.57009990234375 0.7979294921875 0.560752734375 0.81194501953125 0.5572501953125 0.8388048828125 0.54440576171875 0.85048359375 0.52221416015625 0.8539861328125 0.512872265625 0.86333330078125 0.50469609375 0.86566484375 0.47234501953125 0.86959990234375 0.45447353515625 0.8621623046875 0.44746845703125 0.84814677734375 0.445131640625 0.8317998046875 0.43228720703125 0.81895009765625 0.42527685546875 0.81427646484375 0.3925775390625 0.8131107421875 0.38440146484375 0.80727138671875 0.3820646484375 0.80026630859375 0.38323037109375 0.7792404296875 0.393743359375 0.75938564453125 0.42411103515625 0.743038671875 0.42060322265625 0.7348625 0.38089892578125 0.70799736328125 0.37622529296875 0.69865546875 0.37739111328125 0.691650390625 0.393743359375 0.675298046875 0.38954453125 0.619573828125 0.39608017578125 0.608728515625 0.4077587890625 0.606391796875 0.426442578125 0.5947130859375 0.43461875 0.5608427734375 0.4416291015625 0.5538376953125 0.4567892578125 0.55035625 0.4652396484375 0.55838994140625 0.476237890625 0.57496376953125 0.48070576171875 0.58941181640625 0.47952939453125 0.62274404296875 0.48832275390625 0.634987109375 0.49871435546875 0.665328515625 0.51122119140625 0.68912890625 0.5221349609375 0.69483642578125 0.538808984375 0.69614990234375 0.57769052734375 0.6675755859375 0.589986328125 0.6653021484375 0.603806640625 0.6724337890625 0.6293373046875 0.69395546875 0.63041865234375 0.69426669921875 0.628641015625 0.69686201171875
0 0.87960078125 0.559339453125 0.88480185546875 0.5752328125 0.90089033203125 0.593932421875 0.9003048828125 0.610601171875 0.884564453125 0.63463369140625 0.88760810546875 0.65272138671875 0.88623662109375 0.66214765625 0.86698837890625 0.67761376953125 0.8573828125 0.67687001953125 0.85587939453125 0.6812376953125 0.84874775390625 0.683463671875 0.83790244140625 0.68644931640625 0.810383203125 0.68739873046875 0.79028046875 0.709294921875 0.7866513671875 0.70860390625 0.7632728515625 0.684165234375 0.7520267578125 0.6689681640625 0.751551953125 0.668324609375 0.736987890625 0.65902490234375 0.7405009765625 0.645958984375 0.75332431640625 0.61977421875 0.7617115234375 0.61106005859375 0.7647498046875 0.59939716796875 0.7806484375 0.567631640625 0.81276220703125 0.53598203125 0.8264505859375 0.52645029296875 0.836599609375 0.52781650390625 0.87374560546875 0.55214443359375 0.87799189453125 0.557361328125 0.87960078125 0.559339453125
0 0.00779296875 0.57358701171875 0.008399609375 0.57150341796875 0.011823046875 0.55974560546875 0.0145607421875 0.5565015625 0.018221484375 0.55417001953125 0.027874609375 0.55224990234375 0.0388623046875 0.5447912109375 0.045234375 0.535992578125 0.04701728515625 0.529071875 0.04694873046875 0.52079033203125 0.03706884765625 0.4950908203125 0.0388833984375 0.4913931640625 0.05397490234375 0.4797619140625 0.06088505859375 0.48016279296875 0.0687078125 0.4846201171875 0.07522236328125 0.48833369140625 0.08166826171875 0.48828095703125 0.0917697265625 0.48543779296875 0.10871806640625 0.47516748046875 0.11332314453125 0.475589453125 0.116556640625 0.47648623046875 0.1193470703125 0.48014697265625 0.11807578125 0.4935083984375 0.1254765625 0.4975859375 0.13329921875 0.49752255859375 0.1374294921875 0.49565 0.1670166015625 0.4548958984375 0.17985576171875 0.449267578125 0.19045302734375 0.4505599609375 0.2136416015625 0.47108466796875 0.22753046875 0.48063759765625 0.23399228515625 0.48288994140625 0.2620759765625 0.48357568359375 0.28190966796875 0.48847607421875 0.2911671875 0.4943892578125 0.3009310546875 0.50627373046875 0.30618486328125 0.52971015625 0.307719921875 0.54856806640625 0.30044580078125 0.55967705078125 0.29645263671875 0.56333779296875 0.28469482421875 0.5649572265625 0.2711224609375 0.56143359375 0.259275 0.55228154296875 0.22009287109375 0.5220087890625 0.20771787109375 0.51486650390625 0.198296875 0.514223046875 0.196139453125 0.516412109375 0.19621328125 0.52510517578125 0.22975654296875 0.55235546875 0.23200361328125 0.56103271484375 0.2248349609375 0.5705064453125 0.19527958984375 0.58813525390625 0.1859482421875 0.598352734375 0.1838119140625 0.60271513671875 0.183210546875 0.61793330078125 0.18911845703125 0.631648046875 0.1942140625 0.63450712890625 0.20071279296875 0.6322810546875 0.2033396484375 0.5989330078125 0.2206044921875 0.5843056640625 0.2321619140625 0.58058681640625 0.25704892578125 0.611534765625 0.2587263671875 0.6169099609375 0.2585787109375 0.61802294921875 0.258605078125 0.6217048828125 0.26450244140625 0.63536689453125 0.2647556640625 0.66797119140625 0.2698248046875 0.66792900390625 0.2758646484375 0.6634505859375 0.27279462890625 0.667623046875 0.268216015625 0.6708830078125 0.25719140625 0.67327255859375 0.24711103515625 0.679338671875 0.2434765625 0.68535205078125 0.24266953125 0.69917236328125 0.23628154296875 0.70612998046875 0.211426171875 0.70633046875 0.206045703125 0.7075701171875 0.20423115234375 0.7075859375 0.2024798828125 0.70869892578125 0.2004068359375 0.70964306640625 0.19534287109375 0.713240625 0.1754037109375 0.72593203125 0.1643369140625 0.73853388671875 0.1499943359375 0.73675625 0.142103125 0.72899677734375 0.13703388671875 0.72811591796875 0.13063544921875 0.73369150390625 0.1270009765625 0.73971015625 0.11737421875 0.74484794921875 0.11502158203125 0.73842314453125 0.11399306640625 0.7250828125 0.1111708984375 0.71774013671875 0.1000671875 0.71093017578125 0.08351455078125 0.7133671875 0.07329169921875 0.7014828125 0.06222490234375 0.69973154296875 0.0585060546875 0.695158203125 0.05240830078125 0.68093701171875 0.05091552734375 0.667601953125 0.04670078125 0.65888779296875 0.032743359375 0.641048046875 0.02764248046875 0.6364904296875 0.009164453125 0.62835654296875 0.00266044921875 0.6210455078125 0.00389482421875 0.60353798828125 0 0.59624423828125 0 0.5804314453125 0.00779296875 0.57358701171875
0 0.2711224609375 0.56143359375 0.28469482421875 0.5649572265625 0.29645263671875 0.56333779296875 0.318923828125 0.56031533203125 0.3392111328125 0.5608744140625 0.34649052734375 0.56516298828125 0.34438056640625 0.5724212890625 0.33062890625 0.5739826171875 0.3031939453125 0.58507578125 0.28800224609375 0.58809833984375 0.27430322265625 0.5954568359375 0.2656787109375 0.60421845703125 0.2643125 0.61437275390625 0.26580009765625 0.61870341796875 0.2746197265625 0.63457041015625 0.2870685546875 0.65040576171875 0.27774775390625 0.6620685546875 0.2758646484375 0.6634505859375 0.2698248046875 0.66792900390625 0.2647556640625 0.66797119140625 0.26450244140625 0.63536689453125 0.2587263671875 0.6169099609375 0.25704892578125 0.611534765625 0.2321619140625 0.58058681640625 0.2206044921875 0.5843056640625 0.2033396484375 0.5989330078125 0.20071279296875 0.6322810546875 0.1942140625 0.63450712890625 0.18911845703125 0.631648046875 0.183210546875 0.61793330078125 0.1838119140625 0.60271513671875 0.1859482421875 0.598352734375 0.19527958984375 0.58813525390625 0.2248349609375 0.5705064453125 0.23200361328125 0.56103271484375 0.22975654296875 0.55235546875 0.19621328125 0.52510517578125 0.196139453125 0.516412109375 0.198296875 0.514223046875 0.20771787109375 0.51486650390625 0.22009287109375 0.5220087890625 0.259275 0.55228154296875 0.2711224609375 0.56143359375
0 0.64213427734375 0.39974658203125 0.64798408203125 0.4062189453125 0.65610751953125 0.424987109375 0.6619626953125 0.43218212890625 0.6765478515625 0.444377734375 0.68600048828125 0.4486451171875 0.69688271484375 0.4507287109375 0.71714365234375 0.4476640625 0.7590107421875 0.4299349609375 0.77567421875 0.4297978515625 0.78586533203125 0.43623330078125 0.78813359375 0.4478064453125 0.806342578125 0.45997041015625 0.82680400390625 0.48153427734375 0.8333396484375 0.48365478515625 0.85362177734375 0.48349130859375 0.86815947265625 0.48916708984375 0.8732919921875 0.4970900390625 0.8748796875 0.5137376953125 0.8894595703125 0.52521064453125 0.89241357421875 0.5317041015625 0.89248212890625 0.54039716796875 0.88749208984375 0.549855078125 0.87799189453125 0.557361328125 0.87374560546875 0.55214443359375 0.836599609375 0.52781650390625 0.8264505859375 0.52645029296875 0.81276220703125 0.53598203125 0.7806484375 0.567631640625 0.7647498046875 0.59939716796875 0.7617115234375 0.61106005859375 0.75332431640625 0.61977421875 0.7405009765625 0.645958984375 0.736987890625 0.65902490234375 0.751551953125 0.668324609375 0.7520267578125 0.6689681640625 0.7348990234375 0.66918447265625 0.72478701171875 0.67288740234375 0.715429296875 0.68020908203125 0.7110828125 0.68024599609375 0.7015931640625 0.67163203125 0.69580126953125 0.6716794921875 0.67352001953125 0.69286884765625 0.66321279296875 0.697199609375 0.6628857421875 0.69733671875 0.65763720703125 0.6995205078125 0.648944140625 0.6995890625 0.63041865234375 0.69426669921875 0.6293373046875 0.69395546875 0.603806640625 0.6724337890625 0.589986328125 0.6653021484375 0.57769052734375 0.6675755859375 0.538808984375 0.69614990234375 0.5221349609375 0.69483642578125 0.51122119140625 0.68912890625 0.49871435546875 0.665328515625 0.48832275390625 0.634987109375 0.47952939453125 0.62274404296875 0.48070576171875 0.58941181640625 0.476237890625 0.57496376953125 0.4652396484375 0.55838994140625 0.4567892578125 0.55035625 0.44625517578125 0.54043935546875 0.45473203125 0.5142916015625 0.46906396484375 0.49533876953125 0.4811962890625 0.472783203125 0.50630498046875 0.4428744140625 0.52718837890625 0.43151220703125 0.52793740234375 0.4311060546875 0.5511259765625 0.43164404296875 0.57778544921875 0.414036328125 0.605273046875 0.40946826171875 0.62618291015625 0.39770517578125 0.6355986328125 0.39762607421875 0.640003125 0.39905556640625 0.64213427734375 0.39974658203125
0 0.988448828125 0.62051796875 0.949134765625 0.5879453125 0.94015166015625 0.5879453125 0.9176857421875 0.5969337890625 0.9143150390625 0.5733443359375 0.92442177734375 0.53403037109375 0.92442177734375 0.50819375 0.92779248046875 0.499210546875 0.95138193359375 0.47449755859375 0.95695224609375 0.46260791015625 0.959958984375 0.4658572265625 0.96944326171875 0.46980810546875 0.97655390625 0.470594140625 0.9899837890625 0.46190634765625 0.9990234375 0.45947177734375 0.9990234375 0.62169326171875 0.988448828125 0.62051796875
0 0.2649244140625 0.42384775390625 0.2670712890625 0.4209359375 0.267683203125 0.40716845703125 0.2654466796875 0.3992138671875 0.26105791015625 0.39418154296875 0.23191923828125 0.37413681640625 0.23182431640625 0.3625478515625 0.23683544921875 0.35526318359375 0.245486328125 0.3501201171875 0.25127822265625 0.35007265625 0.276017578125 0.36363447265625 0.290518359375 0.36496376953125 0.29915341796875 0.3576474609375 0.3098720703125 0.34017685546875 0.31856513671875 0.34010302734375 0.330903125 0.34289873046875 0.356396875 0.36007392578125 0.36515849609375 0.3679705078125 0.37251708984375 0.38240263671875 0.377839453125 0.41278095703125 0.3889958984375 0.44818623046875 0.38530869140625 0.52862353515625 0.38106767578125 0.54170009765625 0.37315 0.5475552734375 0.3680755859375 0.5468748046875 0.3439427734375 0.51954541015625 0.33584052734375 0.50295048828125 0.315416015625 0.48573310546875 0.300192578125 0.4844091796875 0.29442177734375 0.4873525390625 0.2842728515625 0.4867142578125 0.2726310546875 0.480289453125 0.23905087890625 0.448692578125 0.22014560546875 0.4401525390625 0.22298349609375 0.43288896484375 0.2384232421875 0.42324638671875 0.2649244140625 0.42384775390625
0 0.2269291015625 0.4283208984375 0.22507763671875 0.4234521484375 0.2384232421875 0.42324638671875 0.2269291015625 0.4283208984375
0 0.9899837890625 0.46190634765625 0.97655390625 0.470594140625 0.96944326171875 0.46980810546875 0.959958984375 0.4658572265625 0.95695224609375 0.46260791015625 0.94020966796875 0.444525390625 0.91887783203125 0.444525390625 0.9157181640625 0.4421517578125 0.910184765625 0.4097583984375 0.90307421875 0.386058203125 0.8864845703125 0.36235263671875 0.8714720703125 0.33311904296875 0.8714720703125 0.32126630859375 0.876187890625 0.318106640625 0.88490205078125 0.30072578125 0.88253359375 0.28018515625 0.88490205078125 0.27781142578125 0.89517236328125 0.27781142578125 0.91255322265625 0.28571328125 0.927565625 0.28729580078125 0.942578125 0.3015169921875 0.949688671875 0.3015169921875 0.96154140625 0.29519765625 0.9726029296875 0.2967748046875 0.98482490234375 0.31434033203125 0.99788564453125 0.33311904296875 0.9990234375 0.33368828125 0.9990234375 0.45947177734375 0.9899837890625 0.46190634765625
0 0.0057251953125 0.2619181640625 0.0228529296875 0.26523603515625 0.02830185546875 0.26033564453125 0.03048046875 0.25325673828125 0.0348375 0.251621484375 0.04136787109375 0.251621484375 0.04463828125 0.25978701171875 0.05117392578125 0.26523603515625 0.06914033203125 0.261965625 0.0751326171875 0.26741455078125 0.083846875 0.26741455078125 0.09201240234375 0.26305751953125 0.101269921875 0.261965625 0.11706298828125 0.2772154296875 0.12523388671875 0.28320244140625 0.13721328125 0.28865146484375 0.14755732421875 0.2897380859375 0.15518486328125 0.28320244140625 0.16280712890625 0.2821158203125 0.1747865234375 0.28538095703125 0.1851359375 0.2919166015625 0.2150869140625 0.29300849609375 0.2210740234375 0.29790888671875 0.2227091796875 0.302266015625 0.22379580078125 0.32132431640625 0.22161728515625 0.32949521484375 0.20092373046875 0.370876953125 0.20038046875 0.3888486328125 0.2058294921875 0.39810615234375 0.205280859375 0.40736357421875 0.19875048828125 0.41662109375 0.17914365234375 0.42751376953125 0.15137109375 0.461821875 0.143748828125 0.467265625 0.13775654296875 0.46835751953125 0.129591015625 0.45038583984375 0.12577724609375 0.44820732421875 0.11052744140625 0.449842578125 0.09636953125 0.455286328125 0.07948974609375 0.455286328125 0.0626099609375 0.4443935546875 0.0582529296875 0.44330693359375 0.05505625 0.442995703125 0.0577095703125 0.44058505859375 0.0582529296875 0.43513603515625 0.05117392578125 0.4247919921875 0.03320224609375 0.406276953125 0.0250314453125 0.38939189453125 0.0092435546875 0.37523408203125 0 0.37134921875 0 0.26887109375 0.0057251953125 0.2619181640625
0 0.62621455078125 0.13683916015625 0.634316796875 0.146972265625 0.6383732421875 0.15642490234375 0.64174912109375 0.1760107421875 0.64715068359375 0.18749423828125 0.64980927734375 0.1899681640625 0.64917626953125 0.19087021484375 0.65052666015625 0.201678515625 0.6559333984375 0.20910556640625 0.66201015625 0.224640234375 0.66201015625 0.23612373046875 0.6559333984375 0.248282421875 0.65327490234375 0.27061650390625 0.65187705078125 0.2780013671875 0.65187705078125 0.28677880859375 0.6559333984375 0.31987373046875 0.65977880859375 0.32976416015625 0.657958984375 0.332032421875 0.65052666015625 0.34013994140625 0.6390484375 0.34621669921875 0.63296640625 0.354994140625 0.63296640625 0.36715283203125 0.6397236328125 0.39417099609375 0.640003125 0.39905556640625 0.6355986328125 0.39762607421875 0.62618291015625 0.39770517578125 0.605273046875 0.40946826171875 0.57778544921875 0.414036328125 0.5511259765625 0.43164404296875 0.52793740234375 0.4311060546875 0.52718837890625 0.43151220703125 0.5262546875 0.41983349609375 0.5221982421875 0.4110560546875 0.5059884765625 0.413081640625 0.48572744140625 0.42456513671875 0.472218359375 0.42591552734375 0.46209052734375 0.42253955078125 0.4553333984375 0.4083552734375 0.43979873046875 0.4070048828125 0.43777314453125 0.3806619140625 0.43304677734375 0.37458525390625 0.43372197265625 0.3543189453125 0.43169638671875 0.35094296875 0.426294921875 0.34891748046875 0.41413623046875 0.32528046875 0.40872939453125 0.3097458984375 0.40805419921875 0.29623681640625 0.40602861328125 0.29218564453125 0.3965759765625 0.29218564453125 0.38576767578125 0.29691201171875 0.38036611328125 0.29691201171875 0.3729337890625 0.29151044921875 0.3688826171875 0.2570599609375 0.384026953125 0.2376798828125 0.38576767578125 0.23544853515625 0.38644287109375 0.2239650390625 0.3695578125 0.1956017578125 0.374959375 0.19087021484375 0.3986015625 0.19087021484375 0.41616171875 0.18749423828125 0.4249392578125 0.18276787109375 0.43507236328125 0.1733099609375 0.43912353515625 0.1665580078125 0.4445302734375 0.16318212890625 0.469517578125 0.16453251953125 0.47965078125 0.16047607421875 0.4816763671875 0.142240625 0.48910341796875 0.13346318359375 0.495860546875 0.13008720703125 0.5309810546875 0.1226548828125 0.556648828125 0.120629296875 0.5863625 0.120629296875 0.59582041015625 0.123330078125 0.6024140625 0.1262681640625 0.62621455078125 0.13683916015625
0 0.99788564453125 0.33311904296875 0.98482490234375 0.31434033203125 0.983664453125 0.3070451171875 0.97655390625 0.273074609375 0.9710205078125 0.26043056640625 0.9710205078125 0.2501603515625 0.97576259765625 0.24146728515625 0.988406640625 0.23277939453125 0.9990234375 0.22039052734375 0.9990234375 0.33368828125 0.99788564453125 0.33311904296875
0 0.6559333984375 0.31987373046875 0.65187705078125 0.28677880859375 0.65187705078125 0.2780013671875 0.65327490234375 0.27061650390625 0.6559333984375 0.248282421875 0.66201015625 0.23612373046875 0.66201015625 0.224640234375 0.6559333984375 0.20910556640625 0.65052666015625 0.201678515625 0.64917626953125 0.19087021484375 0.64980927734375 0.1899681640625 0.6667365234375 0.1658828125 0.67011767578125 0.14832265625 0.66876728515625 0.12941201171875 0.67011767578125 0.123330078125 0.67754482421875 0.115227734375 0.6829462890625 0.10239384765625 0.689703515625 0.09563671875 0.71671640625 0.0936111328125 0.72212314453125 0.09563671875 0.73360673828125 0.10914580078125 0.743059375 0.13413837890625 0.75386767578125 0.1429158203125 0.768051953125 0.1429158203125 0.7876376953125 0.13616396484375 0.8133001953125 0.13548876953125 0.82748447265625 0.13143759765625 0.8409935546875 0.13143759765625 0.86057939453125 0.146972265625 0.86192978515625 0.16115126953125 0.85990419921875 0.18344306640625 0.86125458984375 0.18884462890625 0.8686869140625 0.1983025390625 0.8686869140625 0.2037041015625 0.86192978515625 0.219238671875 0.8761140625 0.2489576171875 0.8740884765625 0.26584267578125 0.8673365234375 0.2753005859375 0.866661328125 0.29015478515625 0.85922900390625 0.29421123046875 0.84436953125 0.29556162109375 0.840318359375 0.3063646484375 0.8261341796875 0.31649775390625 0.82748447265625 0.3300068359375 0.8234333984375 0.33810908203125 0.80722353515625 0.3502677734375 0.79506484375 0.37052880859375 0.78426181640625 0.37323486328125 0.75521806640625 0.3604009765625 0.74576015625 0.3604009765625 0.7383330078125 0.36377685546875 0.73157587890625 0.36310166015625 0.72009765625 0.33810908203125 0.70321259765625 0.32257451171875 0.69713056640625 0.32257451171875 0.67822001953125 0.3286564453125 0.66944248046875 0.3340580078125 0.660659765625 0.332032421875 0.65977880859375 0.32976416015625 0.6559333984375 0.31987373046875
0 0.99867685546875 0.1679875 0.9899837890625 0.14349609375 0.99077509765625 0.12532392578125 0.993934765625 0.11979580078125 0.9990234375 0.1180986328125 0.9990234375 0.16854384765625 0.99867685546875 0.1679875
0 0.5690396484375 0.026398046875 0.58389912109375 0.03913701171875 0.59875322265625 0.0465640625 0.61467294921875 0.0486845703125 0.6337787109375 0.0624837890625 0.6549998046875 0.064604296875 0.664209765625 0.055399609375 0.66455263671875 0.06991083984375 0.64438662109375 0.0985642578125 0.60405986328125 0.124031640625 0.6024140625 0.1262681640625 0.59582041015625 0.123330078125 0.5863625 0.120629296875 0.556648828125 0.120629296875 0.5309810546875 0.1226548828125 0.495860546875 0.13008720703125 0.48910341796875 0.13346318359375 0.4816763671875 0.142240625 0.47965078125 0.16047607421875 0.469517578125 0.16453251953125 0.4445302734375 0.16318212890625 0.43912353515625 0.1665580078125 0.43507236328125 0.1733099609375 0.4249392578125 0.18276787109375 0.41616171875 0.18749423828125 0.3986015625 0.19087021484375 0.374959375 0.19087021484375 0.3695578125 0.1956017578125 0.38644287109375 0.2239650390625 0.38576767578125 0.23544853515625 0.384026953125 0.2376798828125 0.38013935546875 0.236524609375 0.35042568359375 0.2227306640625 0.34087802734375 0.212117578125 0.33026494140625 0.188770703125 0.3196517578125 0.17921787109375 0.297365234375 0.17709736328125 0.27083232421875 0.1878951171875 0.27083232421875 0.18133837890625 0.2634052734375 0.15375048828125 0.2634052734375 0.10705166015625 0.25067158203125 0.07097119140625 0.25067158203125 0.06142353515625 0.2634052734375 0.03701123046875 0.2634052734375 0.026398046875 0.2538576171875 0.01791064453125 0.22983564453125 0.00589970703125 0.23263134765625 0.004116796875 0.23503154296875 0 0.5461611328125 0 0.5690396484375 0.026398046875
0 0.99025810546875 0.02674619140625 0.973373046875 0.03552890625 0.96932197265625 0.044981640625 0.96527080078125 0.04903798828125 0.96121962890625 0.04971318359375 0.9483857421875 0.0429560546875 0.94162861328125 0.044981640625 0.93622705078125 0.04971318359375 0.93352626953125 0.05714033203125 0.93487666015625 0.08213291015625 0.9294751953125 0.0922607421875 0.9200171875 0.09023515625 0.91259013671875 0.0706494140625 0.9031322265625 0.0665982421875 0.88692236328125 0.0638921875 0.86260498046875 0.04836279296875 0.849101171875 0.04768232421875 0.83829287109375 0.05511474609375 0.82748447265625 0.05578994140625 0.817356640625 0.05173876953125 0.80317236328125 0.039580078125 0.7889880859375 0.04093046875 0.77547900390625 0.04700712890625 0.7653458984375 0.04633193359375 0.75724365234375 0.04093046875 0.75454287109375 0.02742138671875 0.75859404296875 0.02066943359375 0.76940234375 0.016618359375 0.77412861328125 0.0112115234375 0.770752734375 0.00243408203125 0.76831865234375 0 0.9990234375 0 0.9990234375 0.019296875 0.99025810546875 0.02674619140625
0 0.67197978515625 0.02321728515625 0.66879892578125 0.0508103515625 0.664209765625 0.055399609375 0.6549998046875 0.064604296875 0.6337787109375 0.0624837890625 0.61467294921875 0.0486845703125 0.59875322265625 0.0465640625 0.58389912109375 0.03913701171875 0.5690396484375 0.026398046875 0.5461611328125 0 0.66949443359375 0 0.67197978515625 0.02321728515625