0 0.98868505859375 0.99360478515625 0.99748408203125 0.98374443359375 0.99817421875 0.98000107421875 0.9885125 0.9831484375 0.9787880859375 0.9825576171875 0.97710986328125 0.97137978515625 0.96881796875 0.9670298828125 0.9293189453125 0.97291162109375 0.924001953125 0.96776708984375 0.92678330078125 0.95502080078125 0.93773115234375 0.93914794921875 0.95628076171875 0.93137373046875 0.97500283203125 0.93405576171875 0.985448828125 0.933135546875 0.9990234375 0.92912412109375 0.9990234375 0.9990234375 0.9927603515625 0.9990234375 0.98868505859375 0.99360478515625
0 0.828629296875 0.99656396484375 0.836168359375 0.98788515625 0.8398908203125 0.98707998046875 0.8496623046875 0.9906560546875 0.855183203125 0.9990234375 0.8264943359375 0.9990234375 0.828629296875 0.99656396484375
0 0.73693212890625 0.99623974609375 0.74869033203125 0.984089453125 0.788100390625 0.981051953125 0.79793984375 0.98029384765625 0.816353515625 0.96430078125 0.823076953125 0.964191015625 0.824708203125 0.97238359375 0.8219373046875 0.9858775390625 0.825811328125 0.99403349609375 0.828629296875 0.99656396484375 0.8264943359375 0.9990234375 0.73528212890625 0.9990234375 0.73693212890625 0.99623974609375
0 0.23360947265625 0.99740048828125 0.242601953125 0.99272119140625 0.24840517578125 0.9871845703125 0.25192900390625 0.98123486328125 0.252958984375 0.97796728515625 0.2633578125 0.9869388671875 0.27437744140625 0.9990234375 0.2319185546875 0.9990234375 0.23360947265625 0.99740048828125
0 0.442444140625 0.98802626953125 0.4480173828125 0.96511640625 0.46597099609375 0.966313671875 0.4822201171875 0.95484296875 0.501496484375 0.94555771484375 0.52163544921875 0.9438376953125 0.52313076171875 0.94371220703125 0.526727734375 0.9461328125 0.53568876953125 0.95215576171875 0.534266796875 0.9549580078125 0.530173046875 0.963019921875 0.52740732421875 0.9765138671875 0.54183193359375 0.99047314453125 0.54048818359375 0.9990234375 0.43976669921875 0.9990234375 0.442444140625 0.98802626953125
0 0.2633578125 0.9869388671875 0.252958984375 0.97796728515625 0.2463453125 0.97226328125 0.24352734375 0.96641298828125 0.24525263671875 0.9609443359375 0.24793466796875 0.95863349609375 0.256064453125 0.95668857421875 0.26685546875 0.95152314453125 0.263519921875 0.9416052734375 0.26392763671875 0.93888134765625 0.26616533203125 0.93703056640625 0.2738455078125 0.93554580078125 0.28293212890625 0.936753515625 0.3029560546875 0.935530078125 0.30242802734375 0.936889453125 0.30080205078125 0.94825029296875 0.30648515625 0.96311396484375 0.31188056640625 0.98795830078125 0.31561357421875 0.9946974609375 0.3202388671875 0.9990234375 0.27437744140625 0.9990234375 0.2633578125 0.9869388671875
0 0.31561357421875 0.9946974609375 0.31188056640625 0.98795830078125 0.30648515625 0.96311396484375 0.30080205078125 0.94825029296875 0.30242802734375 0.936889453125 0.3029560546875 0.935530078125 0.30858681640625 0.92196298828125 0.30940244140625 0.92000234375 0.31299423828125 0.91767587890625 0.3194091796875 0.9221041015625 0.3282396484375 0.91356123046875 0.3284330078125 0.91701708984375 0.33445068359375 0.9232595703125 0.3497169921875 0.93908525390625 0.3629181640625 0.96950283203125 0.366802734375 0.97604853515625 0.36611259765625 0.97800390625 0.36645615234375 0.9990234375 0.3202388671875 0.9990234375 0.31561357421875 0.9946974609375
0 0.5888751953125 0.98895693359375 0.57297099609375 0.9757662109375 0.5706548828125 0.971322265625 0.5816498046875 0.9584400390625 0.58809091796875 0.941150390625 0.61692958984375 0.92274716796875 0.6286720703125 0.90984921875 0.63952060546875 0.888005859375 0.6527583984375 0.87508701171875 0.66163583984375 0.8697125 0.67880517578125 0.86868251953125 0.69211611328125 0.86024423828125 0.700303515625 0.85861826171875 0.7168611328125 0.86581748046875 0.7355466796875 0.866256640625 0.76985927734375 0.90828076171875 0.79703017578125 0.925021484375 0.80025078125 0.939163671875 0.7996390625 0.94739287109375 0.7909080078125 0.9617337890625 0.78895263671875 0.9789501953125 0.788100390625 0.981051953125 0.74869033203125 0.984089453125 0.73693212890625 0.99623974609375 0.73528212890625 0.9990234375 0.6092955078125 0.9990234375 0.5888751953125 0.98895693359375
0 0.56352890625 0.90120703125 0.56805654296875 0.904119140625 0.5822771484375 0.905384375 0.5794330078125 0.914392578125 0.5884830078125 0.91947431640625 0.5885353515625 0.92246484375 0.57009033203125 0.93696259765625 0.56577177734375 0.94674453125 0.56134873046875 0.950555859375 0.54797509765625 0.9552560546875 0.534266796875 0.9549580078125 0.53568876953125 0.95215576171875 0.526727734375 0.9461328125 0.52690546875 0.9458923828125 0.5297443359375 0.93687900390625 0.5288033203125 0.92493779296875 0.5441951171875 0.90675419921875 0.5503748046875 0.89015986328125 0.55063095703125 0.88946455078125 0.5573701171875 0.89010234375 0.5581595703125 0.891571484375 0.56352890625 0.90120703125
0 0.9509427734375 0.83358564453125 0.9557212890625 0.835253515625 0.954037890625 0.8402568359375 0.93102861328125 0.849599609375 0.93034375 0.8533482421875 0.9365181640625 0.86520048828125 0.93657568359375 0.86893349609375 0.9321421875 0.87199716796875 0.92393916015625 0.87288076171875 0.91342001953125 0.86931513671875 0.90685869140625 0.87913369140625 0.89941376953125 0.88075439453125 0.8894958984375 0.8682119140625 0.88573681640625 0.86677939453125 0.873063671875 0.8684837890625 0.86163486328125 0.855219921875 0.858649609375 0.85527216796875 0.8468705078125 0.86592197265625 0.84400546875 0.827866015625 0.84833955078125 0.81883173828125 0.8827201171875 0.81975712890625 0.90208017578125 0.8157052734375 0.90811865234375 0.819344140625 0.9112921875 0.83049580078125 0.92178515625 0.8325662109375 0.93743310546875 0.83006708984375 0.94231103515625 0.82786083984375 0.9509427734375 0.83358564453125
0 0.992391796875 0.85531923828125 0.9749923828125 0.8421546875 0.9557212890625 0.835253515625 0.9509427734375 0.83358564453125 0.94231103515625 0.82786083984375 0.93885517578125 0.825565625 0.92362021484375 0.8078787109375 0.9233013671875 0.78846123046875 0.930453515625 0.76891826171875 0.93844736328125 0.75533544921875 0.94878349609375 0.7476970703125 0.9597208984375 0.73107666015625 0.96797099609375 0.72949248046875 0.9895111328125 0.72536220703125 0.9990234375 0.72610927734375 0.9990234375 0.85836982421875 0.992391796875 0.85531923828125
0 0.52037548828125 0.866800390625 0.52312021484375 0.879771484375 0.5260427734375 0.8936052734375 0.52163544921875 0.9438376953125 0.501496484375 0.94555771484375 0.4822201171875 0.95484296875 0.46597099609375 0.966313671875 0.4480173828125 0.96511640625 0.442444140625 0.98802626953125 0.42070009765625 0.98498876953125 0.40941240234375 0.9799435546875 0.38935185546875 0.9870015625 0.37738974609375 0.98644736328125 0.369061328125 0.97985986328125 0.366802734375 0.97604853515625 0.3629181640625 0.96950283203125 0.3497169921875 0.93908525390625 0.33445068359375 0.9232595703125 0.3284330078125 0.91701708984375 0.3282396484375 0.91356123046875 0.327376953125 0.89835771484375 0.33384423828125 0.88256337890625 0.33517744140625 0.8728232421875 0.354134765625 0.8441205078125 0.34475546875 0.81887353515625 0.35545751953125 0.7880638671875 0.3562365234375 0.78725869140625 0.37970068359375 0.7630103515625 0.3893623046875 0.75986298828125 0.405046875 0.7596068359375 0.41388779296875 0.75198935546875 0.42061123046875 0.75187958984375 0.45530546875 0.77148525390625 0.4747333984375 0.7719087890625 0.47855517578125 0.77707939453125 0.4833337890625 0.79493369140625 0.4894193359375 0.8015578125 0.4939626953125 0.805217578125 0.52101328125 0.814487109375 0.5279197265625 0.82558134765625 0.5280765625 0.8352900390625 0.52500244140625 0.84786904296875 0.52037548828125 0.866800390625
0 0.61377177734375 0.86675849609375 0.62605283203125 0.88673017578125 0.62316162109375 0.89275830078125 0.611298828125 0.8981798828125 0.60770712890625 0.907208984375 0.6032630859375 0.90951982421875 0.58894833984375 0.90228408203125 0.576238671875 0.9017455078125 0.5581595703125 0.891571484375 0.5573701171875 0.89010234375 0.55063095703125 0.88946455078125 0.5503748046875 0.89015986328125 0.5446447265625 0.8888162109375 0.53255712890625 0.88079619140625 0.52312021484375 0.879771484375 0.52037548828125 0.866800390625 0.52500244140625 0.84786904296875 0.54277822265625 0.83569267578125 0.5459779296875 0.83350205078125 0.5564865234375 0.83632001953125 0.564590234375 0.82946064453125 0.575966796875 0.839733984375 0.57773388671875 0.8561453125 0.5861669921875 0.86945625 0.5899521484375 0.87237880859375 0.5974232421875 0.87225859375 0.599540625 0.86475087890625 0.60693857421875 0.86015009765625 0.61311298828125 0.866120703125 0.61377177734375 0.86675849609375
0 0.3194091796875 0.9221041015625 0.31299423828125 0.91767587890625 0.30940244140625 0.92000234375 0.30858681640625 0.92196298828125 0.29760244140625 0.91888876953125 0.28313603515625 0.92397578125 0.28140029296875 0.9167294921875 0.28685849609375 0.90451123046875 0.28595927734375 0.89887001953125 0.27357373046875 0.89213095703125 0.2749591796875 0.88555908203125 0.27746865234375 0.8739525390625 0.27576953125 0.86912685546875 0.265930078125 0.86040107421875 0.2624533203125 0.8537298828125 0.26812587890625 0.84661953125 0.27280517578125 0.8360376953125 0.27496435546875 0.819835546875 0.28362744140625 0.80594951171875 0.31881318359375 0.7983111328125 0.31986923828125 0.7980810546875 0.3463814453125 0.787948828125 0.3562365234375 0.78725869140625 0.35545751953125 0.7880638671875 0.34475546875 0.81887353515625 0.354134765625 0.8441205078125 0.33517744140625 0.8728232421875 0.33384423828125 0.88256337890625 0.327376953125 0.89835771484375 0.3282396484375 0.91356123046875 0.3194091796875 0.9221041015625
0 0.265930078125 0.86040107421875 0.27576953125 0.86912685546875 0.27746865234375 0.8739525390625 0.2749591796875 0.88555908203125 0.27357373046875 0.89213095703125 0.27220908203125 0.89828974609375 0.27422197265625 0.92250146484375 0.2710798828125 0.9282158203125 0.2596615234375 0.92193681640625 0.24750068359375 0.9197095703125 0.22428759765625 0.9229197265625 0.219153515625 0.91941162109375 0.2054138671875 0.9130384765625 0.2017541015625 0.9043021484375 0.2018220703125 0.8818732421875 0.20090712890625 0.87968779296875 0.1983662109375 0.8769482421875 0.1947744140625 0.88110986328125 0.1875125 0.89398173828125 0.18648251953125 0.89504296875 0.1848251953125 0.89325498046875 0.16105791015625 0.8734349609375 0.14535244140625 0.84757109375 0.15884638671875 0.8370990234375 0.16434638671875 0.827306640625 0.165313671875 0.7876822265625 0.17155087890625 0.77383798828125 0.1745099609375 0.7611021484375 0.178640234375 0.7624091796875 0.18835947265625 0.76386259765625 0.22066962890625 0.75982646484375 0.22145390625 0.759272265625 0.22554755859375 0.76406123046875 0.23639609375 0.78490078125 0.2470876953125 0.79604208984375 0.24902216796875 0.8154125 0.2584171875 0.8459712890625 0.2624533203125 0.8537298828125 0.265930078125 0.86040107421875
0 0.58752626953125 0.7700580078125 0.581942578125 0.794060546875 0.5917140625 0.79763671875 0.59325634765625 0.80060107421875 0.59127490234375 0.81632216796875 0.59960341796875 0.822909765625 0.61984169921875 0.8270609375 0.63275009765625 0.83955107421875 0.62766826171875 0.84860107421875 0.62567109375 0.85100595703125 0.61311298828125 0.866120703125 0.60693857421875 0.86015009765625 0.599540625 0.86475087890625 0.5974232421875 0.87225859375 0.5899521484375 0.87237880859375 0.5861669921875 0.86945625 0.57773388671875 0.8561453125 0.575966796875 0.839733984375 0.564590234375 0.82946064453125 0.5564865234375 0.83632001953125 0.5459779296875 0.83350205078125 0.54277822265625 0.83569267578125 0.54227109375 0.83506005859375 0.52998486328125 0.81508837890625 0.5291431640625 0.809123046875 0.53799443359375 0.802253125 0.54310234375 0.7946984375 0.543740234375 0.78796455078125 0.53826630859375 0.77311123046875 0.53815126953125 0.76638779296875 0.54106865234375 0.76185498046875 0.5478025390625 0.7624927734375 0.5584052734375 0.77128662109375 0.56505556640625 0.766691015625 0.57229130859375 0.75237626953125 0.5789677734375 0.74928115234375 0.586925 0.768594140625 0.58752626953125 0.7700580078125
0 0.620103125 0.76422333984375 0.62031220703125 0.76467294921875 0.621859765625 0.7680033203125 0.6435986328125 0.7721283203125 0.6511533203125 0.777236328125 0.650588671875 0.78845078125 0.6412458984375 0.81102080078125 0.64502060546875 0.8132009765625 0.65847802734375 0.813723828125 0.65871845703125 0.82866591796875 0.66256640625 0.83532666015625 0.6611443359375 0.8398333984375 0.64421025390625 0.85505263671875 0.62567109375 0.85100595703125 0.62766826171875 0.84860107421875 0.63275009765625 0.83955107421875 0.61984169921875 0.8270609375 0.59960341796875 0.822909765625 0.59127490234375 0.81632216796875 0.59325634765625 0.80060107421875 0.5917140625 0.79763671875 0.581942578125 0.794060546875 0.58752626953125 0.7700580078125 0.586925 0.768594140625 0.5985943359375 0.7616615234375 0.59544697265625 0.7519998046875 0.59599072265625 0.74628017578125 0.59672265625 0.7385267578125 0.611638671875 0.74740947265625 0.6125693359375 0.7479845703125 0.61343193359375 0.749840625 0.61352607421875 0.75004453125 0.61702890625 0.7575939453125 0.620103125 0.76422333984375
0 0.28362744140625 0.80594951171875 0.27496435546875 0.819835546875 0.27280517578125 0.8360376953125 0.26812587890625 0.84661953125 0.2624533203125 0.8537298828125 0.2584171875 0.8459712890625 0.24902216796875 0.8154125 0.2470876953125 0.79604208984375 0.23639609375 0.78490078125 0.22554755859375 0.76406123046875 0.22145390625 0.759272265625 0.2414046875 0.7452083984375 0.24687861328125 0.73380576171875 0.2533615234375 0.7006642578125 0.2601111328125 0.70287060546875 0.27957041015625 0.65728603515625 0.29487333984375 0.653798828125 0.31010830078125 0.64627548828125 0.3101552734375 0.6461185546875 0.31174990234375 0.64786484375 0.32420341796875 0.66786787109375 0.3429203125 0.67564736328125 0.34947646484375 0.68119453125 0.340128515625 0.70236865234375 0.3428837890625 0.722528515625 0.33762421875 0.74686572265625 0.33767646484375 0.75009677734375 0.3467369140625 0.76045908203125 0.3451998046875 0.76533173828125 0.32452236328125 0.785878515625 0.31881318359375 0.7983111328125 0.28362744140625 0.80594951171875
0 0.61352607421875 0.75004453125 0.61343193359375 0.749840625 0.6125693359375 0.7479845703125 0.611638671875 0.74740947265625 0.59672265625 0.7385267578125 0.59599072265625 0.74628017578125 0.595049609375 0.7457103515625 0.5913951171875 0.74431435546875 0.58218310546875 0.73647734375 0.58319736328125 0.7317353515625 0.58884375 0.721833203125 0.58725966796875 0.713870703125 0.575109375 0.7038953125 0.57074384765625 0.70360771484375 0.56570380859375 0.70623232421875 0.5571244140625 0.714728125 0.53930673828125 0.73572451171875 0.533874609375 0.7369060546875 0.5301521484375 0.7315158203125 0.52894443359375 0.72426953125 0.5291849609375 0.71663642578125 0.53302763671875 0.70749228515625 0.52953525390625 0.69374736328125 0.53019921875 0.6901033203125 0.533791015625 0.68749970703125 0.53923349609375 0.68705009765625 0.548257421875 0.683630859375 0.5696876953125 0.68328056640625 0.566728515625 0.6800599609375 0.55762626953125 0.6787529296875 0.553961328125 0.67700146484375 0.54982060546875 0.66798291015625 0.54499501953125 0.66188681640625 0.54255869140625 0.66016669921875 0.54249072265625 0.6561462890625 0.545225 0.64807392578125 0.5531091796875 0.63934814453125 0.54883251953125 0.62336552734375 0.55187529296875 0.5992375 0.5436931640625 0.5896228515625 0.540990234375 0.58899541015625 0.5430134765625 0.58527294921875 0.55203212890625 0.58148779296875 0.5533705078125 0.574565625 0.5554984375 0.57126142578125 0.56352373046875 0.57331083984375 0.57525048828125 0.57965791015625 0.58328095703125 0.58206806640625 0.588174609375 0.5925244140625 0.59407724609375 0.5978728515625 0.5953267578125 0.60766005859375 0.6030853515625 0.615528515625 0.6020501953125 0.61881181640625 0.598479296875 0.6225029296875 0.591604296875 0.62443212890625 0.58513701171875 0.62853623046875 0.58408095703125 0.63073203125 0.58520498046875 0.63289130859375 0.58964375 0.6375443359375 0.6019822265625 0.6369796875 0.60892001953125 0.63904482421875 0.6096990234375 0.64230205078125 0.60621181640625 0.65107490234375 0.615000390625 0.6552888671875 0.62456279296875 0.66239921875 0.6229734375 0.676227734375 0.63848544921875 0.691959375 0.64290322265625 0.6955197265625 0.6546091796875 0.70041328125 0.65941904296875 0.7057826171875 0.65874990234375 0.70906591796875 0.6558900390625 0.7120146484375 0.64762431640625 0.71760361328125 0.659011328125 0.72504326171875 0.66233642578125 0.7286193359375 0.66460546875 0.7340357421875 0.66064765625 0.7362787109375 0.64861240234375 0.7335705078125 0.63691171875 0.72867685546875 0.626988671875 0.72193779296875 0.62333935546875 0.7209078125 0.6297177734375 0.73315224609375 0.6261677734375 0.73829677734375 0.61934501953125 0.7431328125 0.6182994140625 0.745689453125 0.61984697265625 0.75147705078125 0.61916728515625 0.7543943359375 0.6177556640625 0.75696142578125 0.61702890625 0.7575939453125 0.61352607421875 0.75004453125
0 0.5436931640625 0.5896228515625 0.55187529296875 0.5992375 0.54883251953125 0.62336552734375 0.5531091796875 0.63934814453125 0.545225 0.64807392578125 0.54249072265625 0.6561462890625 0.54255869140625 0.66016669921875 0.542705078125 0.6693265625 0.54103203125 0.67222294921875 0.534214453125 0.6757728515625 0.5237267578125 0.7005962890625 0.51977421875 0.70409921875 0.51463486328125 0.7053330078125 0.50886298828125 0.70313193359375 0.505266015625 0.6934494140625 0.50236962890625 0.6917763671875 0.49385810546875 0.6970724609375 0.48524208984375 0.69606865234375 0.48384091796875 0.69539423828125 0.49168837890625 0.6695931640625 0.49561474609375 0.66437021484375 0.5052921875 0.66019814453125 0.50157490234375 0.64306015625 0.509511328125 0.637769140625 0.51106923828125 0.62799775390625 0.5177875 0.618142578125 0.51996767578125 0.61122568359375 0.52053232421875 0.59687431640625 0.52539970703125 0.59279111328125 0.53678671875 0.5880177734375 0.540990234375 0.58899541015625 0.5436931640625 0.5896228515625
0 0.51996767578125 0.61122568359375 0.5177875 0.618142578125 0.51106923828125 0.62799775390625 0.509511328125 0.637769140625 0.50157490234375 0.64306015625 0.5052921875 0.66019814453125 0.49561474609375 0.66437021484375 0.49168837890625 0.6695931640625 0.48384091796875 0.69539423828125 0.48135224609375 0.70358681640625 0.47275712890625 0.70372802734375 0.46695908203125 0.6998068359375 0.46632119140625 0.69580732421875 0.469609765625 0.6865794921875 0.469515625 0.6808494140625 0.45216328125 0.67138642578125 0.4335771484375 0.65678408203125 0.4335091796875 0.65277412109375 0.43730478515625 0.64280390625 0.436865625 0.64756162109375 0.43924970703125 0.653255078125 0.44268984375 0.65319755859375 0.44664755859375 0.6496947265625 0.46271904296875 0.6161767578125 0.46267197265625 0.61331171875 0.45858876953125 0.60879453125 0.45846328125 0.60134443359375 0.46185634765625 0.598421875 0.47447724609375 0.59878779296875 0.4800818359375 0.5912435546875 0.489246875 0.590516796875 0.49435478515625 0.5875681640625 0.50224931640625 0.57941220703125 0.504178515625 0.57434609375 0.515419140625 0.57862275390625 0.52510693359375 0.57502568359375 0.52578662109375 0.58132041015625 0.52077802734375 0.59057431640625 0.52053232421875 0.59687431640625 0.51996767578125 0.61122568359375
0 0.1592646484375 0.99515751953125 0.15521279296875 0.989505859375 0.1524470703125 0.9816375 0.15304306640625 0.96447333984375 0.15635771484375 0.95210341796875 0.16450322265625 0.93921591796875 0.16823623046875 0.92552333984375 0.1667251953125 0.91367099609375 0.1685341796875 0.9105341796875 0.16928701171875 0.90923232421875 0.1805904296875 0.90113388671875 0.18648251953125 0.89504296875 0.1875125 0.89398173828125 0.1947744140625 0.88110986328125 0.1983662109375 0.8769482421875 0.20090712890625 0.87968779296875 0.2018220703125 0.8818732421875 0.2017541015625 0.9043021484375 0.2054138671875 0.9130384765625 0.219153515625 0.91941162109375 0.22428759765625 0.9229197265625 0.23693974609375 0.93143115234375 0.24321884765625 0.938808203125 0.24373642578125 0.9436337890625 0.24249208984375 0.9480515625 0.2351673828125 0.95741005859375 0.22545341796875 0.95493193359375 0.221548046875 0.9580740234375 0.2134443359375 0.973596484375 0.20258017578125 0.98169501953125 0.19830869140625 0.9892392578125 0.1888404296875 0.9990234375 0.1654998046875 0.9990234375 0.1592646484375 0.99515751953125
0 0.01196572265625 0.782516796875 0.01460068359375 0.78247490234375 0.0150451171875 0.78123583984375 0.0181140625 0.7828251953125 0.022197265625 0.78518310546875 0.0288580078125 0.7971974609375 0.03780341796875 0.80028212890625 0.04669130859375 0.800141015625 0.0498857421875 0.79766279296875 0.05372841796875 0.785470703125 0.05966767578125 0.7821037109375 0.062537890625 0.780477734375 0.07139970703125 0.7787158203125 0.080366015625 0.78342119140625 0.09895224609375 0.78311279296875 0.11810830078125 0.8175560546875 0.114783203125 0.83184990234375 0.11282265625 0.840277734375 0.11373759765625 0.846729296875 0.13914658203125 0.86813876953125 0.13546591796875 0.89002392578125 0.13715986328125 0.8948443359375 0.1421162109375 0.9012279296875 0.16486396484375 0.90812919921875 0.1685341796875 0.9105341796875 0.1667251953125 0.91367099609375 0.16823623046875 0.92552333984375 0.16450322265625 0.93921591796875 0.15635771484375 0.95210341796875 0.15304306640625 0.96447333984375 0.1524470703125 0.9816375 0.15521279296875 0.989505859375 0.1592646484375 0.99515751953125 0.1654998046875 0.9990234375 0.0682673828125 0.9990234375 0.0619314453125 0.989845703125 0.0345201171875 0.99433671875 0.028784765625 0.9895791015625 0.02372392578125 0.97672822265625 0.01313681640625 0.97205419921875 0 0.9787314453125 0 0.77820146484375 0.01196572265625 0.782516796875
0 0.001430859375 0.75718095703125 0.01342958984375 0.7644638671875 0.0147888671875 0.7670779296875 0.01586591796875 0.77893544921875 0.0150451171875 0.78123583984375 0.01460068359375 0.78247490234375 0.01196572265625 0.782516796875 0 0.77820146484375 0 0.75716494140625 0.001430859375 0.75718095703125
0 0.17155087890625 0.77383798828125 0.165313671875 0.7876822265625 0.16434638671875 0.827306640625 0.15884638671875 0.8370990234375 0.14535244140625 0.84757109375 0.14288466796875 0.8494845703125 0.12489453125 0.836848046875 0.114783203125 0.83184990234375 0.11810830078125 0.8175560546875 0.09895224609375 0.78311279296875 0.080366015625 0.78342119140625 0.07139970703125 0.7787158203125 0.062537890625 0.780477734375 0.05966767578125 0.7821037109375 0.05827177734375 0.7668060546875 0.04664951171875 0.74840810546875 0.04736572265625 0.74273544921875 0.0610583984375 0.716908203125 0.08072158203125 0.7066244140625 0.0961708984375 0.71202509765625 0.1089798828125 0.7045435546875 0.11265537109375 0.70448603515625 0.11544716796875 0.7044390625 0.14473544921875 0.7160822265625 0.149665625 0.72085029296875 0.154700390625 0.73208564453125 0.17023857421875 0.74314326171875 0.173140234375 0.74871650390625 0.17607841796875 0.7543681640625 0.1745099609375 0.7611021484375 0.17155087890625 0.77383798828125
0 0.17877099609375 0.622565625 0.1828908203125 0.6273494140625 0.18551015625 0.63943173828125 0.1887724609375 0.64098974609375 0.2121373046875 0.63656669921875 0.21708310546875 0.64214521484375 0.22051279296875 0.65421181640625 0.238372265625 0.65877080078125 0.240834765625 0.6611548828125 0.24098115234375 0.6700427734375 0.23676728515625 0.68976875 0.23647451171875 0.69113330078125 0.2397734375 0.69512236328125 0.24366318359375 0.6952740234375 0.254333984375 0.69569228515625 0.2533615234375 0.7006642578125 0.24687861328125 0.73380576171875 0.2414046875 0.7452083984375 0.22145390625 0.759272265625 0.22066962890625 0.75982646484375 0.18835947265625 0.76386259765625 0.178640234375 0.7624091796875 0.1745099609375 0.7611021484375 0.17607841796875 0.7543681640625 0.173140234375 0.74871650390625 0.17023857421875 0.74314326171875 0.154700390625 0.73208564453125 0.149665625 0.72085029296875 0.14473544921875 0.7160822265625 0.11544716796875 0.7044390625 0.11265537109375 0.70448603515625 0.10138857421875 0.68526728515625 0.06864443359375 0.6561671875 0.0701658203125 0.65425361328125 0.07004560546875 0.64698125 0.07639267578125 0.639604296875 0.09825166015625 0.64166943359375 0.10678935546875 0.62638740234375 0.12528662109375 0.61455078125 0.13903671875 0.61513115234375 0.1759634765625 0.6220427734375 0.17877099609375 0.622565625
0 0.00176552734375 0.64326923828125 0.0033705078125 0.64620751953125 0.0184224609375 0.67376005859375 0.02533935546875 0.68642265625 0.0226259765625 0.70845947265625 0.01671806640625 0.72996298828125 0.01461640625 0.72969638671875 0 0.7271814453125 0 0.64203134765625 0.00176552734375 0.64326923828125
0 0.1298298828125 0.59588623046875 0.11238349609375 0.6163806640625 0.10678935546875 0.62638740234375 0.09825166015625 0.64166943359375 0.07639267578125 0.639604296875 0.07004560546875 0.64698125 0.0701658203125 0.65425361328125 0.06864443359375 0.6561671875 0.06699755859375 0.65834736328125 0.03561279296875 0.66694765625 0.0284240234375 0.671914453125 0.0184224609375 0.67376005859375 0.0033705078125 0.64620751953125 0.0202732421875 0.61869677734375 0.03945546875 0.60544853515625 0.03836806640625 0.5884935546875 0.04705732421875 0.57622822265625 0.05583017578125 0.568809375 0.06835693359375 0.56440205078125 0.07270673828125 0.56287021484375 0.07374189453125 0.5765994140625 0.07783564453125 0.5797625 0.089944140625 0.57875869140625 0.10456728515625 0.5833646484375 0.12711650390625 0.57814697265625 0.1344568359375 0.58206806640625 0.133358984375 0.5853513671875 0.1298298828125 0.59588623046875
0 0.00018134765625 0.54698173828125 0.01132783203125 0.5560369140625 0.01147421875 0.55630361328125 0.01812451171875 0.56823955078125 0.018223828125 0.57439306640625 0.00889150390625 0.5952169921875 0.015693359375 0.60785869140625 0.01008876953125 0.61454560546875 0 0.620749609375 0 0.5470453125 0.00018134765625 0.54698173828125
0 0.1344568359375 0.58206806640625 0.12711650390625 0.57814697265625 0.10456728515625 0.5833646484375 0.089944140625 0.57875869140625 0.07783564453125 0.5797625 0.07374189453125 0.5765994140625 0.07270673828125 0.56287021484375 0.06835693359375 0.56440205078125 0.0611681640625 0.54931875 0.06444619140625 0.546354296875 0.07514306640625 0.536661328125 0.080282421875 0.532034375 0.07991123046875 0.52419208984375 0.07905380859375 0.50618623046875 0.08216455078125 0.4988615234375 0.08577724609375 0.49697939453125 0.091784375 0.4938529296875 0.1015611328125 0.498542578125 0.112305078125 0.51291484375 0.124596484375 0.52321962890625 0.12865361328125 0.52396201171875 0.14225732421875 0.51565439453125 0.14632490234375 0.5172072265625 0.150591015625 0.53087890625 0.16452421875 0.542773046875 0.16308115234375 0.5533078125 0.15592900390625 0.56070048828125 0.16006455078125 0.566289453125 0.1593326171875 0.57115166015625 0.14975458984375 0.578580859375 0.133358984375 0.5853513671875 0.1344568359375 0.58206806640625
0 0.00265947265625 0.3445044921875 0.0128544921875 0.34560771484375 0.01877802734375 0.3575958984375 0.02710126953125 0.3612765625 0.0370244140625 0.38464130859375 0.045959375 0.38640322265625 0.06099560546875 0.3728046875 0.0805908203125 0.36548525390625 0.08270830078125 0.37816884765625 0.07909033203125 0.3903138671875 0.07994775390625 0.4036509765625 0.07634033203125 0.41643388671875 0.07891787109375 0.4182951171875 0.09861240234375 0.41733837890625 0.10820087890625 0.42036025390625 0.1076728515625 0.42672822265625 0.0995326171875 0.43449208984375 0.07616259765625 0.44441513671875 0.08645166015625 0.4512431640625 0.0891076171875 0.4581966796875 0.08743974609375 0.47285126953125 0.084909375 0.47352568359375 0.07333935546875 0.46608603515625 0.06952275390625 0.46614873046875 0.0717552734375 0.48582763671875 0.0852857421875 0.49641474609375 0.08577724609375 0.49697939453125 0.08216455078125 0.4988615234375 0.07905380859375 0.50618623046875 0.07991123046875 0.52419208984375 0.078091796875 0.52324580078125 0.07111220703125 0.523993359375 0.07514306640625 0.536661328125 0.06444619140625 0.546354296875 0.05612294921875 0.54077587890625 0.04912763671875 0.54089091796875 0.0447203125 0.54350498046875 0.04357529296875 0.55115380859375 0.04622080078125 0.55747470703125 0.04569794921875 0.5644751953125 0.03820595703125 0.57286650390625 0.03375673828125 0.5729396484375 0.03053623046875 0.57045107421875 0.02644775390625 0.5539822265625 0.01147421875 0.55630361328125 0.01132783203125 0.5560369140625 0.00018134765625 0.54698173828125 0 0.5470453125 0 0.3414365234375 0.00265947265625 0.3445044921875
0 0.219984765625 0.4115298828125 0.22006845703125 0.41661689453125 0.21395146484375 0.4313447265625 0.20456162109375 0.44039990234375 0.19007431640625 0.44890615234375 0.1800623046875 0.46015205078125 0.1757125 0.46504033203125 0.16410068359375 0.4550544921875 0.15272939453125 0.45969716796875 0.14446357421875 0.45983310546875 0.14124306640625 0.4573392578125 0.1442544921875 0.447112890625 0.1357900390625 0.43517177734375 0.13569072265625 0.4288142578125 0.14066796875 0.42237314453125 0.1418390625 0.4159947265625 0.1242619140625 0.39147978515625 0.1240580078125 0.37876484375 0.12489970703125 0.3765115234375 0.12528662109375 0.37619775390625 0.12846533203125 0.3761455078125 0.14643466796875 0.3860267578125 0.1528025390625 0.38656005859375 0.1621923828125 0.377499609375 0.167995703125 0.38249248046875 0.17480283203125 0.3709330078125 0.1823732421875 0.36699619140625 0.18671787109375 0.36056552734375 0.19427255859375 0.3559908203125 0.2043525390625 0.3548615234375 0.20898994140625 0.36147001953125 0.21216865234375 0.36141767578125 0.21909072265625 0.356853515625 0.2254900390625 0.35928984375 0.2249986328125 0.36820390625 0.21809736328125 0.37403857421875 0.2131724609375 0.3836583984375 0.2140037109375 0.3957302734375 0.21834833984375 0.40720615234375 0.219984765625 0.4115298828125
0 0.23195205078125 0.2879564453125 0.23462890625 0.29618037109375 0.239799609375 0.3011837890625 0.24569697265625 0.3119015625 0.24642890625 0.3176107421875 0.23250107421875 0.32165732421875 0.23008564453125 0.32932705078125 0.2298451171875 0.3434955078125 0.2297615234375 0.3484099609375 0.20760439453125 0.35449560546875 0.2043525390625 0.3548615234375 0.19427255859375 0.3559908203125 0.18671787109375 0.36056552734375 0.1823732421875 0.36699619140625 0.17480283203125 0.3709330078125 0.167995703125 0.38249248046875 0.1621923828125 0.377499609375 0.1528025390625 0.38656005859375 0.14643466796875 0.3860267578125 0.12846533203125 0.3761455078125 0.12528662109375 0.37619775390625 0.12489970703125 0.3765115234375 0.11022421875 0.3885310546875 0.10522607421875 0.3941095703125 0.10458828125 0.39371220703125 0.09938623046875 0.3868005859375 0.09739423828125 0.381744921875 0.097854296875 0.370927734375 0.10270087890625 0.3562208984375 0.09308095703125 0.35129072265625 0.08288603515625 0.35018232421875 0.08886708984375 0.32719404296875 0.0862634765625 0.32341923828125 0.07986416015625 0.32098291015625 0.0714833984375 0.31412353515625 0.0720009765625 0.3071177734375 0.07370009765625 0.3028515625 0.0781126953125 0.29175732421875 0.078091796875 0.29038759765625 0.0780291015625 0.2866703125 0.07218916015625 0.279769140625 0.07081416015625 0.27343251953125 0.0859392578125 0.2649158203125 0.0945240234375 0.2621658203125 0.1131416015625 0.25620048828125 0.13093310546875 0.25527509765625 0.13467646484375 0.25076318359375 0.1416560546875 0.25001025390625 0.15234248046875 0.24220458984375 0.16320146484375 0.24520556640625 0.1806060546875 0.2376142578125 0.18593359375 0.23529296875 0.19104150390625 0.2364796875 0.193023046875 0.240902734375 0.219712890625 0.23982578125 0.2173916015625 0.25322041015625 0.21945146484375 0.2627251953125 0.24244501953125 0.26870625 0.2394126953125 0.277662109375 0.2340224609375 0.28510185546875 0.23195205078125 0.2879564453125
0 0.01180888671875 0.26418388671875 0.01994912109375 0.2479974609375 0.0282201171875 0.23944931640625 0.03660087890625 0.23778681640625 0.0420486328125 0.24380966796875 0.03783994140625 0.266813671875 0.03791845703125 0.271398828125 0.041034375 0.275168359375 0.078091796875 0.29038759765625 0.0781126953125 0.29175732421875 0.07370009765625 0.3028515625 0.0728322265625 0.30292998046875 0.0460744140625 0.302605859375 0.045797265625 0.33242216796875 0.0428171875 0.3370595703125 0.03746357421875 0.3371484375 0.03048916015625 0.331146484375 0.02412119140625 0.3159638671875 0.0195361328125 0.31603701171875 0.01428701171875 0.3222376953125 0.00893857421875 0.3223265625 0 0.31367587890625 0 0.26399638671875 0.01180888671875 0.26418388671875
0 0.192479296875 0.0938025390625 0.2025017578125 0.098994140625 0.21303125 0.1117822265625 0.21146806640625 0.124852734375 0.2115517578125 0.13000244140625 0.2076880859375 0.13560185546875 0.19334189453125 0.1465392578125 0.179863671875 0.1635779296875 0.17617783203125 0.17204755859375 0.1765908203125 0.1972630859375 0.18373251953125 0.21320380859375 0.1832724609375 0.23155478515625 0.1806060546875 0.2376142578125 0.16320146484375 0.24520556640625 0.15234248046875 0.24220458984375 0.1416560546875 0.25001025390625 0.13467646484375 0.25076318359375 0.13093310546875 0.25527509765625 0.1131416015625 0.25620048828125 0.0945240234375 0.2621658203125 0.078719140625 0.2424451171875 0.08345595703125 0.20490673828125 0.0802091796875 0.1934935546875 0.08083662109375 0.185076171875 0.0882919921875 0.1734853515625 0.0996162109375 0.16489541015625 0.1039921875 0.15182490234375 0.102209375 0.1365638671875 0.0958466796875 0.12138125 0.0961708984375 0.11367490234375 0.11030263671875 0.11732412109375 0.1171568359375 0.11568251953125 0.11628369140625 0.10881259765625 0.11185546875 0.10453076171875 0.1158392578125 0.1040654296875 0.12154326171875 0.10337529296875 0.13224013671875 0.10320283203125 0.1491533203125 0.10904267578125 0.15756025390625 0.1089015625 0.182530078125 0.09320126953125 0.19198779296875 0.09377119140625 0.192479296875 0.0938025390625
0 0.09513046875 0.077819921875 0.1070193359375 0.07815458984375 0.1045412109375 0.09219228515625 0.10540380859375 0.0982935546875 0.11185546875 0.10453076171875 0.11628369140625 0.10881259765625 0.1171568359375 0.11568251953125 0.11030263671875 0.11732412109375 0.0961708984375 0.11367490234375 0.093415625 0.11301083984375 0.08047587890625 0.11628369140625 0.077480078125 0.1201525390625 0.07474580078125 0.14007197265625 0.0664015625 0.1440349609375 0.058684765625 0.13957529296875 0.05549033203125 0.1312154296875 0.05083203125 0.12670869140625 0.0361826171875 0.119300390625 0.03486513671875 0.10431640625 0.03430576171875 0.0979275390625 0.03800205078125 0.09022646484375 0.057597265625 0.073083203125 0.07577568359375 0.06284638671875 0.08036083984375 0.0627732421875 0.0842767578125 0.0667623046875 0.09513046875 0.077819921875
0 0.182530078125 0.09320126953125 0.15756025390625 0.1089015625 0.1491533203125 0.10904267578125 0.13224013671875 0.10320283203125 0.12154326171875 0.10337529296875 0.1158392578125 0.1040654296875 0.11601181640625 0.10198466796875 0.1195669921875 0.09070224609375 0.133698828125 0.0780029296875 0.1353142578125 0.062386328125 0.14150966796875 0.05978798828125 0.15460107421875 0.0595736328125 0.1575236328125 0.0476794921875 0.16484833984375 0.03820595703125 0.1772443359375 0.0336365234375 0.19138662109375 0.02155947265625 0.19574169921875 0.0208640625 0.20268994140625 0.02636416015625 0.2059994140625 0.0381537109375 0.2215845703125 0.03789755859375 0.22476337890625 0.04158857421875 0.2248626953125 0.04782060546875 0.21814970703125 0.0566615234375 0.21829609375 0.0653873046875 0.1959560546875 0.07199052734375 0.196724609375 0.08070595703125 0.19198779296875 0.09377119140625 0.182530078125 0.09320126953125
0 0.15047607421875 0.0002912109375 0.15351357421875 0.002858203125 0.16252705078125 0.00458349609375 0.16518818359375 0.00716103515625 0.1641529296875 0.01242060546875 0.15753408203125 0.01964072265625 0.14086142578125 0.03001865234375 0.1371859375 0.03419599609375 0.13889033203125 0.04689521484375 0.13669453125 0.0499275390625 0.13259560546875 0.05111435546875 0.1212609375 0.0445634765625 0.103202734375 0.03924638671875 0.09572646484375 0.03974306640625 0.0912876953125 0.04281201171875 0.085782421875 0.0496400390625 0.084909375 0.06500048828125 0.0842767578125 0.0667623046875 0.08036083984375 0.0627732421875 0.07577568359375 0.06284638671875 0.057597265625 0.073083203125 0.03800205078125 0.09022646484375 0.03430576171875 0.0979275390625 0.03486513671875 0.10431640625 0.033903125 0.10438955078125 0.01528037109375 0.10993671875 0.00817529296875 0.110428125 0.00552978515625 0.10897470703125 0.00092900390625 0.1023087890625 0 0.0998544921875 0 0 0.15055927734375 0 0.15047607421875 0.0002912109375
0 0.24381484375 0.54713330078125 0.2704263671875 0.54346318359375 0.2738716796875 0.55634013671875 0.283528125 0.553757421875 0.2989251953125 0.5559271484375 0.314609765625 0.5758779296875 0.33091640625 0.58450439453125 0.33361416015625 0.59355966796875 0.33690791015625 0.60461201171875 0.3362283203125 0.6127052734375 0.3322705078125 0.6176197265625 0.3296302734375 0.6188587890625 0.3162251953125 0.6251587890625 0.3101552734375 0.6461185546875 0.31010830078125 0.64627548828125 0.29487333984375 0.653798828125 0.27957041015625 0.65728603515625 0.2601111328125 0.70287060546875 0.2533615234375 0.7006642578125 0.254333984375 0.69569228515625 0.24366318359375 0.6952740234375 0.2397734375 0.69512236328125 0.23647451171875 0.69113330078125 0.23676728515625 0.68976875 0.24098115234375 0.6700427734375 0.240834765625 0.6611548828125 0.238372265625 0.65877080078125 0.22051279296875 0.65421181640625 0.21708310546875 0.64214521484375 0.2121373046875 0.63656669921875 0.1887724609375 0.64098974609375 0.18551015625 0.63943173828125 0.1828908203125 0.6273494140625 0.17877099609375 0.622565625 0.1759634765625 0.6220427734375 0.1778298828125 0.61449853515625 0.17358984375 0.60244228515625 0.17430615234375 0.5967697265625 0.19176298828125 0.57708564453125 0.18572451171875 0.553741796875 0.1888248046875 0.54560673828125 0.200018359375 0.5381513671875 0.2080958984375 0.53802060546875 0.24381484375 0.54713330078125
0 0.69418125 0.57224951171875 0.71152841796875 0.5811375 0.7088568359375 0.59321982421875 0.7032783203125 0.6024841796875 0.7022431640625 0.60938017578125 0.70462197265625 0.6145037109375 0.712730859375 0.61952802734375 0.71549140625 0.6223564453125 0.7255556640625 0.63250439453125 0.7279396484375 0.6381978515625 0.72455703125 0.64169033203125 0.7138392578125 0.64049306640625 0.70215947265625 0.6391912109375 0.6982435546875 0.64498935546875 0.69677451171875 0.66049609375 0.693391796875 0.66398857421875 0.68426337890625 0.666430078125 0.680190625 0.66305791015625 0.676567578125 0.6516552734375 0.6712765625 0.643713671875 0.66323564453125 0.6426994140625 0.6579708984375 0.63647783203125 0.6401375 0.632760546875 0.6388984375 0.62704619140625 0.64399072265625 0.622947265625 0.64723212890625 0.61085966796875 0.6455591796875 0.5952849609375 0.64520361328125 0.5919703125 0.6491666015625 0.58904248046875 0.66171943359375 0.58539326171875 0.6750775390625 0.5721763671875 0.67582509765625 0.5714025390625 0.68930341796875 0.5663259765625 0.69078818359375 0.56812978515625 0.69418125 0.57224951171875
0 0.39215419921875 0.5589490234375 0.414096875 0.55783544921875 0.41942958984375 0.560015625 0.4296716796875 0.5609880859375 0.435448828125 0.56694814453125 0.43705908203125 0.572605078125 0.43716884765625 0.5794173828125 0.43656240234375 0.588514453125 0.434021484375 0.595373828125 0.43193544921875 0.606766015625 0.43148056640625 0.61808505859375 0.43062314453125 0.641998828125 0.4174638671875 0.64789619140625 0.40652646484375 0.6503482421875 0.40234912109375 0.64965810546875 0.3958138671875 0.6437083984375 0.3878984375 0.64573173828125 0.37843017578125 0.64588857421875 0.37468154296875 0.6482203125 0.3705251953125 0.64866474609375 0.35674365234375 0.6394265625 0.3495392578125 0.638788671875 0.33998212890625 0.6332625 0.3296302734375 0.6188587890625 0.3322705078125 0.6176197265625 0.3362283203125 0.6127052734375 0.33690791015625 0.60461201171875 0.33361416015625 0.59355966796875 0.33993505859375 0.58442080078125 0.337571875 0.57877958984375 0.34647548828125 0.56765400390625 0.35655546875 0.5587765625 0.36933310546875 0.55288955078125 0.37344775390625 0.5497892578125 0.3783935546875 0.55122705078125 0.3837734375 0.5560578125 0.3914431640625 0.5587033203125 0.39215419921875 0.5589490234375
0 0.50224931640625 0.57941220703125 0.49435478515625 0.5875681640625 0.489246875 0.590516796875 0.4800818359375 0.5912435546875 0.47447724609375 0.59878779296875 0.46185634765625 0.598421875 0.45846328125 0.60134443359375 0.45858876953125 0.60879453125 0.46267197265625 0.61331171875 0.46271904296875 0.6161767578125 0.44664755859375 0.6496947265625 0.44268984375 0.65319755859375 0.43924970703125 0.653255078125 0.436865625 0.64756162109375 0.43730478515625 0.64280390625 0.43929677734375 0.621148828125 0.43637421875 0.6177556640625 0.43148056640625 0.61808505859375 0.43193544921875 0.606766015625 0.434021484375 0.595373828125 0.43656240234375 0.588514453125 0.43716884765625 0.5794173828125 0.43705908203125 0.572605078125 0.435448828125 0.56694814453125 0.4296716796875 0.5609880859375 0.41942958984375 0.560015625 0.414096875 0.55783544921875 0.39215419921875 0.5589490234375 0.3914431640625 0.5587033203125 0.39574072265625 0.55192236328125 0.4054337890625 0.54889521484375 0.42076806640625 0.5400439453125 0.43622255859375 0.53864794921875 0.44077109375 0.53627958984375 0.4522365234375 0.53609140625 0.45148369140625 0.5252115234375 0.45430166015625 0.52229423828125 0.46174130859375 0.52159892578125 0.47793828125 0.53050771484375 0.48650205078125 0.5280765625 0.49442275390625 0.52164072265625 0.49728779296875 0.52159365234375 0.50193564453125 0.52553046875 0.5020611328125 0.5329806640625 0.48853056640625 0.54696083984375 0.48801298828125 0.55040615234375 0.49383720703125 0.55604736328125 0.50193037109375 0.5599267578125 0.5156857421875 0.559701953125 0.5157380859375 0.56313681640625 0.50554306640625 0.57075947265625 0.504178515625 0.57434609375 0.50224931640625 0.57941220703125
0 0.66763779296875 0.526821875 0.65933544921875 0.54472841796875 0.65941904296875 0.54988857421875 0.67573623046875 0.56624755859375 0.6750775390625 0.5721763671875 0.66171943359375 0.58539326171875 0.6491666015625 0.58904248046875 0.64520361328125 0.5919703125 0.6455591796875 0.5952849609375 0.632405078125 0.587071484375 0.6301673828125 0.5834796875 0.630705859375 0.571841796875 0.62954521484375 0.56750234375 0.627004296875 0.56791015625 0.616265625 0.57752998046875 0.61691396484375 0.57279853515625 0.6208037109375 0.5661953125 0.62182841796875 0.562180078125 0.6209552734375 0.55347509765625 0.62920537109375 0.54680400390625 0.62652333984375 0.53849111328125 0.624662109375 0.535615625 0.6217291015625 0.53420927734375 0.59993798828125 0.53457001953125 0.5973814453125 0.533519140625 0.59660244140625 0.53026201171875 0.5975330078125 0.52080419921875 0.59056904296875 0.51692490234375 0.59040703125 0.513976171875 0.59116513671875 0.51419052734375 0.6011875 0.50511962890625 0.6099029296875 0.493533984375 0.6206677734375 0.49081005859375 0.6270095703125 0.48485 0.6369587890625 0.48819072265625 0.6492763671875 0.48617265625 0.65110625 0.48686806640625 0.6518748046875 0.4893984375 0.65115849609375 0.51229794921875 0.6556861328125 0.5223935546875 0.66757509765625 0.52283798828125 0.66763779296875 0.526821875
0 0.68930341796875 0.5663259765625 0.67582509765625 0.5714025390625 0.6750775390625 0.5721763671875 0.67573623046875 0.56624755859375 0.65941904296875 0.54988857421875 0.65933544921875 0.54472841796875 0.66763779296875 0.526821875 0.66757509765625 0.52283798828125 0.66733974609375 0.50848134765625 0.67014736328125 0.504994140625 0.678162109375 0.5042935546875 0.682203515625 0.505945703125 0.69157763671875 0.5184044921875 0.70598134765625 0.522754296875 0.71148134765625 0.54330107421875 0.71615009765625 0.54838291015625 0.7151044921875 0.554708984375 0.71116767578125 0.5593568359375 0.7043396484375 0.5623369140625 0.6951798828125 0.563063671875 0.69078818359375 0.56812978515625 0.68930341796875 0.5663259765625
0 0.19007431640625 0.44890615234375 0.20456162109375 0.44039990234375 0.21395146484375 0.4313447265625 0.22006845703125 0.41661689453125 0.219984765625 0.4115298828125 0.21834833984375 0.40720615234375 0.21927900390625 0.40709111328125 0.22947392578125 0.4081943359375 0.24394033203125 0.398417578125 0.25156826171875 0.39829208984375 0.25260869140625 0.42307890625 0.26486875 0.4336869140625 0.27573818359375 0.43732578125 0.27150859375 0.4507517578125 0.285692578125 0.46260400390625 0.28575537109375 0.46641533203125 0.2807833984375 0.4734943359375 0.28159892578125 0.48429052734375 0.27233984375 0.5016115234375 0.26472236328125 0.5023748046875 0.249952734375 0.49371171875 0.2424607421875 0.5021029296875 0.24127392578125 0.5072109375 0.25107158203125 0.52294775390625 0.25244658203125 0.52928427734375 0.23390224609375 0.523230078125 0.19944326171875 0.516166796875 0.191731640625 0.5112052734375 0.19292890625 0.50673515625 0.20169658203125 0.49832294921875 0.20348984375 0.4912962890625 0.195705078125 0.481885546875 0.19303349609375 0.47429951171875 0.184652734375 0.46744013671875 0.1800623046875 0.46015205078125 0.19007431640625 0.44890615234375
0 0.6206677734375 0.49081005859375 0.6099029296875 0.493533984375 0.6011875 0.50511962890625 0.59116513671875 0.51419052734375 0.59040703125 0.513976171875 0.58477099609375 0.51238681640625 0.57060791015625 0.50181015625 0.561719921875 0.50258916015625 0.5471908203125 0.50854931640625 0.53892509765625 0.50868525390625 0.53185654296875 0.50435107421875 0.51312919921875 0.47569013671875 0.50863291015625 0.48437939453125 0.502380078125 0.49084150390625 0.4966708984375 0.4915734375 0.4819326171875 0.4848185546875 0.45775224609375 0.4839455078125 0.43980390625 0.47533466796875 0.42528515625 0.4819326171875 0.4046705078125 0.4657357421875 0.40266806640625 0.4600474609375 0.40878505859375 0.44531962890625 0.41232978515625 0.428725390625 0.41796572265625 0.42354423828125 0.4344763671875 0.422001953125 0.4325158203125 0.41885458984375 0.43307001953125 0.41375703125 0.44055146484375 0.404733203125 0.43985615234375 0.4009271484375 0.4314021484375 0.3896185546875 0.42930048828125 0.3737509765625 0.43877919921875 0.37423720703125 0.4471599609375 0.38109140625 0.452257421875 0.38164560546875 0.45968671875 0.36944296875 0.46603369140625 0.3687005859375 0.47134033203125 0.3819697265625 0.47706513671875 0.3818755859375 0.4820841796875 0.377975390625 0.48875537109375 0.35815009765625 0.4937796875 0.354255078125 0.49886669921875 0.354171484375 0.517515625 0.36658310546875 0.52520634765625 0.37027421875 0.53157421875 0.37080751953125 0.53111416015625 0.381624609375 0.52867783203125 0.38802392578125 0.5295404296875 0.40199892578125 0.53597109375 0.40634873046875 0.55965478515625 0.415498046875 0.57125615234375 0.42484609375 0.577749609375 0.4330072265625 0.57230703125 0.44787099609375 0.57870634765625 0.45270703125 0.5832287109375 0.45708310546875 0.587223046875 0.467826953125 0.60241611328125 0.4637646484375 0.61004931640625 0.46363916015625 0.615178125 0.466096484375 0.62744345703125 0.47734228515625 0.62755849609375 0.48433759765625 0.6270095703125 0.48485 0.6206677734375 0.49081005859375
0 0.657312109375 0.2822525390625 0.6504318359375 0.2893576171875 0.64737861328125 0.29704306640625 0.6453291015625 0.32696396484375 0.64671455078125 0.33393837890625 0.6544470703125 0.3401703125 0.669164453125 0.3456546875 0.69466748046875 0.34968564453125 0.70177783203125 0.35656591796875 0.710728515625 0.35959833984375 0.717723828125 0.35948330078125 0.7341298828125 0.35158349609375 0.7379412109375 0.351520703125 0.73894501953125 0.35375322265625 0.74190419921875 0.36035634765625 0.742071484375 0.37053046875 0.73776865234375 0.3795072265625 0.7269986328125 0.38222587890625 0.7207666015625 0.3899583984375 0.72042158203125 0.40777080078125 0.7154025390625 0.41167099609375 0.70837578125 0.409877734375 0.7001205078125 0.4106462890625 0.696398046875 0.41643388671875 0.68695595703125 0.4223103515625 0.6824962890625 0.4217509765625 0.67280322265625 0.41236640625 0.66707841796875 0.41246044921875 0.663340234375 0.41697763671875 0.6576048828125 0.41643388671875 0.64595126953125 0.40390712890625 0.64570029296875 0.38864609375 0.64375546875 0.3861365234375 0.6251796875 0.3781740234375 0.60223837890625 0.37537177734375 0.58745830078125 0.36607080078125 0.573504296875 0.36820908203125 0.57012685546875 0.3561791015625 0.55474560546875 0.34880205078125 0.5475306640625 0.33556435546875 0.5454341796875 0.324151171875 0.5338537109375 0.3160736328125 0.5272244140625 0.2996466796875 0.51888017578125 0.29470078125 0.51121572265625 0.29291796875 0.50339951171875 0.2815990234375 0.50331591796875 0.2765119140625 0.50951650390625 0.26687119140625 0.513134375 0.25472607421875 0.52388876953125 0.23897880859375 0.52373193359375 0.2418333984375 0.53903486328125 0.24412861328125 0.54341083984375 0.2396009765625 0.54893701171875 0.22742978515625 0.55458349609375 0.22288642578125 0.55777265625 0.223466796875 0.5629642578125 0.22974580078125 0.56932177734375 0.22964130859375 0.57624384765625 0.225071875 0.5771587890625 0.24223076171875 0.579778125 0.2466380859375 0.58555 0.24972275390625 0.5818537109375 0.25678076171875 0.58196875 0.2637708984375 0.59021884765625 0.26300234375 0.59713046875 0.25780029296875 0.60221748046875 0.2577166015625 0.6073568359375 0.26081171875 0.60794755859375 0.2582603515625 0.6168302734375 0.2568435546875 0.6295974609375 0.2598130859375 0.6381142578125 0.2749330078125 0.65271650390625 0.2734220703125 0.6591158203125 0.275863671875 0.6594974609375 0.27536171875 0.657312109375 0.2822525390625
0 0.3678326171875 0.2749173828125 0.36924951171875 0.2838 0.3814625 0.2918671875 0.38026533203125 0.29633720703125 0.38548828125 0.3045193359375 0.385530078125 0.30706025390625 0.3736150390625 0.3174330078125 0.3733169921875 0.337786328125 0.3689671875 0.3442169921875 0.36849140625 0.353763671875 0.37109501953125 0.35753837890625 0.36797900390625 0.3614072265625 0.36812548828125 0.3703056640625 0.37277333984375 0.38231474609375 0.37287783203125 0.388672265625 0.3627560546875 0.39201826171875 0.356513671875 0.3991181640625 0.33855478515625 0.38986953125 0.32592353515625 0.395165625 0.3182328125 0.39147451171875 0.31445810546875 0.3940833984375 0.30620283203125 0.394851953125 0.28945166015625 0.38177099609375 0.28674345703125 0.37164404296875 0.26305458984375 0.3618568359375 0.26165869140625 0.35424462890625 0.2298451171875 0.3434955078125 0.23008564453125 0.32932705078125 0.23250107421875 0.32165732421875 0.24642890625 0.3176107421875 0.24569697265625 0.3119015625 0.239799609375 0.3011837890625 0.23462890625 0.29618037109375 0.23195205078125 0.2879564453125 0.2340224609375 0.28510185546875 0.25648271484375 0.27165498046875 0.26018427734375 0.2646021484375 0.270191015625 0.25426083984375 0.2725646484375 0.244044921875 0.273808984375 0.2421208984375 0.276287109375 0.2382625 0.29667705078125 0.2404740234375 0.30244375 0.24264375 0.30947568359375 0.245351953125 0.314541796875 0.24399267578125 0.32027705078125 0.24003486328125 0.3258607421875 0.23617646484375 0.3316013671875 0.23735283203125 0.33806337890625 0.2436109375 0.36218095703125 0.24066748046875 0.3641625 0.24509052734375 0.3643193359375 0.2546267578125 0.362013671875 0.269291796875 0.365495703125 0.2726587890625 0.3678326171875 0.2749173828125
0 0.9895111328125 0.72536220703125 0.96797099609375 0.72949248046875 0.965973828125 0.7236369140625 0.965769921875 0.723004296875 0.96241337890625 0.7131021484375 0.962068359375 0.69218935546875 0.9444859375 0.66782080078125 0.9233484375 0.6547189453125 0.922491015625 0.64800595703125 0.92533505859375 0.6389978515625 0.9290314453125 0.6366921875 0.937992578125 0.63654580078125 0.96103837890625 0.6294458984375 0.972085546875 0.61954892578125 0.974903515625 0.60904033203125 0.97261357421875 0.6060916015625 0.9629728515625 0.61073427734375 0.9606619140625 0.606290234375 0.9612580078125 0.5973134765625 0.97004130859375 0.5859630859375 0.98405810546875 0.575271484375 0.993562890625 0.56241533203125 0.99557060546875 0.5481841796875 0.9990234375 0.54098642578125 0.9990234375 0.72610927734375 0.9895111328125 0.72536220703125
0 0.7379412109375 0.351520703125 0.7341298828125 0.35158349609375 0.717723828125 0.35948330078125 0.710728515625 0.35959833984375 0.70177783203125 0.35656591796875 0.69466748046875 0.34968564453125 0.669164453125 0.3456546875 0.6544470703125 0.3401703125 0.64671455078125 0.33393837890625 0.6453291015625 0.32696396484375 0.64737861328125 0.29704306640625 0.6504318359375 0.2893576171875 0.657312109375 0.2822525390625 0.6594974609375 0.27536171875 0.6672142578125 0.2655537109375 0.66057451171875 0.248494140625 0.6720712890625 0.21269150390625 0.67769677734375 0.20687255859375 0.6897896484375 0.20731171875 0.6868931640625 0.1857349609375 0.69625166015625 0.174771484375 0.696126171875 0.167248046875 0.701814453125 0.16514111328125 0.7169291015625 0.155991796875 0.728760546875 0.14053203125 0.7525853515625 0.119791796875 0.7595650390625 0.11903896484375 0.776284765625 0.13021162109375 0.795953125 0.12734658203125 0.803084375 0.135497265625 0.8147380859375 0.1868171875 0.81802138671875 0.19312236328125 0.81881083984375 0.2026533203125 0.828409765625 0.20630791015625 0.8303703125 0.2094552734375 0.822271875 0.219765234375 0.81722666015625 0.22238974609375 0.79245029296875 0.22406796875 0.78678291015625 0.2273408203125 0.7868666015625 0.2324279296875 0.79532060546875 0.24373642578125 0.7954564453125 0.25200224609375 0.78627060546875 0.27377763671875 0.79583818359375 0.2755291015625 0.80235244140625 0.2849607421875 0.80682783203125 0.2861580078125 0.8046685546875 0.27092822265625 0.80842236328125 0.26705419921875 0.813509375 0.2669705078125 0.8180736328125 0.27389267578125 0.81822001953125 0.282791015625 0.80260341796875 0.30021650390625 0.802687109375 0.30530361328125 0.80723564453125 0.3109552734375 0.8123591796875 0.3134125 0.81617578125 0.3133498046875 0.82052041015625 0.30691904296875 0.83006708984375 0.30740009765625 0.8333294921875 0.31243486328125 0.83369541015625 0.31815966796875 0.835896484375 0.3136634765625 0.8375015625 0.29519228515625 0.85037333984375 0.304524609375 0.85418994140625 0.30446181640625 0.852757421875 0.29494130859375 0.841025390625 0.2773275390625 0.83245634765625 0.25902890625 0.8375015625 0.25639912109375 0.85403828125 0.25676513671875 0.8608349609375 0.24457294921875 0.86012919921875 0.24012900390625 0.8492544921875 0.23649541015625 0.85356259765625 0.22751865234375 0.8573111328125 0.22364453125 0.87778994140625 0.20835732421875 0.89139375 0.20781884765625 0.8978662109375 0.2147095703125 0.90250361328125 0.226080859375 0.901369140625 0.234367578125 0.89318701171875 0.23959052734375 0.8900814453125 0.2440919921875 0.8910015625 0.26124560546875 0.89561806640625 0.271346484375 0.893626171875 0.305083984375 0.878004296875 0.321876953125 0.8741982421875 0.322572265625 0.8709671875 0.31944580078125 0.87072666015625 0.30482255859375 0.86813349609375 0.30168564453125 0.86242958984375 0.3030501953125 0.85368798828125 0.3127380859375 0.84906630859375 0.3264568359375 0.85585771484375 0.328600390625 0.86104404296875 0.33487421875 0.86119052734375 0.34377255859375 0.8568458984375 0.35020322265625 0.848632421875 0.35351787109375 0.820055078125 0.35589677734375 0.8111201171875 0.35413486328125 0.798917578125 0.34670556640625 0.779238671875 0.3489328125 0.77218056640625 0.34523642578125 0.7677314453125 0.34530966796875 0.7576619140625 0.35183447265625 0.74237470703125 0.3501771484375 0.73894501953125 0.35375322265625 0.7379412109375 0.351520703125
0 0.27104326171875 0.15122373046875 0.27162880859375 0.15172041015625 0.28200673828125 0.16058212890625 0.30172744140625 0.16089580078125 0.31462021484375 0.171493359375 0.3168212890625 0.17254951171875 0.315916796875 0.17274287109375 0.3160056640625 0.1784677734375 0.32057509765625 0.18538984375 0.3233146484375 0.1974251953125 0.31666435546875 0.2185208984375 0.31670625 0.221140234375 0.30155498046875 0.22767548828125 0.30244375 0.24264375 0.29667705078125 0.2404740234375 0.276287109375 0.2382625 0.273808984375 0.2421208984375 0.25598603515625 0.2411380859375 0.2474693359375 0.2260181640625 0.2378181640625 0.2191796875 0.23455576171875 0.214144921875 0.23376103515625 0.204619140625 0.23908857421875 0.180365625 0.25088857421875 0.16300283203125 0.25914912109375 0.15446513671875 0.26339443359375 0.1500787109375 0.2667404296875 0.15054404296875 0.27104326171875 0.15122373046875
0 0.69625166015625 0.174771484375 0.6868931640625 0.1857349609375 0.6897896484375 0.20731171875 0.67769677734375 0.20687255859375 0.6720712890625 0.21269150390625 0.66057451171875 0.248494140625 0.6672142578125 0.2655537109375 0.6594974609375 0.27536171875 0.6591158203125 0.275863671875 0.65271650390625 0.2734220703125 0.6381142578125 0.2749330078125 0.6295974609375 0.2598130859375 0.6168302734375 0.2568435546875 0.60794755859375 0.2582603515625 0.6073568359375 0.26081171875 0.60221748046875 0.2577166015625 0.59713046875 0.25780029296875 0.59021884765625 0.26300234375 0.58196875 0.2637708984375 0.5818537109375 0.25678076171875 0.58555 0.24972275390625 0.579778125 0.2466380859375 0.5771587890625 0.24223076171875 0.57624384765625 0.225071875 0.56932177734375 0.22964130859375 0.5629642578125 0.22974580078125 0.55777265625 0.223466796875 0.55458349609375 0.22288642578125 0.54893701171875 0.22742978515625 0.54341083984375 0.2396009765625 0.53903486328125 0.24412861328125 0.52373193359375 0.2418333984375 0.52388876953125 0.23897880859375 0.52569248046875 0.20618759765625 0.52211640625 0.18208046875 0.52206416015625 0.1805171875 0.53031943359375 0.1781279296875 0.53560517578125 0.19012666015625 0.539411328125 0.18942607421875 0.5431076171875 0.1823732421875 0.544827734375 0.17089736328125 0.5549076171875 0.16501044921875 0.55999462890625 0.1649267578125 0.564862109375 0.15149033203125 0.57755615234375 0.1500107421875 0.58271630859375 0.15437626953125 0.5871759765625 0.15494091796875 0.59157294921875 0.15168896484375 0.59892373046875 0.134394140625 0.60391669921875 0.12859091796875 0.61650615234375 0.12075380859375 0.622853125 0.12001142578125 0.64116748046875 0.1120802734375 0.64551728515625 0.1030041015625 0.649297265625 0.10367861328125 0.65010771484375 0.1144748046875 0.66093525390625 0.11557265625 0.66169853515625 0.12319013671875 0.66817109375 0.130080859375 0.66964013671875 0.142137109375 0.67357177734375 0.1490697265625 0.6751349609375 0.16685078125 0.68770361328125 0.15774326171875 0.69406103515625 0.157638671875 0.69603203125 0.16141865234375 0.696126171875 0.167248046875 0.69625166015625 0.174771484375
0 0.393832421875 0.1155046875 0.39840712890625 0.12305947265625 0.402882421875 0.12425673828125 0.4244748046875 0.12263076171875 0.4283541015625 0.1263845703125 0.43791123046875 0.12749814453125 0.44310283203125 0.13377197265625 0.44949169921875 0.13557568359375 0.454735546875 0.1450283203125 0.45365859375 0.15713154296875 0.47975771484375 0.1586111328125 0.47505751953125 0.18221640625 0.46378037109375 0.19257861328125 0.44863955078125 0.1998197265625 0.44362568359375 0.20435771484375 0.44249638671875 0.21327705078125 0.444582421875 0.22405234375 0.44085478515625 0.22920205078125 0.41814345703125 0.24038515625 0.41178603515625 0.24048974609375 0.409114453125 0.23290361328125 0.40151787109375 0.23493740234375 0.38393544921875 0.248577734375 0.38213173828125 0.2549666015625 0.37342685546875 0.2671953125 0.36837119140625 0.2691873046875 0.365495703125 0.2726587890625 0.362013671875 0.269291796875 0.3643193359375 0.2546267578125 0.3641625 0.24509052734375 0.36218095703125 0.24066748046875 0.33806337890625 0.2436109375 0.3316013671875 0.23735283203125 0.3258607421875 0.23617646484375 0.32027705078125 0.24003486328125 0.31953994140625 0.2388271484375 0.31680029296875 0.22678671875 0.31670625 0.221140234375 0.31666435546875 0.2185208984375 0.3233146484375 0.1974251953125 0.32057509765625 0.18538984375 0.3160056640625 0.1784677734375 0.315916796875 0.17274287109375 0.3168212890625 0.17254951171875 0.31908505859375 0.1720580078125 0.32679658203125 0.17701953125 0.3306080078125 0.1769568359375 0.34435810546875 0.162103515625 0.34673173828125 0.1518876953125 0.358176171875 0.1516994140625 0.354009375 0.130148828125 0.354270703125 0.1300181640625 0.36725751953125 0.12357177734375 0.370708203125 0.1130056640625 0.37331181640625 0.10502744140625 0.37705517578125 0.10051552734375 0.3873390625 0.109706640625 0.393832421875 0.1155046875
0 0.35627841796875 0.11357548828125 0.35629931640625 0.11475185546875 0.3563515625 0.11802470703125 0.3514109375 0.1270119140625 0.354270703125 0.1300181640625 0.354009375 0.130148828125 0.358176171875 0.1516994140625 0.34673173828125 0.1518876953125 0.34435810546875 0.162103515625 0.3306080078125 0.1769568359375 0.32679658203125 0.17701953125 0.31908505859375 0.1720580078125 0.3168212890625 0.17254951171875 0.31462021484375 0.171493359375 0.30172744140625 0.16089580078125 0.28200673828125 0.16058212890625 0.27162880859375 0.15172041015625 0.27104326171875 0.15122373046875 0.2667404296875 0.15054404296875 0.2688630859375 0.13472353515625 0.27373056640625 0.121287109375 0.28121728515625 0.11226328125 0.284249609375 0.10330732421875 0.28801396484375 0.10006591796875 0.30518857421875 0.10042138671875 0.305899609375 0.1000501953125 0.31527890625 0.09516708984375 0.32367021484375 0.1026642578125 0.33636416015625 0.101184765625 0.35369560546875 0.1119443359375 0.35627841796875 0.11357548828125
0 0.64116748046875 0.1120802734375 0.622853125 0.12001142578125 0.61650615234375 0.12075380859375 0.60391669921875 0.12859091796875 0.59892373046875 0.134394140625 0.59157294921875 0.15168896484375 0.5871759765625 0.15494091796875 0.58271630859375 0.15437626953125 0.57755615234375 0.1500107421875 0.564862109375 0.15149033203125 0.55999462890625 0.1649267578125 0.5549076171875 0.16501044921875 0.544827734375 0.17089736328125 0.5431076171875 0.1823732421875 0.539411328125 0.18942607421875 0.53560517578125 0.19012666015625 0.53031943359375 0.1781279296875 0.52206416015625 0.1805171875 0.52011923828125 0.1810818359375 0.50422041015625 0.17664833984375 0.49453779296875 0.1679068359375 0.49553115234375 0.15072177734375 0.48837900390625 0.14129541015625 0.4882953125 0.13620830078125 0.490119921875 0.13109521484375 0.50329501953125 0.120063671875 0.50060244140625 0.11120712890625 0.50044560546875 0.1016708984375 0.50408447265625 0.0907962890625 0.5090982421875 0.0862634765625 0.53266171875 0.08842275390625 0.53441318359375 0.07885517578125 0.53943740234375 0.0749548828125 0.543891796875 0.07488173828125 0.5541861328125 0.08234755859375 0.55864580078125 0.08290693359375 0.56051220703125 0.08033466796875 0.5603658203125 0.07143115234375 0.58312939453125 0.0634267578125 0.58759951171875 0.0646240234375 0.59863095703125 0.0777990234375 0.60562099609375 0.077683984375 0.6138240234375 0.07373671875 0.62270673828125 0.072319921875 0.623423046875 0.0773912109375 0.6197685546875 0.08699541015625 0.62496005859375 0.09326923828125 0.6319501953125 0.09315419921875 0.64141318359375 0.0885482421875 0.645867578125 0.088475 0.64608193359375 0.10182255859375 0.64551728515625 0.1030041015625 0.64116748046875 0.1120802734375
0 0.30518857421875 0.10042138671875 0.28801396484375 0.10006591796875 0.284249609375 0.10330732421875 0.28121728515625 0.11226328125 0.27373056640625 0.121287109375 0.2688630859375 0.13472353515625 0.2667404296875 0.15054404296875 0.26339443359375 0.1500787109375 0.25914912109375 0.15446513671875 0.2375462890625 0.16385498046875 0.22338310546875 0.15327841796875 0.21184453125 0.14774169921875 0.2115517578125 0.13000244140625 0.21146806640625 0.124852734375 0.21303125 0.1117822265625 0.21482451171875 0.096819140625 0.2082265625 0.08230048828125 0.22766494140625 0.06544482421875 0.22944775390625 0.057785546875 0.2325951171875 0.055825 0.25091474609375 0.04852646484375 0.27510556640625 0.05003740234375 0.284615625 0.04797744140625 0.28726103515625 0.0542931640625 0.29690185546875 0.06049375 0.30611396484375 0.07941982421875 0.305899609375 0.1000501953125 0.30518857421875 0.10042138671875
0 0.4758888671875 0.031858984375 0.488457421875 0.037887109375 0.4947939453125 0.044014453125 0.497387109375 0.05020986328125 0.49686953125 0.05645234375 0.47903623046875 0.0717134765625 0.46380126953125 0.09315947265625 0.45138427734375 0.0964845703125 0.44895322265625 0.10026455078125 0.449031640625 0.10525224609375 0.44533525390625 0.10780361328125 0.43533896484375 0.10672138671875 0.42717255859375 0.10311396484375 0.419691015625 0.10323935546875 0.39044453125 0.10683642578125 0.3873390625 0.109706640625 0.37705517578125 0.10051552734375 0.37331181640625 0.10502744140625 0.370708203125 0.1130056640625 0.36934365234375 0.11279130859375 0.35629931640625 0.11475185546875 0.35627841796875 0.11357548828125 0.35369560546875 0.1119443359375 0.3554888671875 0.104290234375 0.35415048828125 0.0987013671875 0.34283671875 0.09327451171875 0.338371875 0.087115625 0.33822548828125 0.0783845703125 0.340619921875 0.0721107421875 0.35120703125 0.07131611328125 0.35295322265625 0.06380322265625 0.3497849609375 0.060739453125 0.3466689453125 0.0607865234375 0.3392658203125 0.06589970703125 0.33163271484375 0.05667197265625 0.331501953125 0.04856826171875 0.3339017578125 0.0429166015625 0.3456755859375 0.0383576171875 0.350077734375 0.028157421875 0.35268662109375 0.02938076171875 0.35652412109375 0.02931806640625 0.3612921875 0.02763984375 0.3664158203125 0.0278802734375 0.37091728515625 0.0294017578125 0.381964453125 0.0397744140625 0.38297353515625 0.0429583984375 0.38120634765625 0.052259375 0.39496171875 0.05235341796875 0.40880068359375 0.05756591796875 0.41020712890625 0.06522001953125 0.41117431640625 0.0658421875 0.4140080078125 0.06323857421875 0.414928125 0.06066103515625 0.41354794921875 0.0546068359375 0.42606943359375 0.0576025390625 0.43786943359375 0.05549033203125 0.44104296875 0.05383828125 0.4416076171875 0.04935244140625 0.4447392578125 0.0454626953125 0.45481923828125 0.03602060546875 0.4579927734375 0.03436845703125 0.4650037109375 0.03297783203125 0.466791796875 0.03146689453125 0.4758888671875 0.031858984375
0 0.4683916015625 0.00541484375 0.48138369140625 0.01767490234375 0.486010546875 0.02410029296875 0.486622265625 0.024947265625 0.48731240234375 0.02813125 0.480306640625 0.02984609375 0.46847529296875 0.03003955078125 0.466791796875 0.03146689453125 0.4650037109375 0.03297783203125 0.4579927734375 0.03436845703125 0.45481923828125 0.03602060546875 0.4447392578125 0.0454626953125 0.4416076171875 0.04935244140625 0.44104296875 0.05383828125 0.43786943359375 0.05549033203125 0.42606943359375 0.0576025390625 0.41354794921875 0.0546068359375 0.414928125 0.06066103515625 0.4140080078125 0.06323857421875 0.41117431640625 0.0658421875 0.41020712890625 0.06522001953125 0.40880068359375 0.05756591796875 0.39496171875 0.05235341796875 0.38120634765625 0.052259375 0.38297353515625 0.0429583984375 0.381964453125 0.0397744140625 0.37091728515625 0.0294017578125 0.3664158203125 0.0278802734375 0.3612921875 0.02763984375 0.35652412109375 0.02931806640625 0.35268662109375 0.02938076171875 0.350077734375 0.028157421875 0.34366279296875 0.02505185546875 0.34047880859375 0.02606611328125 0.334712109375 0.0255171875 0.328600390625 0.02337880859375 0.3221435546875 0.019651171875 0.31682646484375 0.00596376953125 0.318625 0.00539384765625 0.33170068359375 0.00367900390625 0.3350927734375 0 0.45654892578125 0 0.4683916015625 0.00541484375
0 0.5841123046875 0.0019171875 0.57538642578125 0.0161326171875 0.5631890625 0.032962109375 0.554844921875 0.0311845703125 0.5500087890625 0.028701171875 0.54056669921875 0.01862646484375 0.527705859375 0 0.5858828125 0 0.5841123046875 0.0019171875
0 0.91996572265625 0.00774658203125 0.91705361328125 0.01151083984375 0.9137076171875 0.011568359375 0.9073240234375 0.0079556640625 0.90175078125 0.0084158203125 0.89659052734375 0.01110302734375 0.8922458984375 0.0182447265625 0.8913205078125 0.030159765625 0.8895376953125 0.03465078125 0.8866099609375 0.0376779296875 0.8817947265625 0.038869921875 0.87739267578125 0.04266044921875 0.87052275390625 0.0546748046875 0.8601396484375 0.0563373046875 0.856814453125 0.0578796875 0.8495578125 0.06878046875 0.8469541015625 0.06882744140625 0.840889453125 0.06185830078125 0.83126435546875 0.04193369140625 0.8165626953125 0.0298984375 0.817932421875 0.022808984375 0.8174462890625 0.01575087890625 0.81241669921875 0.00392998046875 0.81235400390625 0.00021279296875 0.8124560546875 0 0.9225900390625 0 0.91996572265625 0.00774658203125
0 0.49728251953125 0.011976171875 0.49698974609375 0.01358125 0.49896083984375 0.01674951171875 0.4977478515625 0.02092685546875 0.49331435546875 0.023556640625 0.48980625 0.024251953125 0.486010546875 0.02410029296875 0.48138369140625 0.01767490234375 0.4683916015625 0.00541484375 0.45654892578125 0 0.5069076171875 0 0.49728251953125 0.011976171875
0 0.33170068359375 0.00367900390625 0.318625 0.00539384765625 0.31682646484375 0.00596376953125 0.29740380859375 0.01210166015625 0.2891693359375 0.01223759765625 0.28615791015625 0.0111658203125 0.27000283203125 0.0011171875 0.272501953125 0.00016044921875 0.27269931640625 0 0.3350927734375 0 0.33170068359375 0.00367900390625
0 0.20816904296875 0.00308828125 0.20559677734375 0.00612587890625 0.1996576171875 0.00921572265625 0.19553779296875 0.0089072265625 0.1834919921875 0.00499130859375 0.17818544921875 0.0009603515625 0.1775517578125 0 0.2089953125 0 0.20816904296875 0.00308828125
0 0.272501953125 0.00016044921875 0.27000283203125 0.0011171875 0.26431982421875 0.0032869140625 0.2586681640625 0.00113291015625 0.24405537109375 0.00024931640625 0.2431703125 0 0.27269931640625 0 0.272501953125 0.00016044921875