0 0.79307470703125 0.9949939453125 0.8004173828125 0.99676630859375 0.80293798828125 0.9990234375 0.7816130859375 0.9990234375 0.79307470703125 0.9949939453125
0 0.6707333984375 0.99325322265625 0.6734236328125 0.9928365234375 0.68628916015625 0.99083203125 0.702746875 0.9861162109375 0.73160078125 0.98496103515625 0.76313701171875 0.9990234375 0.66323544921875 0.9990234375 0.6707333984375 0.99325322265625
0 0.00153544921875 0.986153125 0 0.98862958984375 0 0.98525771484375 0.00153544921875 0.986153125
0 0.032214453125 0.99546865234375 0.04666240234375 0.99546865234375 0.0532615234375 0.9990234375 0.0262890625 0.9990234375 0.032214453125 0.99546865234375
0 0.88642509765625 0.99802177734375 0.89694853515625 0.9561810546875 0.909951171875 0.93777158203125 0.94138974609375 0.93522900390625 0.9562123046875 0.92938447265625 0.96074873046875 0.92477412109375 0.95719345703125 0.90993046875 0.9347802734375 0.89638974609375 0.935297265625 0.89009150390625 0.9403875 0.8826169921875 0.9403294921875 0.875754296875 0.93798740234375 0.869482421875 0.93360400390625 0.86438681640625 0.94423818359375 0.86428134765625 0.9528310546875 0.8659271484375 0.959171484375 0.8721673828125 0.96432509765625 0.87269482421875 0.97173642578125 0.86977783203125 0.98195390625 0.85996640625 0.99739365234375 0.85983984375 0.9990234375 0.860269921875 0.9990234375 0.9990234375 0.88608662109375 0.9990234375 0.88642509765625 0.99802177734375
0 0.9909265625 0.8182576171875 0.98646396484375 0.81435419921875 0.9803345703125 0.8121228515625 0.9736458984375 0.8121228515625 0.9686294921875 0.81658017578125 0.95525224609375 0.846125 0.94911748046875 0.84556591796875 0.9312830078125 0.83665126953125 0.9145615234375 0.8383234375 0.90452861328125 0.84333984375 0.89560869140625 0.84333984375 0.89226435546875 0.8416677734375 0.88557578125 0.83386083984375 0.8777689453125 0.8176984375 0.87832802734375 0.80264912109375 0.88111845703125 0.79094404296875 0.88446279296875 0.7836962890625 0.8911513671875 0.7786798828125 0.89504951171875 0.773104296875 0.89504951171875 0.766415625 0.893324609375 0.7546578125 0.8992642578125 0.75025859375 0.9084056640625 0.7496150390625 0.914065625 0.7421298828125 0.91569560546875 0.73182275390625 0.91911376953125 0.73008203125 0.9320900390625 0.7082384765625 0.93203203125 0.70080615234375 0.92914140625 0.69739853515625 0.929109765625 0.693394921875 0.93304482421875 0.6853505859375 0.9209072265625 0.6700111328125 0.91644990234375 0.6663556640625 0.91696689453125 0.65874921875 0.92806005859375 0.63090810546875 0.92960556640625 0.629737109375 0.9318421875 0.63152529296875 0.93518642578125 0.63152529296875 0.94242890625 0.62818095703125 0.94967666015625 0.627621875 0.956365234375 0.63152529296875 0.96361298828125 0.63207919921875 0.9680703125 0.6220462890625 0.96974248046875 0.604765625 0.976990234375 0.59974912109375 0.99482470703125 0.59696396484375 0.9971298828125 0.59575078125 0.9990234375 0.59854326171875 0.9990234375 0.83483447265625 0.9909265625 0.8182576171875
0 0.9979580078125 0.17551865234375 0.9958322265625 0.14437021484375 0.97931123046875 0.10586328125 0.9730076171875 0.09719130859375 0.95856494140625 0.0842203125 0.94479736328125 0.0774736328125 0.91761572265625 0.06945048828125 0.91222998046875 0.05842060546875 0.91023076171875 0.04223193359375 0.92135556640625 0.0309224609375 0.9380876953125 0.01894306640625 0.9604849609375 0.01439609375 0.9706814453125 0.00496982421875 0.97540771484375 0.00990712890625 0.9804927734375 0.02171240234375 0.99058369140625 0.03596533203125 0.9990234375 0.0381001953125 0.9990234375 0.179633203125 0.9979580078125 0.17551865234375
0 0.99480888671875 0.0191013671875 0.990395703125 0 0.9990234375 0 0.9990234375 0.02702119140625 0.99480888671875 0.0191013671875
0 0.35050859375 0.9963390625 0.3628203125 0.989365625 0.37565947265625 0.99063154296875 0.37607822265625 0.9990234375 0.337632421875 0.9990234375 0.35050859375 0.9963390625
0 0.00364013671875 0.93210625 0.01829384765625 0.933498828125 0.02084697265625 0.937518359375 0.02087333984375 0.94054619140625 0.025953125 0.94454453125 0.03101171875 0.94601630859375 0.03807490234375 0.94545185546875 0.0420837890625 0.94188603515625 0.04561796875 0.94185439453125 0.0497060546875 0.9478783203125 0.05134130859375 0.963012109375 0.0518318359375 0.9637716796875 0.05074521484375 0.96746416015625 0.04227900390625 0.985931640625 0.03765810546875 0.9882419921875 0.0245763671875 0.98978232421875 0.0037984375 0.987471875 0.00153544921875 0.986153125 0 0.98525771484375 0 0.9308482421875 0.00364013671875 0.93210625
0 0.4863326171875 0.99809033203125 0.49057890625 0.98353154296875 0.4966451171875 0.97928525390625 0.4966451171875 0.9714044921875 0.5021046875 0.96776474609375 0.50089140625 0.95745234375 0.491185546875 0.95320595703125 0.4917921875 0.94895966796875 0.49846494140625 0.94835302734375 0.5021046875 0.94532529296875 0.50089140625 0.94350537109375 0.5063509765625 0.94047236328125 0.51149404296875 0.938752734375 0.51483828125 0.9422921875 0.52515078125 0.94107890625 0.53303681640625 0.94895966796875 0.54213076171875 0.9525994140625 0.54759033203125 0.95866552734375 0.56154248046875 0.96776474609375 0.560329296875 0.9714044921875 0.5439505859375 0.97261767578125 0.54759033203125 0.98171171875 0.55608291015625 0.9859580078125 0.56335703125 0.99384404296875 0.56335703125 0.9990234375 0.48514482421875 0.9990234375 0.4863326171875 0.99809033203125
0 0.73160078125 0.98496103515625 0.702746875 0.9861162109375 0.68628916015625 0.99083203125 0.6734236328125 0.9928365234375 0.67117646484375 0.974047265625 0.67097607421875 0.95003046875 0.6753859375 0.92940029296875 0.66906123046875 0.92544931640625 0.66105390625 0.92551787109375 0.64965478515625 0.93018623046875 0.6387779296875 0.92913125 0.6312453125 0.91718349609375 0.621518359375 0.9166876953125 0.61692392578125 0.914440625 0.6140279296875 0.90988828125 0.61220810546875 0.8973181640625 0.61890732421875 0.877816796875 0.62861318359375 0.87545361328125 0.62680908203125 0.8645978515625 0.63075478515625 0.857703515625 0.64673779296875 0.85356796875 0.66154453125 0.8460142578125 0.68153642578125 0.84298642578125 0.69459189453125 0.830869921875 0.70029931640625 0.82910810546875 0.70540546875 0.823917578125 0.70649736328125 0.8176193359375 0.70416064453125 0.8119171875 0.69039833984375 0.80745458984375 0.6726693359375 0.80760224609375 0.6686392578125 0.80419990234375 0.667995703125 0.79562822265625 0.67251630859375 0.78872861328125 0.67989599609375 0.782372265625 0.69812607421875 0.77364755859375 0.70785302734375 0.77413818359375 0.7199115234375 0.77975595703125 0.75212548828125 0.80236953125 0.76471669921875 0.80341396484375 0.7808 0.811289453125 0.7962396484375 0.81116279296875 0.8071587890625 0.81736083984375 0.81116240234375 0.81732919921875 0.815677734375 0.81042958984375 0.8189271484375 0.78809560546875 0.841234765625 0.7879162109375 0.848144921875 0.79357626953125 0.85228046875 0.81012890625 0.8592275390625 0.820367578125 0.8701677734375 0.82885498046875 0.88566015625 0.8350212890625 0.89436376953125 0.85039248046875 0.90584736328125 0.85544580078125 0.92416708984375 0.85758212890625 0.93163642578125 0.8620974609375 0.93360400390625 0.86438681640625 0.93798740234375 0.869482421875 0.9403294921875 0.875754296875 0.9403875 0.8826169921875 0.935297265625 0.89009150390625 0.9347802734375 0.89638974609375 0.95719345703125 0.90993046875 0.96074873046875 0.92477412109375 0.9562123046875 0.92938447265625 0.94138974609375 0.93522900390625 0.909951171875 0.93777158203125 0.89694853515625 0.9561810546875 0.88642509765625 0.99802177734375 0.88608662109375 0.9990234375 0.80293798828125 0.9990234375 0.8004173828125 0.99676630859375 0.79307470703125 0.9949939453125 0.7816130859375 0.9990234375 0.76313701171875 0.9990234375 0.73160078125 0.98496103515625
0 0.117683984375 0.98921787109375 0.12002080078125 0.9664830078125 0.11738857421875 0.953380078125 0.1223576171875 0.9437533203125 0.1223259765625 0.940219140625 0.1177314453125 0.93375205078125 0.11923486328125 0.932670703125 0.11920849609375 0.9291365234375 0.1156373046875 0.92462646484375 0.10600009765625 0.9186447265625 0.107978125 0.914087109375 0.1119923828125 0.911027734375 0.1119501953125 0.90597958984375 0.10172734375 0.89041328125 0.0920478515625 0.879388671875 0.0919001953125 0.861221875 0.0954080078125 0.85866884765625 0.09580888671875 0.8460458984375 0.10126318359375 0.83388720703125 0.101653515625 0.819750390625 0.106648828125 0.81365263671875 0.112709765625 0.8120859375 0.1308291015625 0.8079029296875 0.13432109375 0.8023220703125 0.1357294921875 0.7934126953125 0.13671591796875 0.787156640625 0.139200390625 0.7820875 0.16090673828125 0.78241455078125 0.178493359375 0.7726822265625 0.19261953125 0.77155869140625 0.19711904296875 0.76647373046875 0.200030859375 0.7523158203125 0.20455146484375 0.7497521484375 0.2106439453125 0.7537400390625 0.215233203125 0.7592576171875 0.217295703125 0.764791015625 0.222908203125 0.77231826171875 0.22298203125 0.7808953125 0.22552451171875 0.78340087890625 0.2340541015625 0.777271484375 0.250654296875 0.77007119140625 0.2540408203125 0.76993935546875 0.26680087890625 0.76943291015625 0.27384814453125 0.76735458984375 0.27534619140625 0.76532373046875 0.2783740234375 0.76529736328125 0.28294736328125 0.76879462890625 0.28500458984375 0.7733205078125 0.29314384765625 0.78133310546875 0.288902734375 0.817708984375 0.2909916015625 0.82627021484375 0.30165751953125 0.8347681640625 0.30721201171875 0.83472060546875 0.31627431640625 0.83175615234375 0.31828935546875 0.83109677734375 0.33150302734375 0.84208974609375 0.33973193359375 0.8509990234375 0.34168896484375 0.85311435546875 0.33972138671875 0.8596921875 0.33979521484375 0.8683060546875 0.33984794921875 0.87483115234375 0.33738984375 0.88292822265625 0.3374478515625 0.88999658203125 0.3435826171875 0.89953359375 0.35833662109375 0.9140501953125 0.36024609375 0.91847060546875 0.361427734375 0.92109228515625 0.3596078125 0.94533583984375 0.35569384765625 0.96051171875 0.35066689453125 0.963075390625 0.33400859375 0.9632125 0.32241962890625 0.9658341796875 0.31242890625 0.97802978515625 0.30286025390625 0.98113671875 0.28835947265625 0.9979109375 0.2838 0.9990234375 0.27797158203125 0.9990234375 0.27422265625 0.99701953125 0.2721759765625 0.99400751953125 0.27310966796875 0.98440712890625 0.268024609375 0.9799076171875 0.258434765625 0.9804931640625 0.246434375 0.9942185546875 0.2383373046875 0.99176044921875 0.229765625 0.9923353515625 0.22911513671875 0.9990234375 0.17389130859375 0.9990234375 0.178704296875 0.9826611328125 0.17813994140625 0.975598046875 0.17259072265625 0.9756455078125 0.15749912109375 0.9818224609375 0.1515384765625 0.99398642578125 0.143987109375 0.9990234375 0.12030849609375 0.9990234375 0.117683984375 0.98921787109375
0 0.00020087890625 0.82007744140625 0.03148115234375 0.79084912109375 0.0372677734375 0.78544755859375 0.0428169921875 0.7848990234375 0.0463828125 0.78890791015625 0.05343544921875 0.78733603515625 0.07009365234375 0.7877052734375 0.08578125 0.792621484375 0.10493974609375 0.789941796875 0.11305263671875 0.79442021484375 0.12018427734375 0.80193173828125 0.121724609375 0.80545009765625 0.12075400390625 0.81000234375 0.112709765625 0.8120859375 0.106648828125 0.81365263671875 0.101653515625 0.819750390625 0.10126318359375 0.83388720703125 0.09580888671875 0.8460458984375 0.0954080078125 0.85866884765625 0.0919001953125 0.861221875 0.0920478515625 0.879388671875 0.10172734375 0.89041328125 0.1119501953125 0.90597958984375 0.1119923828125 0.911027734375 0.107978125 0.914087109375 0.10600009765625 0.9186447265625 0.1156373046875 0.92462646484375 0.11920849609375 0.9291365234375 0.11923486328125 0.932670703125 0.1177314453125 0.93375205078125 0.1071921875 0.94135322265625 0.10321484375 0.9484533203125 0.10074091796875 0.95452998046875 0.09936416015625 0.97169990234375 0.09230107421875 0.97175791015625 0.0862876953125 0.97735986328125 0.06461298828125 0.9810734375 0.06406435546875 0.97552421875 0.0705578125 0.9673955078125 0.05492294921875 0.9685349609375 0.0518318359375 0.9637716796875 0.05134130859375 0.963012109375 0.0497060546875 0.9478783203125 0.04561796875 0.94185439453125 0.0420837890625 0.94188603515625 0.03807490234375 0.94545185546875 0.03101171875 0.94601630859375 0.025953125 0.94454453125 0.02087333984375 0.94054619140625 0.02084697265625 0.937518359375 0.01829384765625 0.933498828125 0.00364013671875 0.93210625 0 0.9308482421875 0 0.820453125 0.00020087890625 0.82007744140625
0 0.42335 0.827214453125 0.42345556640625 0.82769443359375 0.4260771484375 0.8397212890625 0.4261193359375 0.8446796875 0.4247162109375 0.851389453125 0.41951513671875 0.85668017578125 0.41869228515625 0.86309443359375 0.42019033203125 0.86774697265625 0.4231232421875 0.8703474609375 0.42639365234375 0.8778958984375 0.42829267578125 0.896526953125 0.43887412109375 0.9075146484375 0.441828125 0.9125943359375 0.440008203125 0.913343359375 0.432866015625 0.9153267578125 0.43096171875 0.91865 0.42932119140625 0.919488671875 0.4224955078125 0.9269791015625 0.41534794921875 0.92869345703125 0.4134490234375 0.932011328125 0.41293203125 0.93642119140625 0.41104892578125 0.9416697265625 0.40859609375 0.9449982421875 0.40143271484375 0.94450234375 0.40004541015625 0.94341572265625 0.39919619140625 0.9403931640625 0.4002353515625 0.93294501953125 0.39745546875 0.92966396484375 0.3927765625 0.93025478515625 0.38894169921875 0.9324861328125 0.38620927734375 0.935266015625 0.38486943359375 0.9396810546875 0.382421875 0.943558203125 0.37663525390625 0.94333134765625 0.373312109375 0.94060419921875 0.37163466796875 0.9375869140625 0.3713076171875 0.93125703125 0.36989921875 0.9276859375 0.3649197265625 0.92524892578125 0.36266728515625 0.91920908203125 0.36024609375 0.91847060546875 0.35833662109375 0.9140501953125 0.3435826171875 0.89953359375 0.3374478515625 0.88999658203125 0.33738984375 0.88292822265625 0.33984794921875 0.87483115234375 0.33979521484375 0.8683060546875 0.33972138671875 0.8596921875 0.34168896484375 0.85311435546875 0.33973193359375 0.8509990234375 0.35161103515625 0.84714306640625 0.3642919921875 0.8486939453125 0.37170322265625 0.845328515625 0.37498427734375 0.8425486328125 0.379583984375 0.832869140625 0.38885205078125 0.82067353515625 0.392148828125 0.82009853515625 0.39712314453125 0.82198701171875 0.4004251953125 0.82195537109375 0.4086435546875 0.81638505859375 0.4149787109375 0.8163322265625 0.42011123046875 0.81923349609375 0.42335 0.827214453125
0 0.459335546875 0.8085623046875 0.4593513671875 0.8106037109375 0.44919716796875 0.81651162109375 0.446918359375 0.8223615234375 0.44754609375 0.8278896484375 0.44988291015625 0.82903955078125 0.456592578125 0.82956708984375 0.4627537109375 0.83446748046875 0.47004892578125 0.83615546875 0.47270751953125 0.84021708984375 0.47276552734375 0.8475017578125 0.47546103515625 0.8562212890625 0.4807095703125 0.8570494140625 0.48566796875 0.859254296875 0.484903125 0.8704212890625 0.48318876953125 0.8745146484375 0.4794171875 0.8765876953125 0.47768701171875 0.87892978515625 0.4780140625 0.8835927734375 0.48443896484375 0.88499599609375 0.48594228515625 0.89080888671875 0.4891916015625 0.8960310546875 0.4885111328125 0.91993173828125 0.490589453125 0.92428359375 0.49264140625 0.9257236328125 0.49642353515625 0.92511171875 0.50136611328125 0.92069140625 0.49850185546875 0.93004912109375 0.49503623046875 0.933862890625 0.4898140625 0.9362365234375 0.48514580078125 0.93569326171875 0.48394306640625 0.931330859375 0.4795384765625 0.92729033203125 0.47750244140625 0.92759619140625 0.4737625 0.933161328125 0.46736923828125 0.93525546875 0.45335908203125 0.9327498046875 0.448089453125 0.929875 0.44427568359375 0.9264146484375 0.44241884765625 0.91360712890625 0.441828125 0.9125943359375 0.43887412109375 0.9075146484375 0.42829267578125 0.896526953125 0.42639365234375 0.8778958984375 0.4231232421875 0.8703474609375 0.42019033203125 0.86774697265625 0.41869228515625 0.86309443359375 0.41951513671875 0.85668017578125 0.4247162109375 0.851389453125 0.4261193359375 0.8446796875 0.4260771484375 0.8397212890625 0.42345556640625 0.82769443359375 0.42335 0.827214453125 0.42011123046875 0.81923349609375 0.4171044921875 0.81182216796875 0.419683984375 0.80597236328125 0.42721650390625 0.80125126953125 0.4335201171875 0.79981123046875 0.4391431640625 0.79852939453125 0.44730869140625 0.79933642578125 0.45463037109375 0.80335595703125 0.4592142578125 0.80843046875 0.459335546875 0.8085623046875
0 0.53874951171875 0.79725810546875 0.54780654296875 0.80557666015625 0.55603544921875 0.81313037109375 0.56578349609375 0.81591025390625 0.57273583984375 0.826723828125 0.5859759765625 0.83747939453125 0.59285439453125 0.839141015625 0.60250224609375 0.8390619140625 0.60209609375 0.84090283203125 0.60095673828125 0.84440537109375 0.59344521484375 0.8523388671875 0.5911505859375 0.85672763671875 0.59117705078125 0.86022490234375 0.59676318359375 0.86600625 0.59678427734375 0.8683376953125 0.5936140625 0.87273173828125 0.58780107421875 0.87453046875 0.58432490234375 0.8771837890625 0.5855275390625 0.88154091796875 0.59635166015625 0.88669970703125 0.59899443359375 0.8895904296875 0.60018662109375 0.89278701171875 0.60030791015625 0.907646484375 0.5956712890625 0.9103103515625 0.58433544921875 0.91418740234375 0.579376953125 0.91335390625 0.57413369140625 0.913981640625 0.57037275390625 0.9172205078125 0.56723408203125 0.92511171875 0.5654986328125 0.92658349609375 0.56024482421875 0.92575 0.55613037109375 0.9217041015625 0.5514568359375 0.92028515625 0.5488087890625 0.9168142578125 0.5473107421875 0.91216181640625 0.54001025390625 0.91018369140625 0.53447685546875 0.91022587890625 0.52808359375 0.91232001953125 0.5167794921875 0.91998984375 0.51386767578125 0.9200109375 0.508598046875 0.91714130859375 0.506556640625 0.91715712890625 0.50365546875 0.918639453125 0.50136611328125 0.92069140625 0.49642353515625 0.92511171875 0.49264140625 0.9257236328125 0.490589453125 0.92428359375 0.4885111328125 0.91993173828125 0.4891916015625 0.8960310546875 0.48594228515625 0.89080888671875 0.48443896484375 0.88499599609375 0.4780140625 0.8835927734375 0.47768701171875 0.87892978515625 0.4794171875 0.8765876953125 0.48318876953125 0.8745146484375 0.484903125 0.8704212890625 0.48566796875 0.859254296875 0.48594228515625 0.85526123046875 0.48679677734375 0.85262900390625 0.490547265625 0.84851982421875 0.4919767578125 0.844721875 0.491333203125 0.83744248046875 0.49216142578125 0.83189853515625 0.4938916015625 0.82955126953125 0.5008650390625 0.82687158203125 0.50315439453125 0.82218740234375 0.50898310546875 0.82213994140625 0.5113041015625 0.82066826171875 0.5126966796875 0.8169916015625 0.515297265625 0.81014482421875 0.52140029296875 0.80834599609375 0.52284560546875 0.80687431640625 0.52483427734375 0.8010296875 0.52478681640625 0.79491083984375 0.525926171875 0.7919884765625 0.52767216796875 0.7913923828125 0.532920703125 0.79193046875 0.5381904296875 0.79509541015625 0.53935087890625 0.79560712890625 0.53874951171875 0.79725810546875
0 0.0135939453125 0.79170361328125 0.03148115234375 0.79084912109375 0.00020087890625 0.82007744140625 0 0.820453125 0 0.79553154296875 0.0135939453125 0.79170361328125
0 0.61018251953125 0.69817919921875 0.611153125 0.69943466796875 0.61946640625 0.73654375 0.63490615234375 0.7364171875 0.649285546875 0.7460228515625 0.65379033203125 0.7462232421875 0.66076904296875 0.7516458984375 0.6734078125 0.75840830078125 0.67861943359375 0.7663681640625 0.67869853515625 0.77552021484375 0.67530146484375 0.7801251953125 0.66674560546875 0.783052734375 0.66055283203125 0.79511650390625 0.6514060546875 0.79519033203125 0.630385546875 0.81252373046875 0.62587021484375 0.81999306640625 0.62534794921875 0.82571630859375 0.6270833984375 0.82856484375 0.63281728515625 0.83023173828125 0.63513291015625 0.83364453125 0.63518046875 0.83936259765625 0.631788671875 0.843967578125 0.62723115234375 0.84629384765625 0.61922373046875 0.84635712890625 0.61292021484375 0.8446955078125 0.6077244140625 0.8390197265625 0.60250224609375 0.8390619140625 0.59285439453125 0.839141015625 0.5859759765625 0.83747939453125 0.57273583984375 0.826723828125 0.56578349609375 0.81591025390625 0.55603544921875 0.81313037109375 0.54780654296875 0.80557666015625 0.53874951171875 0.79725810546875 0.53935087890625 0.79560712890625 0.540426953125 0.7926689453125 0.54838154296875 0.7863126953125 0.55176806640625 0.78113798828125 0.5534244140625 0.77368974609375 0.55177861328125 0.76887373046875 0.55108232421875 0.76684296875 0.55390966796875 0.7628181640625 0.56016044921875 0.75819208984375 0.5681677734375 0.7581234375 0.57270419921875 0.75351318359375 0.57322646484375 0.74721494140625 0.56229677734375 0.739872265625 0.5625341796875 0.73610595703125 0.56280322265625 0.73185966796875 0.5661791015625 0.72497060546875 0.566005078125 0.7038076171875 0.5717072265625 0.70147607421875 0.58028427734375 0.70140224609375 0.59054931640625 0.69731416015625 0.59306015625 0.69742490234375 0.61018251953125 0.69817919921875
0 0.3926921875 0.6388943359375 0.39574638671875 0.65021962890625 0.39448564453125 0.6768896484375 0.39647958984375 0.6788466796875 0.4088228515625 0.67924228515625 0.417684765625 0.67620390625 0.42557607421875 0.6756447265625 0.4335412109375 0.683973828125 0.43475966796875 0.7116091796875 0.4407203125 0.7164990234375 0.44422822265625 0.72239111328125 0.44433896484375 0.73621142578125 0.44931845703125 0.74110654296875 0.44984072265625 0.74505224609375 0.44297802734375 0.751033984375 0.4371228515625 0.75898330078125 0.4337310546875 0.76690625 0.4335201171875 0.79981123046875 0.42721650390625 0.80125126953125 0.419683984375 0.80597236328125 0.4171044921875 0.81182216796875 0.42011123046875 0.81923349609375 0.4149787109375 0.8163322265625 0.4086435546875 0.81638505859375 0.4004251953125 0.82195537109375 0.39712314453125 0.82198701171875 0.392148828125 0.82009853515625 0.38885205078125 0.82067353515625 0.379583984375 0.832869140625 0.37498427734375 0.8425486328125 0.37170322265625 0.845328515625 0.3642919921875 0.8486939453125 0.35161103515625 0.84714306640625 0.33973193359375 0.8509990234375 0.33150302734375 0.84208974609375 0.31828935546875 0.83109677734375 0.31627431640625 0.83175615234375 0.32257783203125 0.81767734375 0.32299462890625 0.807802734375 0.31995625 0.7989408203125 0.30853603515625 0.790643359375 0.29848203125 0.768509765625 0.29742705078125 0.7601279296875 0.3082775390625 0.75905185546875 0.31610029296875 0.75010029296875 0.316564453125 0.7461494140625 0.3110943359375 0.741254296875 0.29828154296875 0.74432431640625 0.29269013671875 0.74460380859375 0.29484228515625 0.7419453125 0.2971791015625 0.7192103515625 0.310123828125 0.69740380859375 0.316 0.67565 0.3159630859375 0.67110830078125 0.30514951171875 0.64495 0.292368359375 0.6248630859375 0.2928484375 0.62182998046875 0.3039416015625 0.6207275390625 0.297812109375 0.6116916015625 0.29619794921875 0.59959091796875 0.29461552734375 0.59817724609375 0.2970630859375 0.595740234375 0.30295517578125 0.591741796875 0.30934833984375 0.58922041015625 0.3177408203125 0.58915185546875 0.3350794921875 0.5964154296875 0.34402041015625 0.6027611328125 0.35490791015625 0.6061265625 0.36485634765625 0.61542626953125 0.36888115234375 0.6247734375 0.38274365234375 0.6295947265625 0.389194921875 0.6339833984375 0.3920591796875 0.638008203125 0.3926921875 0.6388943359375
0 0.29619794921875 0.59959091796875 0.297812109375 0.6116916015625 0.3039416015625 0.6207275390625 0.2928484375 0.62182998046875 0.292368359375 0.6248630859375 0.30514951171875 0.64495 0.3159630859375 0.67110830078125 0.316 0.67565 0.310123828125 0.69740380859375 0.2971791015625 0.7192103515625 0.29484228515625 0.7419453125 0.29269013671875 0.74460380859375 0.28784775390625 0.75058564453125 0.2853263671875 0.7511078125 0.28280498046875 0.75112890625 0.2736740234375 0.745653515625 0.2706462890625 0.7461810546875 0.26418447265625 0.75835029296875 0.2561771484375 0.76648955078125 0.2540408203125 0.76993935546875 0.250654296875 0.77007119140625 0.2340541015625 0.777271484375 0.22552451171875 0.78340087890625 0.22298203125 0.7808953125 0.222908203125 0.77231826171875 0.217295703125 0.764791015625 0.215233203125 0.7592576171875 0.2106439453125 0.7537400390625 0.20455146484375 0.7497521484375 0.200030859375 0.7523158203125 0.19711904296875 0.76647373046875 0.19261953125 0.77155869140625 0.178493359375 0.7726822265625 0.16090673828125 0.78241455078125 0.139200390625 0.7820875 0.13671591796875 0.787156640625 0.1357294921875 0.7934126953125 0.13322392578125 0.79223642578125 0.12763251953125 0.78723046875 0.1294681640625 0.7650072265625 0.136969140625 0.75636689453125 0.14288232421875 0.7386484375 0.144707421875 0.714911328125 0.142644921875 0.70987900390625 0.13502265625 0.70388671875 0.13397294921875 0.69884912109375 0.13394130859375 0.69480859375 0.13743330078125 0.68973408203125 0.13739111328125 0.68468603515625 0.13481171875 0.677638671875 0.13472197265625 0.66704140625 0.1224736328125 0.6504833984375 0.1239611328125 0.64744501953125 0.13403623046875 0.6448392578125 0.1385515625 0.64126806640625 0.13733837890625 0.61705087890625 0.14433818359375 0.608410546875 0.1487375 0.60708662109375 0.156423046875 0.604776171875 0.162589453125 0.61835380859375 0.17520703125 0.61825361328125 0.18223857421875 0.61365390625 0.1846650390625 0.60842109375 0.18670107421875 0.6040271484375 0.20684609375 0.59881025390625 0.22248095703125 0.5971697265625 0.224970703125 0.59311328125 0.2249337890625 0.58856630859375 0.22740771484375 0.5824896484375 0.2374458984375 0.57534208984375 0.26066083984375 0.57464580078125 0.26780302734375 0.5841775390625 0.29060126953125 0.59459033203125 0.29461552734375 0.59817724609375 0.29619794921875 0.59959091796875
0 0.41973671875 0.56560986328125 0.4203169921875 0.5735591796875 0.42084970703125 0.58090185546875 0.42436806640625 0.5882814453125 0.43175830078125 0.5867359375 0.4489650390625 0.57820634765625 0.4593302734375 0.57811669921875 0.4717421875 0.58640888671875 0.4855783203125 0.58777509765625 0.49302119140625 0.59265439453125 0.5139205078125 0.61272021484375 0.5188736328125 0.6151466796875 0.5292599609375 0.61704033203125 0.53874951171875 0.63078154296875 0.5555923828125 0.638050390625 0.55956962890625 0.641473828125 0.562412890625 0.65157001953125 0.56414833984375 0.65772587890625 0.58803837890625 0.6817162109375 0.5930865234375 0.6950037109375 0.59306015625 0.69742490234375 0.59054931640625 0.69731416015625 0.58028427734375 0.70140224609375 0.5717072265625 0.70147607421875 0.566005078125 0.7038076171875 0.5661791015625 0.72497060546875 0.56280322265625 0.73185966796875 0.5625341796875 0.73610595703125 0.55937978515625 0.73823173828125 0.54424072265625 0.75859296875 0.5467568359375 0.76450087890625 0.55177861328125 0.76887373046875 0.5534244140625 0.77368974609375 0.55176806640625 0.78113798828125 0.54838154296875 0.7863126953125 0.540426953125 0.7926689453125 0.53935087890625 0.79560712890625 0.5381904296875 0.79509541015625 0.532920703125 0.79193046875 0.52767216796875 0.7913923828125 0.525926171875 0.7919884765625 0.52478681640625 0.79491083984375 0.52483427734375 0.8010296875 0.52284560546875 0.80687431640625 0.52140029296875 0.80834599609375 0.515297265625 0.81014482421875 0.5126966796875 0.8169916015625 0.50474736328125 0.818157421875 0.48745615234375 0.816817578125 0.46717412109375 0.81155849609375 0.4627115234375 0.8091267578125 0.4592142578125 0.80843046875 0.45463037109375 0.80335595703125 0.44730869140625 0.79933642578125 0.4391431640625 0.79852939453125 0.4335201171875 0.79981123046875 0.4337310546875 0.76690625 0.4371228515625 0.75898330078125 0.44297802734375 0.751033984375 0.44984072265625 0.74505224609375 0.44931845703125 0.74110654296875 0.44433896484375 0.73621142578125 0.44422822265625 0.72239111328125 0.4407203125 0.7164990234375 0.43475966796875 0.7116091796875 0.4335412109375 0.683973828125 0.42557607421875 0.6756447265625 0.417684765625 0.67620390625 0.4088228515625 0.67924228515625 0.39647958984375 0.6788466796875 0.39448564453125 0.6768896484375 0.39574638671875 0.65021962890625 0.3926921875 0.6388943359375 0.3920591796875 0.638008203125 0.3936099609375 0.63049140625 0.3935625 0.62456767578125 0.39155810546875 0.620637890625 0.38263291015625 0.6157744140625 0.3825009765625 0.5999759765625 0.3809818359375 0.59554501953125 0.37006806640625 0.588724609375 0.3670666015625 0.58381357421875 0.36601162109375 0.57592236328125 0.3615279296875 0.57053134765625 0.3617283203125 0.5659 0.36193935546875 0.561147265625 0.3692662109375 0.55121455078125 0.369208203125 0.54430439453125 0.3721041015625 0.53588564453125 0.37799091796875 0.5318873046875 0.3858927734375 0.53182392578125 0.3928240234375 0.5342345703125 0.3963107421875 0.53815390625 0.398357421875 0.54702626953125 0.40485615234375 0.55684296875 0.40833759765625 0.5602716796875 0.41743154296875 0.564528515625 0.41973671875 0.56560986328125
0 0.87475693359375 0.5519953125 0.898831640625 0.55866279296875 0.9034630859375 0.56491357421875 0.90523017578125 0.57176572265625 0.91444541015625 0.57912421875 0.91285244140625 0.59400478515625 0.9180798828125 0.6042591796875 0.9175470703125 0.608837890625 0.91416591796875 0.6151572265625 0.89939609375 0.62728955078125 0.88522763671875 0.6428505859375 0.88184638671875 0.649169921875 0.881334765625 0.65660751953125 0.884842578125 0.665733203125 0.8917369140625 0.66967880859375 0.89975478515625 0.6707548828125 0.910568359375 0.6643775390625 0.91400234375 0.6643458984375 0.9209072265625 0.6700111328125 0.93304482421875 0.6853505859375 0.929109765625 0.693394921875 0.92914140625 0.69739853515625 0.93203203125 0.70080615234375 0.9320900390625 0.7082384765625 0.91911376953125 0.73008203125 0.91569560546875 0.73182275390625 0.914065625 0.7421298828125 0.9084056640625 0.7496150390625 0.8992642578125 0.75025859375 0.893008203125 0.75488994140625 0.88785986328125 0.75493212890625 0.871787109375 0.7476263671875 0.8660744140625 0.7482435546875 0.85810927734375 0.75346044921875 0.85871064453125 0.75745888671875 0.863326171875 0.7619953125 0.8633630859375 0.76656865234375 0.85880556640625 0.768894921875 0.83306923828125 0.769105859375 0.827947265625 0.77200703125 0.81993466796875 0.77150068359375 0.81583076171875 0.75895166015625 0.81179541015625 0.75555458984375 0.80433671875 0.75218388671875 0.7968990234375 0.75224716796875 0.790015234375 0.75001591796875 0.78138544921875 0.74379150390625 0.7739583984375 0.74442451171875 0.76945888671875 0.75361337890625 0.76374619140625 0.75480556640625 0.75637177734375 0.762301171875 0.73691259765625 0.7607451171875 0.725550390625 0.76998681640625 0.712964453125 0.76952255859375 0.706629296875 0.76442705078125 0.70544765625 0.7592892578125 0.71896728515625 0.7345814453125 0.7297333984375 0.7219111328125 0.7484857421875 0.7074578125 0.75131318359375 0.70343310546875 0.75489482421875 0.6789943359375 0.761377734375 0.67532294921875 0.7636248046875 0.67015888671875 0.76181025390625 0.658163671875 0.76397822265625 0.64384228515625 0.7633927734375 0.6316888671875 0.76730673828125 0.63066025390625 0.78045712890625 0.6305546875 0.79126015625 0.62245771484375 0.7911916015625 0.614450390625 0.786486328125 0.5984779296875 0.7864546875 0.59476962890625 0.7864283203125 0.591615234375 0.79290068359375 0.5937146484375 0.8070744140625 0.59830908203125 0.82081025390625 0.5993376953125 0.83389736328125 0.59122490234375 0.8447373046875 0.58770126953125 0.8486619140625 0.57794794921875 0.84830322265625 0.53448251953125 0.851694921875 0.5298775390625 0.85398427734375 0.52986171875 0.86089443359375 0.5355216796875 0.869001953125 0.54746943359375 0.87272080078125 0.55039697265625 0.87475693359375 0.5519953125
0 0.76397822265625 0.64384228515625 0.76181025390625 0.658163671875 0.7636248046875 0.67015888671875 0.761377734375 0.67532294921875 0.75489482421875 0.6789943359375 0.74088466796875 0.68692783203125 0.73749287109375 0.6915328125 0.73472353515625 0.70299521484375 0.723371875 0.71338154296875 0.7045615234375 0.72154716796875 0.68410537109375 0.737725390625 0.67788623046875 0.73949775390625 0.67670458984375 0.74179228515625 0.67102880859375 0.7469880859375 0.65379033203125 0.7462232421875 0.649285546875 0.7460228515625 0.63490615234375 0.7364171875 0.61946640625 0.73654375 0.611153125 0.69943466796875 0.61018251953125 0.69817919921875 0.60190625 0.68749755859375 0.60187451171875 0.68406884765625 0.6047072265625 0.68061376953125 0.6104251953125 0.68056630859375 0.6201205078125 0.677053125 0.6222990234375 0.66331201171875 0.6199833984375 0.65989912109375 0.6119443359375 0.65653369140625 0.60337265625 0.65717197265625 0.59825068359375 0.66007314453125 0.59080771484375 0.659566796875 0.58029482421875 0.63277021484375 0.58179287109375 0.60644833984375 0.60052421875 0.58913603515625 0.6033041015625 0.57938798828125 0.6089640625 0.57190810546875 0.60940185546875 0.55588818359375 0.6110845703125 0.55187392578125 0.61967216796875 0.55237509765625 0.62942021484375 0.555724609375 0.63288056640625 0.559126953125 0.63641474609375 0.57168125 0.63930537109375 0.5750888671875 0.65248740234375 0.578412109375 0.6645458984375 0.5846048828125 0.67378759765625 0.59539736328125 0.67953203125 0.59878388671875 0.69383232421875 0.5986625 0.70071611328125 0.60146875 0.7075787109375 0.6014107421875 0.71328095703125 0.59907919921875 0.7212302734375 0.59214794921875 0.7240892578125 0.59212685546875 0.73050888671875 0.6075138671875 0.7414912109375 0.62172451171875 0.74437138671875 0.62398740234375 0.74780537109375 0.62396103515625 0.75922021484375 0.6215767578125 0.76329248046875 0.62955244140625 0.7633927734375 0.6316888671875 0.76397822265625 0.64384228515625
0 0.9971298828125 0.59575078125 0.99482470703125 0.59696396484375 0.976990234375 0.59974912109375 0.96974248046875 0.604765625 0.9680703125 0.6220462890625 0.96361298828125 0.63207919921875 0.956365234375 0.63152529296875 0.94967666015625 0.627621875 0.94242890625 0.62818095703125 0.93518642578125 0.63152529296875 0.9318421875 0.63152529296875 0.9290517578125 0.62929404296875 0.9290517578125 0.6192611328125 0.93797158203125 0.613685546875 0.93797158203125 0.6097873046875 0.93462734375 0.60643779296875 0.93462734375 0.60086748046875 0.9402029296875 0.59417880859375 0.94075673828125 0.5869310546875 0.93462734375 0.5791294921875 0.9335142578125 0.564633984375 0.925707421875 0.55014375 0.92625068359375 0.53876572265625 0.92682568359375 0.52673369140625 0.9223630859375 0.5139103515625 0.9223630859375 0.50889384765625 0.92626650390625 0.49607578125 0.9429880859375 0.48046728515625 0.9429880859375 0.4737787109375 0.93797158203125 0.46429970703125 0.93853076171875 0.45538505859375 0.9486744140625 0.44565810546875 0.96305390625 0.46095537109375 0.96974248046875 0.46374580078125 0.98423798828125 0.454266796875 0.9990234375 0.43792353515625 0.9990234375 0.59475400390625 0.9971298828125 0.59575078125
0 0.47339853515625 0.4876623046875 0.46803916015625 0.4961021484375 0.4676171875 0.5049904296875 0.47209560546875 0.50939501953125 0.4849822265625 0.51570908203125 0.50427265625 0.51999228515625 0.5121322265625 0.5154822265625 0.516294140625 0.51480703125 0.51854130859375 0.51444306640625 0.522972265625 0.5214693359375 0.5250453125 0.52475556640625 0.52824189453125 0.5250615234375 0.53937197265625 0.52612177734375 0.5437923828125 0.5236162109375 0.55513876953125 0.52253486328125 0.55652080078125 0.52332080078125 0.5645650390625 0.5278888671875 0.5853587890625 0.5356166015625 0.59624091796875 0.53799560546875 0.5992212890625 0.540437890625 0.59678427734375 0.5439140625 0.59087109375 0.54544384765625 0.583501953125 0.5499486328125 0.57814794921875 0.55887900390625 0.57673955078125 0.56777783203125 0.57695048828125 0.59344560546875 0.56645341796875 0.6379607421875 0.562412890625 0.65157001953125 0.55956962890625 0.641473828125 0.5555923828125 0.638050390625 0.53874951171875 0.63078154296875 0.5292599609375 0.61704033203125 0.5188736328125 0.6151466796875 0.5139205078125 0.61272021484375 0.49302119140625 0.59265439453125 0.4855783203125 0.58777509765625 0.4717421875 0.58640888671875 0.4593302734375 0.57811669921875 0.4489650390625 0.57820634765625 0.43175830078125 0.5867359375 0.42436806640625 0.5882814453125 0.42084970703125 0.58090185546875 0.4203169921875 0.5735591796875 0.41973671875 0.56560986328125 0.41743154296875 0.564528515625 0.41771640625 0.56019248046875 0.4157013671875 0.55478046875 0.41604423828125 0.53700390625 0.418491796875 0.53451943359375 0.42637783203125 0.53297392578125 0.42981708984375 0.5304736328125 0.4321064453125 0.5243705078125 0.43464892578125 0.517602734375 0.435055078125 0.5072322265625 0.44779931640625 0.49626572265625 0.45270498046875 0.4898513671875 0.45463564453125 0.48732470703125 0.46250576171875 0.48380107421875 0.47336162109375 0.48322080078125 0.47337744140625 0.48515673828125 0.47339853515625 0.4876623046875
0 0.8010662109375 0.4931166015625 0.8045212890625 0.49594921875 0.80969072265625 0.498766015625 0.82911826171875 0.49688818359375 0.8342982421875 0.500849609375 0.83495234375 0.5105291015625 0.83169248046875 0.5311857421875 0.826649609375 0.54438359375 0.82845888671875 0.55580908203125 0.81711787109375 0.5673400390625 0.81036591796875 0.5811234375 0.80127724609375 0.58862958984375 0.79290068359375 0.5937146484375 0.7864283203125 0.591615234375 0.7864546875 0.59476962890625 0.783595703125 0.5944953125 0.77207529296875 0.5848685546875 0.76406259765625 0.58436220703125 0.76109814453125 0.5862505859375 0.75847119140625 0.5998494140625 0.74703515625 0.5999443359375 0.74072109375 0.5971380859375 0.73495556640625 0.5914623046875 0.729079296875 0.57263603515625 0.7267583984375 0.568653515625 0.719853515625 0.56356318359375 0.7158603515625 0.564739453125 0.69881708984375 0.5786072265625 0.6902189453125 0.5763865234375 0.67869326171875 0.56618486328125 0.66381796875 0.565166796875 0.6597720703125 0.56062509765625 0.65449716796875 0.5446525390625 0.64817255859375 0.54070166015625 0.64809345703125 0.53097998046875 0.6395216796875 0.5321931640625 0.63207880859375 0.53110654296875 0.629193359375 0.52827392578125 0.62742626953125 0.52199677734375 0.628555078125 0.519696875 0.6422119140625 0.51157880859375 0.64550341796875 0.49439306640625 0.65003984375 0.4897828125 0.656876171875 0.48629609375 0.6837150390625 0.48092626953125 0.69744033203125 0.4808154296875 0.70546875 0.483605859375 0.72050234375 0.5035029296875 0.73202275390625 0.51312958984375 0.75147138671875 0.51354111328125 0.75773271484375 0.51005966796875 0.75823388671875 0.50090234375 0.75762197265625 0.49633427734375 0.74664482421875 0.4826986328125 0.74598017578125 0.47126259765625 0.755126953125 0.471188671875 0.7717587890625 0.47676962890625 0.77633740234375 0.4767326171875 0.78600107421875 0.4697908203125 0.7911546875 0.470318359375 0.7940189453125 0.473145703125 0.8010662109375 0.4931166015625
0 0.00841396484375 0.16705771484375 0.02149580078125 0.16859794921875 0.02842705078125 0.1770642578125 0.02688671875 0.21015380859375 0.05074521484375 0.23093701171875 0.07767900390625 0.2470994140625 0.0899958984375 0.2470994140625 0.10461806640625 0.24093828125 0.11154404296875 0.2417083984375 0.1253958984375 0.2532552734375 0.1430986328125 0.2609513671875 0.157720703125 0.25941103515625 0.1638765625 0.2532552734375 0.16940458984375 0.24417177734375 0.17529140625 0.2452109375 0.19221865234375 0.2394138671875 0.211255859375 0.240801171875 0.22467529296875 0.246350390625 0.231432421875 0.25503818359375 0.24377578125 0.254937890625 0.24641328125 0.263145703125 0.246466015625 0.26982900390625 0.24699873046875 0.27111083984375 0.2416078125 0.2763435546875 0.22621552734375 0.29866181640625 0.2069779296875 0.30635791015625 0.2015869140625 0.31482412109375 0.2015869140625 0.31943974609375 0.21928955078125 0.32944619140625 0.22621552734375 0.34252802734375 0.2465134765625 0.35433857421875 0.24606513671875 0.358716796875 0.24973642578125 0.36512578125 0.25183056640625 0.37556494140625 0.25506943359375 0.37794912109375 0.2651498046875 0.381082421875 0.27124228515625 0.388673046875 0.27329951171875 0.39388466796875 0.271469140625 0.4164244140625 0.26750771484375 0.42369326171875 0.25991708984375 0.4293849609375 0.25716357421875 0.4370494140625 0.2576330078125 0.4454892578125 0.267396875 0.4586818359375 0.271511328125 0.4703130859375 0.2716326171875 0.48519365234375 0.262559765625 0.50657822265625 0.261008984375 0.51383115234375 0.26681669921875 0.5189056640625 0.250844140625 0.5210841796875 0.24622861328125 0.54340244140625 0.24545849609375 0.561869921875 0.23006630859375 0.56341025390625 0.21697919921875 0.55802451171875 0.215444140625 0.54263232421875 0.20543759765625 0.53647646484375 0.1861947265625 0.5410919921875 0.18927529296875 0.576497265625 0.18311943359375 0.59265439453125 0.1846650390625 0.60842109375 0.18223857421875 0.61365390625 0.17520703125 0.61825361328125 0.162589453125 0.61835380859375 0.156423046875 0.604776171875 0.1487375 0.60708662109375 0.1461791015625 0.6034310546875 0.12462578125 0.5880388671875 0.1230908203125 0.5757271484375 0.1169296875 0.56572060546875 0.1084634765625 0.55802451171875 0.09230107421875 0.55956474609375 0.08614521484375 0.56418037109375 0.08384013671875 0.59111943359375 0.07921923828125 0.5972751953125 0.06228671875 0.60804658203125 0.05767119140625 0.6172830078125 0.0615166015625 0.63421552734375 0.059981640625 0.646532421875 0.03612314453125 0.65653369140625 0.0322724609375 0.660384375 0.0322724609375 0.66885068359375 0.03612314453125 0.67808701171875 0.053050390625 0.694244140625 0.059981640625 0.69732470703125 0.07767900390625 0.71271689453125 0.0822998046875 0.71887275390625 0.07921923828125 0.73349482421875 0.068442578125 0.756583203125 0.054590625 0.76812998046875 0.040738671875 0.7704404296875 0.02842705078125 0.76581962890625 0.019190625 0.756583203125 0.005338671875 0.7296494140625 0 0.72609443359375 0 0.17015673828125 0.00841396484375 0.16705771484375
0 0.43804599609375 0.39020810546875 0.46025869140625 0.3900287109375 0.478045703125 0.39234970703125 0.49784248046875 0.3981099609375 0.510734375 0.40541044921875 0.53350625 0.41262646484375 0.5922373046875 0.41116005859375 0.617968359375 0.4183498046875 0.62144453125 0.42079208984375 0.62395009765625 0.4252125 0.62701484375 0.44098974609375 0.62806982421875 0.44640712890625 0.62464111328125 0.449398046875 0.613780078125 0.4494876953125 0.6083732421875 0.4524943359375 0.605540625 0.4683138671875 0.6090484375 0.47470185546875 0.6091064453125 0.48161201171875 0.60025517578125 0.48563671875 0.59136689453125 0.4857052734375 0.57757822265625 0.48927646484375 0.5638212890625 0.4972890625 0.55798193359375 0.5077017578125 0.5571115234375 0.52202841796875 0.55652080078125 0.52332080078125 0.55513876953125 0.52253486328125 0.5437923828125 0.5236162109375 0.53937197265625 0.52612177734375 0.52824189453125 0.5250615234375 0.52602646484375 0.5237638671875 0.522972265625 0.5214693359375 0.51854130859375 0.51444306640625 0.516294140625 0.51480703125 0.50408798828125 0.49777958984375 0.48822099609375 0.4890232421875 0.47782412109375 0.4856525390625 0.47337744140625 0.48515673828125 0.47336162109375 0.48322080078125 0.46250576171875 0.48380107421875 0.45463564453125 0.48732470703125 0.45270498046875 0.4898513671875 0.455020703125 0.47398974609375 0.452478125 0.46463203125 0.4489755859375 0.45873994140625 0.44499833984375 0.45580703125 0.43957041015625 0.4558544921875 0.43181630859375 0.4598107421875 0.42973798828125 0.46087099609375 0.42430478515625 0.46042255859375 0.42427314453125 0.4564716796875 0.42798671875 0.4481267578125 0.42912080078125 0.44557373046875 0.42907333984375 0.44014052734375 0.42706357421875 0.43571484375 0.42585556640625 0.4348234375 0.42507490234375 0.4342484375 0.42013759765625 0.434290625 0.40980400390625 0.437830078125 0.40296240234375 0.44628056640625 0.3970544921875 0.44830078125 0.39457001953125 0.44634912109375 0.39443818359375 0.43055068359375 0.3914103515625 0.42268046875 0.38695302734375 0.42073935546875 0.37708369140625 0.42082373046875 0.375585546875 0.41935205078125 0.375564453125 0.4163927734375 0.3789931640625 0.4129060546875 0.38541806640625 0.414335546875 0.3947916015625 0.41327001953125 0.39525048828125 0.409319140625 0.39271328125 0.4009478515625 0.392001171875 0.37429365234375 0.40137470703125 0.3732333984375 0.40583203125 0.37516923828125 0.4093662109375 0.3850123046875 0.41185068359375 0.38696923828125 0.42861435546875 0.3843634765625 0.43461201171875 0.38808232421875 0.43804599609375 0.39020810546875
0 0.9083107421875 0.45906162109375 0.90892783203125 0.4642046875 0.9049927734375 0.47281865234375 0.8993275390625 0.47972880859375 0.88509580078125 0.48785224609375 0.88121875 0.50275390625 0.87326943359375 0.51025478515625 0.8709853515625 0.51027587890625 0.86918662109375 0.50056474609375 0.8480974609375 0.5093158203125 0.83495234375 0.5105291015625 0.8342982421875 0.500849609375 0.82911826171875 0.49688818359375 0.80969072265625 0.498766015625 0.8045212890625 0.49594921875 0.8010662109375 0.4931166015625 0.7940189453125 0.473145703125 0.80081298828125 0.4628068359375 0.799605078125 0.45481005859375 0.796725 0.45197216796875 0.789271484375 0.4503158203125 0.78406513671875 0.44292568359375 0.78409677734375 0.4425880859375 0.78564765625 0.42632548828125 0.7907431640625 0.41999033203125 0.79931494140625 0.41935205078125 0.8078234375 0.410701171875 0.817550390625 0.41119169921875 0.82276201171875 0.4191568359375 0.8279103515625 0.4191146484375 0.83185068359375 0.41164541015625 0.82781005859375 0.4071037109375 0.81862119140625 0.40203447265625 0.819143359375 0.3963111328125 0.83402919921875 0.39790419921875 0.84029580078125 0.39499248046875 0.851631640625 0.382316796875 0.85547705078125 0.36341142578125 0.8564423828125 0.36340087890625 0.85891103515625 0.36337978515625 0.86178056640625 0.36450341796875 0.87216689453125 0.37585498046875 0.88030087890625 0.3912314453125 0.88439951171875 0.40263583984375 0.88454716796875 0.42093974609375 0.89101953125 0.4426197265625 0.8979771484375 0.45400302734375 0.90434921875 0.4571205078125 0.9083107421875 0.45906162109375
0 0.434184765625 0.36401806640625 0.4343693359375 0.38645234375 0.43461201171875 0.38808232421875 0.42861435546875 0.3843634765625 0.41185068359375 0.38696923828125 0.4093662109375 0.3850123046875 0.40583203125 0.37516923828125 0.40137470703125 0.3732333984375 0.392001171875 0.37429365234375 0.39271328125 0.4009478515625 0.39525048828125 0.409319140625 0.3947916015625 0.41327001953125 0.38541806640625 0.414335546875 0.3789931640625 0.4129060546875 0.375564453125 0.4163927734375 0.375585546875 0.41935205078125 0.37708369140625 0.42082373046875 0.38695302734375 0.42073935546875 0.3914103515625 0.42268046875 0.39443818359375 0.43055068359375 0.39457001953125 0.44634912109375 0.3970544921875 0.44830078125 0.40296240234375 0.44628056640625 0.40980400390625 0.437830078125 0.42013759765625 0.434290625 0.42507490234375 0.4342484375 0.42585556640625 0.4348234375 0.42706357421875 0.43571484375 0.42907333984375 0.44014052734375 0.42912080078125 0.44557373046875 0.42798671875 0.4481267578125 0.42427314453125 0.4564716796875 0.42430478515625 0.46042255859375 0.42973798828125 0.46087099609375 0.43181630859375 0.4598107421875 0.43272353515625 0.4633607421875 0.43485458984375 0.47822021484375 0.43372578125 0.48748291015625 0.432143359375 0.49071123046875 0.4197947265625 0.50529111328125 0.41741572265625 0.50933173828125 0.41743681640625 0.51174228515625 0.4239302734375 0.51933291015625 0.4321064453125 0.5243705078125 0.42981708984375 0.5304736328125 0.42637783203125 0.53297392578125 0.418491796875 0.53451943359375 0.41604423828125 0.53700390625 0.4157013671875 0.55478046875 0.41771640625 0.56019248046875 0.41743154296875 0.564528515625 0.40833759765625 0.5602716796875 0.40485615234375 0.55684296875 0.398357421875 0.54702626953125 0.3963107421875 0.53815390625 0.3928240234375 0.5342345703125 0.3858927734375 0.53182392578125 0.37799091796875 0.5318873046875 0.3721041015625 0.53588564453125 0.369208203125 0.54430439453125 0.3692662109375 0.55121455078125 0.36193935546875 0.561147265625 0.3617283203125 0.5659 0.34588779296875 0.5654146484375 0.340227734375 0.56144267578125 0.3316982421875 0.5514572265625 0.32769453125 0.55390478515625 0.32247763671875 0.554748828125 0.3054185546875 0.534783203125 0.295707421875 0.5272189453125 0.2848041015625 0.52208115234375 0.26830419921875 0.52020859375 0.26681669921875 0.5189056640625 0.261008984375 0.51383115234375 0.262559765625 0.50657822265625 0.2716326171875 0.48519365234375 0.271511328125 0.4703130859375 0.267396875 0.4586818359375 0.2576330078125 0.4454892578125 0.25716357421875 0.4370494140625 0.25991708984375 0.4293849609375 0.26750771484375 0.42369326171875 0.271469140625 0.4164244140625 0.27329951171875 0.39388466796875 0.27124228515625 0.388673046875 0.2651498046875 0.381082421875 0.25506943359375 0.37794912109375 0.25183056640625 0.37556494140625 0.24973642578125 0.36512578125 0.24606513671875 0.358716796875 0.2465134765625 0.35433857421875 0.2471833984375 0.34785048828125 0.24837548828125 0.3462310546875 0.25641455078125 0.3461677734375 0.26569306640625 0.34930634765625 0.27816298828125 0.35000791015625 0.28416591796875 0.34594091796875 0.286128125 0.34029150390625 0.29130810546875 0.33422001953125 0.2949267578125 0.33418837890625 0.30663701171875 0.33972177734375 0.30984951171875 0.33969541015625 0.31544619140625 0.3352275390625 0.32022001953125 0.32915615234375 0.3213013671875 0.31346318359375 0.32250400390625 0.31345263671875 0.32897109375 0.31741943359375 0.333850390625 0.32341171875 0.3339400390625 0.33467373046875 0.328459375 0.35281416015625 0.3310125 0.37008427734375 0.33985322265625 0.36880771484375 0.34586142578125 0.36594345703125 0.35144755859375 0.3606685546875 0.3545439453125 0.3461677734375 0.35444892578125 0.3345048828125 0.35641123046875 0.32845458984375 0.3608052734375 0.3247990234375 0.3760919921875 0.3254794921875 0.3836826171875 0.319381640625 0.39243896484375 0.308051171875 0.39523466796875 0.3060150390625 0.39845234375 0.305988671875 0.40210263671875 0.309580859375 0.40221865234375 0.32365439453125 0.393530859375 0.343430078125 0.39318271484375 0.34946982421875 0.4037537109375 0.36385986328125 0.40859609375 0.36542646484375 0.419045703125 0.3649412109375 0.43467529296875 0.36064208984375 0.434184765625 0.36401806640625
0 0.98423798828125 0.454266796875 0.96974248046875 0.46374580078125 0.96305390625 0.46095537109375 0.9486744140625 0.44565810546875 0.93685859375 0.433087890625 0.93239599609375 0.4314158203125 0.922922265625 0.43252880859375 0.9106580078125 0.44367998046875 0.90434921875 0.4571205078125 0.8979771484375 0.45400302734375 0.89101953125 0.4426197265625 0.88454716796875 0.42093974609375 0.88439951171875 0.40263583984375 0.88030087890625 0.3912314453125 0.87216689453125 0.37585498046875 0.86178056640625 0.36450341796875 0.85891103515625 0.36337978515625 0.8564423828125 0.36340087890625 0.8509828125 0.3606896484375 0.8523806640625 0.35996162109375 0.86170146484375 0.3567650390625 0.87354365234375 0.3566701171875 0.8910458984375 0.362757421875 0.9034578125 0.35642216796875 0.9127310546875 0.347001171875 0.92823935546875 0.33814462890625 0.93215859375 0.3378703125 0.93685859375 0.3427865234375 0.94410107421875 0.3478029296875 0.96082255859375 0.35281943359375 0.982006640625 0.35560458984375 0.9875822265625 0.36062626953125 0.98591015625 0.379019921875 0.98702314453125 0.39351015625 0.9909265625 0.3996396484375 0.9990234375 0.40090654296875 0.9990234375 0.43792353515625 0.98423798828125 0.454266796875
0 0.773367578125 0.2117310546875 0.7718431640625 0.231169140625 0.774005859375 0.2735162109375 0.783827734375 0.28286337890625 0.778278515625 0.29263251953125 0.77900126953125 0.30509189453125 0.7997 0.3205 0.8122173828125 0.32725712890625 0.81537177734375 0.3315931640625 0.81794599609375 0.3415416015625 0.82360068359375 0.347106640625 0.8509828125 0.3606896484375 0.8564423828125 0.36340087890625 0.85547705078125 0.36341142578125 0.851631640625 0.382316796875 0.84029580078125 0.39499248046875 0.83402919921875 0.39790419921875 0.819143359375 0.3963111328125 0.81862119140625 0.40203447265625 0.82781005859375 0.4071037109375 0.83185068359375 0.41164541015625 0.8279103515625 0.4191146484375 0.82276201171875 0.4191568359375 0.817550390625 0.41119169921875 0.8078234375 0.410701171875 0.79931494140625 0.41935205078125 0.7907431640625 0.41999033203125 0.78564765625 0.42632548828125 0.78409677734375 0.4425880859375 0.77762978515625 0.44160166015625 0.75830244140625 0.4411375 0.7558232421875 0.44240341796875 0.74659736328125 0.45743701171875 0.74163369140625 0.4605966796875 0.7260673828125 0.4619681640625 0.71544892578125 0.45956279296875 0.7055109375 0.4640095703125 0.69803642578125 0.464067578125 0.6811197265625 0.4536126953125 0.66490458984375 0.45249970703125 0.65110537109375 0.442018359375 0.6417265625 0.43835234375 0.62701484375 0.44098974609375 0.62395009765625 0.4252125 0.62144453125 0.42079208984375 0.617968359375 0.4183498046875 0.5922373046875 0.41116005859375 0.53350625 0.41262646484375 0.510734375 0.40541044921875 0.49784248046875 0.3981099609375 0.478045703125 0.39234970703125 0.46025869140625 0.3900287109375 0.43804599609375 0.39020810546875 0.43461201171875 0.38808232421875 0.4343693359375 0.38645234375 0.434184765625 0.36401806640625 0.43467529296875 0.36064208984375 0.43772421875 0.33967958984375 0.42697392578125 0.32044716796875 0.42691064453125 0.3129673828125 0.4324123046875 0.2998328125 0.42165673828125 0.280600390625 0.42156708984375 0.2693806640625 0.42650966796875 0.2643537109375 0.45014140625 0.25730107421875 0.45879228515625 0.2485078125 0.45806953125 0.2360484375 0.439755078125 0.20689921875 0.43888466796875 0.17699033203125 0.44173837890625 0.16718427734375 0.45127548828125 0.1681654296875 0.48741396484375 0.166619921875 0.50177763671875 0.1696212890625 0.51054453125 0.1751546875 0.53237216796875 0.17622548828125 0.53919794921875 0.1724275390625 0.5479173828125 0.17173125 0.55041767578125 0.1729603515625 0.55237470703125 0.1835365234375 0.55741748046875 0.1903517578125 0.568642578125 0.1908845703125 0.584799609375 0.18514013671875 0.5991369140625 0.18502412109375 0.61975654296875 0.1917126953125 0.6479193359375 0.20581787109375 0.67789677734375 0.21010634765625 0.68910595703125 0.2117099609375 0.75080146484375 0.2105810546875 0.76329248046875 0.21359306640625 0.773367578125 0.2117310546875
0 0.972248046875 0.30848896484375 0.96361826171875 0.3197826171875 0.961808984375 0.32727294921875 0.9568716796875 0.33355009765625 0.94817333984375 0.3367361328125 0.93215859375 0.3378703125 0.92823935546875 0.33814462890625 0.9127310546875 0.347001171875 0.9034578125 0.35642216796875 0.8910458984375 0.362757421875 0.87354365234375 0.3566701171875 0.86170146484375 0.3567650390625 0.8523806640625 0.35996162109375 0.8509828125 0.3606896484375 0.82360068359375 0.347106640625 0.81794599609375 0.3415416015625 0.81537177734375 0.3315931640625 0.8122173828125 0.32725712890625 0.7997 0.3205 0.77900126953125 0.30509189453125 0.778278515625 0.29263251953125 0.7850357421875 0.28073232421875 0.78866484375 0.26699111328125 0.79726826171875 0.251962890625 0.7996947265625 0.243839453125 0.80134580078125 0.21764423828125 0.7975162109375 0.20645615234375 0.7899361328125 0.19405478515625 0.7884486328125 0.19190263671875 0.78866484375 0.1909478515625 0.79732099609375 0.182776953125 0.81600478515625 0.1807513671875 0.83099091796875 0.18437001953125 0.84719541015625 0.1842380859375 0.8583783203125 0.179780859375 0.86642255859375 0.17286015625 0.8697193359375 0.16433056640625 0.8780220703125 0.14284580078125 0.8835712890625 0.13594619140625 0.89412119140625 0.13024931640625 0.8995384765625 0.1065173828125 0.91498349609375 0.09018623046875 0.917436328125 0.08518037109375 0.91920341796875 0.07269990234375 0.91761572265625 0.06945048828125 0.94479736328125 0.0774736328125 0.95856494140625 0.0842203125 0.9730076171875 0.09719130859375 0.97931123046875 0.10586328125 0.9958322265625 0.14437021484375 0.9979580078125 0.17551865234375 0.9990234375 0.179633203125 0.9990234375 0.28467353515625 0.972248046875 0.30848896484375
0 0.23988291015625 0.03124951171875 0.24298984375 0.033797265625 0.26207451171875 0.04083935546875 0.2575802734375 0.057333984375 0.2638099609375 0.06448154296875 0.2715482421875 0.0675041015625 0.275720703125 0.07415576171875 0.28858623046875 0.07507880859375 0.30038623046875 0.071898046875 0.3075865234375 0.071834765625 0.312228515625 0.073343359375 0.317925390625 0.0779220703125 0.32872841796875 0.0788662109375 0.34318173828125 0.0849166015625 0.3622400390625 0.0883611328125 0.3658533203125 0.09038671875 0.364360546875 0.0960572265625 0.364466015625 0.10942919921875 0.35784599609375 0.11719912109375 0.35844208984375 0.12747998046875 0.36260400390625 0.13310302734375 0.37652978515625 0.137618359375 0.37963671875 0.14016083984375 0.37863974609375 0.14428583984375 0.37456748046875 0.149460546875 0.37727880859375 0.16640888671875 0.37525322265625 0.17053916015625 0.35783544921875 0.178398828125 0.35634267578125 0.18458095703125 0.3740189453125 0.20809658203125 0.37354951171875 0.2132396484375 0.368475 0.2215107421875 0.35419052734375 0.23602734375 0.33726328125 0.24131279296875 0.3332806640625 0.25728525390625 0.326154296875 0.26608916015625 0.3221716796875 0.282578515625 0.31760361328125 0.28981572265625 0.3103875 0.28781650390625 0.2924 0.28899287109375 0.2810326171875 0.28291611328125 0.27794677734375 0.28294248046875 0.26360947265625 0.29077578125 0.256926171875 0.290828515625 0.25433623046875 0.2887923828125 0.24699873046875 0.27111083984375 0.246466015625 0.26982900390625 0.24641328125 0.263145703125 0.24377578125 0.254937890625 0.231432421875 0.25503818359375 0.22467529296875 0.246350390625 0.211255859375 0.240801171875 0.19221865234375 0.2394138671875 0.17529140625 0.2452109375 0.16940458984375 0.24417177734375 0.16138671875 0.24275283203125 0.15413369140625 0.2361275390625 0.14160576171875 0.21411533203125 0.12145556640625 0.20245244140625 0.11720927734375 0.18654326171875 0.11304736328125 0.18040849609375 0.1094287109375 0.17837763671875 0.11036240234375 0.16654599609375 0.1148724609375 0.15262021484375 0.11529970703125 0.1418171875 0.1197833984375 0.12429384765625 0.11967265625 0.11092197265625 0.117557421875 0.10322587890625 0.118469921875 0.08933173828125 0.1210388671875 0.08457900390625 0.1233123046875 0.08464228515625 0.12845009765625 0.0815037109375 0.12820224609375 0.07899814453125 0.13378310546875 0.075321484375 0.1378236328125 0.06654404296875 0.14496064453125 0.0587740234375 0.14898544921875 0.04793935546875 0.1586595703125 0.03551689453125 0.1641982421875 0.02158583984375 0.16598125 0.00217412109375 0.1779025390625 0.0031130859375 0.186210546875 0.0087255859375 0.19139052734375 0.0102341796875 0.2120365234375 0.00903154296875 0.21510654296875 0.005391796875 0.2152859375 0.00494345703125 0.21561826171875 0.00486962890625 0.21974853515625 0.00483271484375 0.22391044921875 0.00841435546875 0.22601513671875 0.013045703125 0.23634345703125 0.012961328125 0.2394451171875 0.0149921875 0.23988291015625 0.03124951171875
0 0.126762109375 0.00146728515625 0.12530625 0.01335693359375 0.105224609375 0.02023544921875 0.10010263671875 0.0259587890625 0.10065654296875 0.0300837890625 0.1094234375 0.02846435546875 0.12175625 0.0211322265625 0.130016796875 0.0205466796875 0.12900927734375 0.02365361328125 0.11667646484375 0.031502734375 0.109987890625 0.03465712890625 0.10121044921875 0.03473095703125 0.09502822265625 0.03684619140625 0.0919634765625 0.0404859375 0.0919845703125 0.04307060546875 0.1030091796875 0.06518310546875 0.1216560546875 0.0717451171875 0.1278857421875 0.0758279296875 0.12820224609375 0.07899814453125 0.12845009765625 0.0815037109375 0.1233123046875 0.08464228515625 0.1210388671875 0.08457900390625 0.09541328125 0.08384052734375 0.09075029296875 0.08181494140625 0.0761123046875 0.06024052734375 0.07292099609375 0.0489046875 0.06664384765625 0.03914609375 0.0599658203125 0.0433291015625 0.0579349609375 0.04799736328125 0.05803515625 0.0598712890625 0.0663958984375 0.0716818359375 0.0655044921875 0.0892525390625 0.06096279296875 0.102197265625 0.0615482421875 0.1104578125 0.0662693359375 0.119715234375 0.0663220703125 0.12591328125 0.0566267578125 0.1404509765625 0.0427853515625 0.1529630859375 0.0386498046875 0.15247783203125 0.03345400390625 0.14838974609375 0.03078486328125 0.13808251953125 0.0276568359375 0.13397861328125 0.00343447265625 0.140371875 0.003360546875 0.1315943359375 0.0058767578125 0.12330751953125 0.01456982421875 0.11291064453125 0.02382724609375 0.10818427734375 0.0294345703125 0.0988423828125 0.03699873046875 0.07708857421875 0.03693544921875 0.06934501953125 0.03484130859375 0.0657474609375 0.025546875 0.06582138671875 0.00345556640625 0.08046455078125 0 0.08182646484375 0 0.058333984375 0.01201669921875 0.05353603515625 0.02376923828125 0.0379486328125 0.028833203125 0.02602734375 0.02927626953125 0.01672763671875 0.03281044921875 0.0074015625 0.03275 0 0.125270703125 0 0.126762109375 0.00146728515625
0 0.0053755859375 0.000459765625 0.0038775390625 0.00557119140625 0.00134560546875 0.01179033203125 0 0.013158984375 0 0 0.00581298828125 0 0.0053755859375 0.000459765625
0 0.9740943359375 0.0018154296875 0.9706814453125 0.00496982421875 0.9604849609375 0.01439609375 0.9380876953125 0.01894306640625 0.92135556640625 0.0309224609375 0.91023076171875 0.04223193359375 0.91222998046875 0.05842060546875 0.91761572265625 0.06945048828125 0.91920341796875 0.07269990234375 0.917436328125 0.08518037109375 0.91498349609375 0.09018623046875 0.8995384765625 0.1065173828125 0.89412119140625 0.13024931640625 0.8835712890625 0.13594619140625 0.8780220703125 0.14284580078125 0.8697193359375 0.16433056640625 0.86642255859375 0.17286015625 0.8583783203125 0.179780859375 0.84719541015625 0.1842380859375 0.83187177734375 0.18436474609375 0.81437490234375 0.16790166015625 0.78808994140625 0.1576419921875 0.77555146484375 0.20097548828125 0.77273984375 0.2118470703125 0.76329248046875 0.21359306640625 0.75080146484375 0.2105810546875 0.68910595703125 0.2117099609375 0.67789677734375 0.21010634765625 0.6479193359375 0.20581787109375 0.61975654296875 0.1917126953125 0.5991369140625 0.18502412109375 0.584799609375 0.18514013671875 0.568642578125 0.1908845703125 0.55741748046875 0.1903517578125 0.55237470703125 0.1835365234375 0.55041767578125 0.1729603515625 0.5479173828125 0.17173125 0.53919794921875 0.1724275390625 0.53237216796875 0.17622548828125 0.51054453125 0.1751546875 0.50177763671875 0.1696212890625 0.48741396484375 0.166619921875 0.45127548828125 0.1681654296875 0.44173837890625 0.16718427734375 0.440050390625 0.16701025390625 0.43314033203125 0.16083330078125 0.42002158203125 0.157198828125 0.421778125 0.14347353515625 0.431025 0.13092978515625 0.43346728515625 0.12467900390625 0.43340400390625 0.11657666015625 0.42571318359375 0.0910830078125 0.40484033203125 0.0538578125 0.376819921875 0.057207421875 0.3655685546875 0.05355712890625 0.34375146484375 0.0531140625 0.3268927734375 0.049511328125 0.32313173828125 0.04705322265625 0.32059453125 0.04146171875 0.32112197265625 0.0296142578125 0.32850166015625 0.0177140625 0.3353220703125 0.01329365234375 0.35837880859375 0.01310380859375 0.371397265625 0.00427353515625 0.37302861328125 0 0.975434375 0 0.9740943359375 0.0018154296875
0 0.2956705078125 0.0047271484375 0.2930962890625 0.00578212890625 0.28069501953125 0.00484853515625 0.27664384765625 0.01469677734375 0.2699447265625 0.01681728515625 0.24257314453125 0.017044140625 0.2394451171875 0.0149921875 0.23634345703125 0.012961328125 0.22601513671875 0.013045703125 0.22391044921875 0.00841435546875 0.21974853515625 0.00483271484375 0.21561826171875 0.00486962890625 0.2152859375 0.00494345703125 0.21510654296875 0.005391796875 0.2120365234375 0.00903154296875 0.19139052734375 0.0102341796875 0.186210546875 0.0087255859375 0.1779025390625 0.0031130859375 0.16598125 0.00217412109375 0.163509765625 0 0.2953521484375 0 0.2956705078125 0.0047271484375