0 0.9754369140625 0.12677919921875 0.97674169921875 0.11242685546875 0.9963181640625 0.1072078125 0.998927734375 0.09285546875 0.9990234375 0.09284677734375 0.9990234375 0.16084365234375 0.9754369140625 0.12677919921875
0 0.99762294921875 0.2115884765625 0.9963181640625 0.19462666015625 0.9990234375 0.19246240234375 0.9990234375 0.21299013671875 0.99762294921875 0.2115884765625
0 0.0000966796875 0.02648818359375 0 0.026584765625 0 0.02619794921875 0.0000966796875 0.02648818359375
0 0.0000966796875 0.00182158203125 0 0.0020953125 0 0.00181591796875 0.0000966796875 0.00182158203125
0 0.0000966796875 0.00182158203125 0 0.00181591796875 0 0 0.03432529296875 0 0.03250927734375 0.006050390625 0.0233501953125 0.00745830078125 0.0212357421875 0.01732392578125 0.01459853515625 0.01731875 0.01207158203125 0.01732392578125 0 0.020841796875 0 0.0020953125 0.0000966796875 0.00182158203125
0 0.51414560546875 0.00349765625 0.53593447265625 0.01611201171875 0.54854892578125 0.0172568359375 0.55428369140625 0.02184677734375 0.54625908203125 0.04134072265625 0.5301998046875 0.06198486328125 0.5310970703125 0.06646123046875 0.52897236328125 0.067791796875 0.5014177734375 0.07919423828125 0.47861279296875 0.1048458984375 0.464363671875 0.1114986328125 0.45918583984375 0.103737109375 0.45676201171875 0.10009609375 0.4273095703125 0.09819833984375 0.4140041015625 0.09344345703125 0.40070380859375 0.0782453125 0.3959541015625 0.0611390625 0.37991533203125 0.04198544921875 0.3465486328125 0.02313603515625 0.30949453125 0.01078466796875 0.300867578125 0 0.5115228515625 0 0.51414560546875 0.00349765625
0 0.79511728515625 0.00234755859375 0.76988330078125 0.01037724609375 0.73662490234375 0.0379009765625 0.73662490234375 0.04478056640625 0.7435044921875 0.05051533203125 0.74235966796875 0.05625009765625 0.732040234375 0.05853984375 0.73776982421875 0.070009375 0.73662490234375 0.08032880859375 0.717130859375 0.1067076171875 0.70107666015625 0.11702705078125 0.6689630859375 0.11588212890625 0.66208349609375 0.11129228515625 0.65520380859375 0.09409326171875 0.62538525390625 0.07918388671875 0.60429765625 0.07918388671875 0.59098193359375 0.07918388671875 0.560018359375 0.0631296875 0.5313498046875 0.067714453125 0.5310970703125 0.06646123046875 0.5301998046875 0.06198486328125 0.54625908203125 0.04134072265625 0.55428369140625 0.02184677734375 0.54854892578125 0.0172568359375 0.53593447265625 0.01611201171875 0.51414560546875 0.00349765625 0.5115228515625 0 0.7991671875 0 0.79511728515625 0.00234755859375
0 0.9074966796875 0.01152216796875 0.88226787109375 0.0149619140625 0.87299013671875 0.0240591796875 0.86506875 0.0149619140625 0.860635546875 0 0.9127353515625 0 0.9074966796875 0.01152216796875
0 0.40394248046875 0.9984814453125 0.4193830078125 0.9820765625 0.427098046875 0.9791833984375 0.41648466796875 0.9598853515625 0.41841865234375 0.95120068359375 0.4367470703125 0.94540927734375 0.43973828125 0.9434185546875 0.43964765625 0.9990234375 0.3768283203125 0.9990234375 0.40394248046875 0.9984814453125
0 0.26017158203125 0.9917255859375 0.266922265625 0.99558310546875 0.28139833984375 0.9917255859375 0.30166083984375 0.99655263671875 0.30455400390625 0.99268994140625 0.30455400390625 0.98304091796875 0.29973203125 0.97435634765625 0.2984943359375 0.96678046875 0.31034541015625 0.95698701171875 0.3219232421875 0.95795146484375 0.331572265625 0.97146318359375 0.3257859375 0.9984814453125 0.32670712890625 0.9990234375 0.25226591796875 0.9990234375 0.26017158203125 0.9917255859375
0 0.43973828125 0.9434185546875 0.448330078125 0.93768896484375 0.460872265625 0.93962294921875 0.49078369140625 0.95698701171875 0.5081529296875 0.95795146484375 0.5081529296875 0.94927197265625 0.499468359375 0.93865341796875 0.50429541015625 0.92225361328125 0.52359345703125 0.90970634765625 0.551576171875 0.904884375 0.55749140625 0.892594921875 0.56218955078125 0.8952353515625 0.58031181640625 0.90849443359375 0.58727392578125 0.91356904296875 0.60078564453125 0.93093828125 0.63262587890625 0.94348046875 0.64903076171875 0.95795146484375 0.6538578125 0.95602265625 0.65288828125 0.94540927734375 0.65578662109375 0.9405873046875 0.68087099609375 0.950236328125 0.69052001953125 0.95698701171875 0.7030673828125 0.975320703125 0.70113857421875 0.99751708984375 0.70197490234375 0.9990234375 0.43964765625 0.9990234375 0.43973828125 0.9434185546875
0 0.72815166015625 0.98111220703125 0.7387703125 0.95602265625 0.7532412109375 0.95409384765625 0.77736630859375 0.9598853515625 0.79087294921875 0.97146318359375 0.79270927734375 0.9990234375 0.7123095703125 0.9990234375 0.72815166015625 0.98111220703125
0 0.70113857421875 0.99751708984375 0.7030673828125 0.975320703125 0.69052001953125 0.95698701171875 0.68087099609375 0.950236328125 0.65578662109375 0.9405873046875 0.65288828125 0.94540927734375 0.6538578125 0.95602265625 0.64903076171875 0.95795146484375 0.63262587890625 0.94348046875 0.60078564453125 0.93093828125 0.58727392578125 0.91356904296875 0.58031181640625 0.90849443359375 0.5796052734375 0.900165625 0.575211328125 0.882600390625 0.589486328125 0.849666796875 0.60046591796875 0.835391796875 0.62132138671875 0.82112197265625 0.63998515625 0.816728125 0.65535859375 0.79696591796875 0.6806080078125 0.78489306640625 0.6992716796875 0.76951962890625 0.71903388671875 0.765130859375 0.73110673828125 0.765130859375 0.73879609375 0.76951962890625 0.76294697265625 0.766229296875 0.7827091796875 0.75415126953125 0.791491796875 0.73109365234375 0.80795859375 0.72670498046875 0.82223349609375 0.733290625 0.8343064453125 0.7343890625 0.85502783203125 0.71380693359375 0.85931337890625 0.7178552734375 0.863227734375 0.7322076171875 0.88410380859375 0.75177900390625 0.8893228515625 0.7530837890625 0.90625888671875 0.7426353515625 0.92103935546875 0.76842109375 0.9199408203125 0.7772037109375 0.90676435546875 0.79477412109375 0.9023755859375 0.81453115234375 0.911158203125 0.848568359375 0.90896123046875 0.8738177734375 0.89908017578125 0.89796865234375 0.90457255859375 0.9232232421875 0.90357724609375 0.947327734375 0.90144462890625 0.9990234375 0.79270927734375 0.9990234375 0.79087294921875 0.97146318359375 0.77736630859375 0.9598853515625 0.7532412109375 0.95409384765625 0.7387703125 0.95602265625 0.72815166015625 0.98111220703125 0.7123095703125 0.9990234375 0.70197490234375 0.9990234375 0.70113857421875 0.99751708984375
0 0.3257859375 0.9984814453125 0.331572265625 0.97146318359375 0.3219232421875 0.95795146484375 0.31034541015625 0.95698701171875 0.2984943359375 0.96678046875 0.28815419921875 0.975320703125 0.27850517578125 0.9791833984375 0.27271376953125 0.97725458984375 0.26982060546875 0.96857001953125 0.26499345703125 0.96470732421875 0.23990908203125 0.96084970703125 0.23604638671875 0.94927197265625 0.23259111328125 0.94446552734375 0.23494794921875 0.9426140625 0.2408529296875 0.92135634765625 0.25148173828125 0.9189943359375 0.27037236328125 0.89773662109375 0.2798203125 0.895374609375 0.28690625 0.888288671875 0.29517314453125 0.8682119140625 0.3105259765625 0.87057392578125 0.3105259765625 0.84695927734375 0.319973828125 0.8398734375 0.316430859375 0.8280634765625 0.305801953125 0.82097763671875 0.312887890625 0.7985388671875 0.32115478515625 0.79027197265625 0.32115478515625 0.7843669921875 0.312887890625 0.7772810546875 0.327059765625 0.77019521484375 0.3294216796875 0.7548423828125 0.3365076171875 0.7477564453125 0.3365076171875 0.74303251953125 0.32824072265625 0.73594658203125 0.32824072265625 0.7229556640625 0.33178369140625 0.71586982421875 0.36012734375 0.69107421875 0.360988671875 0.687629296875 0.37717177734375 0.6737771484375 0.3798173828125 0.6752314453125 0.39236474609375 0.679094140625 0.402978125 0.6887431640625 0.402978125 0.7061125 0.409733984375 0.71286318359375 0.4367470703125 0.710934375 0.453151953125 0.71672587890625 0.4512232421875 0.74277978515625 0.45701474609375 0.7466373046875 0.4695568359375 0.7418154296875 0.48596171875 0.7543576171875 0.491748046875 0.7533931640625 0.50026767578125 0.74392978515625 0.5013970703125 0.75242880859375 0.505259765625 0.7668998046875 0.51394443359375 0.7736556640625 0.5245578125 0.776548828125 0.5274509765625 0.782340234375 0.5284154296875 0.7881265625 0.5216646484375 0.802602734375 0.52359345703125 0.8122517578125 0.53613564453125 0.83444287109375 0.54578466796875 0.84409189453125 0.564118359375 0.87883046875 0.55749140625 0.892594921875 0.551576171875 0.904884375 0.52359345703125 0.90970634765625 0.50429541015625 0.92225361328125 0.499468359375 0.93865341796875 0.5081529296875 0.94927197265625 0.5081529296875 0.95795146484375 0.49078369140625 0.95698701171875 0.460872265625 0.93962294921875 0.448330078125 0.93768896484375 0.43973828125 0.9434185546875 0.4367470703125 0.94540927734375 0.41841865234375 0.95120068359375 0.41648466796875 0.9598853515625 0.427098046875 0.9791833984375 0.4193830078125 0.9820765625 0.40394248046875 0.9984814453125 0.3768283203125 0.9990234375 0.32670712890625 0.9990234375 0.3257859375 0.9984814453125
0 0.00938466796875 0.636748828125 0.0247375 0.61903408203125 0.02946142578125 0.61903408203125 0.03536640625 0.6273009765625 0.04363330078125 0.626119921875 0.050461328125 0.62338671875 0.05071923828125 0.6237580078125 0.0448142578125 0.650920703125 0.0554431640625 0.6568255859375 0.0589861328125 0.650920703125 0.057805078125 0.63202490234375 0.07788193359375 0.6131291015625 0.089691796875 0.61076708984375 0.09323466796875 0.62493896484375 0.0991396484375 0.62257705078125 0.0991396484375 0.60486220703125 0.10504453125 0.59305234375 0.1243787109375 0.58723505859375 0.14401201171875 0.59423330078125 0.14991689453125 0.61194814453125 0.15109794921875 0.640291796875 0.1688126953125 0.63556787109375 0.178260546875 0.6497396484375 0.18770849609375 0.6497396484375 0.19479443359375 0.64147275390625 0.2089662109375 0.640291796875 0.213690234375 0.6237580078125 0.22550009765625 0.6202150390625 0.23843935546875 0.62917294921875 0.2408529296875 0.6308439453125 0.25738671875 0.636748828125 0.27037236328125 0.661549609375 0.28808720703125 0.67335947265625 0.312887890625 0.69934111328125 0.32824072265625 0.69225517578125 0.341231640625 0.67926435546875 0.35186044921875 0.67690234375 0.356584375 0.6804453125 0.3613083984375 0.68635029296875 0.360988671875 0.687629296875 0.36012734375 0.69107421875 0.33178369140625 0.71586982421875 0.32824072265625 0.7229556640625 0.32824072265625 0.73594658203125 0.3365076171875 0.74303251953125 0.3365076171875 0.7477564453125 0.3294216796875 0.7548423828125 0.327059765625 0.77019521484375 0.312887890625 0.7772810546875 0.32115478515625 0.7843669921875 0.32115478515625 0.79027197265625 0.312887890625 0.7985388671875 0.305801953125 0.82097763671875 0.316430859375 0.8280634765625 0.319973828125 0.8398734375 0.3105259765625 0.84695927734375 0.3105259765625 0.87057392578125 0.29517314453125 0.8682119140625 0.28690625 0.888288671875 0.2798203125 0.895374609375 0.27037236328125 0.89773662109375 0.25148173828125 0.9189943359375 0.2408529296875 0.92135634765625 0.23494794921875 0.9426140625 0.23259111328125 0.94446552734375 0.21723310546875 0.9567859375 0.1865275390625 0.95796689453125 0.181803515625 0.963871875 0.17117470703125 0.963871875 0.14637392578125 0.9497 0.13102109375 0.95088095703125 0.12984013671875 0.9556048828125 0.1345640625 0.96032890625 0.14519296875 0.96505283203125 0.14519296875 0.9697767578125 0.1357451171875 0.97804365234375 0.15227890625 0.99102939453125 0.15109794921875 0.99693427734375 0.14483046875 0.9990234375 0.12884052734375 0.9990234375 0.11213046875 0.99693427734375 0.1095771484375 0.9990234375 0.05710849609375 0.9990234375 0.05308115234375 0.9886673828125 0.05308115234375 0.96859580078125 0.04953818359375 0.963871875 0.0270994140625 0.963871875 0.02591845703125 0.95442392578125 0.02237548828125 0.95206201171875 0.01410859375 0.95206201171875 0.00584169921875 0.95796689453125 0 0.95713232421875 0 0.63930830078125 0.00938466796875 0.636748828125
0 0.60644306640625 0.60582138671875 0.62022294921875 0.634634375 0.62975849609375 0.640085546875 0.6306970703125 0.6540046875 0.63938173828125 0.6636537109375 0.6384173828125 0.68777880859375 0.60078564453125 0.69356513671875 0.5988568359375 0.6983921875 0.60078564453125 0.70707685546875 0.57859443359375 0.711898828125 0.57762490234375 0.725410546875 0.56315390625 0.731196875 0.55929638671875 0.73698828125 0.50043271484375 0.743744140625 0.50026767578125 0.74392978515625 0.491748046875 0.7533931640625 0.48596171875 0.7543576171875 0.4695568359375 0.7418154296875 0.45701474609375 0.7466373046875 0.4512232421875 0.74277978515625 0.453151953125 0.71672587890625 0.4367470703125 0.710934375 0.409733984375 0.71286318359375 0.402978125 0.7061125 0.402978125 0.6887431640625 0.39236474609375 0.679094140625 0.3798173828125 0.6752314453125 0.37717177734375 0.6737771484375 0.37885302734375 0.67233828125 0.38850205078125 0.65979609375 0.39236474609375 0.640498046875 0.41069833984375 0.61926611328125 0.408764453125 0.588390234375 0.4155203125 0.5787412109375 0.4251693359375 0.57102099609375 0.44929443359375 0.5604076171875 0.4599078125 0.549794140625 0.4705212890625 0.5478654296875 0.4801703125 0.53918076171875 0.47918525390625 0.5308107421875 0.49368203125 0.52567421875 0.50622421875 0.51795400390625 0.5149087890625 0.51795400390625 0.5467490234375 0.5333892578125 0.56508271484375 0.53821640625 0.56894541015625 0.54207392578125 0.57183857421875 0.54690107421875 0.57183857421875 0.5787412109375 0.5795587890625 0.5893546875 0.58719140625 0.5908501953125 0.60644306640625 0.60582138671875
0 0.99109912109375 0.73351240234375 0.9884896484375 0.742645703125 0.99370869140625 0.75047421875 0.99370869140625 0.7609123046875 0.98979443359375 0.76613134765625 0.9754369140625 0.763521875 0.96630361328125 0.7543884765625 0.94803701171875 0.75830283203125 0.9389037109375 0.736121875 0.91672275390625 0.736121875 0.90625888671875 0.7426353515625 0.8893228515625 0.7530837890625 0.88410380859375 0.75177900390625 0.863227734375 0.7322076171875 0.85931337890625 0.7178552734375 0.85502783203125 0.71380693359375 0.835827734375 0.69566923828125 0.81625126953125 0.6460884765625 0.80842265625 0.6043361328125 0.80842265625 0.58606953125 0.81755595703125 0.57302197265625 0.81755595703125 0.54170263671875 0.81050615234375 0.5299546875 0.80972744140625 0.528655078125 0.814946484375 0.4934265625 0.82799921875 0.47907421875 0.834523046875 0.45950283203125 0.850180078125 0.4608076171875 0.84389873046875 0.45353603515625 0.85788486328125 0.45452109375 0.87984921875 0.44116923828125 0.90222607421875 0.46049814453125 0.9375060546875 0.46332431640625 0.96489052734375 0.46123564453125 0.96760830078125 0.47646474609375 0.985875 0.4960361328125 0.99240390625 0.5116931640625 0.9990234375 0.51122041015625 0.9990234375 0.73175146484375 0.99109912109375 0.73351240234375
0 0.90357724609375 0.947327734375 0.911947265625 0.95159267578125 0.93433447265625 0.96837919921875 0.9375318359375 0.982767578125 0.9463248046875 0.98676953125 0.9551177734375 0.97957021484375 0.963111328125 0.96518173828125 0.978304296875 0.9579875 0.978304296875 0.9523919921875 0.9711048828125 0.9388029296875 0.97270361328125 0.92920546875 0.98070234375 0.92041259765625 0.9886958984375 0.91641572265625 0.99349208984375 0.90602412109375 0.99828818359375 0.90202734375 0.9990234375 0.90165966796875 0.9990234375 0.9990234375 0.90144462890625 0.9990234375 0.90357724609375 0.947327734375
0 0.0117466796875 0.5257412109375 0.0121591796875 0.5261177734375 0.0270994140625 0.5399130859375 0.04599521484375 0.5505419921875 0.0554431640625 0.5505419921875 0.071976953125 0.5399130859375 0.089691796875 0.5399130859375 0.11449248046875 0.5469990234375 0.1322021484375 0.56589482421875 0.1345640625 0.57888046875 0.12394033203125 0.58596640625 0.09441572265625 0.589509375 0.07788193359375 0.5965953125 0.061348046875 0.61903408203125 0.050461328125 0.62338671875 0.04363330078125 0.626119921875 0.03536640625 0.6273009765625 0.02946142578125 0.61903408203125 0.0247375 0.61903408203125 0.00938466796875 0.636748828125 0 0.63930830078125 0 0.52490224609375 0.0117466796875 0.5257412109375
0 0.00182939453125 0.40310947265625 0.0161869140625 0.40537861328125 0.0229892578125 0.4091587890625 0.03206064453125 0.42049423828125 0.0275275390625 0.45752763671875 0.0207251953125 0.4711322265625 0.0161869140625 0.4968302734375 0.0161869140625 0.52101728515625 0.0121591796875 0.5261177734375 0.0117466796875 0.5257412109375 0 0.52490224609375 0 0.40154208984375 0.00182939453125 0.40310947265625
0 0.0015044921875 0.25621845703125 0.0198279296875 0.25621845703125 0.02898701171875 0.27453662109375 0.02898701171875 0.28370087890625 0.0254646484375 0.28933759765625 0.0099623046875 0.3027255859375 0.0141859375 0.31963583984375 0.01841484375 0.3224568359375 0.04942470703125 0.32527783203125 0.05153916015625 0.3273921875 0.04871826171875 0.33866572265625 0.02969345703125 0.3569890625 0.0099623046875 0.36051142578125 0.0000966796875 0.36544169921875 0 0.36544169921875 0 0.25435966796875 0.0015044921875 0.25621845703125
0 0.0113701171875 0.20688515625 0.010663671875 0.21534287109375 0.0057333984375 0.2238005859375 0 0.2290341796875 0 0.19389462890625 0.0113701171875 0.20688515625
0 0.4801703125 0.53918076171875 0.4705212890625 0.5478654296875 0.4599078125 0.549794140625 0.44929443359375 0.5604076171875 0.4251693359375 0.57102099609375 0.4155203125 0.5787412109375 0.408764453125 0.588390234375 0.41069833984375 0.61926611328125 0.39236474609375 0.640498046875 0.38850205078125 0.65979609375 0.37885302734375 0.67233828125 0.37717177734375 0.6737771484375 0.360988671875 0.687629296875 0.3613083984375 0.68635029296875 0.356584375 0.6804453125 0.35186044921875 0.67690234375 0.341231640625 0.67926435546875 0.32824072265625 0.69225517578125 0.312887890625 0.69934111328125 0.28808720703125 0.67335947265625 0.27037236328125 0.661549609375 0.25738671875 0.636748828125 0.2408529296875 0.6308439453125 0.23843935546875 0.62917294921875 0.23893955078125 0.6183017578125 0.2447310546875 0.6047951171875 0.24569541015625 0.59128857421875 0.23604638671875 0.5787412109375 0.23508203125 0.56523466796875 0.24280224609375 0.5546212890625 0.26306474609375 0.5536517578125 0.28911865234375 0.52663857421875 0.292976171875 0.52084716796875 0.292976171875 0.51023369140625 0.28911865234375 0.5025134765625 0.292976171875 0.48804248046875 0.31517255859375 0.4764595703125 0.32385205078125 0.4764595703125 0.33736376953125 0.48610859375 0.35569736328125 0.48610859375 0.36534638671875 0.47935791015625 0.370168359375 0.46488173828125 0.38850205078125 0.4571615234375 0.40490693359375 0.46005986328125 0.4078 0.47163759765625 0.41166279296875 0.47549521484375 0.4174490234375 0.47549521484375 0.42613369140625 0.46873935546875 0.43385390625 0.46873935546875 0.4435029296875 0.48707294921875 0.453151953125 0.48804248046875 0.4599078125 0.492864453125 0.4628009765625 0.5092693359375 0.47534833984375 0.51698955078125 0.47824150390625 0.52277587890625 0.47918525390625 0.5308107421875 0.4801703125 0.53918076171875
0 0.82538974609375 0.4321029296875 0.850180078125 0.4608076171875 0.834523046875 0.45950283203125 0.82799921875 0.47907421875 0.814946484375 0.4934265625 0.80972744140625 0.528655078125 0.81050615234375 0.5299546875 0.80062509765625 0.5319091796875 0.79310595703125 0.53566357421875 0.78283291015625 0.5581384765625 0.78934638671875 0.58702880859375 0.799371875 0.59704912109375 0.799371875 0.607074609375 0.79310595703125 0.61208740234375 0.77431328125 0.61458857421875 0.77556650390625 0.6208544921875 0.78809326171875 0.63338125 0.78809326171875 0.642153515625 0.7780728515625 0.6546802734375 0.7594865234375 0.65930107421875 0.74048759765625 0.65342705078125 0.73422685546875 0.6471611328125 0.73172041015625 0.6296216796875 0.73798642578125 0.62210771484375 0.73798642578125 0.6133353515625 0.73172041015625 0.615841796875 0.72670771484375 0.6246140625 0.71794052734375 0.6246140625 0.70916826171875 0.6383939453125 0.69038076171875 0.640900390625 0.68536796875 0.6471611328125 0.68411484375 0.65843984375 0.67284130859375 0.65843984375 0.6527955078125 0.64590791015625 0.63776240234375 0.64465986328125 0.62975849609375 0.640085546875 0.62022294921875 0.634634375 0.60644306640625 0.60582138671875 0.58719140625 0.5908501953125 0.5838908203125 0.58828193359375 0.577630078125 0.57450205078125 0.577630078125 0.55696259765625 0.5838908203125 0.53566357421875 0.5751236328125 0.52188369140625 0.5751236328125 0.51186337890625 0.578878125 0.5068505859375 0.58639716796875 0.5055974609375 0.58639716796875 0.4842984375 0.597670703125 0.474278125 0.6177166015625 0.4655109375 0.622729296875 0.42917880859375 0.64026875 0.41915849609375 0.6452763671875 0.39785947265625 0.67284130859375 0.3740541015625 0.6878744140625 0.37656044921875 0.69413515625 0.37155283203125 0.701654296875 0.37155283203125 0.720446875 0.3815732421875 0.73046728515625 0.369046484375 0.75080185546875 0.36331171875 0.7680525390625 0.369046484375 0.77306015625 0.37656044921875 0.77306015625 0.39660625 0.78934638671875 0.39660625 0.8031314453125 0.40787978515625 0.815658203125 0.40787978515625 0.82538974609375 0.411340234375 0.82538974609375 0.4321029296875
0 0.16356787109375 0.37287822265625 0.167348046875 0.37741650390625 0.16885908203125 0.388751953125 0.1794416015625 0.39479609375 0.1817107421875 0.40537861328125 0.19606826171875 0.40991171875 0.20060654296875 0.41369189453125 0.20135947265625 0.4325876953125 0.21194189453125 0.44392314453125 0.2127 0.47415947265625 0.22176630859375 0.48020361328125 0.22705751953125 0.48700595703125 0.22327734375 0.5202591796875 0.2285685546875 0.53311083984375 0.2285685546875 0.540666015625 0.22101337890625 0.54671533203125 0.20967275390625 0.5459572265625 0.197579296875 0.5550287109375 0.18851298828125 0.55351767578125 0.167348046875 0.54142412109375 0.1582818359375 0.5270615234375 0.15979287109375 0.50363251953125 0.15752373046875 0.4907861328125 0.14240810546875 0.48096171875 0.1257814453125 0.465841015625 0.12956162109375 0.4325876953125 0.13333671875 0.4220052734375 0.13409482421875 0.4015984375 0.14618828125 0.38421884765625 0.16025185546875 0.3698509765625 0.16356787109375 0.37287822265625
0 0.9375060546875 0.46332431640625 0.90222607421875 0.46049814453125 0.87984921875 0.44116923828125 0.85788486328125 0.45452109375 0.84389873046875 0.45353603515625 0.82538974609375 0.4321029296875 0.82538974609375 0.411340234375 0.82538974609375 0.39687451171875 0.8252814453125 0.3965546875 0.82016552734375 0.3812173828125 0.822775 0.37468837890625 0.864532421875 0.349898046875 0.89062763671875 0.329021875 0.9036751953125 0.3316314453125 0.91570166015625 0.34655615234375 0.907589453125 0.349898046875 0.8971513671875 0.37468837890625 0.8971513671875 0.3890458984375 0.91411328125 0.39817919921875 0.92324658203125 0.4099220703125 0.92716083984375 0.4360171875 0.9610845703125 0.4399314453125 0.96489052734375 0.46123564453125 0.9375060546875 0.46332431640625
0 0.99240390625 0.5116931640625 0.985875 0.4960361328125 0.96760830078125 0.47646474609375 0.9610845703125 0.4399314453125 0.92716083984375 0.4360171875 0.92324658203125 0.4099220703125 0.91411328125 0.39817919921875 0.8971513671875 0.3890458984375 0.8971513671875 0.37468837890625 0.907589453125 0.349898046875 0.91570166015625 0.34655615234375 0.9297703125 0.34076474609375 0.94096650390625 0.30412314453125 0.94412265625 0.29379345703125 0.94934169921875 0.28726962890625 0.971089453125 0.2766046875 0.9963181640625 0.278136328125 0.9990234375 0.27993984375 0.9990234375 0.51122041015625 0.99240390625 0.5116931640625
0 0.9297703125 0.34076474609375 0.91570166015625 0.34655615234375 0.9036751953125 0.3316314453125 0.89062763671875 0.329021875 0.864532421875 0.349898046875 0.822775 0.37468837890625 0.82016552734375 0.3812173828125 0.8252814453125 0.3965546875 0.82442529296875 0.39660625 0.8018783203125 0.39284677734375 0.7956123046875 0.3828263671875 0.7956123046875 0.36152734375 0.78433876953125 0.34900068359375 0.7768197265625 0.33271435546875 0.77932607421875 0.30390146484375 0.78934638671875 0.29137470703125 0.80688583984375 0.28260244140625 0.81064541015625 0.263809765625 0.82066572265625 0.25629580078125 0.84071162109375 0.25629580078125 0.84321796875 0.23499677734375 0.83820517578125 0.2324904296875 0.835698828125 0.2237232421875 0.83002080078125 0.19507529296875 0.83060869140625 0.19462666015625 0.8302787109375 0.1843123046875 0.83695205078125 0.17611767578125 0.8469775390625 0.17611767578125 0.86201064453125 0.19615830078125 0.8870640625 0.20242421875 0.89708955078125 0.209943359375 0.895836328125 0.2237232421875 0.91212255859375 0.24376396484375 0.91212255859375 0.27633642578125 0.905856640625 0.28134921875 0.90710986328125 0.2938759765625 0.93466962890625 0.30014189453125 0.94096650390625 0.30412314453125 0.9297703125 0.34076474609375
0 0.30949453125 0.01078466796875 0.3465486328125 0.02313603515625 0.37991533203125 0.04198544921875 0.3959541015625 0.0611390625 0.40070380859375 0.0782453125 0.4140041015625 0.09344345703125 0.4273095703125 0.09819833984375 0.45676201171875 0.10009609375 0.45918583984375 0.103737109375 0.457406640625 0.139733984375 0.4453080078125 0.1881234375 0.42262685546875 0.2153376953125 0.42262685546875 0.22289814453125 0.44228583984375 0.2365078125 0.48876728515625 0.23387763671875 0.49671953125 0.23953505859375 0.49520849609375 0.2531396484375 0.4695001953125 0.29850703125 0.4679890625 0.3181609375 0.4558904296875 0.33782001953125 0.37726455078125 0.3725998046875 0.3465486328125 0.391784375 0.3183802734375 0.39306845703125 0.29998984375 0.38418271484375 0.29238828125 0.367081640625 0.271486328125 0.367081640625 0.2619869140625 0.35378134765625 0.2372841796875 0.3585310546875 0.215428125 0.34712861328125 0.197378125 0.349031640625 0.18217490234375 0.33762919921875 0.190725390625 0.31577314453125 0.1812259765625 0.28917265625 0.1565232421875 0.28157099609375 0.137519140625 0.26541875 0.1185150390625 0.2597201171875 0.11756611328125 0.251164453125 0.11814375 0.250246484375 0.1289685546875 0.233114453125 0.119469140625 0.2141103515625 0.119469140625 0.20270791015625 0.12801962890625 0.191310546875 0.15177353515625 0.187509765625 0.15081943359375 0.1751583984375 0.14512080078125 0.16945458984375 0.1470185546875 0.1542513671875 0.15177353515625 0.14570078125 0.16602265625 0.14285400390625 0.162221875 0.12290107421875 0.17742509765625 0.1048458984375 0.1783740234375 0.08869365234375 0.190725390625 0.0611390625 0.207831640625 0.049741796875 0.20878056640625 0.0278857421875 0.2201830078125 0.022187109375 0.22011083984375 0.0213568359375 0.218280078125 0.00033115234375 0.21883203125 0 0.2484798828125 0 0.253436328125 0.00128515625 0.25600673828125 0 0.300867578125 0 0.30949453125 0.01078466796875
0 0.80842265625 0.00151728515625 0.814946484375 0.0106505859375 0.814946484375 0.01456484375 0.80837626953125 0.02025830078125 0.79537509765625 0.03152666015625 0.79537509765625 0.04587900390625 0.80189892578125 0.05371279296875 0.800594140625 0.06284609375 0.78276591796875 0.07640419921875 0.77319423828125 0.08372216796875 0.77710849609375 0.1032935546875 0.8096552734375 0.12981162109375 0.81233701171875 0.1319982421875 0.81233701171875 0.13721728515625 0.79537509765625 0.142436328125 0.78754658203125 0.15156962890625 0.81755595703125 0.1528744140625 0.82988671875 0.17192490234375 0.8302787109375 0.1843123046875 0.83060869140625 0.19462666015625 0.83002080078125 0.19507529296875 0.80581318359375 0.21289326171875 0.78363232421875 0.20506474609375 0.7744990234375 0.22594599609375 0.75623232421875 0.2455173828125 0.75231806640625 0.2598697265625 0.743184765625 0.2716125 0.700127734375 0.2533458984375 0.6883849609375 0.25465068359375 0.6675087890625 0.249431640625 0.657065625 0.24029833984375 0.6544560546875 0.22986025390625 0.64271328125 0.214198046875 0.629665625 0.20506474609375 0.61531328125 0.2037599609375 0.61531328125 0.18418857421875 0.60226572265625 0.1607029296875 0.62314189453125 0.12938876953125 0.6244466796875 0.12156015625 0.60429765625 0.07918388671875 0.62538525390625 0.07918388671875 0.65520380859375 0.09409326171875 0.66208349609375 0.11129228515625 0.6689630859375 0.11588212890625 0.70107666015625 0.11702705078125 0.717130859375 0.1067076171875 0.73662490234375 0.08032880859375 0.73776982421875 0.070009375 0.732040234375 0.05853984375 0.74235966796875 0.05625009765625 0.7435044921875 0.05051533203125 0.73662490234375 0.04478056640625 0.73662490234375 0.0379009765625 0.76988330078125 0.01037724609375 0.79511728515625 0.00234755859375 0.7991671875 0 0.80659033203125 0 0.80842265625 0.00151728515625
0 0.19388671875 0.00252802734375 0.19247373046875 0.00745830078125 0.19746064453125 0.01588505859375 0.22011083984375 0.0213568359375 0.2201830078125 0.022187109375 0.20878056640625 0.0278857421875 0.207831640625 0.049741796875 0.190725390625 0.0611390625 0.1783740234375 0.08869365234375 0.17742509765625 0.1048458984375 0.162221875 0.12290107421875 0.16602265625 0.14285400390625 0.15177353515625 0.14570078125 0.1470185546875 0.1542513671875 0.14512080078125 0.16945458984375 0.15081943359375 0.1751583984375 0.15177353515625 0.187509765625 0.12801962890625 0.191310546875 0.119469140625 0.20270791015625 0.119469140625 0.2141103515625 0.1289685546875 0.233114453125 0.11814375 0.250246484375 0.10368310546875 0.248462109375 0.0846583984375 0.2400095703125 0.06844951171875 0.2280294921875 0.06140478515625 0.2308453125 0.04801171875 0.2301439453125 0.04167353515625 0.22450712890625 0.03250927734375 0.22309404296875 0.0198279296875 0.21534287109375 0.0212357421875 0.20195498046875 0.01700693359375 0.19208935546875 0.0057333984375 0.1913828125 0.000798046875 0.1808158203125 0 0.18070146484375 0 0.07501259765625 0.000798046875 0.075109765625 0.0043203125 0.0701794921875 0.0043203125 0.06595068359375 0.0113701171875 0.061015234375 0.0113701171875 0.05890087890625 0.0043203125 0.0532640625 0.0036189453125 0.04833388671875 0.0134845703125 0.04692080078125 0.0155990234375 0.03916962890625 0.0240515625 0.035647265625 0.0240515625 0.03282626953125 0.01489248046875 0.02507509765625 0.01459853515625 0.01731875 0.0212357421875 0.01732392578125 0.0233501953125 0.00745830078125 0.03250927734375 0.006050390625 0.03432529296875 0 0.19781865234375 0 0.19388671875 0.00252802734375
0 0.86506875 0.0149619140625 0.87299013671875 0.0240591796875 0.88226787109375 0.0149619140625 0.9074966796875 0.01152216796875 0.9127353515625 0 0.92363193359375 0 0.9434419921875 0.0019814453125 0.95220908203125 0.025781640625 0.95095595703125 0.03330078125 0.93466962890625 0.0395615234375 0.93842919921875 0.05083505859375 0.95471552734375 0.0571009765625 0.95095595703125 0.0909267578125 0.94594833984375 0.095939453125 0.92840888671875 0.0909267578125 0.9259025390625 0.10220029296875 0.940935546875 0.104706640625 0.9472015625 0.11222578125 0.94218876953125 0.131018359375 0.96348779296875 0.1673453125 0.96348779296875 0.1811251953125 0.95596865234375 0.184884765625 0.940935546875 0.184884765625 0.93341650390625 0.17361123046875 0.91337578125 0.1711048828125 0.9096162109375 0.1673453125 0.9083630859375 0.1535654296875 0.87704365234375 0.14729951171875 0.869524609375 0.129765234375 0.85323828125 0.12475244140625 0.8469775390625 0.11723330078125 0.83820517578125 0.11723330078125 0.81816455078125 0.12851201171875 0.8096552734375 0.12981162109375 0.77710849609375 0.1032935546875 0.77319423828125 0.08372216796875 0.78276591796875 0.07640419921875 0.80563271484375 0.069627734375 0.82317216796875 0.04582744140625 0.8219189453125 0.03330078125 0.80837626953125 0.02025830078125 0.814946484375 0.01456484375 0.814946484375 0.0106505859375 0.80842265625 0.00151728515625 0.80659033203125 0 0.860635546875 0 0.86506875 0.0149619140625