0 0.9733048828125 0.99405859375 0.97415068359375 0.98875712890625 0.986244140625 0.99177919921875 0.99783310546875 0.9990234375 0.9736248046875 0.9990234375 0.9733048828125 0.99405859375
0 0.4168384765625 0.99690537109375 0.4168384765625 0.98933984375 0.42053095703125 0.99405859375 0.420200390625 0.9990234375 0.41387353515625 0.9990234375 0.4168384765625 0.99690537109375
0 0.3936416015625 0.99892177734375 0.39387001953125 0.9990234375 0.3936076171875 0.9990234375 0.3936416015625 0.99892177734375
0 0.31799658203125 0.98682314453125 0.3311060546875 0.99186171875 0.33614970703125 0.9727029296875 0.339176953125 0.99186171875 0.34373291015625 0.9990234375 0.3266109375 0.9990234375 0.31799658203125 0.98682314453125
0 0.59132529296875 0.98883955078125 0.6265951171875 0.9964 0.62715078125 0.9990234375 0.5836875 0.9990234375 0.59132529296875 0.98883955078125
0 0.52762421875 0.9951416015625 0.53195107421875 0.99838544921875 0.54060478515625 0.996224609375 0.54620244140625 0.9990234375 0.51452373046875 0.9990234375 0.52762421875 0.9951416015625
0 0.90668486328125 0.99493017578125 0.9082578125 0.97996416015625 0.90575654296875 0.97598798828125 0.91771083984375 0.966576171875 0.92243994140625 0.96972724609375 0.924801953125 0.98390419921875 0.9271638671875 0.9862662109375 0.94055703125 0.98311513671875 0.94607001953125 0.9705111328125 0.96261416015625 0.974451171875 0.971278125 0.98075322265625 0.97364013671875 0.988628125 0.97415068359375 0.98875712890625 0.9733048828125 0.99405859375 0.9736248046875 0.9990234375 0.89626416015625 0.9990234375 0.90668486328125 0.99493017578125
0 0.7625375 0.9941462890625 0.77041240234375 0.96499814453125 0.768839453125 0.9618470703125 0.7617484375 0.95948515625 0.7625375 0.9311259765625 0.75859736328125 0.91537607421875 0.75840654296875 0.910590234375 0.768834375 0.91722744140625 0.7748888671875 0.9142001953125 0.7748888671875 0.8980634765625 0.7789216796875 0.88999775390625 0.80312939453125 0.90815087890625 0.80716220703125 0.86780654296875 0.8041349609375 0.86074638671875 0.7930419921875 0.855702734375 0.7930419921875 0.850658984375 0.79414560546875 0.8436607421875 0.81373759765625 0.83108759765625 0.8279146484375 0.827152734375 0.82983818359375 0.8275755859375 0.831065625 0.8373896484375 0.855484765625 0.865748828125 0.87517470703125 0.896469921875 0.8791302734375 0.89814599609375 0.87675283203125 0.91537607421875 0.89171884765625 0.9319150390625 0.89486982421875 0.95869609375 0.90575654296875 0.97598798828125 0.9082578125 0.97996416015625 0.90668486328125 0.99493017578125 0.89626416015625 0.9990234375 0.7625375 0.9990234375 0.7625375 0.9941462890625
0 0.1788103515625 0.99388330078125 0.17982109375 0.97370849609375 0.16771728515625 0.96463193359375 0.16771728515625 0.9616046875 0.1788103515625 0.952528125 0.1778046875 0.95051171875 0.17074453125 0.94546796875 0.163684375 0.95757177734375 0.14552607421875 0.96463193359375 0.1397345703125 0.97044404296875 0.13847109375 0.971697265625 0.13544384765625 0.96967568359375 0.117285546875 0.9434515625 0.124345703125 0.91521103515625 0.1092197265625 0.9071400390625 0.1051869140625 0.8960470703125 0.08904501953125 0.8889869140625 0.085012109375 0.88293759765625 0.075935546875 0.86680087890625 0.073919140625 0.855702734375 0.0705927734375 0.850710546875 0.061815234375 0.83754951171875 0.0678646484375 0.81939638671875 0.05576591796875 0.80628173828125 0.06282607421875 0.7709810546875 0.05804541015625 0.76397255859375 0.04769501953125 0.74879501953125 0.0466841796875 0.7387076171875 0.05475517578125 0.7276146484375 0.06383173828125 0.72458740234375 0.06383173828125 0.7205544921875 0.05677158203125 0.70743984375 0.0466841796875 0.69937412109375 0.0466841796875 0.691303125 0.05072744140625 0.68747138671875 0.06 0.67868876953125 0.06584814453125 0.67315 0.099132421875 0.67617724609375 0.11554755859375 0.67156162109375 0.11616640625 0.69249443359375 0.1162798828125 0.696346875 0.1253564453125 0.7044177734375 0.140482421875 0.7296310546875 0.16166279296875 0.7387076171875 0.17578310546875 0.72660380859375 0.21612744140625 0.73568037109375 0.22318759765625 0.71248359375 0.22924208984375 0.70845068359375 0.2373078125 0.72156015625 0.2504224609375 0.7286203125 0.251428125 0.74072412109375 0.2645427734375 0.74778427734375 0.27059208984375 0.7639208984375 0.28572314453125 0.75887724609375 0.3099255859375 0.75887724609375 0.30286552734375 0.775019140625 0.311947265625 0.7921615234375 0.3079091796875 0.809308984375 0.315980078125 0.82141279296875 0.332116796875 0.82847294921875 0.33383935546875 0.82847294921875 0.33816611328125 0.83754951171875 0.35228642578125 0.843598828125 0.37447763671875 0.8617572265625 0.39263076171875 0.86881728515625 0.4168384765625 0.87183935546875 0.4188548828125 0.88293759765625 0.42692578125 0.89301982421875 0.4279314453125 0.90007998046875 0.42389853515625 0.92630400390625 0.43297509765625 0.93034208984375 0.44003525390625 0.94849521484375 0.45103544921875 0.957757421875 0.44608974609375 0.9767357421875 0.43801884765625 0.9767357421875 0.40876748046875 0.95958828125 0.39767451171875 0.9585826171875 0.39767451171875 0.9656427734375 0.4107890625 0.975725 0.4168384765625 0.9858123046875 0.4168384765625 0.98933984375 0.4168384765625 0.99690537109375 0.41387353515625 0.9990234375 0.39387001953125 0.9990234375 0.3936416015625 0.99892177734375 0.3936076171875 0.9990234375 0.34373291015625 0.9990234375 0.339176953125 0.99186171875 0.33614970703125 0.9727029296875 0.3311060546875 0.99186171875 0.31799658203125 0.98682314453125 0.3266109375 0.9990234375 0.24219052734375 0.9990234375 0.24033505859375 0.99388330078125 0.23327490234375 0.9848015625 0.22823125 0.9848015625 0.2141109375 0.99186171875 0.21549775390625 0.9990234375 0.1736701171875 0.9990234375 0.1788103515625 0.99388330078125
0 0.98450625 0.70752236328125 0.9990234375 0.679453125 0.9990234375 0.715371875 0.98450625 0.70752236328125
0 0.986244140625 0.99177919921875 0.97415068359375 0.98875712890625 0.97364013671875 0.988628125 0.971278125 0.98075322265625 0.96261416015625 0.974451171875 0.94607001953125 0.9705111328125 0.94055703125 0.98311513671875 0.9271638671875 0.9862662109375 0.924801953125 0.98390419921875 0.92243994140625 0.96972724609375 0.91771083984375 0.966576171875 0.90575654296875 0.97598798828125 0.89486982421875 0.95869609375 0.89171884765625 0.9319150390625 0.87675283203125 0.91537607421875 0.8791302734375 0.89814599609375 0.901171875 0.9074958984375 0.9137759765625 0.9004099609375 0.93425498046875 0.89804287109375 0.94764296875 0.89016787109375 0.964187109375 0.8933189453125 0.9815150390625 0.8917408203125 0.9990234375 0.8804125 0.9990234375 0.9990234375 0.99783310546875 0.9990234375 0.986244140625 0.99177919921875
0 0.54997021484375 0.9979162109375 0.5408935546875 0.98984521484375 0.52576767578125 0.9676591796875 0.51870751953125 0.96967568359375 0.507609375 0.97976298828125 0.50156005859375 0.975725 0.4975271484375 0.9656427734375 0.4975271484375 0.9515224609375 0.50559296875 0.93134775390625 0.5045873046875 0.92428759765625 0.4955107421875 0.93336416015625 0.4884505859375 0.93538056640625 0.4803796875 0.93235849609375 0.4753359375 0.93639140625 0.46827578125 0.96463193359375 0.45919921875 0.96463193359375 0.45103544921875 0.957757421875 0.44003525390625 0.94849521484375 0.43297509765625 0.93034208984375 0.42389853515625 0.92630400390625 0.4279314453125 0.90007998046875 0.42692578125 0.89301982421875 0.4188548828125 0.88293759765625 0.4168384765625 0.87183935546875 0.39263076171875 0.86881728515625 0.37447763671875 0.8617572265625 0.35228642578125 0.843598828125 0.33816611328125 0.83754951171875 0.33383935546875 0.82847294921875 0.33514404296875 0.82847294921875 0.346237109375 0.81535830078125 0.35027001953125 0.807292578125 0.35228642578125 0.79014501953125 0.3633845703125 0.7780412109375 0.36563310546875 0.7730955078125 0.3845650390625 0.7709810546875 0.40776181640625 0.74475703125 0.42288779296875 0.73568037109375 0.43600234375 0.7205544921875 0.43600234375 0.70845068359375 0.42692578125 0.7054234375 0.4144970703125 0.70463955078125 0.40776181640625 0.70239619140625 0.39969091796875 0.69331962890625 0.40776181640625 0.6872703125 0.40863857421875 0.68371181640625 0.41034560546875 0.6857591796875 0.44343896484375 0.67472294921875 0.47811044921875 0.67945205078125 0.50017275390625 0.663691796875 0.5064748046875 0.64793671875 0.52696416015625 0.62902548828125 0.56163564453125 0.65896787109375 0.5679376953125 0.64005654296875 0.5852708984375 0.6416294921875 0.5931509765625 0.62744736328125 0.5970755859375 0.62509052734375 0.60891123046875 0.6179943359375 0.62152041015625 0.60065595703125 0.6225673828125 0.60056318359375 0.62864248046875 0.60456513671875 0.632675390625 0.6075923828125 0.6316697265625 0.6166689453125 0.63973544921875 0.62877275390625 0.64578994140625 0.62473466796875 0.6387298828125 0.61263603515625 0.6387298828125 0.6025486328125 0.641628125 0.5956123046875 0.64456259765625 0.59194560546875 0.67100322265625 0.578341015625 0.67591806640625 0.57772734375 0.67403046875 0.58842841796875 0.67806337890625 0.60658154296875 0.66898681640625 0.63381640625 0.6720140625 0.6398658203125 0.66697041015625 0.6580189453125 0.6679759765625 0.6650791015625 0.6891564453125 0.69331962890625 0.70227099609375 0.69937412109375 0.71134765625 0.73164755859375 0.72546787109375 0.7437513671875 0.72950078125 0.75383876953125 0.7513876953125 0.75471025390625 0.7537083984375 0.7598880859375 0.7607685546875 0.76291533203125 0.76681787109375 0.7760248046875 0.77287236328125 0.7800576171875 0.7678287109375 0.7941779296875 0.7789216796875 0.81334189453125 0.78295458984375 0.81334189453125 0.78799833984375 0.807292578125 0.81422236328125 0.81233623046875 0.81422236328125 0.81939638671875 0.79606923828125 0.8315001953125 0.79414560546875 0.8436607421875 0.7930419921875 0.850658984375 0.7930419921875 0.855702734375 0.8041349609375 0.86074638671875 0.80716220703125 0.86780654296875 0.80312939453125 0.90815087890625 0.7789216796875 0.88999775390625 0.7748888671875 0.8980634765625 0.7748888671875 0.9142001953125 0.768834375 0.91722744140625 0.75840654296875 0.910590234375 0.75774130859375 0.91016728515625 0.74362109375 0.88595966796875 0.7365609375 0.87688310546875 0.73353369140625 0.87688310546875 0.72647353515625 0.8819267578125 0.7214349609375 0.89504140625 0.72042421875 0.92529833984375 0.70933115234375 0.92529833984375 0.69722734375 0.89907431640625 0.69319443359375 0.89907431640625 0.69218369140625 0.9071400390625 0.70126025390625 0.9202546875 0.70662880859375 0.94257998046875 0.70126025390625 0.95353896484375 0.69722734375 0.95454453125 0.68713994140625 0.94950087890625 0.67806337890625 0.93941865234375 0.6750361328125 0.93034208984375 0.6720140625 0.93134775390625 0.66999248046875 0.94244072265625 0.66192666015625 0.94748447265625 0.65587216796875 0.97068125 0.6427626953125 0.97875224609375 0.641751953125 0.98682314453125 0.646983203125 0.9990234375 0.63884287109375 0.9990234375 0.6265951171875 0.9964 0.59132529296875 0.98883955078125 0.5836875 0.9990234375 0.550625 0.9990234375 0.54997021484375 0.9979162109375
0 0.9815150390625 0.8917408203125 0.964187109375 0.8933189453125 0.94764296875 0.89016787109375 0.93425498046875 0.89804287109375 0.9137759765625 0.9004099609375 0.901171875 0.9074958984375 0.8791302734375 0.89814599609375 0.87517470703125 0.896469921875 0.855484765625 0.865748828125 0.831065625 0.8373896484375 0.82983818359375 0.8275755859375 0.82949267578125 0.82479072265625 0.83657861328125 0.80352265625 0.83736767578125 0.786978515625 0.823190625 0.76649951171875 0.81521259765625 0.74733037109375 0.826326171875 0.737696875 0.83439716796875 0.7346748046875 0.84447939453125 0.73568037109375 0.85255029296875 0.72458740234375 0.85255029296875 0.71551083984375 0.847506640625 0.70845068359375 0.8485173828125 0.70139052734375 0.86162685546875 0.7054234375 0.8717142578125 0.70340703125 0.87776357421875 0.68928671875 0.90096044921875 0.6741556640625 0.9110478515625 0.68021015625 0.91911875 0.691303125 0.9281953125 0.69029755859375 0.94634853515625 0.67213916015625 0.9527330078125 0.668384765625 0.9681271484375 0.67669814453125 0.97442919921875 0.69718232421875 0.9799421875 0.7050572265625 0.98450625 0.70752236328125 0.9990234375 0.715371875 0.9990234375 0.8804125 0.9815150390625 0.8917408203125
0 0.38153779296875 0.63583291015625 0.38153779296875 0.6580189453125 0.40287802734375 0.67214951171875 0.4024654296875 0.6763009765625 0.40863857421875 0.68371181640625 0.40776181640625 0.6872703125 0.39969091796875 0.69331962890625 0.40776181640625 0.70239619140625 0.4144970703125 0.70463955078125 0.4168384765625 0.7054234375 0.41784921875 0.70945634765625 0.40675107421875 0.73063671875 0.38960869140625 0.7437513671875 0.38557060546875 0.75686083984375 0.3684283203125 0.76694814453125 0.36563310546875 0.7730955078125 0.3633845703125 0.7780412109375 0.35228642578125 0.79014501953125 0.35027001953125 0.807292578125 0.346237109375 0.81535830078125 0.33514404296875 0.82847294921875 0.33383935546875 0.82847294921875 0.332116796875 0.82847294921875 0.315980078125 0.82141279296875 0.3079091796875 0.809308984375 0.311947265625 0.7921615234375 0.30286552734375 0.775019140625 0.3099255859375 0.75887724609375 0.28572314453125 0.75887724609375 0.27059208984375 0.7639208984375 0.2645427734375 0.74778427734375 0.251428125 0.74072412109375 0.2504224609375 0.7286203125 0.2373078125 0.72156015625 0.22924208984375 0.70845068359375 0.22318759765625 0.71248359375 0.21612744140625 0.73568037109375 0.17578310546875 0.72660380859375 0.16166279296875 0.7387076171875 0.140482421875 0.7296310546875 0.1253564453125 0.7044177734375 0.1162798828125 0.696346875 0.11616640625 0.69249443359375 0.11554755859375 0.67156162109375 0.115269140625 0.66205693359375 0.14552607421875 0.6418822265625 0.1374603515625 0.62473466796875 0.14452041015625 0.59952138671875 0.15964638671875 0.5934720703125 0.162075390625 0.59361650390625 0.17679384765625 0.594477734375 0.18587041015625 0.57229169921875 0.19999072265625 0.569264453125 0.226116796875 0.55752158203125 0.251175390625 0.57071357421875 0.29687802734375 0.57071357421875 0.3173673828125 0.586473828125 0.35361181640625 0.588051953125 0.374101171875 0.61956728515625 0.38537470703125 0.62106796875 0.38153779296875 0.63583291015625
0 0.86162685546875 0.43713837890625 0.881796484375 0.4593294921875 0.92283193359375 0.47432138671875 0.9292009765625 0.48353203125 0.92315166015625 0.49765224609375 0.9221408203125 0.50875048828125 0.9110478515625 0.5168162109375 0.89894404296875 0.536991015625 0.90096044921875 0.54909482421875 0.9130642578125 0.55917705078125 0.9221408203125 0.56119345703125 0.9292009765625 0.57531376953125 0.9362611328125 0.5773353515625 0.94029912109375 0.569264453125 0.95340859375 0.59044482421875 0.95340859375 0.610614453125 0.96551240234375 0.6237291015625 0.96651806640625 0.63078916015625 0.96248525390625 0.63583291015625 0.96349599609375 0.66205693359375 0.9527330078125 0.668384765625 0.94634853515625 0.67213916015625 0.9281953125 0.69029755859375 0.91911875 0.691303125 0.9110478515625 0.68021015625 0.90096044921875 0.6741556640625 0.87776357421875 0.68928671875 0.8717142578125 0.70340703125 0.86162685546875 0.7054234375 0.8485173828125 0.70139052734375 0.847506640625 0.70845068359375 0.85255029296875 0.71551083984375 0.85255029296875 0.72458740234375 0.84447939453125 0.73568037109375 0.83439716796875 0.7346748046875 0.826326171875 0.737696875 0.81521259765625 0.74733037109375 0.8111951171875 0.7508115234375 0.8021185546875 0.7508115234375 0.792036328125 0.7457677734375 0.77993251953125 0.74879501953125 0.76480146484375 0.7457677734375 0.7547140625 0.7548443359375 0.7513876953125 0.75471025390625 0.72950078125 0.75383876953125 0.72546787109375 0.7437513671875 0.71134765625 0.73164755859375 0.70227099609375 0.69937412109375 0.6891564453125 0.69331962890625 0.6679759765625 0.6650791015625 0.66697041015625 0.6580189453125 0.6720140625 0.6398658203125 0.66898681640625 0.63381640625 0.67806337890625 0.60658154296875 0.67403046875 0.58842841796875 0.67591806640625 0.57772734375 0.67705263671875 0.571280859375 0.68713994140625 0.56119345703125 0.69420009765625 0.56119345703125 0.70327666015625 0.56623720703125 0.71739697265625 0.5541333984375 0.71739697265625 0.55010048828125 0.69621650390625 0.546067578125 0.69319443359375 0.536991015625 0.68310712890625 0.548083984375 0.6730197265625 0.54505673828125 0.6679759765625 0.55917705078125 0.66192666015625 0.56321513671875 0.6558669921875 0.56423623046875 0.66091591796875 0.54234931640625 0.65934296875 0.5391982421875 0.6282814453125 0.54201923828125 0.618555078125 0.53396376953125 0.61452216796875 0.522870703125 0.618555078125 0.51883271484375 0.625615234375 0.51883271484375 0.6266259765625 0.506733984375 0.6387298828125 0.5057232421875 0.64679560546875 0.49563583984375 0.63671337890625 0.4593294921875 0.63665146484375 0.44022744140625 0.65934296875 0.438334765625 0.66307158203125 0.44206337890625 0.6814052734375 0.46040224609375 0.6971654296875 0.465126171875 0.7160767578125 0.44621494140625 0.73340986328125 0.45882412109375 0.744441015625 0.45882412109375 0.75389404296875 0.4525220703125 0.77280537109375 0.41942353515625 0.7735015625 0.41526171875 0.7859818359375 0.41595791015625 0.784976171875 0.3947775390625 0.79619814453125 0.37874912109375 0.81535693359375 0.380028125 0.81591396484375 0.3803994140625 0.82481513671875 0.386330078125 0.8380638671875 0.38500986328125 0.840446484375 0.39074462890625 0.838430078125 0.41293583984375 0.8605490234375 0.43101162109375 0.86162685546875 0.43713837890625
0 0.53011513671875 0.31699228515625 0.54744833984375 0.3280234375 0.55690654296875 0.3485076171875 0.58211982421875 0.36426787109375 0.58211982421875 0.38948115234375 0.6104892578125 0.4351837890625 0.6112525390625 0.43562216796875 0.60733828125 0.4446419921875 0.5852708984375 0.45094404296875 0.58684892578125 0.45882412109375 0.61364033203125 0.4682771484375 0.62624951171875 0.4793134765625 0.623093359375 0.49349560546875 0.61206220703125 0.50294873046875 0.60891123046875 0.5313181640625 0.62067978515625 0.5395541015625 0.624671484375 0.54234931640625 0.6282814453125 0.54201923828125 0.65934296875 0.5391982421875 0.66091591796875 0.54234931640625 0.6558669921875 0.56423623046875 0.65146279296875 0.5833228515625 0.64456259765625 0.59194560546875 0.641628125 0.5956123046875 0.63885361328125 0.59908310546875 0.6225673828125 0.60056318359375 0.62152041015625 0.60065595703125 0.60891123046875 0.6179943359375 0.5970755859375 0.62509052734375 0.5931509765625 0.62744736328125 0.5852708984375 0.6416294921875 0.5679376953125 0.64005654296875 0.56163564453125 0.65896787109375 0.52696416015625 0.62902548828125 0.5064748046875 0.64793671875 0.50017275390625 0.663691796875 0.47811044921875 0.67945205078125 0.44343896484375 0.67472294921875 0.41034560546875 0.6857591796875 0.40863857421875 0.68371181640625 0.4024654296875 0.6763009765625 0.40287802734375 0.67214951171875 0.40561650390625 0.64478056640625 0.397736328125 0.62271826171875 0.38537470703125 0.62106796875 0.374101171875 0.61956728515625 0.35361181640625 0.588051953125 0.3173673828125 0.586473828125 0.29687802734375 0.57071357421875 0.251175390625 0.57071357421875 0.226116796875 0.55752158203125 0.2212330078125 0.5549533203125 0.19444677734375 0.5549533203125 0.18971767578125 0.55022939453125 0.175535546875 0.51240693359375 0.178624609375 0.5096271484375 0.20705087890625 0.48403740234375 0.21808203125 0.466704296875 0.21493095703125 0.44621494140625 0.225962109375 0.42730361328125 0.27324287109375 0.39736123046875 0.295305078125 0.37214794921875 0.295305078125 0.34220556640625 0.29657373046875 0.339472265625 0.30962646484375 0.3113142578125 0.329971484375 0.2965029296875 0.3520388671875 0.2980810546875 0.36622099609375 0.2886228515625 0.374101171875 0.29020087890625 0.38198125 0.30281015625 0.38198125 0.32487236328125 0.43555888671875 0.30123203125 0.48283955078125 0.30123203125 0.503323828125 0.31699228515625 0.5159330078125 0.31699228515625 0.52717041015625 0.31371748046875 0.53011513671875 0.31699228515625
0 0.9987966796875 0.56523154296875 0.9917365234375 0.553127734375 0.97761630859375 0.54909482421875 0.96752890625 0.55211689453125 0.96046875 0.564220703125 0.9433212890625 0.56321513671875 0.94029912109375 0.569264453125 0.9362611328125 0.5773353515625 0.9292009765625 0.57531376953125 0.9221408203125 0.56119345703125 0.9130642578125 0.55917705078125 0.90096044921875 0.54909482421875 0.89894404296875 0.536991015625 0.9110478515625 0.5168162109375 0.9221408203125 0.50875048828125 0.92315166015625 0.49765224609375 0.9292009765625 0.48353203125 0.92283193359375 0.47432138671875 0.881796484375 0.4593294921875 0.86162685546875 0.43713837890625 0.8605490234375 0.43101162109375 0.858599609375 0.41999599609375 0.86099775390625 0.3683419921875 0.8705126953125 0.37214794921875 0.891001953125 0.35323671875 0.89305966796875 0.35414951171875 0.89390029296875 0.3554439453125 0.9060041015625 0.3695642578125 0.9221408203125 0.37561357421875 0.9312173828125 0.3857009765625 0.95038134765625 0.38872822265625 0.96046875 0.3857009765625 0.97761630859375 0.354433203125 0.99677509765625 0.3393072265625 0.9990234375 0.3391029296875 0.9990234375 0.56659267578125 0.9987966796875 0.56523154296875
0 0.99573330078125 0.27089765625 0.9990234375 0.26807763671875 0.9990234375 0.27565185546875 0.99573330078125 0.27089765625
0 0.99573330078125 0.27089765625 0.99343837890625 0.2728677734375 0.99343837890625 0.32172138671875 0.971376171875 0.33905458984375 0.95718876953125 0.34535654296875 0.9477357421875 0.33747646484375 0.93355361328125 0.33747646484375 0.91936630859375 0.3563876953125 0.9051841796875 0.35953876953125 0.89305966796875 0.35414951171875 0.891001953125 0.35323671875 0.8705126953125 0.37214794921875 0.86099775390625 0.3683419921875 0.85475751953125 0.3658458984375 0.84057021484375 0.3847572265625 0.8380638671875 0.38500986328125 0.82481513671875 0.386330078125 0.81591396484375 0.3803994140625 0.81535693359375 0.380028125 0.79619814453125 0.37874912109375 0.7917166015625 0.37845 0.789968359375 0.38089453125 0.7759615234375 0.4005173828125 0.7735015625 0.41526171875 0.77280537109375 0.41942353515625 0.75389404296875 0.4525220703125 0.744441015625 0.45882412109375 0.73340986328125 0.45882412109375 0.7160767578125 0.44621494140625 0.6971654296875 0.465126171875 0.6814052734375 0.46040224609375 0.66307158203125 0.44206337890625 0.65934296875 0.438334765625 0.63665146484375 0.44022744140625 0.62152041015625 0.44149091796875 0.6112525390625 0.43562216796875 0.6104892578125 0.4351837890625 0.58211982421875 0.38948115234375 0.58211982421875 0.36426787109375 0.55690654296875 0.3485076171875 0.54744833984375 0.3280234375 0.53011513671875 0.31699228515625 0.52717041015625 0.31371748046875 0.50175087890625 0.28547177734375 0.47811044921875 0.2366181640625 0.47811044921875 0.22085791015625 0.50175087890625 0.19879560546875 0.50175087890625 0.1767333984375 0.49229267578125 0.14363994140625 0.50175087890625 0.0995154296875 0.4992083984375 0.07701474609375 0.50357646484375 0.06597841796875 0.51466953125 0.04883095703125 0.51971318359375 0.04782529296875 0.5227404296875 0.05286904296875 0.5217296875 0.0690056640625 0.5277841796875 0.077071484375 0.5529974609375 0.070011328125 0.5711505859375 0.079087890625 0.58325439453125 0.067994921875 0.59939111328125 0.06597841796875 0.600401953125 0.05084736328125 0.611494921875 0.03975439453125 0.61956591796875 0.0226068359375 0.6197669921875 0.02191064453125 0.6246095703125 0.0205904296875 0.641751953125 0.0044537109375 0.64418271484375 0 0.8890546875 0 0.88769111328125 0.0020453125 0.875241796875 0.0207193359375 0.875241796875 0.03017236328125 0.8862728515625 0.03963056640625 0.88154375 0.0632658203125 0.88942392578125 0.10423935546875 0.9146423828125 0.1152755859375 0.96349599609375 0.11211943359375 0.969798046875 0.1247287109375 0.969798046875 0.14131923828125 0.969798046875 0.14679091796875 0.9812056640625 0.1767849609375 0.9990234375 0.19907119140625 0.9990234375 0.26807763671875 0.99573330078125 0.27089765625
0 0.32181796875 0.184195703125 0.32108564453125 0.17024052734375 0.3240201171875 0.15335087890625 0.3201728515625 0.1483380859375 0.31260732421875 0.13849306640625 0.31520654296875 0.1371935546875 0.32622734375 0.12397060546875 0.31888359375 0.1129548828125 0.31888359375 0.1056111328125 0.32622734375 0.0982673828125 0.345319140625 0.08945380859375 0.3511982421875 0.07770068359375 0.3511982421875 0.0747662109375 0.3409509765625 0.07066630859375 0.35193056640625 0.069624609375 0.364416015625 0.0710943359375 0.3893869140625 0.08945380859375 0.3879171875 0.1019392578125 0.39011923828125 0.10414130859375 0.4070140625 0.11222255859375 0.40774638671875 0.13131435546875 0.4209693359375 0.13939560546875 0.41215576171875 0.15261337890625 0.4239037109375 0.16069462890625 0.4283130859375 0.16656865234375 0.41949951171875 0.1753822265625 0.4106859375 0.1753822265625 0.40481201171875 0.17171025390625 0.39820048828125 0.17171025390625 0.39085673828125 0.17758427734375 0.38351298828125 0.1790541015625 0.376169140625 0.19153955078125 0.349728515625 0.20475732421875 0.33283369140625 0.19594375 0.32735673828125 0.190157421875 0.32181796875 0.184195703125
0 0.3511982421875 0.0747662109375 0.3511982421875 0.07770068359375 0.345319140625 0.08945380859375 0.32622734375 0.0982673828125 0.31888359375 0.1056111328125 0.31888359375 0.1129548828125 0.32622734375 0.12397060546875 0.31520654296875 0.1371935546875 0.31260732421875 0.13849306640625 0.30933251953125 0.1401279296875 0.30262314453125 0.1401279296875 0.28656376953125 0.1401279296875 0.271876171875 0.14894150390625 0.2569720703125 0.14013828125 0.25571884765625 0.13939560546875 0.2439708984375 0.1371935546875 0.237359375 0.1291123046875 0.23662705078125 0.1247080078125 0.22340419921875 0.1129548828125 0.221934375 0.0975298828125 0.230015625 0.09238818359375 0.2241416015625 0.084312109375 0.22707607421875 0.06007353515625 0.221934375 0.04685576171875 0.2336875 0.0387796875 0.24176357421875 0.0387796875 0.2476427734375 0.0417140625 0.26380009765625 0.0417140625 0.2704064453125 0.04905791015625 0.2821595703125 0.05272978515625 0.2895033203125 0.069624609375 0.2975845703125 0.0747662109375 0.30419091796875 0.073296484375 0.30933251953125 0.06374541015625 0.31447421875 0.0593412109375 0.34464873046875 0.05492666015625 0.3438544921875 0.061543359375 0.34017744140625 0.0703568359375 0.3409509765625 0.07066630859375 0.3511982421875 0.0747662109375
0 0.99387158203125 0.12307841796875 0.97010234375 0.14114384765625 0.969798046875 0.14131923828125 0.969798046875 0.1247287109375 0.96349599609375 0.11211943359375 0.9146423828125 0.1152755859375 0.88942392578125 0.10423935546875 0.88154375 0.0632658203125 0.8862728515625 0.03963056640625 0.875241796875 0.03017236328125 0.875241796875 0.0207193359375 0.88769111328125 0.0020453125 0.8905248046875 0 0.9990234375 0 0.9990234375 0.112124609375 0.99387158203125 0.12307841796875
0 0.59636904296875 0.00949736328125 0.61351142578125 0.02361767578125 0.6197669921875 0.02191064453125 0.61956591796875 0.0226068359375 0.611494921875 0.03975439453125 0.600401953125 0.05084736328125 0.59939111328125 0.06597841796875 0.58325439453125 0.067994921875 0.5711505859375 0.079087890625 0.5529974609375 0.070011328125 0.5277841796875 0.077071484375 0.5217296875 0.0690056640625 0.5227404296875 0.05286904296875 0.51971318359375 0.04782529296875 0.51466953125 0.04883095703125 0.50357646484375 0.06597841796875 0.4992083984375 0.07701474609375 0.4844125 0.11438857421875 0.47029228515625 0.13456337890625 0.4571828125 0.1315361328125 0.4430625 0.11943232421875 0.40675107421875 0.107328515625 0.41381123046875 0.0690056640625 0.41381123046875 0.0367271484375 0.4047345703125 0.026644921875 0.39868525390625 0.02563408203125 0.39061435546875 0.0276505859375 0.380526953125 0.03975439453125 0.37447763671875 0.03975439453125 0.35632451171875 0.03471064453125 0.34018779296875 0.0205904296875 0.330100390625 0.01655751953125 0.323040234375 0.00949736328125 0.32001298828125 0.00042080078125 0.320049609375 0 0.590521875 0 0.59636904296875 0.00949736328125
0 0.88769111328125 0.0020453125 0.8890546875 0 0.8905248046875 0 0.88769111328125 0.0020453125
0 0.641751953125 0.0044537109375 0.6246095703125 0.0205904296875 0.6197669921875 0.02191064453125 0.61351142578125 0.02361767578125 0.59636904296875 0.00949736328125 0.590521875 0 0.64418271484375 0 0.641751953125 0.0044537109375
0 0.02462705078125 0.99266103515625 0.035735546875 0.9830326171875 0.04536396484375 0.9808099609375 0.062398046875 0.9815525390625 0.077946875 0.98673544921875 0.0860951171875 0.99266103515625 0.08991435546875 0.9990234375 0.00967373046875 0.9990234375 0.02462705078125 0.99266103515625
0 0.01116181640625 0.88317998046875 0.0178505859375 0.8881978515625 0.0161796875 0.89488154296875 0.001136328125 0.90741337890625 0.001136328125 0.91243134765625 0.0094908203125 0.9291404296875 0.01116181640625 0.95337392578125 0.0061490234375 0.96005751953125 0.01116181640625 0.9675818359375 0 0.979859765625 0 0.8798970703125 0.01116181640625 0.88317998046875
0 0.001136328125 0.84390830078125 0 0.84902158203125 0 0.8425447265625 0.001136328125 0.84390830078125
0 0.13149345703125 0.976771875 0.106424609375 0.97760732421875 0.09221669921875 0.969252734375 0.073001171875 0.97008818359375 0.06547685546875 0.96674638671875 0.0604640625 0.954209375 0.0521095703125 0.9433484375 0.0404080078125 0.94167744140625 0.02620517578125 0.9291404296875 0.01283271484375 0.9257986328125 0.0161796875 0.91410224609375 0.02035693359375 0.90908427734375 0.034559765625 0.90072978515625 0.03873701171875 0.87733173828125 0.0521095703125 0.86062265625 0.06213505859375 0.8539337890625 0.0705927734375 0.850710546875 0.073919140625 0.855702734375 0.075935546875 0.86680087890625 0.085012109375 0.88293759765625 0.08904501953125 0.8889869140625 0.1051869140625 0.8960470703125 0.1092197265625 0.9071400390625 0.124345703125 0.91521103515625 0.117285546875 0.9434515625 0.13544384765625 0.96967568359375 0.13847109375 0.971697265625 0.13149345703125 0.976771875
0 0.00380771484375 0.66451181640625 0.0207025390625 0.66083994140625 0.02657646484375 0.6556982421875 0.03612236328125 0.65276376953125 0.0390619140625 0.65863779296875 0.03465771484375 0.66818369140625 0.0353900390625 0.676997265625 0.05072744140625 0.68747138671875 0.0466841796875 0.691303125 0.0466841796875 0.69937412109375 0.05677158203125 0.70743984375 0.06383173828125 0.7205544921875 0.06383173828125 0.72458740234375 0.05475517578125 0.7276146484375 0.0466841796875 0.7387076171875 0.04769501953125 0.74879501953125 0.05804541015625 0.76397255859375 0.04787548828125 0.769537109375 0.03098583984375 0.773946484375 0.03024833984375 0.777618359375 0.03465771484375 0.787896484375 0.025844140625 0.7945080078125 0.0170306640625 0.795977734375 0.018500390625 0.80405390625 0 0.80677431640625 0 0.66705322265625 0.00380771484375 0.66451181640625
0 0.0109916015625 0.47754970703125 0.01188896484375 0.47943720703125 0.01556083984375 0.48825078125 0.01335869140625 0.5014685546875 0.01556083984375 0.504408203125 0.022172265625 0.5095498046875 0.03245048828125 0.5095498046875 0.03268251953125 0.5115353515625 0.0339203125 0.52203525390625 0.0412640625 0.5293791015625 0.0397994140625 0.5367228515625 0.03245048828125 0.54700615234375 0.0339203125 0.5521478515625 0.05742138671875 0.5712396484375 0.0699068359375 0.57344169921875 0.0684421875 0.592538671875 0.0721140625 0.59547822265625 0.0890037109375 0.59915009765625 0.08973603515625 0.60502412109375 0.0743162109375 0.622651171875 0.06770478515625 0.63807626953125 0.05448701171875 0.63807626953125 0.04740107421875 0.63942744140625 0.0236369140625 0.6439501953125 0.0162931640625 0.64688984375 0.0089494140625 0.6556982421875 0 0.6591794921875 0 0.47882890625 0.0109916015625 0.47754970703125
0 0.295305078125 0.34220556640625 0.295305078125 0.37214794921875 0.27324287109375 0.39736123046875 0.225962109375 0.42730361328125 0.21493095703125 0.44621494140625 0.21808203125 0.466704296875 0.20705087890625 0.48403740234375 0.178624609375 0.5096271484375 0.16097685546875 0.49559462890625 0.138496875 0.50209775390625 0.13307158203125 0.503670703125 0.11559912109375 0.49967900390625 0.10736318359375 0.4977966796875 0.106630859375 0.48898310546875 0.110302734375 0.47943720703125 0.10589345703125 0.46842158203125 0.11386640625 0.4577462890625 0.11829638671875 0.46134599609375 0.133422265625 0.46336240234375 0.15460263671875 0.4734498046875 0.16973369140625 0.47243896484375 0.1788103515625 0.46537890625 0.1737666015625 0.45226943359375 0.163684375 0.44621494140625 0.15662431640625 0.435121875 0.1576298828125 0.42705615234375 0.1646900390625 0.42301806640625 0.147542578125 0.4038541015625 0.140482421875 0.3897337890625 0.13644951171875 0.37460791015625 0.126362109375 0.3554439453125 0.12232919921875 0.32014326171875 0.1253564453125 0.31207236328125 0.15056982421875 0.313083203125 0.15460263671875 0.315099609375 0.16166279296875 0.329219921875 0.1667064453125 0.329219921875 0.17477744140625 0.32518701171875 0.210078125 0.31913251953125 0.208649609375 0.2955953125 0.21385830078125 0.29435751953125 0.2241416015625 0.2899533203125 0.22340419921875 0.2752658203125 0.22707607421875 0.2715939453125 0.23809169921875 0.2715939453125 0.24543544921875 0.2789376953125 0.25939072265625 0.268654296875 0.26306259765625 0.268654296875 0.260860546875 0.28334189453125 0.2623302734375 0.29142314453125 0.264764453125 0.292640234375 0.25939072265625 0.30537841796875 0.25645634765625 0.31932841796875 0.2586583984375 0.3281419921875 0.272613671875 0.338425390625 0.29537734375 0.33915771484375 0.29657373046875 0.339472265625 0.295305078125 0.34220556640625
0 0.0123943359375 0.00949736328125 0.0214708984375 0.010508203125 0.02248173828125 0.01454111328125 0.0123943359375 0.0296669921875 0.01642724609375 0.04580888671875 0.00836142578125 0.05790751953125 0.0305474609375 0.07303857421875 0.04567861328125 0.0740494140625 0.0678646484375 0.084131640625 0.07290830078125 0.09421904296875 0.091283203125 0.09353828125 0.07896279296875 0.11438857421875 0.12232919921875 0.1153994140625 0.1233400390625 0.1224595703125 0.11103505859375 0.14044248046875 0.110225390625 0.14162353515625 0.10417607421875 0.15877099609375 0.11829638671875 0.16683681640625 0.117285546875 0.18398427734375 0.1304001953125 0.19507734375 0.1324166015625 0.20919755859375 0.1304001953125 0.2334052734375 0.13443310546875 0.23643251953125 0.15258623046875 0.23441083984375 0.1727609375 0.24550908203125 0.17679384765625 0.24853115234375 0.17679384765625 0.25559130859375 0.1808267578125 0.26164580078125 0.19898505859375 0.2747552734375 0.20806162109375 0.28585341796875 0.208649609375 0.2955953125 0.210078125 0.31913251953125 0.17477744140625 0.32518701171875 0.1667064453125 0.329219921875 0.16166279296875 0.329219921875 0.15460263671875 0.315099609375 0.15056982421875 0.313083203125 0.1253564453125 0.31207236328125 0.12232919921875 0.32014326171875 0.126362109375 0.3554439453125 0.13644951171875 0.37460791015625 0.140482421875 0.3897337890625 0.147542578125 0.4038541015625 0.1646900390625 0.42301806640625 0.1576298828125 0.42705615234375 0.15662431640625 0.435121875 0.163684375 0.44621494140625 0.1737666015625 0.45226943359375 0.1788103515625 0.46537890625 0.16973369140625 0.47243896484375 0.15460263671875 0.4734498046875 0.133422265625 0.46336240234375 0.11829638671875 0.46134599609375 0.11386640625 0.4577462890625 0.10215966796875 0.4482365234375 0.066858984375 0.4431927734375 0.05878798828125 0.4502529296875 0.06584814453125 0.46336240234375 0.0517279296875 0.47949912109375 0.0376076171875 0.47445546875 0.0109916015625 0.47754970703125 0 0.47882890625 0 0.01716875 0.0123943359375 0.00949736328125
0 0.2623302734375 0.29142314453125 0.260860546875 0.28334189453125 0.26306259765625 0.268654296875 0.25939072265625 0.268654296875 0.24543544921875 0.2789376953125 0.23809169921875 0.2715939453125 0.22707607421875 0.2715939453125 0.22340419921875 0.2752658203125 0.2241416015625 0.2899533203125 0.21385830078125 0.29435751953125 0.208649609375 0.2955953125 0.20806162109375 0.28585341796875 0.19898505859375 0.2747552734375 0.1808267578125 0.26164580078125 0.17679384765625 0.25559130859375 0.17679384765625 0.24853115234375 0.1727609375 0.24550908203125 0.15258623046875 0.23441083984375 0.13443310546875 0.23643251953125 0.1304001953125 0.2334052734375 0.1324166015625 0.20919755859375 0.1304001953125 0.19507734375 0.117285546875 0.18398427734375 0.11829638671875 0.16683681640625 0.10417607421875 0.15877099609375 0.110225390625 0.14162353515625 0.11103505859375 0.14044248046875 0.1198486328125 0.1401279296875 0.1279298828125 0.1364560546875 0.13380390625 0.1364560546875 0.15363310546875 0.14894150390625 0.1661185546875 0.14306748046875 0.1741998046875 0.14232998046875 0.1940291015625 0.14967900390625 0.21018642578125 0.14673935546875 0.221934375 0.13939560546875 0.2278134765625 0.13865810546875 0.2513146484375 0.1628966796875 0.257188671875 0.15628525390625 0.25351669921875 0.14306748046875 0.2569720703125 0.14013828125 0.271876171875 0.14894150390625 0.28656376953125 0.1401279296875 0.30262314453125 0.1401279296875 0.30345859375 0.1482091796875 0.30639814453125 0.1518810546875 0.3201728515625 0.1483380859375 0.3240201171875 0.15335087890625 0.32108564453125 0.17024052734375 0.32181796875 0.184195703125 0.32735673828125 0.190157421875 0.32622734375 0.19300927734375 0.32548984375 0.2018228515625 0.33063154296875 0.20989892578125 0.3247576171875 0.21651044921875 0.32916181640625 0.2253240234375 0.3431169921875 0.23707197265625 0.34458681640625 0.25543662109375 0.34238466796875 0.257638671875 0.32108564453125 0.27379599609375 0.29831689453125 0.28040751953125 0.276285546875 0.29289296875 0.26673447265625 0.29362529296875 0.264764453125 0.292640234375 0.2623302734375 0.29142314453125
0 0.22318759765625 0.0226068359375 0.21310537109375 0.04681455078125 0.210078125 0.06496767578125 0.20301796875 0.07102216796875 0.18889765625 0.07102216796875 0.16771728515625 0.0901861328125 0.1465369140625 0.0851423828125 0.12838369140625 0.10228994140625 0.1142634765625 0.08917529296875 0.1001431640625 0.093208203125 0.091283203125 0.09353828125 0.07290830078125 0.09421904296875 0.0678646484375 0.084131640625 0.04567861328125 0.0740494140625 0.0305474609375 0.07303857421875 0.00836142578125 0.05790751953125 0.01642724609375 0.04580888671875 0.0123943359375 0.0296669921875 0.02248173828125 0.01454111328125 0.0214708984375 0.010508203125 0.0123943359375 0.00949736328125 0 0.01716875 0 0 0.2256337890625 0 0.22318759765625 0.0226068359375