0 0.2039072265625 0.99741494140625 0.21360263671875 0.989756640625 0.21583056640625 0.987998046875 0.232751171875 0.9886529296875 0.24846494140625 0.98925634765625 0.261287109375 0.9990234375 0.20366015625 0.9990234375 0.2039072265625 0.99741494140625
0 0.704630078125 0.9923197265625 0.71274228515625 0.98369697265625 0.763952734375 0.98724501953125 0.77662900390625 0.980148828125 0.78119306640625 0.980148828125 0.787278515625 0.98369697265625 0.7935203125 0.9990234375 0.70220546875 0.9990234375 0.704630078125 0.9923197265625
0 0.81617919921875 0.994346484375 0.8222646484375 0.98876640625 0.82885546875 0.984712890625 0.83443037109375 0.984712890625 0.84812255859375 0.99079833984375 0.8527072265625 0.9908447265625 0.896795703125 0.9913037109375 0.9079505859375 0.98876640625 0.913721484375 0.9855638671875 0.92164287109375 0.98116474609375 0.93026044921875 0.98167021484375 0.94648486328125 0.989782421875 0.9616984375 0.994346484375 0.9687115234375 0.9990234375 0.81342783203125 0.9990234375 0.81617919921875 0.994346484375
0 0.92316416015625 0.92792236328125 0.92924453125 0.93552919921875 0.93233359375 0.9518361328125 0.93279775390625 0.95429091796875 0.9196109375 0.970515234375 0.913721484375 0.9855638671875 0.9079505859375 0.98876640625 0.896795703125 0.9913037109375 0.8527072265625 0.9908447265625 0.83240361328125 0.97710615234375 0.82783955078125 0.96949931640625 0.82783955078125 0.9598658203125 0.83037685546875 0.95175361328125 0.83848896484375 0.93806650390625 0.846601171875 0.91930478515625 0.85268662109375 0.9132193359375 0.87193828125 0.9082427734375 0.90288115234375 0.91575673828125 0.91454150390625 0.920826171875 0.92058564453125 0.92580283203125 0.92316416015625 0.92792236328125
0 0.98087783203125 0.7025138671875 0.9670412109375 0.66958544921875 0.9670412109375 0.66386103515625 0.9679953125 0.660519140625 0.9722912109375 0.655748828125 0.9889900390625 0.645248828125 0.996627734375 0.6428611328125 0.9990234375 0.6428611328125 0.9990234375 0.73074326171875 0.98087783203125 0.7025138671875
0 0.9985513671875 0.42678701171875 0.9990234375 0.42426826171875 0.9990234375 0.4276333984375 0.9985513671875 0.42678701171875
0 0.99550869140625 0.47651220703125 0.99550869140625 0.46332021484375 0.9990234375 0.4545310546875 0.9990234375 0.49144658203125 0.99550869140625 0.47651220703125
0 0.14911259765625 0.99023623046875 0.169705078125 0.98042734375 0.1687251953125 0.97552802734375 0.154996875 0.96081982421875 0.15411494140625 0.95465185546875 0.16311416015625 0.9541103515625 0.1693904296875 0.95222802734375 0.18320126953125 0.95222802734375 0.19198388671875 0.94720498046875 0.20578955078125 0.94720498046875 0.2089302734375 0.94846328125 0.2139482421875 0.95536357421875 0.21536123046875 0.955698828125 0.21457734375 0.96226904296875 0.20578955078125 0.97419228515625 0.2039072265625 0.9804685546875 0.208301171875 0.986115625 0.21360263671875 0.989756640625 0.2039072265625 0.99741494140625 0.20366015625 0.9990234375 0.1425240234375 0.9990234375 0.14911259765625 0.99023623046875
0 0.00496513671875 0.9412072265625 0.0441904296875 0.92159462890625 0.05791875 0.90198193359375 0.07360673828125 0.88923349609375 0.07556650390625 0.8676611328125 0.077448828125 0.86408720703125 0.10106337890625 0.87452529296875 0.10694775390625 0.8843341796875 0.119742578125 0.8849427734375 0.127540234375 0.8853140625 0.11969619140625 0.90100205078125 0.11969619140625 0.90688642578125 0.12949990234375 0.91669013671875 0.163820703125 0.91571025390625 0.1667654296875 0.91865498046875 0.16597646484375 0.928933203125 0.16578564453125 0.93139833984375 0.1540169921875 0.9539556640625 0.15411494140625 0.95465185546875 0.154996875 0.96081982421875 0.1687251953125 0.97552802734375 0.169705078125 0.98042734375 0.14911259765625 0.99023623046875 0.1425240234375 0.9990234375 0 0.9990234375 0 0.9467251953125 0.00496513671875 0.9412072265625
0 0.2465826171875 0.9509748046875 0.23089462890625 0.958504296875 0.22995595703125 0.958504296875 0.2271298828125 0.958504296875 0.21536123046875 0.955698828125 0.2139482421875 0.95536357421875 0.2089302734375 0.94846328125 0.20578955078125 0.94720498046875 0.19198388671875 0.94720498046875 0.18320126953125 0.95222802734375 0.1693904296875 0.95222802734375 0.16311416015625 0.9541103515625 0.15411494140625 0.95465185546875 0.1540169921875 0.9539556640625 0.16578564453125 0.93139833984375 0.16597646484375 0.928933203125 0.180060546875 0.93026376953125 0.19386630859375 0.927123046875 0.203283203125 0.91268818359375 0.2193064453125 0.90718037109375 0.2227359375 0.9076703125 0.24156474609375 0.9082994140625 0.247841015625 0.91206416015625 0.25034736328125 0.9183404296875 0.24972333984375 0.9296345703125 0.25223486328125 0.9428162109375 0.25205947265625 0.9430689453125 0.2465826171875 0.9509748046875
0 0.203283203125 0.91268818359375 0.19386630859375 0.927123046875 0.180060546875 0.93026376953125 0.16597646484375 0.928933203125 0.1667654296875 0.91865498046875 0.163820703125 0.91571025390625 0.12949990234375 0.91669013671875 0.11969619140625 0.90688642578125 0.11969619140625 0.90100205078125 0.127540234375 0.8853140625 0.119742578125 0.8849427734375 0.13613203125 0.87127119140625 0.1449146484375 0.86813046875 0.1530732421875 0.86813046875 0.1612318359375 0.859971875 0.1844544921875 0.866248046875 0.21834208984375 0.88821240234375 0.22336513671875 0.89888251953125 0.22336513671875 0.905787890625 0.2193064453125 0.90718037109375 0.203283203125 0.91268818359375
0 0.00888974609375 0.80980830078125 0.03634638671875 0.79313525390625 0.05722763671875 0.7873076171875 0.0569388671875 0.79510009765625 0.05987841796875 0.7999994140625 0.0804708984375 0.80980830078125 0.09419921875 0.8294208984375 0.09555556640625 0.828796875 0.0951791015625 0.83040078125 0.077448828125 0.86408720703125 0.07556650390625 0.8676611328125 0.07360673828125 0.88923349609375 0.05791875 0.90198193359375 0.0441904296875 0.92159462890625 0.00496513671875 0.9412072265625 0 0.9467251953125 0 0.8113755859375 0.00888974609375 0.80980830078125
0 0.0000658203125 0.79019560546875 0 0.79030908203125 0 0.78993330078125 0.0000658203125 0.79019560546875
0 0.1942220703125 0.73332265625 0.21284970703125 0.7431263671875 0.20206611328125 0.7705830078125 0.196094140625 0.7729037109375 0.18441318359375 0.77744716796875 0.1814736328125 0.79313525390625 0.17658466796875 0.79519287109375 0.16284091796875 0.80097919921875 0.13195986328125 0.808297265625 0.12558046875 0.80980830078125 0.11675146484375 0.80097919921875 0.11283203125 0.79215537109375 0.098123828125 0.78137177734375 0.0951791015625 0.77352255859375 0.0951791015625 0.75097041015625 0.08929482421875 0.74508603515625 0.08918134765625 0.74486943359375 0.09125966796875 0.74508603515625 0.108907421875 0.738221875 0.11675146484375 0.7303779296875 0.15793642578125 0.71860927734375 0.163537109375 0.715355078125 0.15695654296875 0.705866015625 0.15291337890625 0.697330859375 0.1648005859375 0.6970369140625 0.17068486328125 0.70194140625 0.17166474609375 0.7156697265625 0.182453515625 0.73332265625 0.18765703125 0.73332265625 0.1942220703125 0.73332265625
0 0.99820068359375 0.975584765625 0.984008203125 0.9781220703125 0.9677787109375 0.97660068359375 0.95763974609375 0.9735580078125 0.9449634765625 0.9644298828125 0.934319140625 0.95378544921875 0.93233359375 0.9518361328125 0.92924453125 0.93552919921875 0.92316416015625 0.92792236328125 0.92058564453125 0.92580283203125 0.92113232421875 0.9187994140625 0.9175841796875 0.9096712890625 0.91860009765625 0.9000376953125 0.9287390625 0.87823330078125 0.93685126953125 0.871137109375 0.951554296875 0.86657294921875 0.9723427734375 0.85541806640625 0.9824869140625 0.856939453125 0.9990234375 0.86350703125 0.9990234375 0.97494794921875 0.99820068359375 0.975584765625
0 0.86992177734375 0.84325234375 0.86028828125 0.84020966796875 0.84761201171875 0.83057607421875 0.842542578125 0.82144794921875 0.837473046875 0.81688388671875 0.8171951171875 0.811308984375 0.8075564453125 0.80572900390625 0.80248701171875 0.8001541015625 0.80248701171875 0.7950845703125 0.81415244140625 0.7869724609375 0.82074326171875 0.77074287109375 0.8308822265625 0.75603984375 0.83392490234375 0.75603984375 0.837473046875 0.7626306640625 0.8445744140625 0.7636466796875 0.851165234375 0.76060390625 0.856234765625 0.75553447265625 0.8668791015625 0.75147578125 0.88918896484375 0.75299716796875 0.901359765625 0.75147578125 0.910993359375 0.75603984375 0.90947197265625 0.7702375 0.9038970703125 0.7813923828125 0.9033865234375 0.787983203125 0.90034384765625 0.7945740234375 0.88918896484375 0.80370224609375 0.8760072265625 0.81942119140625 0.8744859375 0.8265173828125 0.8805712890625 0.83260283203125 0.8805712890625 0.8366615234375 0.87347509765625 0.84223642578125 0.87044267578125 0.84328330078125 0.86992177734375 0.84325234375
0 0.654941015625 0.766183984375 0.64480205078125 0.7636466796875 0.6397326171875 0.76060390625 0.63060439453125 0.75046494140625 0.62655087890625 0.73931005859375 0.613874609375 0.71649482421875 0.614380078125 0.7124361328125 0.617928125 0.7088880859375 0.6255349609375 0.7088880859375 0.64125390625 0.71395751953125 0.64936611328125 0.7134521484375 0.65798369140625 0.7058453125 0.66254775390625 0.697227734375 0.66964921875 0.69316904296875 0.673197265625 0.69316904296875 0.682830859375 0.69773310546875 0.69499658203125 0.710409375 0.69651787109375 0.71395751953125 0.69651787109375 0.72460703125 0.69043251953125 0.737788671875 0.6823203125 0.74843818359375 0.677761328125 0.7590826171875 0.66761728515625 0.76466259765625 0.6663125 0.7661736328125 0.654941015625 0.766183984375
0 0.8100318359375 0.6460482421875 0.81885576171875 0.6283953125 0.844352734375 0.60682294921875 0.8561212890625 0.59211474609375 0.85051552734375 0.586508984375 0.86384150390625 0.58415732421875 0.87752861328125 0.588216015625 0.88969951171875 0.59531220703125 0.9033865234375 0.60900439453125 0.90947197265625 0.6211701171875 0.91910556640625 0.65260810546875 0.91910556640625 0.6718751953125 0.91656826171875 0.678971484375 0.90997734375 0.68759423828125 0.8902048828125 0.69975986328125 0.88868349609375 0.7038185546875 0.88918896484375 0.71649482421875 0.8856408203125 0.72105380859375 0.87093779296875 0.72359111328125 0.85978291015625 0.7352513671875 0.832908984375 0.74437958984375 0.81364189453125 0.7418421875 0.80400830078125 0.73677275390625 0.792348046875 0.7352513671875 0.78879990234375 0.73220869140625 0.78423583984375 0.72105380859375 0.78423583984375 0.71142021484375 0.78677314453125 0.70533994140625 0.78626259765625 0.6901263671875 0.7903212890625 0.68455146484375 0.79285341796875 0.683535546875 0.800965625 0.683535546875 0.8126310546875 0.68657822265625 0.81972734375 0.6855623046875 0.82378603515625 0.683030078125 0.8263181640625 0.674407421875 0.80400830078125 0.655140234375 0.80326572265625 0.654041796875 0.8100318359375 0.6460482421875
0 0.8561212890625 0.59211474609375 0.844352734375 0.60682294921875 0.81885576171875 0.6283953125 0.8100318359375 0.6460482421875 0.80326572265625 0.654041796875 0.7884595703125 0.6715451171875 0.772771484375 0.6715451171875 0.76198271484375 0.66762060546875 0.75217900390625 0.6421236328125 0.73256640625 0.6283953125 0.728641796875 0.6225162109375 0.717858203125 0.6019236328125 0.715893359375 0.59211474609375 0.71393359375 0.5470103515625 0.73550595703125 0.51268955078125 0.73452607421875 0.4940568359375 0.7423701171875 0.48130830078125 0.7488990234375 0.47576435546875 0.769151171875 0.4936802734375 0.77571103515625 0.51856875 0.78061552734375 0.52641787109375 0.79238408203125 0.5342619140625 0.796303515625 0.5470103515625 0.80414755859375 0.5489701171875 0.80905205078125 0.5470103515625 0.84631240234375 0.51464931640625 0.8521966796875 0.51366943359375 0.85906083984375 0.51856875 0.8521966796875 0.54014619140625 0.85514140625 0.5617185546875 0.844352734375 0.58034619140625 0.85051552734375 0.586508984375 0.8561212890625 0.59211474609375
0 0.8012080078125 0.45483154296875 0.82082060546875 0.4656203125 0.81787587890625 0.474444140625 0.8191806640625 0.48553203125 0.81984072265625 0.491112109375 0.8129765625 0.50190078125 0.80512744140625 0.50778515625 0.7972833984375 0.505825390625 0.78943935546875 0.4920970703125 0.7717916015625 0.49601650390625 0.769151171875 0.4936802734375 0.7488990234375 0.47576435546875 0.7462947265625 0.4734642578125 0.74531484375 0.46757998046875 0.749136328125 0.454021875 0.763137890625 0.45215498046875 0.77531396484375 0.466362890625 0.78545810546875 0.46332021484375 0.79908837890625 0.45265517578125 0.8012080078125 0.45483154296875
0 0.85289296875 0.44660068359375 0.86967939453125 0.4531708984375 0.87577001953125 0.46027236328125 0.8747541015625 0.47244833984375 0.86891103515625 0.49056025390625 0.8646099609375 0.50390693359375 0.87069541015625 0.50390693359375 0.87749248046875 0.49836298828125 0.88186064453125 0.4947736328125 0.90687275390625 0.4558578125 0.90925537109375 0.45215498046875 0.91432998046875 0.451144140625 0.918388671875 0.456213671875 0.918388671875 0.47244833984375 0.91664560546875 0.4859755859375 0.90808984375 0.50092099609375 0.90417041015625 0.505825390625 0.893381640625 0.50974482421875 0.87278916015625 0.51170458984375 0.86004072265625 0.50876494140625 0.8191806640625 0.48553203125 0.81787587890625 0.474444140625 0.82082060546875 0.4656203125 0.8012080078125 0.45483154296875 0.79908837890625 0.45265517578125 0.80879931640625 0.44505361328125 0.8280767578125 0.451144140625 0.84126875 0.451144140625 0.848359765625 0.44836962890625 0.85289296875 0.44660068359375
0 0.99282177734375 0.4298966796875 0.98491591796875 0.43441435546875 0.98416806640625 0.44005634765625 0.9815328125 0.4426916015625 0.97927392578125 0.4675232421875 0.98341513671875 0.484459375 0.98341513671875 0.49611962890625 0.98115634765625 0.50289609375 0.9815328125 0.51117333984375 0.98416806640625 0.521709375 0.98981005859375 0.5318689453125 0.98981005859375 0.5382638671875 0.98792763671875 0.54052265625 0.97174970703125 0.52772783203125 0.96083720703125 0.521709375 0.95744892578125 0.51832119140625 0.9476658203125 0.5134322265625 0.9446591796875 0.50816162109375 0.9446591796875 0.49649609375 0.92998193359375 0.51456162109375 0.928099609375 0.51568583984375 0.9243400390625 0.515309375 0.9243400390625 0.512302734375 0.920198828125 0.5021431640625 0.91831650390625 0.4927365234375 0.91906943359375 0.4818240234375 0.9228341796875 0.47053505859375 0.9228341796875 0.4622578125 0.92132822265625 0.457363671875 0.9217046875 0.44231513671875 0.91681064453125 0.43666806640625 0.91455693359375 0.43666806640625 0.912674609375 0.43817392578125 0.9115451171875 0.4426916015625 0.9066509765625 0.449839453125 0.9066509765625 0.45511005859375 0.90687275390625 0.4558578125 0.88186064453125 0.4947736328125 0.87749248046875 0.49836298828125 0.873165625 0.4972490234375 0.87015390625 0.493866015625 0.86891103515625 0.49056025390625 0.8747541015625 0.47244833984375 0.87577001953125 0.46027236328125 0.86967939453125 0.4531708984375 0.85289296875 0.44660068359375 0.848359765625 0.44836962890625 0.84945830078125 0.43064970703125 0.8441927734375 0.40242978515625 0.845322265625 0.38098115234375 0.85247001953125 0.37082158203125 0.85661123046875 0.36780986328125 0.864135546875 0.36931572265625 0.873165625 0.37345693359375 0.87617744140625 0.379098828125 0.877678125 0.39189375 0.87053037109375 0.41371875 0.87015390625 0.41936064453125 0.875048046875 0.42274892578125 0.88219580078125 0.42274892578125 0.8844546875 0.41070703125 0.88783779296875 0.40694228515625 0.89235537109375 0.404312109375 0.898373828125 0.39227021484375 0.90176201171875 0.379098828125 0.9115451171875 0.3595326171875 0.91418046875 0.342978125 0.920198828125 0.3377126953125 0.9258458984375 0.32943037109375 0.94127099609375 0.31212294921875 0.94352978515625 0.30685751953125 0.94127099609375 0.30422216796875 0.9337466796875 0.30271630859375 0.931487890625 0.30121044921875 0.92321064453125 0.30196337890625 0.920198828125 0.30422216796875 0.9164341796875 0.3143818359375 0.9134275390625 0.31851787109375 0.90815693359375 0.32228251953125 0.90364443359375 0.3219060546875 0.8927318359375 0.31287587890625 0.8844546875 0.30873466796875 0.86924619140625 0.30716181640625 0.86663671875 0.30502158203125 0.86663671875 0.29182958984375 0.8595353515625 0.26544560546875 0.86220673828125 0.26188203125 0.86601787109375 0.26019560546875 0.86902451171875 0.25756552734375 0.87203623046875 0.24740595703125 0.8724126953125 0.2248279296875 0.8742951171875 0.2188095703125 0.87730166015625 0.214668359375 0.8803134765625 0.21429189453125 0.88219580078125 0.2154212890625 0.88633701171875 0.22068671875 0.89799736328125 0.24627646484375 0.90100908203125 0.2504125 0.9055267578125 0.252294921875 0.9070275390625 0.25191845703125 0.90815693359375 0.24477060546875 0.91305107421875 0.24062939453125 0.91869296875 0.241005859375 0.92772314453125 0.24477060546875 0.93299375 0.24326474609375 0.94390625 0.225580859375 0.9444787109375 0.22399248046875 0.95162138671875 0.22533330078125 0.9555666015625 0.2251734375 0.98088818359375 0.2239357421875 0.9892478515625 0.2406603515625 0.9990234375 0.23915498046875 0.9990234375 0.42426826171875 0.9985513671875 0.42678701171875 0.9990234375 0.4276333984375 0.9990234375 0.42849228515625 0.99282177734375 0.4298966796875
0 0.77531396484375 0.18731484375 0.78041953125 0.19412744140625 0.7813994140625 0.1954322265625 0.784447265625 0.207608203125 0.809815234375 0.21166689453125 0.81387392578125 0.21674150390625 0.81691669921875 0.23500810546875 0.83619404296875 0.239066796875 0.8544607421875 0.2553015625 0.86280498046875 0.26028330078125 0.8632072265625 0.2605462890625 0.86220673828125 0.26188203125 0.8595353515625 0.26544560546875 0.86663671875 0.29182958984375 0.86663671875 0.30502158203125 0.86924619140625 0.30716181640625 0.87010234375 0.3078580078125 0.856492578125 0.31313896484375 0.84431142578125 0.3141548828125 0.83213544921875 0.31212294921875 0.825033984375 0.300962890625 0.82199130859375 0.2887869140625 0.8128580078125 0.2877708984375 0.80169794921875 0.29690419921875 0.797701171875 0.3033970703125 0.793575390625 0.31009619140625 0.79865009765625 0.3354642578125 0.79769599609375 0.33897109375 0.79560732421875 0.34662431640625 0.75806328125 0.3344482421875 0.7479140625 0.341549609375 0.7144287109375 0.34459755859375 0.6931193359375 0.35271484375 0.68195927734375 0.35271484375 0.6737955078125 0.34860458984375 0.6667353515625 0.3395228515625 0.66470859375 0.326330859375 0.64948984375 0.285744140625 0.64948984375 0.24515224609375 0.65659130859375 0.23094951171875 0.70732734375 0.18427216796875 0.7195033203125 0.1639736328125 0.7245779296875 0.15788818359375 0.72863662109375 0.15788818359375 0.7448712890625 0.17310693359375 0.75711435546875 0.17882099609375 0.77531396484375 0.18731484375
0 0.9892478515625 0.2406603515625 0.98088818359375 0.2239357421875 0.9555666015625 0.2251734375 0.95162138671875 0.22533330078125 0.9444787109375 0.22399248046875 0.9365521484375 0.2225072265625 0.929326953125 0.22115087890625 0.89727529296875 0.20721630859375 0.893098046875 0.19885654296875 0.9014578125 0.1877068359375 0.9028501953125 0.14729541015625 0.9122671875 0.12458330078125 0.91817724609375 0.1291783203125 0.929326953125 0.1291783203125 0.94465400390625 0.11803369140625 0.954411328125 0.11803369140625 0.95719619140625 0.12221103515625 0.97392080078125 0.11803369140625 0.98228056640625 0.13057080078125 0.9990234375 0.1343802734375 0.9990234375 0.23915498046875 0.9892478515625 0.2406603515625
0 0.27670556640625 0.99302109375 0.27921708984375 0.9905095703125 0.28549326171875 0.9905095703125 0.28988720703125 0.9848625 0.2738072265625 0.97122177734375 0.24281787109375 0.97293916015625 0.23804755859375 0.97890595703125 0.22901220703125 0.96729208984375 0.22995595703125 0.958504296875 0.23089462890625 0.958504296875 0.2465826171875 0.9509748046875 0.25205947265625 0.9430689453125 0.25850595703125 0.94406943359375 0.26352900390625 0.94093388671875 0.27168759765625 0.94406943359375 0.27168759765625 0.93716396484375 0.26917607421875 0.93088779296875 0.26352900390625 0.92273427734375 0.25223486328125 0.91457568359375 0.2534880859375 0.9101818359375 0.25788193359375 0.9051587890625 0.27043447265625 0.9001408203125 0.2779638671875 0.89260625 0.27859306640625 0.88319443359375 0.28235771484375 0.8788005859375 0.28675166015625 0.87691826171875 0.2942810546875 0.87754736328125 0.2992990234375 0.87378271484375 0.30369287109375 0.86374169921875 0.3149560546875 0.84731103515625 0.31875693359375 0.841772265625 0.32252158203125 0.84742451171875 0.32126845703125 0.86185419921875 0.32565712890625 0.8762890625 0.32753955078125 0.87817138671875 0.3400919921875 0.87817138671875 0.34636826171875 0.88194130859375 0.3501330078125 0.88570595703125 0.3501330078125 0.89072392578125 0.35201533203125 0.89260625 0.357667578125 0.89009990234375 0.37210244140625 0.87691826171875 0.38527890625 0.86813046875 0.3896728515625 0.86813046875 0.4009669921875 0.87127119140625 0.4091255859375 0.87754736328125 0.419795703125 0.87817138671875 0.4379953125 0.88632998046875 0.44354443359375 0.886742578125 0.45494169921875 0.88758837890625 0.46372431640625 0.89637099609375 0.46247109375 0.9214759765625 0.45745322265625 0.942187109375 0.48255302734375 0.97042763671875 0.47188291015625 0.97983935546875 0.4518009765625 0.99239189453125 0.452178125 0.9990234375 0.2773072265625 0.9990234375 0.27670556640625 0.99302109375
0 0.4436423828125 0.8656240234375 0.4436423828125 0.88632998046875 0.44354443359375 0.886742578125 0.4379953125 0.88632998046875 0.419795703125 0.87817138671875 0.4091255859375 0.87754736328125 0.4009669921875 0.87127119140625 0.3896728515625 0.86813046875 0.38527890625 0.86813046875 0.37210244140625 0.87691826171875 0.357667578125 0.89009990234375 0.35201533203125 0.89260625 0.3501330078125 0.89072392578125 0.3501330078125 0.88570595703125 0.34636826171875 0.88194130859375 0.3400919921875 0.87817138671875 0.32753955078125 0.87817138671875 0.32565712890625 0.8762890625 0.32126845703125 0.86185419921875 0.32252158203125 0.84742451171875 0.31875693359375 0.841772265625 0.3149560546875 0.84731103515625 0.309969140625 0.83549599609375 0.30055732421875 0.82357265625 0.298675 0.817296484375 0.2992990234375 0.81039619140625 0.3043220703125 0.80223759765625 0.30808671875 0.78843193359375 0.32252158203125 0.7802732421875 0.32942705078125 0.769603125 0.3338158203125 0.769603125 0.3400919921875 0.7739970703125 0.3444859375 0.7716505859375 0.349508984375 0.7689740234375 0.35327373046875 0.7689740234375 0.36456787109375 0.779644140625 0.373984765625 0.7821556640625 0.3815142578125 0.79533212890625 0.3846498046875 0.79721455078125 0.39469072265625 0.795961328125 0.403478515625 0.80097919921875 0.41477783203125 0.79972607421875 0.42104892578125 0.8016083984375 0.43297744140625 0.8154140625 0.44740712890625 0.82733740234375 0.451176953125 0.83549599609375 0.4518009765625 0.84616611328125 0.44992890625 0.85062705078125 0.4436423828125 0.8656240234375
0 0.4518009765625 0.84616611328125 0.451176953125 0.83549599609375 0.44740712890625 0.82733740234375 0.43297744140625 0.8154140625 0.42104892578125 0.8016083984375 0.41477783203125 0.79972607421875 0.403478515625 0.80097919921875 0.39469072265625 0.795961328125 0.3846498046875 0.79721455078125 0.3815142578125 0.79533212890625 0.373984765625 0.7821556640625 0.36456787109375 0.779644140625 0.35327373046875 0.7689740234375 0.349508984375 0.7689740234375 0.3444859375 0.7716505859375 0.3457390625 0.75453916015625 0.35954990234375 0.7426158203125 0.3633146484375 0.73006328125 0.36833251953125 0.72253388671875 0.38088505859375 0.7162576171875 0.38904365234375 0.70621669921875 0.3934375 0.70433427734375 0.40222529296875 0.70433427734375 0.41100791015625 0.7080990234375 0.43297744140625 0.71249287109375 0.4486654296875 0.71249287109375 0.4486654296875 0.7212806640625 0.4436423828125 0.72881015625 0.44490068359375 0.73320400390625 0.48004150390625 0.76646240234375 0.4781591796875 0.79470810546875 0.4831822265625 0.8097669921875 0.48506455078125 0.825455078125 0.4762767578125 0.8455421875 0.4543125 0.85056005859375 0.44992890625 0.85062705078125 0.4518009765625 0.84616611328125
0 0.240935546875 0.78654951171875 0.23591767578125 0.7903142578125 0.22838310546875 0.79219658203125 0.219600390625 0.79156748046875 0.22085361328125 0.78152646484375 0.216459765625 0.7752501953125 0.19951337890625 0.77462109375 0.196094140625 0.7729037109375 0.20206611328125 0.7705830078125 0.21284970703125 0.7431263671875 0.1942220703125 0.73332265625 0.18765703125 0.73332265625 0.19198388671875 0.7262986328125 0.19700693359375 0.72253388671875 0.2026541015625 0.71249287109375 0.22336513671875 0.71186376953125 0.2352884765625 0.70119873046875 0.24156474609375 0.6980580078125 0.25223486328125 0.69868720703125 0.257252734375 0.7080990234375 0.27357001953125 0.71813994140625 0.27921708984375 0.7244162109375 0.280475390625 0.72881015625 0.280475390625 0.7426158203125 0.27419912109375 0.74387412109375 0.26917607421875 0.748262890625 0.26917607421875 0.76520927734375 0.25850595703125 0.76772080078125 0.2541171875 0.77085634765625 0.24156474609375 0.7821556640625 0.24113154296875 0.7851623046875 0.240935546875 0.78654951171875
0 0.3226763671875 0.63918408203125 0.34273759765625 0.6347953125 0.36381494140625 0.616544140625 0.3677859375 0.61957138671875 0.37465009765625 0.632319921875 0.406026171875 0.6597765625 0.407991015625 0.6715451171875 0.39818212890625 0.698016796875 0.38445380859375 0.69507724609375 0.37072548828125 0.705866015625 0.3619015625 0.70684580078125 0.32660087890625 0.7029212890625 0.3207166015625 0.698016796875 0.31875693359375 0.687233203125 0.3079681640625 0.67840927734375 0.3079681640625 0.6715451171875 0.31483232421875 0.657816796875 0.31385244140625 0.6440884765625 0.31917978515625 0.6380185546875 0.3226763671875 0.63918408203125
0 0.34273759765625 0.6347953125 0.3226763671875 0.63918408203125 0.31917978515625 0.6380185546875 0.31385244140625 0.63624453125 0.3060083984375 0.6283953125 0.2971845703125 0.59505947265625 0.27364736328125 0.577406640625 0.26439541015625 0.56629814453125 0.2638435546875 0.56563798828125 0.2658033203125 0.54112607421875 0.26777333984375 0.53368427734375 0.27050146484375 0.52336484375 0.29032041015625 0.5175888671875 0.3246412109375 0.51366943359375 0.3246412109375 0.52543291015625 0.32758076171875 0.5303373046875 0.34719345703125 0.5342619140625 0.35699716796875 0.54112607421875 0.36092177734375 0.547990234375 0.363861328125 0.5725021484375 0.37856953125 0.5872103515625 0.3648412109375 0.615651953125 0.36381494140625 0.616544140625 0.34273759765625 0.6347953125
0 0.4719138671875 0.19746416015625 0.4810419921875 0.18833076171875 0.49930859375 0.18122421875 0.50844189453125 0.1741228515625 0.5176732421875 0.1593630859375 0.5307671875 0.17209609375 0.5520765625 0.18427216796875 0.5591779296875 0.192389453125 0.5591779296875 0.2055814453125 0.5530873046875 0.22993349609375 0.52873525390625 0.25631748046875 0.5074259765625 0.2613869140625 0.48814853515625 0.254285546875 0.479015234375 0.2410935546875 0.4810419921875 0.22283212890625 0.4666380859375 0.213879296875 0.4719138671875 0.19746416015625
0 0.2844412109375 0.10138134765625 0.28729833984375 0.11736328125 0.29072265625 0.1179357421875 0.29985078125 0.11165439453125 0.30384755859375 0.1122267578125 0.308416796875 0.11964794921875 0.32325390625 0.132200390625 0.32496611328125 0.14076640625 0.3192623046875 0.14133369140625 0.31412060546875 0.1441908203125 0.31526552734375 0.151039453125 0.3118412109375 0.1613125 0.30499248046875 0.17843427734375 0.29757138671875 0.18585537109375 0.28901044921875 0.1892796875 0.26731953125 0.1898521484375 0.2342158203125 0.184715625 0.23079140625 0.1824310546875 0.22907412109375 0.17615478515625 0.23079140625 0.16473681640625 0.23649521484375 0.155603515625 0.2342158203125 0.14247861328125 0.23706767578125 0.13391259765625 0.245628515625 0.12478447265625 0.2513375 0.104233203125 0.2514509765625 0.102474609375 0.25561279296875 0.1023611328125 0.2621056640625 0.10041171875 0.28093955078125 0.1010615234375 0.2841576171875 0.100587109375 0.2844412109375 0.10138134765625
0 0.491351171875 0.09196953125 0.49784912109375 0.106909765625 0.507591015625 0.11600185546875 0.52642490234375 0.12444404296875 0.53102509765625 0.12441826171875 0.525692578125 0.15281357421875 0.5185912109375 0.15788818359375 0.5176732421875 0.1593630859375 0.50844189453125 0.1741228515625 0.49930859375 0.18122421875 0.4810419921875 0.18833076171875 0.4719138671875 0.19746416015625 0.4666380859375 0.213879296875 0.46278056640625 0.2258748046875 0.4374125 0.2258748046875 0.43030595703125 0.22283212890625 0.39479384765625 0.18528291015625 0.38160185546875 0.15281357421875 0.38160185546875 0.13657880859375 0.3866765625 0.12642958984375 0.3866765625 0.11730146484375 0.3805859375 0.10309345703125 0.3805859375 0.09091748046875 0.39588203125 0.0563955078125 0.3988525390625 0.063517578125 0.4089966796875 0.073666796875 0.4374125 0.08482685546875 0.46176455078125 0.08787470703125 0.4810419921875 0.07975224609375 0.489159375 0.07975224609375 0.49231552734375 0.080958984375 0.491351171875 0.09196953125
0 0.53616162109375 0.0049478515625 0.53226796875 0.02508134765625 0.54850263671875 0.02638095703125 0.55304609375 0.03222392578125 0.556944921875 0.04521484375 0.5673365234375 0.04975830078125 0.5796724609375 0.05170771484375 0.58241083984375 0.06721005859375 0.5822716796875 0.067292578125 0.5647373046875 0.072491015625 0.56019384765625 0.077034375 0.56084365234375 0.08482685546875 0.5549955078125 0.09196953125 0.56084365234375 0.1036607421875 0.562787890625 0.11470224609375 0.57271025390625 0.1277240234375 0.5549955078125 0.11794609375 0.54590341796875 0.11794609375 0.53102509765625 0.12441826171875 0.52642490234375 0.12444404296875 0.507591015625 0.11600185546875 0.49784912109375 0.106909765625 0.491351171875 0.09196953125 0.49231552734375 0.080958984375 0.49265078125 0.077034375 0.49589970703125 0.0731408203125 0.51148466796875 0.0705416015625 0.5153833984375 0.06274912109375 0.5153833984375 0.0556064453125 0.502392578125 0.046514453125 0.5036921875 0.0406662109375 0.5082408203125 0.03807216796875 0.51083486328125 0.03157412109375 0.50953525390625 0.0172888671875 0.49979853515625 0.0159892578125 0.50445029296875 0.00552021484375 0.50690419921875 0 0.53333544921875 0 0.53616162109375 0.0049478515625
0 0.15695654296875 0.705866015625 0.163537109375 0.715355078125 0.15793642578125 0.71860927734375 0.11675146484375 0.7303779296875 0.108907421875 0.738221875 0.09125966796875 0.74508603515625 0.08918134765625 0.74486943359375 0.072626953125 0.7431263671875 0.06380302734375 0.729398046875 0.06380302734375 0.7280365234375 0.06380302734375 0.72253388671875 0.083415625 0.687233203125 0.09027978515625 0.6823287109375 0.10596787109375 0.67938916015625 0.121655859375 0.68919287109375 0.14813271484375 0.687233203125 0.15291337890625 0.697330859375 0.15695654296875 0.705866015625
0 0.05791875 0.687233203125 0.05987841796875 0.6921376953125 0.06085830078125 0.70782568359375 0.04909482421875 0.72645849609375 0.03144189453125 0.73332265625 0.01869345703125 0.7254734375 0.011829296875 0.71273017578125 0.011829296875 0.699981640625 0.02065830078125 0.687233203125 0.025289453125 0.68346845703125 0.04178203125 0.6887751953125 0.054860546875 0.685397265625 0.05791875 0.687233203125
0 0.00790986328125 0.57054248046875 0.02366494140625 0.57228037109375 0.01575390625 0.575446875 0.00496513671875 0.5881953125 0 0.5987458984375 0 0.5665875 0.00790986328125 0.57054248046875
0 0.0020255859375 0.6587966796875 0.00986962890625 0.66271611328125 0.011829296875 0.6735048828125 0.01213876953125 0.67385556640625 0.00790986328125 0.699981640625 0.00398525390625 0.70978544921875 0.00311884765625 0.70978544921875 0 0.70978544921875 0 0.65619287109375 0.0020255859375 0.6587966796875
0 0.00496513671875 0.5881953125 0.01575390625 0.575446875 0.02366494140625 0.57228037109375 0.0255576171875 0.571522265625 0.03732626953125 0.571522265625 0.06870234375 0.575446875 0.081120703125 0.5704392578125 0.086576953125 0.59433232421875 0.0804708984375 0.60976767578125 0.07753134765625 0.61172744140625 0.07753134765625 0.62055126953125 0.08896474609375 0.634001171875 0.07851123046875 0.6695802734375 0.066742578125 0.6823287109375 0.054860546875 0.685397265625 0.04178203125 0.6887751953125 0.025289453125 0.68346845703125 0.01869345703125 0.68134892578125 0.01213876953125 0.67385556640625 0.011829296875 0.6735048828125 0.00986962890625 0.66271611328125 0.0020255859375 0.6587966796875 0 0.65619287109375 0 0.5987458984375 0.00496513671875 0.5881953125
0 0.2089302734375 0.5342619140625 0.2108900390625 0.5450455078125 0.19716171875 0.56465810546875 0.2001064453125 0.58329091796875 0.18931767578125 0.59505947265625 0.19029755859375 0.602903515625 0.18477939453125 0.62314013671875 0.18441318359375 0.62447587890625 0.17852890625 0.6283953125 0.1451931640625 0.632319921875 0.1079275390625 0.64114375 0.09419921875 0.64016396484375 0.08896474609375 0.634001171875 0.07753134765625 0.62055126953125 0.07753134765625 0.61172744140625 0.0804708984375 0.60976767578125 0.086576953125 0.59433232421875 0.081120703125 0.5704392578125 0.0804708984375 0.56760283203125 0.07556650390625 0.5577939453125 0.07556650390625 0.54210595703125 0.07662373046875 0.53693330078125 0.07851123046875 0.53720146484375 0.09027978515625 0.52249326171875 0.11479169921875 0.5322970703125 0.1226357421875 0.5322970703125 0.1373439453125 0.52641787109375 0.15695654296875 0.53328203125 0.169705078125 0.5215134765625 0.17460947265625 0.5215134765625 0.1814736328125 0.52739775390625 0.20304599609375 0.5313171875 0.206645703125 0.52880048828125 0.2089302734375 0.5342619140625
0 0.20304599609375 0.5313171875 0.1814736328125 0.52739775390625 0.17460947265625 0.5215134765625 0.169705078125 0.5215134765625 0.15695654296875 0.53328203125 0.1373439453125 0.52641787109375 0.1226357421875 0.5322970703125 0.11479169921875 0.5322970703125 0.09027978515625 0.52249326171875 0.07851123046875 0.53720146484375 0.07662373046875 0.53693330078125 0.05791875 0.5342619140625 0.0265375 0.5175888671875 0.00986962890625 0.49797626953125 0.0108494140625 0.48915234375 0.024577734375 0.47640390625 0.03634638671875 0.47051953125 0.06478291015625 0.47051953125 0.06478291015625 0.44992705078125 0.06870234375 0.44404794921875 0.08733505859375 0.44992705078125 0.098123828125 0.43031962890625 0.10694775390625 0.43129951171875 0.11773642578125 0.44110322265625 0.1505359375 0.4226767578125 0.153037109375 0.4244353515625 0.17068486328125 0.44012333984375 0.2050056640625 0.44404794921875 0.2255982421875 0.45483154296875 0.22952275390625 0.4597359375 0.23050263671875 0.46855986328125 0.224618359375 0.4842478515625 0.22657802734375 0.4920970703125 0.23540712890625 0.50092099609375 0.23246240234375 0.51072470703125 0.206645703125 0.52880048828125 0.20304599609375 0.5313171875
0 0.15537333984375 0.344783203125 0.16072646484375 0.35369990234375 0.16072646484375 0.35905302734375 0.144672265625 0.3652931640625 0.1214857421875 0.39115625 0.10007841796875 0.3938328125 0.08848515625 0.3938328125 0.0706517578125 0.38402392578125 0.021008984375 0.3710021484375 0.02159697265625 0.3670775390625 0.036758984375 0.346567578125 0.03051884765625 0.338537890625 0.01981259765625 0.33140556640625 0.031405859375 0.3171357421875 0.0292810546875 0.3107615234375 0.05370537109375 0.3153513671875 0.0706517578125 0.30821904296875 0.10097060546875 0.30911123046875 0.10097060546875 0.29929716796875 0.10228564453125 0.2973271484375 0.1161326171875 0.30197373046875 0.1223779296875 0.30821904296875 0.13575556640625 0.30911123046875 0.15448115234375 0.32516025390625 0.15715771484375 0.32783681640625 0.15675546875 0.33166337890625 0.15537333984375 0.344783203125
0 0.0126802734375 0.21724697265625 0.0144646484375 0.2226 0.02962666015625 0.235085546875 0.0371818359375 0.24566796875 0.03051884765625 0.2600564453125 0.032298046875 0.27878720703125 0.02070478515625 0.29573359375 0.02248916015625 0.30375810546875 0.02873447265625 0.30911123046875 0.0292810546875 0.3107615234375 0.031405859375 0.3171357421875 0.01981259765625 0.33140556640625 0.03051884765625 0.338537890625 0.036758984375 0.346567578125 0.02159697265625 0.3670775390625 0.021008984375 0.3710021484375 0.0162490234375 0.4027546875 0 0.41752177734375 0 0.2140802734375 0.0126802734375 0.21724697265625
0 0.10097060546875 0.29929716796875 0.10097060546875 0.30911123046875 0.0706517578125 0.30821904296875 0.05370537109375 0.3153513671875 0.0292810546875 0.3107615234375 0.02873447265625 0.30911123046875 0.02248916015625 0.30375810546875 0.02070478515625 0.29573359375 0.032298046875 0.27878720703125 0.03051884765625 0.2600564453125 0.0371818359375 0.24566796875 0.038543359375 0.24757099609375 0.05192099609375 0.24846318359375 0.05462333984375 0.24547197265625 0.0644064453125 0.2564876953125 0.08848515625 0.2618408203125 0.09740703125 0.2680861328125 0.10632373046875 0.28413515625 0.10632373046875 0.29127265625 0.10228564453125 0.2973271484375 0.10097060546875 0.29929716796875
0 0.21334482421875 0.2654095703125 0.20799169921875 0.29127265625 0.2035359375 0.30018935546875 0.2017515625 0.3171357421875 0.18748173828125 0.3224888671875 0.1785650390625 0.3224888671875 0.15675546875 0.33166337890625 0.15715771484375 0.32783681640625 0.15448115234375 0.32516025390625 0.13575556640625 0.30911123046875 0.1223779296875 0.30821904296875 0.1161326171875 0.30197373046875 0.10228564453125 0.2973271484375 0.10632373046875 0.29127265625 0.10632373046875 0.28413515625 0.09740703125 0.2680861328125 0.08848515625 0.2618408203125 0.0644064453125 0.2564876953125 0.05462333984375 0.24547197265625 0.07689189453125 0.22081572265625 0.10186279296875 0.21813916015625 0.10275498046875 0.21764921875 0.10275498046875 0.21992353515625 0.1125638671875 0.227953125 0.1250544921875 0.231516796875 0.12772587890625 0.24489443359375 0.141995703125 0.24757099609375 0.142887890625 0.2538162109375 0.15804990234375 0.2547083984375 0.15894208984375 0.2609486328125 0.1723197265625 0.2627330078125 0.1741041015625 0.26897822265625 0.1981828125 0.26986533203125 0.2036751953125 0.2565392578125 0.21334482421875 0.2654095703125
0 0.1981828125 0.26986533203125 0.1741041015625 0.26897822265625 0.1723197265625 0.2627330078125 0.15894208984375 0.2609486328125 0.15804990234375 0.2547083984375 0.142887890625 0.2538162109375 0.141995703125 0.24757099609375 0.12772587890625 0.24489443359375 0.1250544921875 0.231516796875 0.1125638671875 0.227953125 0.10275498046875 0.21992353515625 0.10275498046875 0.21764921875 0.10275498046875 0.21100673828125 0.09473046875 0.2047615234375 0.09651484375 0.18871240234375 0.09220341796875 0.18410712890625 0.0978041015625 0.182240234375 0.1011716796875 0.16961552734375 0.11078466796875 0.173550390625 0.1179169921875 0.15660400390625 0.13664775390625 0.16195712890625 0.15715771484375 0.15838837890625 0.1669666015625 0.162844140625 0.1776728515625 0.14946650390625 0.19015830078125 0.1476873046875 0.21078173828125 0.1565060546875 0.2222615234375 0.173550390625 0.2213693359375 0.18692802734375 0.23563916015625 0.1994134765625 0.23474697265625 0.224384375 0.2302912109375 0.23865419921875 0.2195849609375 0.24757099609375 0.204428125 0.2547083984375 0.2036751953125 0.2565392578125 0.1981828125 0.26986533203125
0 0.00108701171875 0.15749619140625 0.0153568359375 0.15571181640625 0.02671796875 0.1509466796875 0.02766689453125 0.15237001953125 0.0607861328125 0.17249833984375 0.069878125 0.1841896484375 0.0841685546875 0.1867888671875 0.09220341796875 0.18410712890625 0.09651484375 0.18871240234375 0.09473046875 0.2047615234375 0.10275498046875 0.21100673828125 0.10275498046875 0.21764921875 0.10186279296875 0.21813916015625 0.07689189453125 0.22081572265625 0.05462333984375 0.24547197265625 0.05192099609375 0.24846318359375 0.038543359375 0.24757099609375 0.0371818359375 0.24566796875 0.02962666015625 0.235085546875 0.0144646484375 0.2226 0.0126802734375 0.21724697265625 0 0.2140802734375 0 0.15806318359375 0.00108701171875 0.15749619140625
0 0.11209453125 0.1010615234375 0.12183125 0.104310546875 0.13092333984375 0.11600185546875 0.1325994140625 0.1163060546875 0.13527080078125 0.1357021484375 0.1276794921875 0.14782138671875 0.11338896484375 0.15237001953125 0.10689619140625 0.1569134765625 0.1030025390625 0.16275654296875 0.1011716796875 0.16961552734375 0.0978041015625 0.182240234375 0.09220341796875 0.18410712890625 0.0841685546875 0.1867888671875 0.069878125 0.1841896484375 0.0607861328125 0.17249833984375 0.02766689453125 0.15237001953125 0.02671796875 0.1509466796875 0.01727529296875 0.13677998046875 0.00298994140625 0.1211951171875 0.00298994140625 0.11600185546875 0.0073013671875 0.1113603515625 0.0114322265625 0.106909765625 0.019224609375 0.09067509765625 0.03091591796875 0.08612646484375 0.036758984375 0.0789837890625 0.0447421875 0.07818447265625 0.05624267578125 0.077034375 0.0692283203125 0.08417705078125 0.0750765625 0.07443525390625 0.08156943359375 0.0731408203125 0.08741240234375 0.07573486328125 0.09131123046875 0.0802833984375 0.09391044921875 0.093269140625 0.1085876953125 0.095997265625 0.11209453125 0.1010615234375
0 0.1757337890625 0.00300361328125 0.17638359375 0.01079599609375 0.18223173828125 0.02378173828125 0.1934021484375 0.0325333984375 0.19391787109375 0.04001640625 0.2002869140625 0.07071171875 0.1893744140625 0.08417705078125 0.18158193359375 0.09781767578125 0.1633978515625 0.10561015625 0.15300615234375 0.11340263671875 0.13807109375 0.11730146484375 0.1325994140625 0.1163060546875 0.13092333984375 0.11600185546875 0.12183125 0.104310546875 0.11209453125 0.1010615234375 0.1085876953125 0.095997265625 0.09456025390625 0.07573486328125 0.0965044921875 0.054956640625 0.10559658203125 0.04975830078125 0.09845390625 0.0172888671875 0.11312197265625 0 0.17153349609375 0 0.1757337890625 0.00300361328125
0 0.0153568359375 0.007665625 0.035866796875 0.011234375 0.043004296875 0.0281755859375 0.04427294921875 0.03770087890625 0.044788671875 0.04155322265625 0.05548974609375 0.056715234375 0.05459755859375 0.063852734375 0.0447421875 0.07818447265625 0.036758984375 0.0789837890625 0.03091591796875 0.08612646484375 0.019224609375 0.09067509765625 0.0114322265625 0.106909765625 0.0073013671875 0.1113603515625 0 0.11260810546875 0 0 0.01237470703125 0 0.0153568359375 0.007665625
0 0.0599455078125 0.0299599609375 0.05727412109375 0.0335287109375 0.04427294921875 0.03770087890625 0.043004296875 0.0281755859375 0.035866796875 0.011234375 0.0153568359375 0.007665625 0.01237470703125 0 0.0674361328125 0 0.0599455078125 0.0299599609375
0 0.84938603515625 0.07265087890625 0.83721005859375 0.07468271484375 0.83416728515625 0.07772548828125 0.82873681640625 0.0964923828125 0.83518330078125 0.1132427734375 0.84228466796875 0.11730146484375 0.8798287109375 0.11932822265625 0.8836037109375 0.11730146484375 0.88388740234375 0.11831220703125 0.893020703125 0.1335361328125 0.86967939453125 0.15484541015625 0.86257802734375 0.1690482421875 0.8534447265625 0.17818154296875 0.84126875 0.17818154296875 0.82199130859375 0.19340546875 0.8067673828125 0.18833076171875 0.78041953125 0.19412744140625 0.77531396484375 0.18731484375 0.75711435546875 0.17882099609375 0.75502060546875 0.1741228515625 0.73878076171875 0.1538294921875 0.73878076171875 0.1520296875 0.73878076171875 0.1477388671875 0.7448712890625 0.1274455078125 0.7576765625 0.11105615234375 0.77023935546875 0.094976171875 0.77329755859375 0.07367197265625 0.779248828125 0.06567841796875 0.784473046875 0.06210966796875 0.7925646484375 0.06453349609375 0.80389482421875 0.063826953125 0.83518330078125 0.06250673828125 0.8376896484375 0.06083583984375 0.85324873046875 0.07030947265625 0.84938603515625 0.07265087890625
0 0.7448712890625 0.1274455078125 0.73878076171875 0.1477388671875 0.73878076171875 0.1520296875 0.72449541015625 0.14912099609375 0.711509765625 0.1569134765625 0.69851884765625 0.14912099609375 0.68617783203125 0.14587197265625 0.68317119140625 0.1428654296875 0.682933984375 0.142628125 0.68682763671875 0.1270380859375 0.69981845703125 0.11730146484375 0.7026755859375 0.1115873046875 0.7069611328125 0.1030109375 0.719951953125 0.09456875 0.7316380859375 0.093269140625 0.74073017578125 0.1010615234375 0.74852255859375 0.1023611328125 0.7576765625 0.11105615234375 0.7448712890625 0.1274455078125
0 0.69981845703125 0.11730146484375 0.68682763671875 0.1270380859375 0.682933984375 0.142628125 0.68317119140625 0.1428654296875 0.669293359375 0.1432779296875 0.66020126953125 0.14782138671875 0.63812353515625 0.14522216796875 0.619939453125 0.1569134765625 0.60110556640625 0.14587197265625 0.58747001953125 0.14522216796875 0.58357119140625 0.14197841796875 0.57271025390625 0.1277240234375 0.562787890625 0.11470224609375 0.56084365234375 0.1036607421875 0.5549955078125 0.09196953125 0.56084365234375 0.08482685546875 0.56019384765625 0.077034375 0.5647373046875 0.072491015625 0.5822716796875 0.067292578125 0.58241083984375 0.06721005859375 0.59915615234375 0.05690087890625 0.6316306640625 0.04780888671875 0.63877333984375 0.04780888671875 0.6413673828125 0.04910849609375 0.6439666015625 0.05755068359375 0.6426669921875 0.07508505859375 0.6524087890625 0.080933203125 0.66799375 0.0789837890625 0.67903515625 0.08547666015625 0.7026755859375 0.1115873046875 0.69981845703125 0.11730146484375
0 0.89170048828125 0.069257421875 0.89373232421875 0.0971060546875 0.89985390625 0.1085806640625 0.8836037109375 0.11730146484375 0.8798287109375 0.11932822265625 0.84228466796875 0.11730146484375 0.83518330078125 0.1132427734375 0.82873681640625 0.0964923828125 0.83416728515625 0.07772548828125 0.83721005859375 0.07468271484375 0.84938603515625 0.07265087890625 0.85324873046875 0.07030947265625 0.88287138671875 0.05235751953125 0.8920046875 0.0533734375 0.89543935546875 0.058675 0.89170048828125 0.069257421875
0 0.98228056640625 0.13057080078125 0.97392080078125 0.11803369140625 0.95719619140625 0.12221103515625 0.954411328125 0.11803369140625 0.94465400390625 0.11803369140625 0.929326953125 0.1291783203125 0.91817724609375 0.1291783203125 0.9122671875 0.12458330078125 0.905640234375 0.119426171875 0.89985390625 0.1085806640625 0.89373232421875 0.0971060546875 0.89170048828125 0.069257421875 0.89543935546875 0.058675 0.90006533203125 0.045570703125 0.92114208984375 0 0.9990234375 0 0.9990234375 0.1343802734375 0.98228056640625 0.13057080078125
0 0.86663671875 0.00770693359375 0.86359404296875 0.02394677734375 0.85750341796875 0.0300322265625 0.8595353515625 0.042208203125 0.85040205078125 0.05235751953125 0.8376896484375 0.06083583984375 0.83518330078125 0.06250673828125 0.80389482421875 0.063826953125 0.80879931640625 0.063517578125 0.8083712890625 0.05542080078125 0.8077833984375 0.04424013671875 0.80068193359375 0.03713876953125 0.793575390625 0.0351068359375 0.7915486328125 0.02495751953125 0.79763408203125 0.01785615234375 0.814884765625 0.00770693359375 0.82200390625 0 0.864227734375 0 0.86663671875 0.00770693359375
0 0.814884765625 0.00770693359375 0.79763408203125 0.01785615234375 0.7915486328125 0.02495751953125 0.793575390625 0.0351068359375 0.80068193359375 0.03713876953125 0.8077833984375 0.04424013671875 0.8083712890625 0.05542080078125 0.80879931640625 0.063517578125 0.80389482421875 0.063826953125 0.7925646484375 0.06453349609375 0.784473046875 0.06210966796875 0.78241533203125 0.0614908203125 0.779248828125 0.06567841796875 0.77329755859375 0.07367197265625 0.75704736328125 0.07468271484375 0.72051923828125 0.0614908203125 0.7042845703125 0.048298828125 0.68500205078125 0.02597353515625 0.6789166015625 0.0137974609375 0.6789166015625 0.001621484375 0.6802162109375 0.00062099609375 0.681023046875 0 0.82200390625 0 0.814884765625 0.00770693359375
0 0.6802162109375 0.00062099609375 0.6751818359375 0 0.681023046875 0 0.6802162109375 0.00062099609375
0 0.50134052734375 0.001621484375 0.50445029296875 0.00552021484375 0.49979853515625 0.0159892578125 0.50953525390625 0.0172888671875 0.51083486328125 0.03157412109375 0.5082408203125 0.03807216796875 0.5036921875 0.0406662109375 0.502392578125 0.046514453125 0.5153833984375 0.0556064453125 0.5153833984375 0.06274912109375 0.51148466796875 0.0705416015625 0.49589970703125 0.0731408203125 0.49265078125 0.077034375 0.49231552734375 0.080958984375 0.489159375 0.07975224609375 0.4810419921875 0.07975224609375 0.46176455078125 0.08787470703125 0.4374125 0.08482685546875 0.4089966796875 0.073666796875 0.3988525390625 0.063517578125 0.39588203125 0.0563955078125 0.3937779296875 0.05134150390625 0.3919162109375 0.017758203125 0.391751171875 0.0148134765625 0.3937779296875 0.00770693359375 0.40148916015625 0 0.499255078125 0 0.50134052734375 0.001621484375
0 0.37957001953125 0.01785615234375 0.380307421875 0.01781494140625 0.37445927734375 0.0471642578125 0.364067578125 0.072491015625 0.35692490234375 0.0822328125 0.3387408203125 0.08547666015625 0.327049609375 0.09456875 0.31016513671875 0.09976708984375 0.298473828125 0.09846748046875 0.2841576171875 0.100587109375 0.28093955078125 0.1010615234375 0.2621056640625 0.10041171875 0.25561279296875 0.1023611328125 0.2514509765625 0.102474609375 0.23223544921875 0.1030109375 0.22054423828125 0.09976708984375 0.21080234375 0.09067509765625 0.20430947265625 0.08287744140625 0.20106044921875 0.07443525390625 0.2002869140625 0.07071171875 0.19391787109375 0.04001640625 0.1934021484375 0.0325333984375 0.19261826171875 0.02118251953125 0.1841759765625 0.00170400390625 0.18377568359375 0 0.35600009765625 0 0.37957001953125 0.01785615234375
0 0.3937779296875 0.00770693359375 0.391751171875 0.0148134765625 0.3919162109375 0.017758203125 0.380307421875 0.01781494140625 0.37957001953125 0.01785615234375 0.35600009765625 0 0.40148916015625 0 0.3937779296875 0.00770693359375