0 0.01441904296875 0.81476220703125 0.03921982421875 0.8372009765625 0.03331484375 0.85137275390625 0.0309529296875 0.88207841796875 0.01441904296875 0.88562138671875 0.0167810546875 0.94820849609375 0 0.95413125 0 0.81476220703125 0.01441904296875 0.81476220703125
0 0.00553330078125 0.49253330078125 0.0061521484375 0.49590615234375 0.0151875 0.51624072265625 0 0.53063564453125 0 0.49113642578125 0.00553330078125 0.49253330078125
0 0.01205712890625 0.00227431640625 0.0167810546875 0.0105412109375 0.01914306640625 0.02943701171875 0.00142822265625 0.03888486328125 0 0.04045595703125 0 0 0.01219921875 0 0.01205712890625 0.00227431640625
0 0.131331640625 0.9760365234375 0.14405947265625 0.975056640625 0.15286787109375 0.97799619140625 0.158741796875 0.9858248046875 0.1613833984375 0.9990234375 0.10259794921875 0.9990234375 0.131331640625 0.9760365234375
0 0.0069927734375 0.99267861328125 0.01776611328125 0.98680458984375 0.0383224609375 0.98485009765625 0.0432166015625 0.99267861328125 0.05398984375 0.996598046875 0.08629423828125 0.99365849609375 0.10060400390625 0.9990234375 0.00110390625 0.9990234375 0.0069927734375 0.99267861328125
0 0.7503078125 0.9880216796875 0.75845615234375 0.9773669921875 0.7647220703125 0.97486064453125 0.76566064453125 0.97492255859375 0.774118359375 0.97548984375 0.780384375 0.9792494140625 0.784773046875 0.98551533203125 0.78850849609375 0.9990234375 0.74609404296875 0.9990234375 0.7503078125 0.9880216796875
0 0.3129611328125 0.99491162109375 0.32298662109375 0.9924052734375 0.32204013671875 0.9990234375 0.3088494140625 0.9990234375 0.3129611328125 0.99491162109375
0 0.45080654296875 0.99052802734375 0.4614560546875 0.99115205078125 0.4620638671875 0.9990234375 0.4399533203125 0.9990234375 0.45080654296875 0.99052802734375
0 0.35431630859375 0.99115205078125 0.35556953125 0.987392578125 0.36135068359375 0.9829470703125 0.36371259765625 0.9811265625 0.36383125 0.9803736328125 0.36558984375 0.96922392578125 0.36809619140625 0.96483515625 0.373108984375 0.9629580078125 0.37624453125 0.96483515625 0.38389775390625 0.97339091796875 0.38689404296875 0.97674306640625 0.39190673828125 0.98613935546875 0.4038146484375 0.99679404296875 0.420730078125 0.99491162109375 0.4257427734375 0.99679404296875 0.427972265625 0.9990234375 0.35500068359375 0.9990234375 0.35431630859375 0.99115205078125
0 0.592426953125 0.9892697265625 0.59285498046875 0.99011552734375 0.60468037109375 0.99865576171875 0.6197908203125 0.997340625 0.622162109375 0.9990234375 0.5820564453125 0.9990234375 0.592426953125 0.9892697265625
0 0.938239453125 0.9171470703125 0.93753291015625 0.9162033203125 0.9445466796875 0.90656455078125 0.9414162109375 0.887766796875 0.94485087890625 0.88433212890625 0.9597962890625 0.87505439453125 0.95774375 0.86479169921875 0.95158095703125 0.85760263671875 0.95158095703125 0.84733984375 0.9597962890625 0.831940625 0.9505546875 0.81756767578125 0.9505546875 0.812436328125 0.9690328125 0.80422099609375 0.9752162109375 0.7969236328125 0.98340576171875 0.7990896484375 0.9990234375 0.79964716796875 0.9990234375 0.94551083984375 0.938239453125 0.9171470703125
0 0.47900068359375 0.99052802734375 0.51033037109375 0.97298349609375 0.5253685546875 0.96734150390625 0.5272509765625 0.96170478515625 0.52349140625 0.9566919921875 0.5241154296875 0.94979697265625 0.53573447265625 0.94457275390625 0.536647265625 0.94416015625 0.5397828125 0.935387890625 0.5479259765625 0.93037509765625 0.5566982421875 0.9316283203125 0.5604578125 0.94290693359375 0.567976953125 0.9391474609375 0.5880279296875 0.939771484375 0.5955470703125 0.94541337890625 0.59993056640625 0.95856923828125 0.59993056640625 0.96536630859375 0.59993056640625 0.9717302734375 0.592426953125 0.9892697265625 0.5820564453125 0.9990234375 0.476503515625 0.9990234375 0.47900068359375 0.99052802734375
0 0.784773046875 0.98551533203125 0.780384375 0.9792494140625 0.774118359375 0.97548984375 0.76566064453125 0.97492255859375 0.76785244140625 0.96671748046875 0.77098798828125 0.9604515625 0.78602626953125 0.951679296875 0.78665029296875 0.9297458984375 0.7929162109375 0.91345966796875 0.7929162109375 0.90430576171875 0.7929162109375 0.90218095703125 0.80983681640625 0.8764880859375 0.8298826171875 0.8764880859375 0.84868046875 0.87335771484375 0.85619951171875 0.87022216796875 0.8687314453125 0.8633322265625 0.8718669921875 0.85957265625 0.88189248046875 0.83513291015625 0.88752919921875 0.8320025390625 0.8898447265625 0.8317705078125 0.8937951171875 0.831378515625 0.91259296875 0.83387978515625 0.916981640625 0.84578759765625 0.92261845703125 0.85393076171875 0.9382806640625 0.86646259765625 0.94705302734375 0.8689689453125 0.95206572265625 0.87335771484375 0.95018857421875 0.87899443359375 0.94485087890625 0.88433212890625 0.9414162109375 0.887766796875 0.9445466796875 0.90656455078125 0.93753291015625 0.9162033203125 0.93452109375 0.920349609375 0.93326796875 0.92786875 0.93577431640625 0.93225234375 0.9602140625 0.93225234375 0.967733203125 0.93475869140625 0.97211669921875 0.951679296875 0.9821421875 0.96546435546875 0.98151826171875 0.9798734375 0.984024609375 0.984262109375 0.984024609375 0.99741806640625 0.9836619140625 0.9990234375 0.78850849609375 0.9990234375 0.784773046875 0.98551533203125
0 0.4257427734375 0.99679404296875 0.420730078125 0.99491162109375 0.4038146484375 0.99679404296875 0.39190673828125 0.98613935546875 0.38689404296875 0.97674306640625 0.38389775390625 0.97339091796875 0.37624453125 0.96483515625 0.373108984375 0.9629580078125 0.36809619140625 0.96483515625 0.36558984375 0.96922392578125 0.36383125 0.9803736328125 0.36371259765625 0.9811265625 0.36135068359375 0.9829470703125 0.36037080078125 0.98199814453125 0.35431630859375 0.9761138671875 0.3518099609375 0.96170478515625 0.36621904296875 0.93851826171875 0.3812572265625 0.93413466796875 0.39378916015625 0.9241091796875 0.39566630859375 0.9090708984375 0.39190673828125 0.899674609375 0.39190673828125 0.89215546875 0.3931599609375 0.8796236328125 0.39817265625 0.87461083984375 0.41509326171875 0.87461083984375 0.42323642578125 0.88275400390625 0.4407810546875 0.87398173828125 0.44522138671875 0.87554951171875 0.4514357421875 0.87774130859375 0.46396240234375 0.87461083984375 0.46772197265625 0.87711728515625 0.4764943359375 0.89090234375 0.48651982421875 0.899674609375 0.48965537109375 0.9002986328125 0.4940388671875 0.8959150390625 0.499680859375 0.89403271484375 0.5001037109375 0.89448134765625 0.51033037109375 0.90531142578125 0.5178494140625 0.904058203125 0.5253685546875 0.9078177734375 0.5285041015625 0.9109533203125 0.52975732421875 0.92536240234375 0.52975732421875 0.92912197265625 0.5253685546875 0.9328814453125 0.5253685546875 0.935387890625 0.53573447265625 0.94457275390625 0.5241154296875 0.94979697265625 0.52349140625 0.9566919921875 0.5272509765625 0.96170478515625 0.5253685546875 0.96734150390625 0.51033037109375 0.97298349609375 0.47900068359375 0.99052802734375 0.476503515625 0.9990234375 0.4620638671875 0.9990234375 0.4614560546875 0.99115205078125 0.45080654296875 0.99052802734375 0.4399533203125 0.9990234375 0.427972265625 0.9990234375 0.4257427734375 0.99679404296875
0 0.6197908203125 0.997340625 0.60468037109375 0.99865576171875 0.59285498046875 0.99011552734375 0.592426953125 0.9892697265625 0.59993056640625 0.9717302734375 0.59993056640625 0.96536630859375 0.60008017578125 0.96514970703125 0.61453564453125 0.9329537109375 0.63030615234375 0.92506845703125 0.63621630859375 0.89484755859375 0.6454166015625 0.8836771484375 0.652641796875 0.865281640625 0.6569015625 0.8598666015625 0.65987216796875 0.85608642578125 0.667097265625 0.85017119140625 0.67760751953125 0.84623115234375 0.69206298828125 0.848201171875 0.698633203125 0.84688603515625 0.7191638671875 0.8305998046875 0.74462470703125 0.8403158203125 0.75973515625 0.85082607421875 0.77616064453125 0.85477138671875 0.78207587890625 0.8665966796875 0.782730859375 0.88170712890625 0.7873310546875 0.89222255859375 0.7879859375 0.9040478515625 0.78783125 0.904212890625 0.765650390625 0.92769853515625 0.7610501953125 0.9388689453125 0.75316494140625 0.94675419921875 0.7465947265625 0.94872421875 0.7406845703125 0.94477900390625 0.73673935546875 0.94477900390625 0.7380544921875 0.95791943359375 0.73608447265625 0.96843486328125 0.74133955078125 0.97829013671875 0.74002451171875 0.989460546875 0.72754423828125 0.99865576171875 0.7176888671875 0.99800078125 0.7160513671875 0.9990234375 0.622162109375 0.9990234375 0.6197908203125 0.997340625
0 0.25155498046875 0.72235126953125 0.2609564453125 0.7311236328125 0.27661875 0.73362998046875 0.28100234375 0.73864267578125 0.288521484375 0.7549341796875 0.2966697265625 0.7605708984375 0.3355185546875 0.76120009765625 0.36120625 0.7637064453125 0.3724849609375 0.7680900390625 0.3812572265625 0.77373193359375 0.37499130859375 0.78688779296875 0.37561533203125 0.7919005859375 0.383763671875 0.80568564453125 0.38188125 0.816340234375 0.37373818359375 0.8276189453125 0.37499130859375 0.835762109375 0.37937490234375 0.8407748046875 0.39378916015625 0.85017119140625 0.4132109375 0.8526775390625 0.43075556640625 0.85894345703125 0.43890380859375 0.86395625 0.44203427734375 0.867091796875 0.44522138671875 0.87554951171875 0.4407810546875 0.87398173828125 0.42323642578125 0.88275400390625 0.41509326171875 0.87461083984375 0.39817265625 0.87461083984375 0.3931599609375 0.8796236328125 0.39190673828125 0.89215546875 0.39190673828125 0.899674609375 0.39566630859375 0.9090708984375 0.39378916015625 0.9241091796875 0.3812572265625 0.93413466796875 0.36621904296875 0.93851826171875 0.3518099609375 0.96170478515625 0.35431630859375 0.9761138671875 0.36037080078125 0.98199814453125 0.34366162109375 0.9880216796875 0.31358515625 0.9848861328125 0.304812890625 0.97047705078125 0.28350869140625 0.97486064453125 0.2697236328125 0.97047705078125 0.2565677734375 0.97486064453125 0.23965234375 0.97486064453125 0.2246140625 0.9792494140625 0.21834814453125 0.9792494140625 0.20957587890625 0.97486064453125 0.2045630859375 0.96984794921875 0.20581630859375 0.957316015625 0.21458857421875 0.939771484375 0.215841796875 0.93037509765625 0.20393388671875 0.9165900390625 0.19641484375 0.91721923828125 0.19203125 0.9197255859375 0.18764248046875 0.92536240234375 0.1851361328125 0.93851826171875 0.17448662109375 0.94165380859375 0.17636376953125 0.9535564453125 0.147545703125 0.9591984375 0.14253291015625 0.95418564453125 0.13501376953125 0.9391474609375 0.11558681640625 0.93789423828125 0.10681455078125 0.9316283203125 0.09867138671875 0.89842138671875 0.09491181640625 0.8965390625 0.08739267578125 0.89842138671875 0.0779912109375 0.89716826171875 0.0798736328125 0.88024765625 0.089269921875 0.85518388671875 0.1005486328125 0.85142431640625 0.12624150390625 0.85017119140625 0.13376064453125 0.844534375 0.132507421875 0.82824296875 0.13752021484375 0.81069833984375 0.1333841796875 0.80465419921875 0.129371875 0.798795703125 0.129371875 0.7912765625 0.13563779296875 0.77749150390625 0.16696748046875 0.752427734375 0.1776169921875 0.7492921875 0.17833388671875 0.74882802734375 0.200803515625 0.73425908203125 0.209065234375 0.73189716796875 0.2446650390625 0.72172724609375 0.25057001953125 0.72226357421875 0.25155498046875 0.72235126953125
0 0.552938671875 0.730499609375 0.552938671875 0.74114912109375 0.55606904296875 0.75054541015625 0.55419189453125 0.77811552734375 0.55795146484375 0.788141015625 0.5623349609375 0.79378291015625 0.56296416015625 0.798795703125 0.55920458984375 0.80693876953125 0.54854990234375 0.8188466796875 0.5447955078125 0.83263173828125 0.53539404296875 0.84578759765625 0.5328876953125 0.8558130859375 0.53351689453125 0.8796236328125 0.52975732421875 0.88275400390625 0.51095947265625 0.889019921875 0.5001037109375 0.89448134765625 0.499680859375 0.89403271484375 0.4940388671875 0.8959150390625 0.48965537109375 0.9002986328125 0.48651982421875 0.899674609375 0.4764943359375 0.89090234375 0.46772197265625 0.87711728515625 0.46396240234375 0.87461083984375 0.4514357421875 0.87774130859375 0.44522138671875 0.87554951171875 0.44203427734375 0.867091796875 0.43890380859375 0.86395625 0.43075556640625 0.85894345703125 0.4132109375 0.8526775390625 0.39378916015625 0.85017119140625 0.37937490234375 0.8407748046875 0.37499130859375 0.835762109375 0.37373818359375 0.8276189453125 0.38188125 0.816340234375 0.383763671875 0.80568564453125 0.37561533203125 0.7919005859375 0.37499130859375 0.78688779296875 0.3812572265625 0.77373193359375 0.38188125 0.7549341796875 0.38752314453125 0.74490859375 0.39504228515625 0.73801865234375 0.41571728515625 0.73926669921875 0.42135927734375 0.71357900390625 0.421983203125 0.69102158203125 0.41885283203125 0.68162529296875 0.40882734375 0.67285302734375 0.4094513671875 0.66971748046875 0.43075556640625 0.66282744140625 0.45957880859375 0.66721103515625 0.475875390625 0.64941376953125 0.49387900390625 0.654153125 0.50450791015625 0.66005810546875 0.51513681640625 0.68367783203125 0.5470234375 0.69076376953125 0.55529033203125 0.7096595703125 0.5631859375 0.7184318359375 0.552938671875 0.730499609375
0 0.78783125 0.904212890625 0.7879859375 0.9040478515625 0.7873310546875 0.89222255859375 0.782730859375 0.88170712890625 0.78207587890625 0.8665966796875 0.77616064453125 0.85477138671875 0.75973515625 0.85082607421875 0.74462470703125 0.8403158203125 0.7191638671875 0.8305998046875 0.698633203125 0.84688603515625 0.69206298828125 0.848201171875 0.67760751953125 0.84623115234375 0.667097265625 0.85017119140625 0.65987216796875 0.85608642578125 0.6569015625 0.8598666015625 0.65527197265625 0.85608642578125 0.6539568359375 0.84163095703125 0.65592685546875 0.83440576171875 0.6657822265625 0.81995029296875 0.6657822265625 0.816005078125 0.65527197265625 0.8087798828125 0.65067177734375 0.80155478515625 0.650016796875 0.7943244140625 0.65658701171875 0.784469140625 0.6572419921875 0.77527392578125 0.650016796875 0.76015830078125 0.6441015625 0.75621826171875 0.6454166015625 0.75030302734375 0.65198681640625 0.74767802734375 0.66644228515625 0.73453759765625 0.6802376953125 0.732567578125 0.7071734375 0.72402734375 0.713088671875 0.71876708984375 0.73279931640625 0.71548193359375 0.7426546875 0.7108869140625 0.751194921875 0.703656640625 0.762365234375 0.67737578125 0.79061611328125 0.64780986328125 0.8011263671875 0.64058466796875 0.80901162109375 0.6386146484375 0.82280703125 0.63992978515625 0.8326623046875 0.631384375 0.8372625 0.631384375 0.863543359375 0.6471548828125 0.86945859375 0.6675205078125 0.87011357421875 0.67672080078125 0.874713671875 0.686576171875 0.87142861328125 0.701031640625 0.87208359375 0.70628671875 0.88325390625 0.7194271484375 0.90624970703125 0.73847763671875 0.9167599609375 0.7568732421875 0.9167599609375 0.76607353515625 0.91018974609375 0.778558984375 0.90690458984375 0.79957958984375 0.897709375 0.80220966796875 0.897709375 0.81009501953125 0.89442431640625 0.81074990234375 0.88982412109375 0.80746484375 0.88588408203125 0.80943486328125 0.88588408203125 0.81863525390625 0.8898447265625 0.8317705078125 0.88752919921875 0.8320025390625 0.88189248046875 0.83513291015625 0.8718669921875 0.85957265625 0.8687314453125 0.8633322265625 0.85619951171875 0.87022216796875 0.84868046875 0.87335771484375 0.8298826171875 0.8764880859375 0.80983681640625 0.8764880859375 0.7929162109375 0.90218095703125 0.7929162109375 0.90430576171875 0.78783125 0.904212890625
0 0.316720703125 0.65906796875 0.30544208984375 0.67034658203125 0.29604052734375 0.6766125 0.29165703125 0.68976845703125 0.2728591796875 0.700423046875 0.26158046875 0.703553515625 0.25845009765625 0.7066890625 0.25093095703125 0.721098046875 0.25057001953125 0.72226357421875 0.2446650390625 0.72172724609375 0.209065234375 0.73189716796875 0.20769345703125 0.731752734375 0.18012333984375 0.73362998046875 0.17699296875 0.7355123046875 0.17699296875 0.73926669921875 0.17833388671875 0.74882802734375 0.1776169921875 0.7492921875 0.16696748046875 0.752427734375 0.13563779296875 0.77749150390625 0.129371875 0.7912765625 0.129371875 0.798795703125 0.1333841796875 0.80465419921875 0.121852734375 0.7994197265625 0.116216015625 0.7994197265625 0.09177626953125 0.8119515625 0.07924443359375 0.81383388671875 0.0736076171875 0.81007431640625 0.04981259765625 0.78038466796875 0.0441603515625 0.7480390625 0.0560630859375 0.72298046875 0.06295810546875 0.6972875 0.06358212890625 0.67848974609375 0.068594921875 0.67097060546875 0.0736076171875 0.6534259765625 0.0773671875 0.64841328125 0.08613955078125 0.64277646484375 0.0886458984375 0.63776376953125 0.089269921875 0.62962060546875 0.09929541015625 0.61834189453125 0.10744365234375 0.59891494140625 0.1207388671875 0.58126201171875 0.127788671875 0.591566015625 0.134874609375 0.591566015625 0.14314150390625 0.5821181640625 0.1478654296875 0.5821181640625 0.175028125 0.61046181640625 0.19628583984375 0.61046181640625 0.2246244140625 0.598651953125 0.24942509765625 0.61046181640625 0.26713994140625 0.62817666015625 0.31083642578125 0.64352431640625 0.31296630859375 0.64261142578125 0.316720703125 0.65906796875
0 0.69346064453125 0.27034794921875 0.704089453125 0.2797958984375 0.71708037109375 0.28097685546875 0.728890234375 0.30695859375 0.73715712890625 0.29987265625 0.74424306640625 0.28097685546875 0.75959072265625 0.28097685546875 0.77376259765625 0.26798603515625 0.78439140625 0.27152900390625 0.79147734375 0.28451982421875 0.79147734375 0.29751064453125 0.78439140625 0.31522548828125 0.78675341796875 0.3600978515625 0.81391611328125 0.41206123046875 0.81627802734375 0.4297759765625 0.82808798828125 0.44512880859375 0.845802734375 0.45930068359375 0.84698369140625 0.4876443359375 0.79620126953125 0.49000634765625 0.7749435546875 0.5029919921875 0.7643146484375 0.51834482421875 0.77021962890625 0.5348787109375 0.80328720703125 0.5750322265625 0.8080111328125 0.5856611328125 0.8080111328125 0.598651953125 0.80092529296875 0.6222716796875 0.7749435546875 0.65061025390625 0.761952734375 0.67068701171875 0.73715712890625 0.67659189453125 0.721804296875 0.6884017578125 0.6946416015625 0.70021162109375 0.6781078125 0.6919447265625 0.66747890625 0.6919447265625 0.6639359375 0.6954876953125 0.66747890625 0.71792646484375 0.65566904296875 0.72737431640625 0.6367732421875 0.736822265625 0.6027154296875 0.74745625 0.58599599609375 0.7427271484375 0.580091015625 0.72855537109375 0.56591923828125 0.72146943359375 0.5631859375 0.7184318359375 0.55529033203125 0.7096595703125 0.5470234375 0.69076376953125 0.51513681640625 0.68367783203125 0.50450791015625 0.66005810546875 0.49387900390625 0.654153125 0.475875390625 0.64941376953125 0.44900673828125 0.64234326171875 0.4324728515625 0.6258146484375 0.43129189453125 0.6116427734375 0.4466447265625 0.5714892578125 0.43365390625 0.54786953125 0.43837783203125 0.52897373046875 0.4491716796875 0.52098017578125 0.470264453125 0.50535400390625 0.492698046875 0.504173046875 0.52812763671875 0.47583447265625 0.57654814453125 0.467567578125 0.5777291015625 0.464024609375 0.5706431640625 0.45575771484375 0.583633984375 0.4545767578125 0.594262890625 0.44867177734375 0.594262890625 0.44158583984375 0.56946220703125 0.42387109375 0.56946220703125 0.41796611328125 0.570730859375 0.416223046875 0.57891005859375 0.40497529296875 0.5801529296875 0.402711328125 0.608434765625 0.40497529296875 0.62496337890625 0.40143232421875 0.6261443359375 0.3860794921875 0.61670166015625 0.36127880859375 0.62260146484375 0.3565599609375 0.6403162109375 0.35301708984375 0.64267822265625 0.34829306640625 0.63913525390625 0.3305783203125 0.62496337890625 0.31758740234375 0.6178826171875 0.30105361328125 0.62260146484375 0.28924375 0.6332302734375 0.27861484375 0.66629794921875 0.27034794921875 0.66629794921875 0.2656240234375 0.66921171875 0.26612939453125 0.69346064453125 0.27034794921875
0 0.19038095703125 0.19358896484375 0.1993130859375 0.1941150390625 0.2104525390625 0.19477001953125 0.25651103515625 0.18059814453125 0.2612349609375 0.1853220703125 0.2647779296875 0.1994939453125 0.28367373046875 0.19713193359375 0.3155603515625 0.20421787109375 0.33445615234375 0.21720869140625 0.358070703125 0.21720869140625 0.38050947265625 0.224289453125 0.42184404296875 0.22075166015625 0.43837783203125 0.234918359375 0.4324728515625 0.27507197265625 0.4360158203125 0.28570078125 0.4501876953125 0.29278671875 0.470264453125 0.29160576171875 0.5025275390625 0.2945865234375 0.51513681640625 0.30459658203125 0.5163177734375 0.31522548828125 0.50805087890625 0.34593115234375 0.5198607421875 0.35537900390625 0.5163177734375 0.36718369140625 0.51867978515625 0.37190771484375 0.5255181640625 0.37800859375 0.53167060546875 0.39788935546875 0.5399375 0.4073373046875 0.5529283203125 0.40851826171875 0.570730859375 0.416223046875 0.56946220703125 0.41796611328125 0.56946220703125 0.42387109375 0.594262890625 0.44158583984375 0.594262890625 0.44867177734375 0.583633984375 0.4545767578125 0.5706431640625 0.45575771484375 0.5777291015625 0.464024609375 0.57654814453125 0.467567578125 0.52812763671875 0.47583447265625 0.492698046875 0.504173046875 0.470264453125 0.50535400390625 0.4491716796875 0.52098017578125 0.43837783203125 0.51834482421875 0.4289298828125 0.511258984375 0.42538701171875 0.55259345703125 0.4159390625 0.55613642578125 0.41357705078125 0.5714892578125 0.39468134765625 0.57385126953125 0.39468134765625 0.5821181640625 0.40412919921875 0.59274697265625 0.40412919921875 0.59747099609375 0.38759541015625 0.6187287109375 0.3816904296875 0.62463369140625 0.3746044921875 0.62463369140625 0.368699609375 0.61990966796875 0.332094140625 0.62345263671875 0.3191033203125 0.63998134765625 0.31296630859375 0.64261142578125 0.31083642578125 0.64352431640625 0.26713994140625 0.62817666015625 0.24942509765625 0.61046181640625 0.2246244140625 0.598651953125 0.19628583984375 0.61046181640625 0.175028125 0.61046181640625 0.1478654296875 0.5821181640625 0.14314150390625 0.5821181640625 0.134874609375 0.591566015625 0.127788671875 0.591566015625 0.1207388671875 0.58126201171875 0.11243583984375 0.56912724609375 0.11125478515625 0.54786953125 0.09826396484375 0.5277927734375 0.07464423828125 0.5608603515625 0.0569345703125 0.57267021484375 0.05221064453125 0.5714892578125 0.03921982421875 0.5584984375 0.0274099609375 0.5573173828125 0.01914306640625 0.54905048828125 0.01560009765625 0.5171638671875 0.0151875 0.51624072265625 0.0061521484375 0.49590615234375 0.00553330078125 0.49253330078125 0.00142822265625 0.471110546875 0.04630576171875 0.4545767578125 0.05929658203125 0.44276689453125 0.05929658203125 0.4345 0.04158173828125 0.4297759765625 0.0344958984375 0.42150908203125 0.03567685546875 0.39552744140625 0.04630576171875 0.37781259765625 0.06992548828125 0.354198046875 0.06874443359375 0.33175927734375 0.05457265625 0.29987265625 0.08054921875 0.27152900390625 0.07700625 0.2514521484375 0.0864541015625 0.24082333984375 0.0906365234375 0.228312109375 0.11479775390625 0.212484765625 0.13605556640625 0.205398828125 0.13747373046875 0.2011494140625 0.13959853515625 0.2030369140625 0.14196044921875 0.2254705078125 0.14904638671875 0.227832421875 0.16676123046875 0.20421787109375 0.1679421875 0.19358896484375 0.16321826171875 0.1782361328125 0.16953056640625 0.1724962890625 0.17148515625 0.17705517578125 0.17405859375 0.17625068359375 0.19038095703125 0.19358896484375
0 0.98340576171875 0.7990896484375 0.9752162109375 0.7969236328125 0.9485021484375 0.789848046875 0.9402919921875 0.7836904296875 0.9402919921875 0.775475 0.95261240234375 0.73338759765625 0.94337080078125 0.7159357421875 0.92386650390625 0.70566787109375 0.90744091796875 0.6810322265625 0.90025185546875 0.67795341796875 0.8797212890625 0.6789796875 0.87048486328125 0.66255419921875 0.8602169921875 0.62662431640625 0.8602169921875 0.6204615234375 0.86534833984375 0.6163564453125 0.8838263671875 0.6122513671875 0.88998916015625 0.60712001953125 0.89204169921875 0.587610546875 0.87869501953125 0.56194853515625 0.87766875 0.5434705078125 0.89204169921875 0.52396611328125 0.91462490234375 0.50856689453125 0.901278125 0.47571591796875 0.915651171875 0.4562115234375 0.93207666015625 0.44389111328125 0.9443970703125 0.43978603515625 0.96492763671875 0.4408123046875 0.99059482421875 0.45518525390625 0.9990234375 0.457592578125 0.9990234375 0.79964716796875 0.98340576171875 0.7990896484375
0 0.9863349609375 0.1309966796875 0.976887109375 0.13690166015625 0.9638962890625 0.1274537109375 0.962715234375 0.1085580078125 0.95444833984375 0.0873001953125 0.95444833984375 0.06722861328125 0.95090537109375 0.0625046875 0.9284666015625 0.0625046875 0.92728564453125 0.05305673828125 0.92374267578125 0.05069482421875 0.91547578125 0.05069482421875 0.90720888671875 0.05659970703125 0.8989419921875 0.05541875 0.8800513671875 0.03652294921875 0.8765083984375 0.0140841796875 0.88123232421875 0.00227431640625 0.87867373046875 0 0.9990234375 0 0.9990234375 0.10879189453125 0.9863349609375 0.1309966796875
0 0.56828115234375 0.00936025390625 0.5777291015625 0.027075 0.59473740234375 0.04608427734375 0.597805859375 0.04951376953125 0.5883580078125 0.0577806640625 0.57182412109375 0.0873001953125 0.5635572265625 0.12036787109375 0.5529283203125 0.14044462890625 0.55174736328125 0.1593404296875 0.55765234375 0.16878828125 0.57182412109375 0.1794171875 0.608434765625 0.1959509765625 0.65566904296875 0.23964228515625 0.6652974609375 0.25782646484375 0.66849482421875 0.25832666015625 0.66921171875 0.26612939453125 0.66629794921875 0.2656240234375 0.66629794921875 0.27034794921875 0.6332302734375 0.27861484375 0.62260146484375 0.28924375 0.6178826171875 0.30105361328125 0.62496337890625 0.31758740234375 0.63913525390625 0.3305783203125 0.64267822265625 0.34829306640625 0.6403162109375 0.35301708984375 0.62260146484375 0.3565599609375 0.61670166015625 0.36127880859375 0.6261443359375 0.3860794921875 0.62496337890625 0.40143232421875 0.608434765625 0.40497529296875 0.5801529296875 0.402711328125 0.57891005859375 0.40497529296875 0.570730859375 0.416223046875 0.5529283203125 0.40851826171875 0.5399375 0.4073373046875 0.53167060546875 0.39788935546875 0.5255181640625 0.37800859375 0.51867978515625 0.37190771484375 0.5163177734375 0.36718369140625 0.5198607421875 0.35537900390625 0.50805087890625 0.34593115234375 0.5163177734375 0.31522548828125 0.51513681640625 0.30459658203125 0.5025275390625 0.2945865234375 0.470264453125 0.29160576171875 0.4501876953125 0.29278671875 0.4360158203125 0.28570078125 0.4324728515625 0.27507197265625 0.43837783203125 0.234918359375 0.42184404296875 0.22075166015625 0.38050947265625 0.224289453125 0.358070703125 0.21720869140625 0.33445615234375 0.21720869140625 0.3155603515625 0.20421787109375 0.28367373046875 0.19713193359375 0.2647779296875 0.1994939453125 0.2612349609375 0.1853220703125 0.25651103515625 0.18059814453125 0.2104525390625 0.19477001953125 0.1993130859375 0.1941150390625 0.19305751953125 0.1812685546875 0.1912783203125 0.169809375 0.1951048828125 0.16406435546875 0.19437255859375 0.16039248046875 0.19310908203125 0.15407490234375 0.19741533203125 0.14440009765625 0.2021908203125 0.14280654296875 0.2042794921875 0.13332255859375 0.20513037109375 0.132177734375 0.21517646484375 0.132177734375 0.2130517578125 0.12297734375 0.21693505859375 0.118872265625 0.22926064453125 0.10732021484375 0.25236982421875 0.0988470703125 0.2585326171875 0.0919158203125 0.26469541015625 0.0741958984375 0.2654638671875 0.04954990234375 0.270858203125 0.02951953125 0.2793314453125 0.01565712890625 0.29704619140625 0.0025630859375 0.29840009765625 0 0.4247572265625 0 0.4289298828125 0.004636328125 0.4465478515625 0 0.45332041015625 0 0.47498837890625 0.0140841796875 0.48207431640625 0.0140841796875 0.489155078125 0.008179296875 0.49119990234375 0 0.55676611328125 0 0.56828115234375 0.00936025390625
0 0.6652974609375 0.25782646484375 0.65566904296875 0.23964228515625 0.608434765625 0.1959509765625 0.57182412109375 0.1794171875 0.55765234375 0.16878828125 0.55174736328125 0.1593404296875 0.5529283203125 0.14044462890625 0.5635572265625 0.12036787109375 0.57182412109375 0.0873001953125 0.5883580078125 0.0577806640625 0.597805859375 0.04951376953125 0.59473740234375 0.04608427734375 0.604891796875 0.04360888671875 0.607697265625 0.0435263671875 0.64622119140625 0.04242783203125 0.68873671875 0.0282560546875 0.70290849609375 0.026229296875 0.721804296875 0.02353212890625 0.7454240234375 0.02943701171875 0.77021962890625 0.04597080078125 0.787934375 0.04951376953125 0.80092529296875 0.0684095703125 0.79383935546875 0.10619599609375 0.787934375 0.114462890625 0.79029638671875 0.125091796875 0.77730546875 0.12981572265625 0.77376259765625 0.135720703125 0.7649490234375 0.17249111328125 0.77258154296875 0.2136658203125 0.7820294921875 0.231375390625 0.7820294921875 0.252633203125 0.7784865234375 0.2585380859375 0.75014794921875 0.26798603515625 0.71708037109375 0.259719140625 0.66984091796875 0.2585380859375 0.66849482421875 0.25832666015625 0.6652974609375 0.25782646484375
0 0.19982880859375 0.00227431640625 0.2246244140625 0.01172216796875 0.242282421875 0.03600205078125 0.24352021484375 0.03770390625 0.24588212890625 0.05305673828125 0.2246244140625 0.0873001953125 0.21163349609375 0.0943861328125 0.19982880859375 0.0908431640625 0.19274287109375 0.09320517578125 0.19392392578125 0.09911005859375 0.21163349609375 0.11682490234375 0.2130517578125 0.12297734375 0.21517646484375 0.132177734375 0.20513037109375 0.132177734375 0.204552734375 0.132177734375 0.2042794921875 0.13332255859375 0.2021908203125 0.14280654296875 0.19741533203125 0.14440009765625 0.1915619140625 0.14634951171875 0.19310908203125 0.15407490234375 0.19437255859375 0.16039248046875 0.1951048828125 0.16406435546875 0.1912783203125 0.169809375 0.19038095703125 0.17115029296875 0.17405859375 0.17625068359375 0.17148515625 0.17705517578125 0.16953056640625 0.1724962890625 0.16870029296875 0.1705623046875 0.1679421875 0.16878828125 0.16707578125 0.16883466796875 0.14550341796875 0.16996923828125 0.15022734375 0.1853220703125 0.1407794921875 0.19122705078125 0.13747373046875 0.2011494140625 0.13605556640625 0.205398828125 0.11479775390625 0.212484765625 0.0906365234375 0.228312109375 0.08054921875 0.234918359375 0.06520146484375 0.2360994140625 0.05457265625 0.219570703125 0.0368578125 0.219570703125 0.03567685546875 0.231375390625 0.0569345703125 0.24436630859375 0.0569345703125 0.249090234375 0.0309529296875 0.26326201171875 0.00851416015625 0.2549951171875 0 0.2549951171875 0 0.04045595703125 0.00142822265625 0.03888486328125 0.01914306640625 0.02943701171875 0.0167810546875 0.0105412109375 0.01205712890625 0.00227431640625 0.01219921875 0 0.198009375 0 0.19982880859375 0.00227431640625
0 0.4289298828125 0.004636328125 0.4247572265625 0 0.4465478515625 0 0.4289298828125 0.004636328125
0 0.489155078125 0.008179296875 0.48207431640625 0.0140841796875 0.47498837890625 0.0140841796875 0.45332041015625 0 0.49119990234375 0 0.489155078125 0.008179296875
0 0.7042494140625 0.0079369140625 0.7052705078125 0.0176271484375 0.70290849609375 0.026229296875 0.68873671875 0.0282560546875 0.64622119140625 0.04242783203125 0.607697265625 0.0435263671875 0.604891796875 0.04360888671875 0.59473740234375 0.04608427734375 0.5777291015625 0.027075 0.56828115234375 0.00936025390625 0.55676611328125 0 0.70341455078125 0 0.7042494140625 0.0079369140625
0 0.72652822265625 0.0069982421875 0.7052705078125 0.008179296875 0.7042494140625 0.0079369140625 0.70341455078125 0 0.73772548828125 0 0.72652822265625 0.0069982421875
0 0.82454501953125 0.027075 0.8150970703125 0.0282560546875 0.79383935546875 0.0176271484375 0.77258154296875 0.01880810546875 0.76667666015625 0.0140841796875 0.76559326171875 0 0.8192814453125 0 0.82454501953125 0.027075