0 0.91500234375 0.97460068359375 0.93058212890625 0.96185732421875 0.93553818359375 0.96327041015625 0.9426189453125 0.973894140625 0.96811064453125 0.96751982421875 0.98439697265625 0.970351171875 0.9865216796875 0.97318759765625 0.9865216796875 0.98734912109375 0.988646484375 0.989473828125 0.9990234375 0.9930818359375 0.9990234375 0.9990234375 0.895327734375 0.9990234375 0.91500234375 0.97460068359375
0 0.86401884765625 0.9908869140625 0.86756181640625 0.98380615234375 0.88484931640625 0.9990234375 0.86542255859375 0.9990234375 0.86401884765625 0.9908869140625
0 0.3543689453125 0.989602734375 0.3709646484375 0.9907115234375 0.3798142578125 0.97079462890625 0.3843732421875 0.9698818359375 0.4096896484375 0.980753125 0.41853935546875 0.96747861328125 0.4190962890625 0.96710732421875 0.4262853515625 0.97190341796875 0.44398984375 0.9763283203125 0.4576078125 0.9990234375 0.33134169921875 0.9990234375 0.3543689453125 0.989602734375
0 0.31106953125 0.9982048828125 0.31449931640625 0.9990234375 0.31110390625 0.9990234375 0.31106953125 0.9982048828125
0 0.5369267578125 0.9984576171875 0.5479888671875 0.99624521484375 0.56348095703125 0.9685822265625 0.5645845703125 0.93871201171875 0.5632333984375 0.9376703125 0.56348095703125 0.93760322265625 0.59556357421875 0.9353908203125 0.5958111328125 0.93317841796875 0.5977759765625 0.9143703125 0.6066255859375 0.91215791015625 0.618796484375 0.92100751953125 0.62322646484375 0.9021994140625 0.6365009765625 0.89113740234375 0.641075390625 0.88942001953125 0.66305517578125 0.88117890625 0.6785419921875 0.88228251953125 0.696246484375 0.8690080078125 0.71062978515625 0.8690080078125 0.7198353515625 0.87139580078125 0.7405 0.8767541015625 0.78807470703125 0.8800701171875 0.809100390625 0.8856037109375 0.81462880859375 0.903308203125 0.8411830078125 0.90662431640625 0.85667509765625 0.91547392578125 0.85667509765625 0.92432880859375 0.8522501953125 0.93206962890625 0.85556630859375 0.9464529296875 0.84450419921875 0.96636982421875 0.84450419921875 0.97300703125 0.85335380859375 0.97743193359375 0.85446259765625 0.9818619140625 0.8549814453125 0.9990234375 0.536455078125 0.9990234375 0.5369267578125 0.9984576171875
0 0.190103515625 0.9987 0.21210908203125 0.98659619140625 0.22311435546875 0.94368349609375 0.2422525390625 0.9490005859375 0.24291787109375 0.94918623046875 0.27812568359375 0.971191796875 0.3100380859375 0.9744923828125 0.31106953125 0.9982048828125 0.31110390625 0.9990234375 0.19006298828125 0.9990234375 0.190103515625 0.9987
0 0.44398984375 0.9763283203125 0.4262853515625 0.97190341796875 0.4190962890625 0.96710732421875 0.4096896484375 0.96083623046875 0.40747724609375 0.9298572265625 0.4207517578125 0.903308203125 0.4207517578125 0.888925 0.4428810546875 0.8767541015625 0.4523134765625 0.87641884765625 0.47386005859375 0.8756453125 0.49598935546875 0.8878162109375 0.52918076171875 0.89445341796875 0.54024287109375 0.91990390625 0.5632333984375 0.9376703125 0.5645845703125 0.93871201171875 0.56348095703125 0.9685822265625 0.5479888671875 0.99624521484375 0.5369267578125 0.9984576171875 0.536455078125 0.9990234375 0.4576078125 0.9990234375 0.44398984375 0.9763283203125
0 0.31106953125 0.9982048828125 0.3100380859375 0.9744923828125 0.27812568359375 0.971191796875 0.24291787109375 0.94918623046875 0.2422525390625 0.9490005859375 0.25172109375 0.92942919921875 0.25258232421875 0.92764482421875 0.2603232421875 0.91990390625 0.278027734375 0.91215791015625 0.2957322265625 0.886707421875 0.311219140625 0.8756453125 0.3283666015625 0.8575953125 0.3322396484375 0.853516015625 0.334013671875 0.85316015625 0.3433068359375 0.85130361328125 0.35565302734375 0.8528455078125 0.36100615234375 0.853516015625 0.36321865234375 0.8690080078125 0.3674732421875 0.87156083984375 0.36875224609375 0.872329296875 0.3842443359375 0.8712205078125 0.38824111328125 0.87961630859375 0.39530634765625 0.89445341796875 0.39530634765625 0.901090625 0.38645673828125 0.9132615234375 0.3820318359375 0.94092451171875 0.39641513671875 0.96747861328125 0.3843732421875 0.9698818359375 0.3798142578125 0.97079462890625 0.3709646484375 0.9907115234375 0.3543689453125 0.989602734375 0.33134169921875 0.9990234375 0.31449931640625 0.9990234375 0.31106953125 0.9982048828125
0 0.2796470703125 0.70312841796875 0.29130732421875 0.71300439453125 0.2924109375 0.7218591796875 0.28687734375 0.73402490234375 0.2879861328125 0.75062060546875 0.30679423828125 0.76943388671875 0.3377732421875 0.77828349609375 0.33666962890625 0.80041279296875 0.34773173828125 0.8214333984375 0.34773173828125 0.83249541015625 0.34524599609375 0.83311943359375 0.33445205078125 0.83581669921875 0.33002724609375 0.8413451171875 0.334013671875 0.85316015625 0.3322396484375 0.853516015625 0.3283666015625 0.8575953125 0.311219140625 0.8756453125 0.2957322265625 0.886707421875 0.278027734375 0.91215791015625 0.2603232421875 0.91990390625 0.25258232421875 0.92764482421875 0.25172109375 0.92942919921875 0.2437275390625 0.92432880859375 0.2326654296875 0.90773310546875 0.21828212890625 0.89998701171875 0.20722001953125 0.8878162109375 0.1994740234375 0.872329296875 0.17513232421875 0.859049609375 0.16407021484375 0.84245390625 0.1330912109375 0.831391796875 0.1109619140625 0.81589970703125 0.10764072265625 0.8048376953125 0.109853125 0.792666796875 0.10432470703125 0.7827083984375 0.095475 0.7473044921875 0.10432470703125 0.7318125 0.14636572265625 0.7362373046875 0.1662826171875 0.72407158203125 0.17955712890625 0.72407158203125 0.19172802734375 0.72960009765625 0.20943251953125 0.72849638671875 0.2515560546875 0.701782421875 0.2547947265625 0.6997298828125 0.2749333984375 0.7024837890625 0.2796470703125 0.70312841796875
0 0.00297646484375 0.82519296875 0.0036880859375 0.862721484375 0.00297646484375 0.866264453125 0 0.8676384765625 0 0.82129765625 0.00297646484375 0.82519296875
0 0.01027890625 0.7428796875 0.021186328125 0.77391025390625 0.0169162109375 0.79045439453125 0.00475048828125 0.7959828125 0 0.8038978515625 0 0.7302640625 0.01027890625 0.7428796875
0 0.0169162109375 0.50057626953125 0.02908701171875 0.50057626953125 0.03885986328125 0.505052734375 0.04125791015625 0.5061099609375 0.04125791015625 0.516068359375 0.034620703125 0.53487646484375 0.0390455078125 0.55036337890625 0.03683310546875 0.6034716796875 0.024321875 0.63260439453125 0.01027890625 0.643300390625 0 0.64251162109375 0 0.4963478515625 0.0169162109375 0.50057626953125
0 0.0221970703125 0.10585859375 0.04802412109375 0.13168564453125 0.07081357421875 0.13624453125 0.09512431640625 0.08610673828125 0.1179189453125 0.0921818359375 0.13159052734375 0.083069140625 0.149826171875 0.08002646484375 0.15590126953125 0.0891443359375 0.16785556640625 0.09512138671875 0.180212109375 0.10129970703125 0.1969263671875 0.13016943359375 0.2166783203125 0.14080341796875 0.22883369140625 0.1727107421875 0.23795146484375 0.181828515625 0.2622623046875 0.19246259765625 0.2728962890625 0.212214453125 0.2804927734375 0.21677333984375 0.2804927734375 0.23804658203125 0.26682119140625 0.26691630859375 0.26682119140625 0.2790716796875 0.24402666015625 0.29578603515625 0.2409890625 0.30489873046875 0.24402666015625 0.3170541015625 0.22883369140625 0.34440244140625 0.2346818359375 0.370244921875 0.23045302734375 0.37002314453125 0.22602822265625 0.38329765625 0.2105361328125 0.3844064453125 0.20279521484375 0.39215244140625 0.20722001953125 0.46074765625 0.1884119140625 0.47513095703125 0.1607490234375 0.4762345703125 0.14304970703125 0.482876953125 0.139728515625 0.485089453125 0.139728515625 0.48727607421875 0.13159052734375 0.48114931640625 0.114876171875 0.4765904296875 0.08752783203125 0.444683203125 0.07081357421875 0.4431669921875 0.06321708984375 0.44924208984375 0.06473837890625 0.46595634765625 0.0419490234375 0.50242255859375 0.03885986328125 0.505052734375 0.02908701171875 0.50057626953125 0.0169162109375 0.50057626953125 0 0.4963478515625 0 0.10442724609375 0.0221970703125 0.10585859375
0 0.7278650390625 0.64836982421875 0.731475 0.65089169921875 0.73939638671875 0.6665384765625 0.73275908203125 0.68534658203125 0.737183984375 0.68977138671875 0.75045849609375 0.693092578125 0.757095703125 0.70968828125 0.7471423828125 0.72849638671875 0.74916396484375 0.75747958984375 0.75045849609375 0.77607109375 0.73275908203125 0.80151650390625 0.7360751953125 0.83581669921875 0.72058828125 0.84245390625 0.723904296875 0.86568681640625 0.7198353515625 0.87139580078125 0.71062978515625 0.8690080078125 0.696246484375 0.8690080078125 0.6785419921875 0.88228251953125 0.66305517578125 0.88117890625 0.641075390625 0.88942001953125 0.62322646484375 0.88339130859375 0.6110556640625 0.87785771484375 0.609946875 0.87343291015625 0.60441318359375 0.87454169921875 0.5944599609375 0.884494921875 0.58892626953125 0.892241015625 0.58892626953125 0.9021994140625 0.5944599609375 0.9187951171875 0.5958111328125 0.93317841796875 0.59556357421875 0.9353908203125 0.56348095703125 0.93760322265625 0.5632333984375 0.9376703125 0.54024287109375 0.91990390625 0.52918076171875 0.89445341796875 0.49598935546875 0.8878162109375 0.47386005859375 0.8756453125 0.4523134765625 0.87641884765625 0.4539431640625 0.864583203125 0.4650103515625 0.853516015625 0.4705388671875 0.8380291015625 0.4705388671875 0.82696181640625 0.452787890625 0.8074369140625 0.4484146484375 0.80262529296875 0.44620224609375 0.7915580078125 0.46279794921875 0.77607109375 0.46611396484375 0.73402490234375 0.48270966796875 0.7041546875 0.49709296875 0.690875 0.513688671875 0.6864501953125 0.519222265625 0.6864501953125 0.53913916015625 0.70525830078125 0.55131005859375 0.7041546875 0.55462607421875 0.69862109375 0.55573486328125 0.6753880859375 0.56321279296875 0.668591015625 0.58007666015625 0.6532587890625 0.60552197265625 0.654367578125 0.6088431640625 0.648833984375 0.6088431640625 0.6366630859375 0.62654248046875 0.62449228515625 0.63428857421875 0.62338857421875 0.665267578125 0.63223828125 0.70952099609375 0.63555947265625 0.72291416015625 0.644909375 0.7278650390625 0.64836982421875
0 0.56790576171875 0.62338857421875 0.5645845703125 0.63555947265625 0.55794736328125 0.64219677734375 0.55683857421875 0.65215517578125 0.56321279296875 0.668591015625 0.55573486328125 0.6753880859375 0.55462607421875 0.69862109375 0.55131005859375 0.7041546875 0.53913916015625 0.70525830078125 0.519222265625 0.6864501953125 0.513688671875 0.6864501953125 0.49709296875 0.690875 0.48270966796875 0.7041546875 0.46611396484375 0.73402490234375 0.46279794921875 0.77607109375 0.44620224609375 0.7915580078125 0.4484146484375 0.80262529296875 0.452787890625 0.8074369140625 0.44951826171875 0.81147490234375 0.44066865234375 0.8380291015625 0.43513505859375 0.8712205078125 0.408580859375 0.8767541015625 0.38824111328125 0.87961630859375 0.3842443359375 0.8712205078125 0.36875224609375 0.872329296875 0.3674732421875 0.87156083984375 0.3599025390625 0.84466630859375 0.34524599609375 0.83311943359375 0.34773173828125 0.83249541015625 0.34773173828125 0.8214333984375 0.33666962890625 0.80041279296875 0.3377732421875 0.77828349609375 0.30679423828125 0.76943388671875 0.2879861328125 0.75062060546875 0.28687734375 0.73402490234375 0.2924109375 0.7218591796875 0.29130732421875 0.71300439453125 0.2796470703125 0.70312841796875 0.2749333984375 0.7024837890625 0.283561328125 0.68423779296875 0.3045818359375 0.67096328125 0.31454033203125 0.66875087890625 0.3211775390625 0.6610048828125 0.32338994140625 0.64773037109375 0.32781474609375 0.64219677734375 0.349944140625 0.64108798828125 0.35658134765625 0.64551279296875 0.36321865234375 0.65768359375 0.37147001953125 0.65995283203125 0.375389453125 0.6610048828125 0.38645673828125 0.65768359375 0.40747724609375 0.63998427734375 0.42296416015625 0.64108798828125 0.42849775390625 0.6366630859375 0.43292255859375 0.63002587890625 0.43513505859375 0.6145337890625 0.42849775390625 0.57912998046875 0.44066865234375 0.56585546875 0.45062705078125 0.56695908203125 0.4727564453125 0.5868759765625 0.480497265625 0.5857671875 0.48710361328125 0.576969140625 0.4982017578125 0.576917578125 0.51037265625 0.58355478515625 0.52143466796875 0.58466357421875 0.52189375 0.59660244140625 0.52254345703125 0.61343017578125 0.54135166015625 0.60679287109375 0.547978515625 0.61093408203125 0.56790576171875 0.62338857421875
0 0.92084541015625 0.61896376953125 0.93633232421875 0.63555947265625 0.934119921875 0.65547119140625 0.9130994140625 0.6698544921875 0.908674609375 0.676496875 0.9097833984375 0.68866259765625 0.92527021484375 0.71411318359375 0.9241666015625 0.71853798828125 0.91642060546875 0.72296279296875 0.9130994140625 0.7329212890625 0.89540009765625 0.73955849609375 0.881016796875 0.753941796875 0.86994951171875 0.75615419921875 0.85667509765625 0.7661126953125 0.8488568359375 0.76531328125 0.8456078125 0.76500390625 0.83675810546875 0.759475390625 0.82569609375 0.76168779296875 0.80688798828125 0.7959828125 0.7969294921875 0.7970916015625 0.76705419921875 0.78934560546875 0.75931328125 0.7661126953125 0.7537796875 0.76057900390625 0.74916396484375 0.75747958984375 0.7471423828125 0.72849638671875 0.757095703125 0.70968828125 0.75045849609375 0.693092578125 0.737183984375 0.68977138671875 0.73275908203125 0.68534658203125 0.73939638671875 0.6665384765625 0.731475 0.65089169921875 0.7278650390625 0.64836982421875 0.74935478515625 0.60679287109375 0.7692666015625 0.58023876953125 0.78918349609375 0.5736015625 0.81131279296875 0.5736015625 0.85003779296875 0.5614306640625 0.862203515625 0.5614306640625 0.8799080078125 0.56806787109375 0.88322919921875 0.5736015625 0.8854416015625 0.5979380859375 0.8976125 0.60789658203125 0.899092578125 0.60860302734375 0.92084541015625 0.61896376953125
0 0.16849501953125 0.55257578125 0.16738623046875 0.56585546875 0.1574330078125 0.57470517578125 0.1574330078125 0.582451171875 0.172919921875 0.60568408203125 0.19726162109375 0.610108984375 0.203898828125 0.62227978515625 0.2216033203125 0.62560107421875 0.23487783203125 0.637771875 0.240426953125 0.63953564453125 0.228240625 0.6776005859375 0.2105361328125 0.68423779296875 0.198365234375 0.70194228515625 0.15411181640625 0.69751748046875 0.1441533203125 0.70747587890625 0.1231328125 0.70968828125 0.101003515625 0.7251751953125 0.08772900390625 0.7251751953125 0.07998291015625 0.71742919921875 0.0667083984375 0.7163255859375 0.0523251953125 0.690875 0.0523251953125 0.682025390625 0.06338720703125 0.67206689453125 0.05675 0.65657998046875 0.05785361328125 0.62449228515625 0.067812109375 0.60568408203125 0.07555810546875 0.5979380859375 0.098791015625 0.5868759765625 0.10432470703125 0.576917578125 0.106537109375 0.560321875 0.1231328125 0.5558970703125 0.13419482421875 0.54593857421875 0.15964541015625 0.543726171875 0.1710478515625 0.54710927734375 0.16849501953125 0.55257578125
0 0.25147353515625 0.3711267578125 0.2713904296875 0.38329765625 0.30236943359375 0.377769140625 0.31232783203125 0.3877224609375 0.33445205078125 0.38883125 0.35769013671875 0.41317294921875 0.3709646484375 0.41870146484375 0.3709646484375 0.42865986328125 0.37871064453125 0.433084765625 0.3842443359375 0.44968046875 0.40332578125 0.45922119140625 0.408580859375 0.46185126953125 0.42407294921875 0.4817681640625 0.4251765625 0.4928302734375 0.41301083984375 0.50389755859375 0.41301083984375 0.50832236328125 0.4207517578125 0.52049326171875 0.4373474609375 0.5282392578125 0.43698642578125 0.53617607421875 0.43642431640625 0.5486099609375 0.43624384765625 0.55257578125 0.3820318359375 0.587984765625 0.380923046875 0.61232138671875 0.37428583984375 0.6311294921875 0.37760185546875 0.65104638671875 0.37147001953125 0.65995283203125 0.36321865234375 0.65768359375 0.35658134765625 0.64551279296875 0.349944140625 0.64108798828125 0.32781474609375 0.64219677734375 0.32338994140625 0.64773037109375 0.3211775390625 0.6610048828125 0.31454033203125 0.66875087890625 0.3045818359375 0.67096328125 0.283561328125 0.68423779296875 0.2749333984375 0.7024837890625 0.2547947265625 0.6997298828125 0.2515560546875 0.701782421875 0.25147353515625 0.70083349609375 0.25589833984375 0.68092177734375 0.2658568359375 0.66875087890625 0.2658568359375 0.6532587890625 0.25921962890625 0.64551279296875 0.240426953125 0.63953564453125 0.23487783203125 0.637771875 0.2216033203125 0.62560107421875 0.203898828125 0.62227978515625 0.19726162109375 0.610108984375 0.172919921875 0.60568408203125 0.1574330078125 0.582451171875 0.1574330078125 0.57470517578125 0.16738623046875 0.56585546875 0.16849501953125 0.55257578125 0.1710478515625 0.54710927734375 0.17624111328125 0.53598017578125 0.1708673828125 0.51779599609375 0.15411181640625 0.50168505859375 0.14194091796875 0.49726025390625 0.139728515625 0.49172666015625 0.139728515625 0.48727607421875 0.139728515625 0.485089453125 0.14304970703125 0.482876953125 0.1607490234375 0.4762345703125 0.1884119140625 0.47513095703125 0.20722001953125 0.46074765625 0.20279521484375 0.39215244140625 0.2105361328125 0.3844064453125 0.22602822265625 0.38329765625 0.23045302734375 0.37002314453125 0.2346818359375 0.370244921875 0.25147353515625 0.3711267578125
0 0.6096580078125 0.20480361328125 0.61549072265625 0.2261955078125 0.62716142578125 0.23883564453125 0.62716142578125 0.244668359375 0.6174349609375 0.258283203125 0.61549072265625 0.28162451171875 0.6174349609375 0.28551298828125 0.6359130859375 0.28356875 0.6427205078125 0.2874572265625 0.6495279296875 0.2952341796875 0.65244169921875 0.304960546875 0.660223828125 0.31274267578125 0.661193359375 0.324408203125 0.67189443359375 0.33315986328125 0.68745361328125 0.3419115234375 0.706901171875 0.34385576171875 0.72014990234375 0.35092626953125 0.72148564453125 0.351637890625 0.72440458984375 0.3584453125 0.74190791015625 0.3584453125 0.76621865234375 0.371085546875 0.78274736328125 0.384700390625 0.7914990234375 0.37983720703125 0.79636220703125 0.37011083984375 0.8011376953125 0.36738271484375 0.80316962890625 0.36622236328125 0.81678447265625 0.365252734375 0.82845 0.36914130859375 0.83497373046875 0.37415400390625 0.8410953125 0.3788625 0.85373544921875 0.40512265625 0.8654060546875 0.41387431640625 0.8644314453125 0.42262607421875 0.85373544921875 0.43721044921875 0.848872265625 0.45276953125 0.85081650390625 0.46054658203125 0.8595681640625 0.4692982421875 0.862487109375 0.49555322265625 0.8527607421875 0.49458369140625 0.8410953125 0.49847216796875 0.83853740234375 0.5033044921875 0.83234365234375 0.5150060546875 0.8235919921875 0.5227830078125 0.7973369140625 0.52083876953125 0.773995703125 0.525701953125 0.76232509765625 0.5363978515625 0.75552275390625 0.54903798828125 0.7370447265625 0.56654140625 0.7234298828125 0.53834208984375 0.70203798828125 0.53931162109375 0.6825904296875 0.54903798828125 0.6573048828125 0.54709375 0.64758369140625 0.5509822265625 0.64077626953125 0.56070869140625 0.64021416015625 0.56167822265625 0.6348662109375 0.56167822265625 0.63008037109375 0.56167822265625 0.6222982421875 0.55778974609375 0.612576953125 0.558764453125 0.60576953125 0.5694603515625 0.60090634765625 0.58210048828125 0.60090634765625 0.58890791015625 0.60479482421875 0.594740625 0.60187587890625 0.60154814453125 0.5960431640625 0.60446708984375 0.58437255859375 0.6034923828125 0.57659560546875 0.59377109375 0.56516728515625 0.5969427734375 0.55975751953125 0.59844345703125 0.5620111328125 0.58112578125 0.5425583984375 0.573348828125 0.53672568359375 0.56167822265625 0.53089296875 0.56167822265625 0.5221412109375 0.56848564453125 0.51047060546875 0.56751611328125 0.50366318359375 0.56459716796875 0.4871345703125 0.54611904296875 0.47643857421875 0.54223056640625 0.45893525390625 0.54223056640625 0.44240146484375 0.5363978515625 0.43698642578125 0.53617607421875 0.4373474609375 0.5282392578125 0.4207517578125 0.52049326171875 0.41301083984375 0.50832236328125 0.41301083984375 0.50389755859375 0.4251765625 0.4928302734375 0.42407294921875 0.4817681640625 0.408580859375 0.46185126953125 0.40332578125 0.45922119140625 0.40545048828125 0.41387431640625 0.411283203125 0.4031732421875 0.42684228515625 0.39053310546875 0.4336498046875 0.37789296875 0.4346244140625 0.31857548828125 0.4414267578125 0.3010720703125 0.462576171875 0.271459765625 0.4657375 0.2670349609375 0.47060068359375 0.25050625 0.48032705078125 0.24175458984375 0.4881041015625 0.22522080078125 0.49588623046875 0.21744375 0.50950107421875 0.20577314453125 0.51118232421875 0.20531416015625 0.52019697265625 0.202859375 0.52700439453125 0.21258056640625 0.54061416015625 0.21841337890625 0.54645205078125 0.2145248046875 0.55034052734375 0.1999404296875 0.55811748046875 0.196051953125 0.58835380859375 0.193581640625 0.60179853515625 0.20066240234375 0.6096580078125 0.20480361328125
0 0.7890236328125 0.06077998046875 0.8119212890625 0.07352333984375 0.82261728515625 0.09297607421875 0.84400908203125 0.10075302734375 0.868319921875 0.11533740234375 0.900619140625 0.10457451171875 0.909164453125 0.101727734375 0.91305302734375 0.11144892578125 0.90722021484375 0.1260333984375 0.91694150390625 0.13089658203125 0.9461154296875 0.1202005859375 0.9597302734375 0.15520732421875 0.93095859375 0.18753232421875 0.928612109375 0.1902140625 0.90041279296875 0.20480361328125 0.895549609375 0.210636328125 0.89848408203125 0.22237919921875 0.90138232421875 0.2339724609375 0.90041279296875 0.2466177734375 0.88971689453125 0.276761328125 0.88290947265625 0.32149443359375 0.8780462890625 0.33024609375 0.86637568359375 0.33704833984375 0.86054287109375 0.34483046875 0.86054287109375 0.36038955078125 0.8459533203125 0.36914130859375 0.83497373046875 0.37415400390625 0.82845 0.36914130859375 0.81678447265625 0.365252734375 0.80316962890625 0.36622236328125 0.8011376953125 0.36738271484375 0.78663583984375 0.352607421875 0.77205146484375 0.34385576171875 0.7574669921875 0.3409419921875 0.7438521484375 0.3419115234375 0.72014990234375 0.35092626953125 0.706901171875 0.34385576171875 0.68745361328125 0.3419115234375 0.67189443359375 0.33315986328125 0.661193359375 0.324408203125 0.660223828125 0.31274267578125 0.65244169921875 0.304960546875 0.6495279296875 0.2952341796875 0.6427205078125 0.2874572265625 0.6359130859375 0.28356875 0.6174349609375 0.28551298828125 0.61549072265625 0.28162451171875 0.6174349609375 0.258283203125 0.62716142578125 0.244668359375 0.62716142578125 0.23883564453125 0.61549072265625 0.2261955078125 0.6096580078125 0.20480361328125 0.60179853515625 0.20066240234375 0.640080078125 0.174613671875 0.64855322265625 0.16882216796875 0.661193359375 0.15618203125 0.660223828125 0.1396482421875 0.6641123046875 0.13381552734375 0.69134208984375 0.11825634765625 0.6971748046875 0.10075302734375 0.71565283203125 0.082275 0.71370859375 0.0657462890625 0.7166224609375 0.0618578125 0.73315625 0.05699462890625 0.7448216796875 0.05699462890625 0.7548111328125 0.0578404296875 0.7890236328125 0.06077998046875
0 0.46671220703125 0.12895234375 0.4754638671875 0.15520732421875 0.49004833984375 0.16882216796875 0.49783046875 0.18730029296875 0.51118232421875 0.20531416015625 0.50950107421875 0.20577314453125 0.49588623046875 0.21744375 0.4881041015625 0.22522080078125 0.48032705078125 0.24175458984375 0.47060068359375 0.25050625 0.4657375 0.2670349609375 0.462576171875 0.271459765625 0.45212783203125 0.27578662109375 0.4414267578125 0.29718359375 0.42684228515625 0.304960546875 0.3937798828125 0.290376171875 0.38891669921875 0.28453828125 0.38502822265625 0.27092861328125 0.36169208984375 0.25536943359375 0.3471025390625 0.2398103515625 0.3539099609375 0.21549951171875 0.3539099609375 0.1941025390625 0.35682890625 0.1863255859375 0.37335751953125 0.16201474609375 0.38502822265625 0.150344140625 0.41225791015625 0.1328408203125 0.42976123046875 0.12895234375 0.4404572265625 0.12311953125 0.4608794921875 0.1250638671875 0.46312802734375 0.12656455078125 0.46671220703125 0.12895234375
0 0.60179853515625 0.20066240234375 0.58835380859375 0.193581640625 0.55811748046875 0.196051953125 0.55034052734375 0.1999404296875 0.54645205078125 0.2145248046875 0.54061416015625 0.21841337890625 0.52700439453125 0.21258056640625 0.52019697265625 0.202859375 0.51118232421875 0.20531416015625 0.49783046875 0.18730029296875 0.49004833984375 0.16882216796875 0.4754638671875 0.15520732421875 0.46671220703125 0.12895234375 0.46312802734375 0.12656455078125 0.45698583984375 0.09588984375 0.4783828125 0.08421923828125 0.48615986328125 0.0618578125 0.49296728515625 0.056019921875 0.52116650390625 0.041435546875 0.52991826171875 0.04337978515625 0.54547734375 0.0589388671875 0.5590921875 0.06088310546875 0.5892357421875 0.08421923828125 0.60187587890625 0.089082421875 0.6262125 0.106874609375 0.64077626953125 0.12992705078125 0.6427205078125 0.13673447265625 0.63396884765625 0.14839990234375 0.63493837890625 0.163958984375 0.640080078125 0.174613671875 0.60179853515625 0.20066240234375
0 0.9722724609375 0.00226181640625 0.96309794921875 0.00501572265625 0.94316552734375 0.0199611328125 0.94217021484375 0.03690751953125 0.92721962890625 0.04786650390625 0.93021083984375 0.05384873046875 0.92921552734375 0.0618216796875 0.90928310546875 0.0717853515625 0.91326962890625 0.08573544921875 0.90430126953125 0.09669951171875 0.900619140625 0.10457451171875 0.868319921875 0.11533740234375 0.84400908203125 0.10075302734375 0.82261728515625 0.09297607421875 0.8119212890625 0.07352333984375 0.7890236328125 0.06077998046875 0.7548111328125 0.0578404296875 0.751819921875 0.03790283203125 0.75680693359375 0.02096162109375 0.75282041015625 0.002024609375 0.75326982421875 0 0.970940234375 0 0.9722724609375 0.00226181640625
0 0.21388310546875 0.01420576171875 0.22166005859375 0.0307396484375 0.25083408203125 0.0492125 0.25658427734375 0.056045703125 0.26152998046875 0.0618578125 0.26347421875 0.0725537109375 0.25764150390625 0.088112890625 0.242082421875 0.08713818359375 0.22166005859375 0.09686455078125 0.21096416015625 0.09686455078125 0.20026826171875 0.0920013671875 0.16785556640625 0.09512138671875 0.15590126953125 0.0891443359375 0.149826171875 0.08002646484375 0.13159052734375 0.083069140625 0.1179189453125 0.0921818359375 0.09512431640625 0.08610673828125 0.07081357421875 0.13624453125 0.04802412109375 0.13168564453125 0.0221970703125 0.10585859375 0 0.10442724609375 0 0 0.21388310546875 0 0.21388310546875 0.01420576171875
0 0.4926681640625 0.00933740234375 0.4727564453125 0.02814560546875 0.45173076171875 0.0226119140625 0.43292255859375 0.00933740234375 0.37317705078125 0.012653515625 0.34551923828125 0.02039951171875 0.33556083984375 0.02039951171875 0.32781474609375 0.01597470703125 0.30568544921875 0.01708349609375 0.283561328125 0.0226119140625 0.27360283203125 0.029254296875 0.2603232421875 0.051378515625 0.25658427734375 0.056045703125 0.25083408203125 0.0492125 0.22166005859375 0.0307396484375 0.21388310546875 0.01420576171875 0.21388310546875 0 0.4920029296875 0 0.4926681640625 0.00933740234375
0 0.98833701171875 0.95641142578125 0.97505732421875 0.9353908203125 0.95846162109375 0.92875361328125 0.93190751953125 0.930966015625 0.92084541015625 0.9265412109375 0.90424970703125 0.9132615234375 0.8976125 0.88339130859375 0.8743744140625 0.8756453125 0.8633123046875 0.85794599609375 0.8633123046875 0.84909111328125 0.87769560546875 0.83581669921875 0.87769560546875 0.831391796875 0.86663349609375 0.7993041015625 0.85446259765625 0.7827083984375 0.8488568359375 0.76531328125 0.85667509765625 0.7661126953125 0.86994951171875 0.75615419921875 0.881016796875 0.753941796875 0.89540009765625 0.73955849609375 0.9130994140625 0.7329212890625 0.91642060546875 0.72296279296875 0.9241666015625 0.71853798828125 0.92527021484375 0.71411318359375 0.9097833984375 0.68866259765625 0.908674609375 0.676496875 0.9130994140625 0.6698544921875 0.934119921875 0.65547119140625 0.93633232421875 0.63555947265625 0.92084541015625 0.61896376953125 0.899092578125 0.60860302734375 0.9219490234375 0.590197265625 0.950715625 0.576917578125 0.95957041015625 0.576917578125 0.97822900390625 0.57755185546875 0.9990234375 0.5782615234375 0.9990234375 0.9559267578125 0.98833701171875 0.95641142578125
0 0.97822900390625 0.57755185546875 0.9716484375 0.5738181640625 0.95890517578125 0.5738181640625 0.9482814453125 0.5702802734375 0.943325390625 0.56319951171875 0.9426189453125 0.55682529296875 0.937662890625 0.55399404296875 0.924914453125 0.5532875 0.908628125 0.54903798828125 0.8980095703125 0.5610748046875 0.88809755859375 0.56815556640625 0.8824298828125 0.56673740234375 0.87676728515625 0.56178134765625 0.85340029296875 0.5582435546875 0.85198203125 0.54549501953125 0.84348310546875 0.52708408203125 0.84631953125 0.51434072265625 0.83853740234375 0.5033044921875 0.8410953125 0.49847216796875 0.8527607421875 0.49458369140625 0.862487109375 0.49555322265625 0.8595681640625 0.4692982421875 0.85081650390625 0.46054658203125 0.848872265625 0.45276953125 0.85373544921875 0.43721044921875 0.8644314453125 0.42262607421875 0.8654060546875 0.41387431640625 0.85373544921875 0.40512265625 0.8410953125 0.3788625 0.83497373046875 0.37415400390625 0.8459533203125 0.36914130859375 0.86054287109375 0.36038955078125 0.86054287109375 0.34483046875 0.86637568359375 0.33704833984375 0.8780462890625 0.33024609375 0.88290947265625 0.32149443359375 0.88971689453125 0.276761328125 0.90041279296875 0.2466177734375 0.90138232421875 0.2339724609375 0.89848408203125 0.22237919921875 0.908628125 0.2169435546875 0.9227896484375 0.21552529296875 0.94120068359375 0.21765009765625 0.95111787109375 0.22331259765625 0.95536220703125 0.2162318359375 0.97306669921875 0.21481884765625 0.97802275390625 0.21765009765625 0.98085400390625 0.2353494140625 0.99005947265625 0.2466796875 0.994308984375 0.24880439453125 0.997140234375 0.259428125 0.9990234375 0.25980458984375 0.9990234375 0.5782615234375 0.97822900390625 0.57755185546875
0 0.99498974609375 0.206325 0.98601630859375 0.19436552734375 0.9371884765625 0.1923697265625 0.93095859375 0.18753232421875 0.9597302734375 0.15520732421875 0.9461154296875 0.1202005859375 0.91694150390625 0.13089658203125 0.90722021484375 0.1260333984375 0.91305302734375 0.11144892578125 0.909164453125 0.101727734375 0.900619140625 0.10457451171875 0.90430126953125 0.09669951171875 0.91326962890625 0.08573544921875 0.90928310546875 0.0717853515625 0.92921552734375 0.0618216796875 0.93021083984375 0.05384873046875 0.92721962890625 0.04786650390625 0.94217021484375 0.03690751953125 0.94316552734375 0.0199611328125 0.96309794921875 0.00501572265625 0.9722724609375 0.00226181640625 0.9730615234375 0.002024609375 0.97444697265625 0 0.9990234375 0 0.9990234375 0.2078271484375 0.99498974609375 0.206325
0 0.9730615234375 0.002024609375 0.9722724609375 0.00226181640625 0.970940234375 0 0.97444697265625 0 0.9730615234375 0.002024609375