0 0.92787919921875 0.99233662109375 0.9253578125 0.99271640625 0.9234060546875 0.994494140625 0.925241796875 0.98807978515625 0.9351427734375 0.9592892578125 0.9484197265625 0.93131103515625 0.94865185546875 0.926626953125 0.95334658203125 0.92699619140625 0.9607841796875 0.9205185546875 0.96664990234375 0.9183294921875 0.97003642578125 0.9121419921875 0.9719353515625 0.9102587890625 0.98616181640625 0.88338837890625 0.99020244140625 0.880170703125 0.99838916015625 0.87365615234375 0.9990234375 0.87020390625 0.9990234375 0.9990234375 0.93373779296875 0.9990234375 0.92787919921875 0.99233662109375
0 0.99372607421875 0.761869921875 0.99008115234375 0.76075166015625 0.995936328125 0.7527390625 0.9990234375 0.75305693359375 0.9990234375 0.76737158203125 0.99372607421875 0.761869921875
0 0.07167998046875 0.992621484375 0.0762322265625 0.977973046875 0.09688876953125 0.9808109375 0.10023837890625 0.9946576171875 0.103569921875 0.9990234375 0.06749013671875 0.9990234375 0.07167998046875 0.992621484375
0 0.0044140625 0.9849939453125 0.0049310546875 0.9768072265625 0.0083755859375 0.9691796875 0.020054296875 0.96791904296875 0.02761318359375 0.96376240234375 0.03462890625 0.96370966796875 0.04286826171875 0.9712369140625 0.05534345703125 0.99567568359375 0.058281640625 0.99799140625 0.06366845703125 0.9990234375 0 0.9990234375 0 0.992942578125 0.0044140625 0.9849939453125
0 0.142996875 0.998787890625 0.14616181640625 0.99493193359375 0.15292431640625 0.99487392578125 0.15990830078125 0.99131328125 0.1630626953125 0.98820634765625 0.18264853515625 0.98528408203125 0.206601953125 0.98450341796875 0.2072349609375 0.98307392578125 0.21316923828125 0.98546337890625 0.220401171875 0.98471435546875 0.22443115234375 0.98091640625 0.2252857421875 0.98259384765625 0.235814453125 0.9842607421875 0.23839921875 0.98272578125 0.2400396484375 0.9848990234375 0.24868525390625 0.9889607421875 0.2566029296875 0.98820634765625 0.261413671875 0.98610166015625 0.26723193359375 0.9815705078125 0.27033359375 0.98189228515625 0.27277060546875 0.9849728515625 0.27560322265625 0.99425146484375 0.2780396484375 0.9990234375 0.14250830078125 0.9990234375 0.142996875 0.998787890625
0 0.60662578125 0.99461015625 0.62146943359375 0.99258984375 0.64778603515625 0.98179208984375 0.6599341796875 0.98314248046875 0.66735595703125 0.98718828125 0.67747861328125 0.995960546875 0.67900947265625 0.9990234375 0.66154287109375 0.9990234375 0.65750244140625 0.9973794921875 0.6543005859375 0.99793857421875 0.654671875 0.9990234375 0.6025546875 0.9990234375 0.60662578125 0.99461015625
0 0.44804580078125 0.99461015625 0.46694052734375 0.97639052734375 0.46816962890625 0.97559931640625 0.47031650390625 0.96896875 0.4735869140625 0.96729130859375 0.49663310546875 0.95547548828125 0.5067556640625 0.95615068359375 0.52024892578125 0.9682935546875 0.52294970703125 0.9736951171875 0.52565048828125 0.991239453125 0.529540234375 0.9990234375 0.44568544921875 0.9990234375 0.44804580078125 0.99461015625
0 0.6543005859375 0.99793857421875 0.65750244140625 0.9973794921875 0.66154287109375 0.9990234375 0.654671875 0.9990234375 0.6543005859375 0.99793857421875
0 0.918553125 0.9989091796875 0.9234060546875 0.994494140625 0.9253578125 0.99271640625 0.92787919921875 0.99233662109375 0.93373779296875 0.9990234375 0.91830693359375 0.9990234375 0.918553125 0.9989091796875
0 0.31578232421875 0.99723701171875 0.311314453125 0.99516923828125 0.30169296875 0.9924369140625 0.29784755859375 0.9890556640625 0.29720927734375 0.9884912109375 0.29439248046875 0.9871091796875 0.2896609375 0.98176572265625 0.2898666015625 0.978015234375 0.2919501953125 0.975187890625 0.296834765625 0.971168359375 0.3014978515625 0.96878935546875 0.3042830078125 0.9657193359375 0.30402978515625 0.9636146484375 0.30044814453125 0.9552169921875 0.2989869140625 0.9482013671875 0.29612265625 0.94143359375 0.29582724609375 0.9337111328125 0.29791611328125 0.9315853515625 0.30071708984375 0.93062529296875 0.30682548828125 0.92995009765625 0.30726328125 0.92916943359375 0.31028056640625 0.92586201171875 0.32170078125 0.91968515625 0.34764287109375 0.913613671875 0.36286630859375 0.91408310546875 0.36567783203125 0.9141728515625 0.37201298828125 0.91599267578125 0.37530986328125 0.91807099609375 0.3772087890625 0.92086669921875 0.38156591796875 0.93862734375 0.38608125 0.946782421875 0.38776396484375 0.9516880859375 0.38664033203125 0.9577859375 0.38502626953125 0.9606080078125 0.3813654296875 0.97141103515625 0.3814708984375 0.98405498046875 0.3791763671875 0.9899259765625 0.374291796875 0.9939455078125 0.3627064453125 0.9990234375 0.31836337890625 0.9990234375 0.31578232421875 0.99723701171875
0 0.374291796875 0.9939455078125 0.3791763671875 0.9899259765625 0.3814708984375 0.98405498046875 0.3813654296875 0.97141103515625 0.38502626953125 0.9606080078125 0.38664033203125 0.9577859375 0.38776396484375 0.9516880859375 0.38608125 0.946782421875 0.38156591796875 0.93862734375 0.3772087890625 0.92086669921875 0.37530986328125 0.91807099609375 0.37201298828125 0.91599267578125 0.36567783203125 0.9141728515625 0.36286630859375 0.91408310546875 0.36369443359375 0.9109392578125 0.36369443359375 0.90553779296875 0.3589734375 0.896765625 0.3333267578125 0.87719560546875 0.32536162109375 0.86965244140625 0.32423271484375 0.86374453125 0.3148169921875 0.85563701171875 0.3147958984375 0.8527146484375 0.32062998046875 0.85208701171875 0.33119033203125 0.8566708984375 0.3405375 0.8565970703125 0.3515990234375 0.851828515625 0.35565546875 0.8477087890625 0.3550330078125 0.84303515625 0.34909873046875 0.83198427734375 0.34905654296875 0.82672509765625 0.35248525390625 0.8173462890625 0.35214765625 0.81201337890625 0.35627265625 0.8110638671875 0.3660998046875 0.806965234375 0.37128505859375 0.81167578125 0.3853744140625 0.81411806640625 0.3943576171875 0.81745712890625 0.3999068359375 0.81826416015625 0.4118333984375 0.81688740234375 0.419429296875 0.81704560546875 0.41430732421875 0.8407564453125 0.41902841796875 0.85155419921875 0.427125390625 0.85762568359375 0.4345525390625 0.85762568359375 0.44466982421875 0.84817822265625 0.4514216796875 0.8454828125 0.47436240234375 0.8454828125 0.48756025390625 0.8352072265625 0.48826181640625 0.83617255859375 0.49585244140625 0.839348046875 0.50238271484375 0.845778125 0.50571650390625 0.85654951171875 0.5069296875 0.8732869140625 0.50973076171875 0.885144921875 0.51678330078125 0.88886904296875 0.53569384765625 0.88979208984375 0.528414453125 0.92441669921875 0.52848837890625 0.93305703125 0.53126298828125 0.94221962890625 0.5372130859375 0.9432482421875 0.54960390625 0.9393658203125 0.55500009765625 0.9393236328125 0.55914619140625 0.94237255859375 0.553992578125 0.9453529296875 0.54589033203125 0.94939873046875 0.5350978515625 0.94939873046875 0.52497529296875 0.946028125 0.51957373046875 0.9399513671875 0.512151953125 0.93590546875 0.49528271484375 0.93590546875 0.4770630859375 0.946028125 0.47301201171875 0.95344990234375 0.4735869140625 0.96729130859375 0.47031650390625 0.96896875 0.46816962890625 0.97559931640625 0.46694052734375 0.97639052734375 0.44804580078125 0.99461015625 0.44568544921875 0.9990234375 0.3627064453125 0.9990234375 0.374291796875 0.9939455078125
0 0.298237890625 0.9973109375 0.2975626953125 0.9905642578125 0.29784755859375 0.9890556640625 0.30169296875 0.9924369140625 0.311314453125 0.99516923828125 0.31578232421875 0.99723701171875 0.31836337890625 0.9990234375 0.29995048828125 0.9990234375 0.298237890625 0.9973109375
0 0.7105470703125 0.83063388671875 0.71729375 0.82118642578125 0.72404033203125 0.8178158203125 0.7321373046875 0.8178158203125 0.74293515625 0.82658798828125 0.74968173828125 0.84615791015625 0.7591291015625 0.85087900390625 0.7658810546875 0.85087900390625 0.77802392578125 0.84682783203125 0.79556826171875 0.83130908203125 0.80029462890625 0.83130908203125 0.80434052734375 0.8346849609375 0.80299541015625 0.84615791015625 0.79691865234375 0.8630271484375 0.7901720703125 0.87179931640625 0.793548046875 0.88664296875 0.7928728515625 0.90621298828125 0.79556826171875 0.92848369140625 0.789496875 0.93590546875 0.78004951171875 0.93320478515625 0.77465322265625 0.9379310546875 0.77465322265625 0.946028125 0.78072470703125 0.96087177734375 0.77802392578125 0.97166953125 0.77465322265625 0.97437021484375 0.765205859375 0.970319140625 0.74900654296875 0.970319140625 0.736863671875 0.9669431640625 0.71459296875 0.95007392578125 0.69907412109375 0.94332734375 0.69434775390625 0.939276171875 0.69232744140625 0.9143099609375 0.687601171875 0.90418740234375 0.67882900390625 0.8927197265625 0.680179296875 0.87787080078125 0.684900390625 0.8663978515625 0.6795041015625 0.8610015625 0.67815380859375 0.85425498046875 0.6808544921875 0.84952861328125 0.69704853515625 0.8454828125 0.70447041015625 0.836710546875 0.7092916015625 0.8337671875 0.7105470703125 0.83063388671875
0 0.55500009765625 0.9393236328125 0.54960390625 0.9393658203125 0.5372130859375 0.9432482421875 0.53126298828125 0.94221962890625 0.52848837890625 0.93305703125 0.528414453125 0.92441669921875 0.53569384765625 0.88979208984375 0.51678330078125 0.88886904296875 0.50973076171875 0.885144921875 0.5069296875 0.8732869140625 0.50571650390625 0.85654951171875 0.50238271484375 0.845778125 0.49585244140625 0.839348046875 0.48826181640625 0.83617255859375 0.48756025390625 0.8352072265625 0.48413154296875 0.830501953125 0.48786083984375 0.83416806640625 0.48854130859375 0.83416279296875 0.492972265625 0.83412587890625 0.49848984375 0.83067080078125 0.51645625 0.8234705078125 0.51803349609375 0.8228375 0.51967392578125 0.8241826171875 0.52318701171875 0.827057421875 0.526278125 0.82664599609375 0.52659462890625 0.82660380859375 0.54307880859375 0.80984013671875 0.54808994140625 0.7965841796875 0.55062724609375 0.79400478515625 0.55616064453125 0.7931080078125 0.55912509765625 0.79052333984375 0.55988994140625 0.78028466796875 0.56008515625 0.78005263671875 0.57702294921875 0.79277568359375 0.58622763671875 0.79539736328125 0.62836376953125 0.79613583984375 0.63757373046875 0.7998388671875 0.6424794921875 0.80519814453125 0.6448267578125 0.82786455078125 0.65361484375 0.8456146484375 0.65479638671875 0.8580265625 0.65269169921875 0.8650685546875 0.6489517578125 0.8699583984375 0.63658740234375 0.87707958984375 0.6252779296875 0.880956640625 0.6161734375 0.8907521484375 0.616226171875 0.89669169921875 0.62280927734375 0.90959951171875 0.62341591796875 0.9171583984375 0.62031953125 0.935003515625 0.615545703125 0.94530546875 0.60690009765625 0.945379296875 0.6003169921875 0.93247158203125 0.59112802734375 0.93200732421875 0.585758203125 0.935831640625 0.57834169921875 0.9531755859375 0.57352041015625 0.9580759765625 0.56920546875 0.9586509765625 0.56268564453125 0.953840234375 0.559351953125 0.9425255859375 0.55914619140625 0.94237255859375 0.55500009765625 0.9393236328125
0 0.99838916015625 0.87365615234375 0.99020244140625 0.880170703125 0.98616181640625 0.88338837890625 0.9719353515625 0.9102587890625 0.97003642578125 0.9121419921875 0.96664990234375 0.9183294921875 0.9607841796875 0.9205185546875 0.95334658203125 0.92699619140625 0.94865185546875 0.926626953125 0.94103486328125 0.926030859375 0.93676748046875 0.92767138671875 0.9303953125 0.9336056640625 0.91175380859375 0.94446142578125 0.9038466796875 0.95843994140625 0.899600390625 0.9627548828125 0.887309765625 0.96445869140625 0.88345380859375 0.9511130859375 0.870066015625 0.9496203125 0.86469091796875 0.9469880859375 0.8630345703125 0.9405791015625 0.86610458984375 0.923435546875 0.85423076171875 0.91122412109375 0.854673828125 0.89998330078125 0.8525005859375 0.89572109375 0.851909765625 0.8887740234375 0.84325888671875 0.87813984375 0.8324927734375 0.87020634765625 0.83232919921875 0.8504095703125 0.83970888671875 0.83697431640625 0.84806962890625 0.81229296875 0.8533814453125 0.8074294921875 0.85923662109375 0.8041748046875 0.86488076171875 0.80412734375 0.8656615234375 0.8041220703125 0.87316767578125 0.806200390625 0.89251611328125 0.81673974609375 0.9005498046875 0.81774716796875 0.91387431640625 0.81121689453125 0.92241435546875 0.809006640625 0.93622939453125 0.797122265625 0.939911328125 0.7896001953125 0.9392677734375 0.7762283203125 0.9503978515625 0.763294140625 0.94982294921875 0.7584833984375 0.94279140625 0.7494474609375 0.94169423828125 0.745712890625 0.9421900390625 0.7408916015625 0.94308681640625 0.7403798828125 0.9448486328125 0.73926162109375 0.95610009765625 0.74077548828125 0.9835349609375 0.75874189453125 0.99008115234375 0.76075166015625 0.99372607421875 0.761869921875 0.9990234375 0.76737158203125 0.9990234375 0.87020390625 0.99838916015625 0.87365615234375
0 0.3584669921875 0.76295126953125 0.3661841796875 0.77749951171875 0.3738380859375 0.78444658203125 0.36918037109375 0.7868203125 0.3557451171875 0.7875166015625 0.3528544921875 0.7910455078125 0.35529150390625 0.80329921875 0.35181533203125 0.8068333984375 0.35214765625 0.81201337890625 0.35248525390625 0.8173462890625 0.34905654296875 0.82672509765625 0.34909873046875 0.83198427734375 0.3550330078125 0.84303515625 0.35565546875 0.8477087890625 0.3515990234375 0.851828515625 0.3405375 0.8565970703125 0.33119033203125 0.8566708984375 0.32062998046875 0.85208701171875 0.3147958984375 0.8527146484375 0.3148169921875 0.85563701171875 0.32423271484375 0.86374453125 0.32536162109375 0.86965244140625 0.32545654296875 0.87015888671875 0.320234375 0.8748798828125 0.30387158203125 0.87501181640625 0.29632314453125 0.8809197265625 0.287587890625 0.88449609375 0.28121044921875 0.89039345703125 0.2820544921875 0.9219427734375 0.27974931640625 0.926051953125 0.27567177734375 0.92783486328125 0.2674904296875 0.92790341796875 0.26455224609375 0.92558779296875 0.26041142578125 0.919780078125 0.25204013671875 0.89647548828125 0.246148046875 0.8900927734375 0.23852578125 0.8872337890625 0.231520703125 0.888462890625 0.2287197265625 0.9030955078125 0.22297001953125 0.91424140625 0.2107005859375 0.914346875 0.20892822265625 0.912020703125 0.209344921875 0.89156455078125 0.20632763671875 0.88048720703125 0.20160126953125 0.87409921875 0.17528466796875 0.8713931640625 0.1712283203125 0.8755181640625 0.16376953125 0.89252451171875 0.14307080078125 0.89325244140625 0.14032783203125 0.88395283203125 0.139990234375 0.84305107421875 0.13288486328125 0.83200537109375 0.12466123046875 0.82681484375 0.12461904296875 0.8215556640625 0.12804775390625 0.81217685546875 0.1268240234375 0.80517177734375 0.12038857421875 0.8040587890625 0.1122283203125 0.80704443359375 0.10228505859375 0.80595771484375 0.095807421875 0.7970431640625 0.10798193359375 0.78779619140625 0.12609609375 0.78764853515625 0.13959453125 0.79513359375 0.14661552734375 0.7956611328125 0.151173046875 0.78159814453125 0.1586951171875 0.7727732421875 0.1691763671875 0.7680099609375 0.1837984375 0.76964521484375 0.19722314453125 0.76778310546875 0.201200390625 0.75372548828125 0.2058529296875 0.751346484375 0.2093607421875 0.7513201171875 0.21114365234375 0.754812109375 0.2100833984375 0.76825791015625 0.2177267578125 0.77403916015625 0.23468564453125 0.7750677734375 0.24865888671875 0.76911240234375 0.25327978515625 0.7626453125 0.25148623046875 0.75740205078125 0.222015234375 0.72667041015625 0.21726787109375 0.717945703125 0.2172150390625 0.71152080078125 0.220633203125 0.70097099609375 0.2275591796875 0.6903947265625 0.22931572265625 0.6888439453125 0.23329306640625 0.694472265625 0.234390234375 0.70779140625 0.23741806640625 0.7161626953125 0.2483107421875 0.719528125 0.25130166015625 0.72345263671875 0.25475673828125 0.72342626953125 0.25819599609375 0.7209259765625 0.2606013671875 0.71350419921875 0.268983203125 0.7119533203125 0.27298154296875 0.71833603515625 0.2725595703125 0.72673369140625 0.28397978515625 0.73454052734375 0.2850505859375 0.74489521484375 0.2905259765625 0.75028095703125 0.29304736328125 0.75717529296875 0.29946171875 0.75662666015625 0.30482099609375 0.74769619140625 0.31024365234375 0.746667578125 0.3147009765625 0.748603515625 0.31670546875 0.7520427734375 0.331575390625 0.75932744140625 0.3355263671875 0.75929580078125 0.3384697265625 0.75729658203125 0.344419921875 0.76020830078125 0.352796484375 0.75865751953125 0.35380400390625 0.75711728515625 0.3584669921875 0.76295126953125
0 0.22705810546875 0.914209765625 0.2294107421875 0.91594521484375 0.22725849609375 0.93875400390625 0.2301966796875 0.94047890625 0.24714501953125 0.94092724609375 0.25892919921875 0.9525162109375 0.26014765625 0.95835029296875 0.25436640625 0.96599365234375 0.2462376953125 0.972487109375 0.2427931640625 0.9801146484375 0.23839921875 0.98272578125 0.235814453125 0.9842607421875 0.2252857421875 0.98259384765625 0.22443115234375 0.98091640625 0.21815400390625 0.96863115234375 0.212277734375 0.96458525390625 0.208791015625 0.9669537109375 0.2094662109375 0.9780521484375 0.2072349609375 0.98307392578125 0.206601953125 0.98450341796875 0.18264853515625 0.98528408203125 0.1630626953125 0.98820634765625 0.15990830078125 0.99131328125 0.15292431640625 0.99487392578125 0.14616181640625 0.99493193359375 0.14591396484375 0.99493193359375 0.14180478515625 0.99263203125 0.13701513671875 0.97922841796875 0.1317033203125 0.97226025390625 0.12526787109375 0.9717275390625 0.117112890625 0.974718359375 0.1132462890625 0.97475009765625 0.10718017578125 0.97479755859375 0.10713798828125 0.9695384765625 0.11694931640625 0.95485302734375 0.1151400390625 0.94785322265625 0.0841287109375 0.942847265625 0.07822607421875 0.935884375 0.07876416015625 0.93062001953125 0.0833849609375 0.92357275390625 0.08978349609375 0.92001220703125 0.11501875 0.91262724609375 0.12883896484375 0.90858671875 0.1375056640625 0.896243359375 0.142158203125 0.89328408203125 0.14307080078125 0.89325244140625 0.16376953125 0.89252451171875 0.1712283203125 0.8755181640625 0.17528466796875 0.8713931640625 0.20160126953125 0.87409921875 0.20632763671875 0.88048720703125 0.209344921875 0.89156455078125 0.20892822265625 0.912020703125 0.2107005859375 0.914346875 0.22297001953125 0.91424140625 0.22705810546875 0.914209765625
0 0.00726259765625 0.83361943359375 0.01362939453125 0.82597080078125 0.01416220703125 0.8201208984375 0.0188041015625 0.8159958984375 0.0298814453125 0.8123984375 0.0466662109375 0.792976171875 0.079966796875 0.79211640625 0.084519140625 0.79116689453125 0.08871796875 0.7902912109375 0.09342314453125 0.793762109375 0.095807421875 0.7970431640625 0.10228505859375 0.80595771484375 0.1122283203125 0.80704443359375 0.12038857421875 0.8040587890625 0.1268240234375 0.80517177734375 0.12804775390625 0.81217685546875 0.12461904296875 0.8215556640625 0.12466123046875 0.82681484375 0.13288486328125 0.83200537109375 0.139990234375 0.84305107421875 0.14032783203125 0.88395283203125 0.14307080078125 0.89325244140625 0.142158203125 0.89328408203125 0.1375056640625 0.896243359375 0.12883896484375 0.90858671875 0.11501875 0.91262724609375 0.08978349609375 0.92001220703125 0.0833849609375 0.92357275390625 0.07876416015625 0.93062001953125 0.07822607421875 0.935884375 0.0841287109375 0.942847265625 0.1151400390625 0.94785322265625 0.11694931640625 0.95485302734375 0.10713798828125 0.9695384765625 0.10718017578125 0.97479755859375 0.1132462890625 0.97475009765625 0.10431591796875 0.98183427734375 0.09688876953125 0.9808109375 0.0762322265625 0.977973046875 0.07167998046875 0.992621484375 0.06749013671875 0.9990234375 0.06366845703125 0.9990234375 0.058281640625 0.99799140625 0.05534345703125 0.99567568359375 0.04286826171875 0.9712369140625 0.03462890625 0.96370966796875 0.02761318359375 0.96376240234375 0.020054296875 0.96791904296875 0.0083755859375 0.9691796875 0.0049310546875 0.9768072265625 0.0044140625 0.9849939453125 0 0.992942578125 0 0.8341056640625 0.00726259765625 0.83361943359375
0 0.00125966796875 0.72824228515625 0.00306376953125 0.7278677734375 0.0036544921875 0.72822646484375 0.00777421875 0.7307162109375 0.011741015625 0.73032060546875 0.0153384765625 0.72884892578125 0.02142568359375 0.723025390625 0.02140458984375 0.72049873046875 0.02110400390625 0.71977080078125 0.03314130859375 0.711278125 0.062343359375 0.70928427734375 0.0653025390625 0.7139314453125 0.065233984375 0.71508662109375 0.06427392578125 0.73147060546875 0.08009345703125 0.736017578125 0.0819185546875 0.74476865234375 0.09248427734375 0.75110908203125 0.092362890625 0.75247001953125 0.09195146484375 0.756958984375 0.1013619140625 0.76447578125 0.10101904296875 0.76499794921875 0.09905146484375 0.7680046875 0.0914873046875 0.7715705078125 0.08572177734375 0.78155068359375 0.085199609375 0.78856630859375 0.084519140625 0.79116689453125 0.079966796875 0.79211640625 0.0466662109375 0.792976171875 0.0298814453125 0.8123984375 0.0188041015625 0.8159958984375 0.01416220703125 0.8201208984375 0.01362939453125 0.82597080078125 0.00726259765625 0.83361943359375 0 0.8341056640625 0 0.72972080078125 0.00125966796875 0.72824228515625
0 0.17158173828125 0.6335890625 0.17637138671875 0.6475728515625 0.188060546875 0.6480634765625 0.19161064453125 0.65329091796875 0.19167919921875 0.66147236328125 0.18819775390625 0.66500654296875 0.1794625 0.66858291015625 0.1794783203125 0.670339453125 0.18536513671875 0.67555107421875 0.19672197265625 0.67577265625 0.195672265625 0.6819443359375 0.204634375 0.68100537109375 0.2030572265625 0.6952740234375 0.20968779296875 0.71976025390625 0.21735751953125 0.7290494140625 0.21687216796875 0.74073857421875 0.21339599609375 0.74485830078125 0.19821484375 0.74615068359375 0.19122021484375 0.7485455078125 0.190101953125 0.75440068359375 0.18604560546875 0.75852041015625 0.167926171875 0.75808779296875 0.14811357421875 0.764676171875 0.13231513671875 0.7624712890625 0.1277259765625 0.7730263671875 0.12424453125 0.77597509765625 0.117814453125 0.77544755859375 0.106056640625 0.7667755859375 0.10101904296875 0.76499794921875 0.1013619140625 0.76447578125 0.09195146484375 0.756958984375 0.092362890625 0.75247001953125 0.09248427734375 0.75110908203125 0.0819185546875 0.74476865234375 0.08009345703125 0.736017578125 0.06427392578125 0.73147060546875 0.065233984375 0.71508662109375 0.07111552734375 0.7103814453125 0.0845244140625 0.70676279296875 0.0874255859375 0.70381943359375 0.09325439453125 0.7020154296875 0.09672001953125 0.6973154296875 0.09547509765625 0.68797353515625 0.0931119140625 0.68507236328125 0.08490947265625 0.6822185546875 0.07204921875 0.68173857421875 0.06853076171875 0.680013671875 0.06908994140625 0.6770861328125 0.073737109375 0.67354130859375 0.08892890625 0.67342001953125 0.09066435546875 0.6716529296875 0.08934033203125 0.6523783203125 0.09455732421875 0.64766259765625 0.0986505859375 0.64762568359375 0.11140009765625 0.65484169921875 0.1139162109375 0.656266015625 0.11975556640625 0.65621845703125 0.13199345703125 0.65203017578125 0.14537060546875 0.64432353515625 0.15367333984375 0.63199599609375 0.155298046875 0.63537724609375 0.15976591796875 0.638299609375 0.16813720703125 0.6357623046875 0.1713443359375 0.63315654296875 0.17158173828125 0.6335890625
0 0.0013388671875 0.649566796875 0.006402734375 0.65133388671875 0.0133076171875 0.6570466796875 0.026305078125 0.65802783203125 0.02671123046875 0.66307587890625 0.02462236328125 0.67283447265625 0.032598046875 0.677101953125 0.034064453125 0.6799767578125 0.03518798828125 0.68501953125 0.0349083984375 0.6944037109375 0.03311494140625 0.69586484375 0.0266162109375 0.69555361328125 0.02338271484375 0.697383984375 0.01769638671875 0.7082609375 0.01772275390625 0.71150498046875 0.02110400390625 0.71977080078125 0.02140458984375 0.72049873046875 0.02142568359375 0.723025390625 0.0153384765625 0.72884892578125 0.011741015625 0.73032060546875 0.00777421875 0.7307162109375 0.0036544921875 0.72822646484375 0.00306376953125 0.7278677734375 0.00125966796875 0.72824228515625 0 0.72972080078125 0 0.649325 0.0013388671875 0.649566796875
0 0.00597548828125 0.6433951171875 0.01716884765625 0.6440228515625 0.02110927734375 0.640383203125 0.03303056640625 0.6417283203125 0.03732958984375 0.63808330078125 0.0390966796875 0.63337802734375 0.04339580078125 0.6293744140625 0.04695107421875 0.6232080078125 0.05811806640625 0.62059169921875 0.06422646484375 0.616930859375 0.06823017578125 0.61169814453125 0.0755412109375 0.6086650390625 0.09179326171875 0.59567294921875 0.10230615234375 0.59500302734375 0.13085927734375 0.58483818359375 0.1367091796875 0.58537099609375 0.13913037109375 0.59587333984375 0.1305005859375 0.61230478515625 0.1392728515625 0.613401953125 0.13929921875 0.61632421875 0.13349150390625 0.6210453125 0.11950244140625 0.6252494140625 0.11196455078125 0.632323046875 0.1108779296875 0.64226630859375 0.11140009765625 0.65484169921875 0.0986505859375 0.64762568359375 0.09455732421875 0.64766259765625 0.08934033203125 0.6523783203125 0.09066435546875 0.6716529296875 0.08892890625 0.67342001953125 0.073737109375 0.67354130859375 0.06908994140625 0.6770861328125 0.06853076171875 0.680013671875 0.07204921875 0.68173857421875 0.08490947265625 0.6822185546875 0.0931119140625 0.68507236328125 0.09547509765625 0.68797353515625 0.09672001953125 0.6973154296875 0.09325439453125 0.7020154296875 0.0874255859375 0.70381943359375 0.0845244140625 0.70676279296875 0.07111552734375 0.7103814453125 0.065233984375 0.71508662109375 0.0653025390625 0.7139314453125 0.062343359375 0.70928427734375 0.03314130859375 0.711278125 0.02110400390625 0.71977080078125 0.01772275390625 0.71150498046875 0.01769638671875 0.7082609375 0.02338271484375 0.697383984375 0.0266162109375 0.69555361328125 0.03311494140625 0.69586484375 0.0349083984375 0.6944037109375 0.03518798828125 0.68501953125 0.034064453125 0.6799767578125 0.032598046875 0.677101953125 0.02462236328125 0.67283447265625 0.02671123046875 0.66307587890625 0.026305078125 0.65802783203125 0.0133076171875 0.6570466796875 0.006402734375 0.65133388671875 0.0013388671875 0.649566796875 0 0.649325 0 0.645005078125 0.00597548828125 0.6433951171875
0 0.54602744140625 0.6495193359375 0.55158720703125 0.6516029296875 0.5567408203125 0.65625009765625 0.561498828125 0.6647375 0.56383037109375 0.68901796875 0.56388310546875 0.69541640625 0.56178896484375 0.69969443359375 0.56268564453125 0.70522783203125 0.5691158203125 0.70944248046875 0.5726130859375 0.720071484375 0.577360546875 0.727276953125 0.5893451171875 0.73314794921875 0.591924609375 0.73568525390625 0.59371806640625 0.74632998046875 0.59588076171875 0.74972177734375 0.60059130859375 0.7522431640625 0.60076005859375 0.75306083984375 0.60147744140625 0.75649482421875 0.59639248046875 0.7603771484375 0.58491953125 0.7651615234375 0.57596796875 0.7652353515625 0.5717955078125 0.776349609375 0.5662462890625 0.7751205078125 0.56242724609375 0.77728330078125 0.56008515625 0.78005263671875 0.55988994140625 0.78028466796875 0.55912509765625 0.79052333984375 0.55616064453125 0.7931080078125 0.55062724609375 0.79400478515625 0.54808994140625 0.7965841796875 0.54307880859375 0.80984013671875 0.52659462890625 0.82660380859375 0.526278125 0.82664599609375 0.52318701171875 0.827057421875 0.51967392578125 0.8241826171875 0.51803349609375 0.8228375 0.51645625 0.8234705078125 0.49848984375 0.83067080078125 0.492972265625 0.83412587890625 0.48854130859375 0.83416279296875 0.48786083984375 0.83416806640625 0.48413154296875 0.830501953125 0.4762560546875 0.822753125 0.46555322265625 0.817298828125 0.459592578125 0.81820087890625 0.449833984375 0.8242458984375 0.4451498046875 0.8247154296875 0.43658330078125 0.82009453125 0.42632890625 0.817193359375 0.419429296875 0.81704560546875 0.4118333984375 0.81688740234375 0.3999068359375 0.81826416015625 0.3943576171875 0.81745712890625 0.3853744140625 0.81411806640625 0.37128505859375 0.81167578125 0.3660998046875 0.806965234375 0.36570419921875 0.80660654296875 0.364828515625 0.8040587890625 0.36609453125 0.80233916015625 0.37201826171875 0.79674775390625 0.38389208984375 0.789405078125 0.39191005859375 0.7791083984375 0.39145107421875 0.7748462890625 0.38109638671875 0.76001318359375 0.3797724609375 0.75490703125 0.38102255859375 0.75148359375 0.38295322265625 0.74746416015625 0.3839765625 0.747200390625 0.38593876953125 0.7458763671875 0.38781142578125 0.74716875 0.39679990234375 0.75135703125 0.40371533203125 0.76280888671875 0.4084099609375 0.76362646484375 0.41348974609375 0.75931689453125 0.417261328125 0.75118818359375 0.4227525390625 0.7451748046875 0.438033984375 0.736951171875 0.44183720703125 0.73307939453125 0.44221171875 0.72668095703125 0.44000146484375 0.7168958984375 0.44802470703125 0.70744853515625 0.45095224609375 0.70060693359375 0.45433876953125 0.6980169921875 0.46543720703125 0.69920908203125 0.4713978515625 0.69830712890625 0.4713556640625 0.69361767578125 0.46576953125 0.68812119140625 0.4657431640625 0.68513564453125 0.4687076171875 0.6815169921875 0.470828125 0.68125859375 0.49085703125 0.68024052734375 0.49470244140625 0.68106337890625 0.4977197265625 0.684871875 0.50368564453125 0.6848244140625 0.5096357421875 0.6826458984375 0.5151427734375 0.67833623046875 0.53262919921875 0.67904306640625 0.5385845703125 0.677291796875 0.54195 0.671721484375 0.5405837890625 0.66149873046875 0.53329384765625 0.6564453125 0.53070908203125 0.653053515625 0.53067744140625 0.64921865234375 0.54576904296875 0.6495140625 0.54602744140625 0.6495193359375
0 0.8192685546875 0.66080244140625 0.82036572265625 0.664215234375 0.82182158203125 0.6687412109375 0.83212353515625 0.67492333984375 0.8367232421875 0.680578125 0.8379734375 0.69366513671875 0.84326416015625 0.7141265625 0.85636708984375 0.714585546875 0.85779658203125 0.7158779296875 0.87013466796875 0.727002734375 0.8705091796875 0.73287900390625 0.8596744140625 0.75438486328125 0.84753154296875 0.77057880859375 0.8380841796875 0.77935107421875 0.8326826171875 0.78137666015625 0.82526083984375 0.78137666015625 0.8110923828125 0.77732548828125 0.7915224609375 0.79149921875 0.78679609375 0.79149921875 0.77060205078125 0.783396875 0.76385546875 0.7840720703125 0.7618298828125 0.78609765625 0.7611546875 0.80701806640625 0.75575849609375 0.813089453125 0.74833134765625 0.8164654296875 0.72606591796875 0.817140625 0.72133955078125 0.813089453125 0.715943359375 0.79486982421875 0.69569814453125 0.79622021484375 0.69974931640625 0.7611314453125 0.682880078125 0.74763291015625 0.67477783203125 0.7341396484375 0.6552130859375 0.72131630859375 0.6558830078125 0.71389453125 0.66938154296875 0.7057974609375 0.682880078125 0.70107119140625 0.6889515625 0.69432451171875 0.6882763671875 0.67070869140625 0.684900390625 0.65248916015625 0.661959765625 0.62886796875 0.660609375 0.61739501953125 0.6625400390625 0.61507939453125 0.6639853515625 0.61334921875 0.67477783203125 0.614699609375 0.7139177734375 0.63156875 0.7348380859375 0.630218359375 0.742497265625 0.63251298828125 0.75035693359375 0.6335943359375 0.765205859375 0.637640234375 0.783425390625 0.65113876953125 0.81142998046875 0.65868720703125 0.8192685546875 0.66080244140625
0 0.97202509765625 0.651566015625 0.9829546875 0.66514365234375 0.98477978515625 0.67936484375 0.98315517578125 0.6896298828125 0.988366796875 0.69983681640625 0.9883984375 0.70382470703125 0.9850751953125 0.7152396484375 0.981667578125 0.71640537109375 0.9730748046875 0.71021259765625 0.9690869140625 0.71024423828125 0.9600720703125 0.721706640625 0.954412109375 0.72631171875 0.94987041015625 0.72748798828125 0.9453603515625 0.7332166015625 0.94308681640625 0.7403798828125 0.9421900390625 0.7408916015625 0.94169423828125 0.745712890625 0.94279140625 0.7494474609375 0.94982294921875 0.7584833984375 0.9503978515625 0.763294140625 0.9392677734375 0.7762283203125 0.939911328125 0.7896001953125 0.93622939453125 0.797122265625 0.92241435546875 0.809006640625 0.91387431640625 0.81121689453125 0.9005498046875 0.81774716796875 0.89251611328125 0.81673974609375 0.87316767578125 0.806200390625 0.8656615234375 0.8041220703125 0.86488076171875 0.80412734375 0.863604296875 0.76350517578125 0.8652447265625 0.7555189453125 0.8714427734375 0.74749580078125 0.8705091796875 0.73287900390625 0.87013466796875 0.727002734375 0.85779658203125 0.7158779296875 0.85636708984375 0.714585546875 0.84326416015625 0.7141265625 0.8379734375 0.69366513671875 0.8367232421875 0.680578125 0.83212353515625 0.67492333984375 0.82182158203125 0.6687412109375 0.82036572265625 0.664215234375 0.8192685546875 0.66080244140625 0.815976953125 0.65056904296875 0.81766494140625 0.6482744140625 0.82393681640625 0.64879140625 0.83763583984375 0.65266845703125 0.84271552734375 0.64692939453125 0.84324833984375 0.64294150390625 0.83575791015625 0.6321806640625 0.82149453125 0.628878515625 0.81689482421875 0.6237935546875 0.82044482421875 0.6212140625 0.8367126953125 0.60939296875 0.8497787109375 0.6058693359375 0.85430986328125 0.602983984375 0.85769111328125 0.59840009765625 0.85933154296875 0.589844140625 0.86610986328125 0.5835248046875 0.87155361328125 0.57292216796875 0.87227626953125 0.57151376953125 0.88642890625 0.56114853515625 0.89955810546875 0.5650255859375 0.90140439453125 0.56455087890625 0.90637861328125 0.56326376953125 0.9109044921875 0.55980869140625 0.9183158203125 0.56031513671875 0.9184212890625 0.5734126953125 0.92307373046875 0.58533408203125 0.92764189453125 0.58700625 0.9372791015625 0.58123544921875 0.9446904296875 0.5823115234375 0.94985986328125 0.58739658203125 0.95335712890625 0.5976140625 0.96197109375 0.60608564453125 0.9614857421875 0.6163400390625 0.9709701171875 0.6480423828125 0.97202509765625 0.651566015625
0 0.3839765625 0.747200390625 0.38295322265625 0.74746416015625 0.37887041015625 0.748519140625 0.37670771484375 0.74512734375 0.37624345703125 0.74001591796875 0.366859375 0.7396625 0.36039765625 0.73161826171875 0.35266982421875 0.716051953125 0.35259599609375 0.7159095703125 0.352137109375 0.71207470703125 0.35338720703125 0.70865126953125 0.35886259765625 0.70050673828125 0.3592265625 0.69283173828125 0.3541099609375 0.6924466796875 0.3492939453125 0.6771388671875 0.3598806640625 0.66852490234375 0.364512109375 0.66166748046875 0.3640583984375 0.65825986328125 0.356984765625 0.6517083984375 0.35675791015625 0.6514974609375 0.35544443359375 0.64767314453125 0.35883095703125 0.6446611328125 0.35963798828125 0.63868466796875 0.36298232421875 0.63098330078125 0.37749365234375 0.6329982421875 0.38305869140625 0.63593642578125 0.3881859375 0.63674345703125 0.39542314453125 0.63583095703125 0.39622490234375 0.62985966796875 0.38933056640625 0.6209609375 0.38844970703125 0.61713134765625 0.41060439453125 0.61524287109375 0.41228701171875 0.6126740234375 0.4105462890625 0.60842236328125 0.4139380859375 0.6058376953125 0.42075859375 0.6057849609375 0.42332216796875 0.60704033203125 0.43695791015625 0.60607509765625 0.44124111328125 0.60817451171875 0.444253125 0.6119830078125 0.4498076171875 0.61321728515625 0.4519703125 0.617036328125 0.45287763671875 0.62342431640625 0.46401826171875 0.63058232421875 0.47518525390625 0.64072080078125 0.48498603515625 0.639787109375 0.4858458984375 0.6410583984375 0.48507041015625 0.65002041015625 0.481715625 0.65729453125 0.47532763671875 0.65819658203125 0.47108662109375 0.66079189453125 0.4707384765625 0.6701759765625 0.4720783203125 0.67740791015625 0.4687076171875 0.6815169921875 0.4657431640625 0.68513564453125 0.46576953125 0.68812119140625 0.4713556640625 0.69361767578125 0.4713978515625 0.69830712890625 0.46543720703125 0.69920908203125 0.45433876953125 0.6980169921875 0.45095224609375 0.70060693359375 0.44802470703125 0.70744853515625 0.44000146484375 0.7168958984375 0.44221171875 0.72668095703125 0.44183720703125 0.73307939453125 0.438033984375 0.736951171875 0.4227525390625 0.7451748046875 0.417261328125 0.75118818359375 0.41348974609375 0.75931689453125 0.4084099609375 0.76362646484375 0.40371533203125 0.76280888671875 0.39679990234375 0.75135703125 0.38781142578125 0.74716875 0.38593876953125 0.7458763671875 0.3839765625 0.747200390625
0 0.60059130859375 0.7522431640625 0.59588076171875 0.74972177734375 0.59371806640625 0.74632998046875 0.591924609375 0.73568525390625 0.5893451171875 0.73314794921875 0.577360546875 0.727276953125 0.5726130859375 0.720071484375 0.5691158203125 0.70944248046875 0.56268564453125 0.70522783203125 0.56178896484375 0.69969443359375 0.56388310546875 0.69541640625 0.56383037109375 0.68901796875 0.561498828125 0.6647375 0.5567408203125 0.65625009765625 0.55158720703125 0.6516029296875 0.54602744140625 0.6495193359375 0.54576904296875 0.6495140625 0.54599052734375 0.6482111328125 0.54871240234375 0.63655888671875 0.5545939453125 0.6231236328125 0.5601642578125 0.61532197265625 0.579380859375 0.59508212890625 0.61107255859375 0.5927083984375 0.6205673828125 0.5905140625 0.6258740234375 0.59293525390625 0.6266388671875 0.6003306640625 0.6302099609375 0.605937890625 0.630958984375 0.6112181640625 0.6327419921875 0.61367099609375 0.63663486328125 0.616102734375 0.646171875 0.61849228515625 0.649373828125 0.62234296875 0.65823037109375 0.6279080078125 0.66178037109375 0.63175341796875 0.66861669921875 0.64861201171875 0.6697666015625 0.659879296875 0.67190830078125 0.663387109375 0.6772095703125 0.66510146484375 0.67553212890625 0.67568828125 0.673100390625 0.67958642578125 0.67349599609375 0.68522001953125 0.6759857421875 0.68801572265625 0.67637080078125 0.69153935546875 0.674640625 0.69542705078125 0.6718291015625 0.69686181640625 0.66585263671875 0.6979642578125 0.6531611328125 0.69771630859375 0.650370703125 0.70126630859375 0.64727431640625 0.71010185546875 0.64699482421875 0.7189109375 0.6452962890625 0.72667568359375 0.63795888671875 0.73448779296875 0.637721484375 0.7485876953125 0.636318359375 0.7492998046875 0.62856416015625 0.7486615234375 0.6197287109375 0.74591328125 0.617608203125 0.744520703125 0.6140318359375 0.7382119140625 0.6046107421875 0.74956357421875 0.60076005859375 0.75306083984375 0.60059130859375 0.7522431640625
0 0.3640583984375 0.65825986328125 0.364512109375 0.66166748046875 0.3598806640625 0.66852490234375 0.3492939453125 0.6771388671875 0.3541099609375 0.6924466796875 0.3592265625 0.69283173828125 0.35886259765625 0.70050673828125 0.35338720703125 0.70865126953125 0.352137109375 0.71207470703125 0.35259599609375 0.7159095703125 0.35266982421875 0.716051953125 0.349562890625 0.72561015625 0.352073828125 0.7305263671875 0.360513671875 0.73638154296875 0.360598046875 0.74674677734375 0.35380400390625 0.75711728515625 0.352796484375 0.75865751953125 0.344419921875 0.76020830078125 0.3384697265625 0.75729658203125 0.3355263671875 0.75929580078125 0.331575390625 0.75932744140625 0.31670546875 0.7520427734375 0.3147009765625 0.748603515625 0.31024365234375 0.746667578125 0.30482099609375 0.74769619140625 0.29946171875 0.75662666015625 0.29304736328125 0.75717529296875 0.2905259765625 0.75028095703125 0.2850505859375 0.74489521484375 0.28397978515625 0.73454052734375 0.2725595703125 0.72673369140625 0.27298154296875 0.71833603515625 0.268983203125 0.7119533203125 0.2606013671875 0.71350419921875 0.25819599609375 0.7209259765625 0.25475673828125 0.72342626953125 0.25130166015625 0.72345263671875 0.2483107421875 0.719528125 0.23741806640625 0.7161626953125 0.234390234375 0.70779140625 0.23329306640625 0.694472265625 0.22931572265625 0.6888439453125 0.22779658203125 0.68661787109375 0.22092861328125 0.69161328125 0.21747353515625 0.6916396484375 0.213491015625 0.6877255859375 0.210958984375 0.68034072265625 0.204634375 0.68100537109375 0.195672265625 0.6819443359375 0.19672197265625 0.67577265625 0.19802490234375 0.6681029296875 0.20144833984375 0.6641255859375 0.20784150390625 0.66110830078125 0.20974052734375 0.6522095703125 0.21314287109375 0.6452677734375 0.21501015625 0.63241806640625 0.21959404296875 0.6253970703125 0.2253384765625 0.6273962890625 0.23126220703125 0.627348828125 0.23567734375 0.62434736328125 0.23558232421875 0.61249990234375 0.2385099609375 0.60803203125 0.2474087890625 0.609936328125 0.26431484375 0.624605859375 0.27862578125 0.62399921875 0.288479296875 0.62144619140625 0.2919080078125 0.61796474609375 0.29234580078125 0.61153984375 0.2883580078125 0.606639453125 0.2650427734375 0.59300380859375 0.265496484375 0.58806650390625 0.270386328125 0.58259638671875 0.28172216796875 0.5800328125 0.28171162109375 0.57855048828125 0.28296171875 0.57791220703125 0.28813642578125 0.579489453125 0.29507294921875 0.5828865234375 0.29709853515625 0.58879443359375 0.3000736328125 0.59025029296875 0.3079701171875 0.59018701171875 0.30651953125 0.59365263671875 0.29769990234375 0.60211884765625 0.29584833984375 0.61694140625 0.29094267578125 0.6209345703125 0.29986787109375 0.625798046875 0.3106234375 0.6128744140625 0.322924609375 0.6078369140625 0.33871767578125 0.607214453125 0.3397462890625 0.6121412109375 0.33730927734375 0.6156173828125 0.32151083984375 0.61574404296875 0.31366181640625 0.621736328125 0.31031220703125 0.63459658203125 0.3059234375 0.64154365234375 0.3119052734375 0.64840634765625 0.31785009765625 0.65132333984375 0.33856474609375 0.6486806640625 0.354389453125 0.65151328125 0.356984765625 0.6517083984375 0.3640583984375 0.65825986328125
0 0.74885888671875 0.56736767578125 0.756892578125 0.56809560546875 0.76492626953125 0.55275615234375 0.7736931640625 0.55202822265625 0.77661552734375 0.55421728515625 0.77725908203125 0.56612275390625 0.77682646484375 0.56668193359375 0.77759140625 0.57442548828125 0.7769267578125 0.57901474609375 0.77131943359375 0.582933984375 0.76925693359375 0.5892955078125 0.76226240234375 0.595340625 0.76510029296875 0.59778291015625 0.765121484375 0.60060498046875 0.76094365234375 0.60662890625 0.76763759765625 0.6065708984375 0.77858828125 0.60965673828125 0.7744158203125 0.6163822265625 0.7744369140625 0.61920439453125 0.7769267578125 0.62200009765625 0.78749765625 0.621915625 0.7931470703125 0.62362998046875 0.79952978515625 0.628155859375 0.80305341796875 0.6281294921875 0.81060712890625 0.62490654296875 0.809066796875 0.64978837890625 0.8104171875 0.65721015625 0.81142998046875 0.65868720703125 0.783425390625 0.65113876953125 0.765205859375 0.637640234375 0.75035693359375 0.6335943359375 0.742497265625 0.63251298828125 0.7348380859375 0.630218359375 0.7139177734375 0.63156875 0.67477783203125 0.614699609375 0.6639853515625 0.61334921875 0.6625400390625 0.61507939453125 0.64576572265625 0.6052521484375 0.6369935546875 0.5870326171875 0.62678125 0.572452734375 0.6302416015625 0.56948818359375 0.638338671875 0.56611220703125 0.6552130859375 0.5613859375 0.67545302734375 0.560716015625 0.69839892578125 0.54924306640625 0.7105470703125 0.54924306640625 0.7139177734375 0.552613671875 0.72066435546875 0.5546392578125 0.74496064453125 0.5546392578125 0.74547763671875 0.5545337890625 0.74885888671875 0.56736767578125
0 0.85370322265625 0.53116591796875 0.860096484375 0.53745361328125 0.869375 0.551827734375 0.87092060546875 0.5683751953125 0.87155361328125 0.57292216796875 0.86610986328125 0.5835248046875 0.85933154296875 0.589844140625 0.85769111328125 0.59840009765625 0.85430986328125 0.602983984375 0.8497787109375 0.6058693359375 0.8367126953125 0.60939296875 0.82044482421875 0.6212140625 0.81569208984375 0.62273857421875 0.81060712890625 0.62490654296875 0.80305341796875 0.6281294921875 0.79952978515625 0.628155859375 0.7931470703125 0.62362998046875 0.78749765625 0.621915625 0.7769267578125 0.62200009765625 0.7744369140625 0.61920439453125 0.7744158203125 0.6163822265625 0.77858828125 0.60965673828125 0.76763759765625 0.6065708984375 0.76094365234375 0.60662890625 0.765121484375 0.60060498046875 0.76510029296875 0.59778291015625 0.76226240234375 0.595340625 0.76925693359375 0.5892955078125 0.77131943359375 0.582933984375 0.7769267578125 0.57901474609375 0.77759140625 0.57442548828125 0.77682646484375 0.56668193359375 0.77725908203125 0.56612275390625 0.780661328125 0.56171298828125 0.78382099609375 0.560631640625 0.78770341796875 0.5613068359375 0.7916279296875 0.56726220703125 0.80078515625 0.56683486328125 0.80252060546875 0.56607529296875 0.803243359375 0.5657587890625 0.8060337890625 0.5622140625 0.81259580078125 0.545598046875 0.82524501953125 0.54161552734375 0.83224482421875 0.535923828125 0.84132822265625 0.5259806640625 0.84448271484375 0.52383896484375 0.849061328125 0.52380205078125 0.85083369140625 0.52519990234375 0.85362939453125 0.531012890625 0.85370322265625 0.53116591796875
0 0.99303505859375 0.6439859375 0.98676318359375 0.64346904296875 0.971993359375 0.647578125 0.9709701171875 0.6480423828125 0.9614857421875 0.6163400390625 0.96197109375 0.60608564453125 0.95335712890625 0.5976140625 0.94985986328125 0.58739658203125 0.9446904296875 0.5823115234375 0.9372791015625 0.58123544921875 0.92764189453125 0.58700625 0.92307373046875 0.58533408203125 0.9184212890625 0.5734126953125 0.9183158203125 0.56031513671875 0.9109044921875 0.55980869140625 0.90637861328125 0.56326376953125 0.90140439453125 0.56455087890625 0.902364453125 0.55987724609375 0.91405888671875 0.52732041015625 0.91802041015625 0.52444033203125 0.92768408203125 0.5226521484375 0.94856748046875 0.49970625 0.96160712890625 0.4921947265625 0.971887890625 0.49609814453125 0.979278125 0.49432578125 0.98323427734375 0.4908759765625 0.98880458984375 0.475457421875 0.9961630859375 0.47026689453125 0.9990234375 0.47060107421875 0.9990234375 0.63876904296875 0.99303505859375 0.6439859375
0 0.506644921875 0.47376943359375 0.5156703125 0.48264716796875 0.529775390625 0.4872205078125 0.54176005859375 0.49309150390625 0.55754267578125 0.49424140625 0.5620685546875 0.49589775390625 0.5643841796875 0.49674169921875 0.55806484375 0.50574599609375 0.55768505859375 0.5117171875 0.55898271484375 0.51384306640625 0.5658400390625 0.51804716796875 0.569300390625 0.52398671875 0.5685302734375 0.53422529296875 0.566430859375 0.53808125 0.55965263671875 0.54367802734375 0.5587716796875 0.54671103515625 0.55841298828125 0.54795068359375 0.56104521484375 0.5573083984375 0.56112431640625 0.56668720703125 0.56328701171875 0.57093349609375 0.56377763671875 0.5781759765625 0.55828115234375 0.584189453125 0.54723017578125 0.58811923828125 0.54511494140625 0.59026611328125 0.54514658203125 0.5941009765625 0.548190234375 0.600900390625 0.5482587890625 0.609424609375 0.53981357421875 0.6197265625 0.54040439453125 0.63933349609375 0.53146865234375 0.64153837890625 0.5221689453125 0.650991015625 0.5157916015625 0.6536021484375 0.51110224609375 0.6536443359375 0.50639169921875 0.65112294921875 0.50073701171875 0.6371021484375 0.49815751953125 0.63456494140625 0.49260302734375 0.63333056640625 0.4908833984375 0.6316373046875 0.4873861328125 0.6210083984375 0.48136220703125 0.6142353515625 0.45734541015625 0.59652744140625 0.44878955078125 0.5927611328125 0.44410009765625 0.5928033203125 0.4410564453125 0.58600400390625 0.4244193359375 0.58486455078125 0.43119765625 0.57926259765625 0.43800234375 0.57707880859375 0.4490744140625 0.5761345703125 0.45932353515625 0.57775400390625 0.4618607421875 0.57560185546875 0.4618185546875 0.57048515625 0.45920751953125 0.5641130859375 0.445898828125 0.55271396484375 0.44411591796875 0.542918359375 0.4355283203125 0.53531728515625 0.4324900390625 0.5289451171875 0.43326015625 0.51871181640625 0.436182421875 0.5114376953125 0.44211669921875 0.50755 0.44459072265625 0.4968736328125 0.44411064453125 0.49048037109375 0.43637236328125 0.4824466796875 0.43635654296875 0.48074287109375 0.442285546875 0.4755787109375 0.45164326171875 0.4733685546875 0.4546078125 0.4707837890625 0.46137548828125 0.463805078125 0.46899775390625 0.45787607421875 0.47324404296875 0.4561353515625 0.4762349609375 0.4569634765625 0.4805919921875 0.468441796875 0.48487001953125 0.47010859375 0.50191328125 0.46911689453125 0.504155078125 0.46759775390625 0.506644921875 0.47376943359375
0 0.0001150390625 0.5005291015625 0.0041029296875 0.49456845703125 0.01238974609375 0.5011515625 0.02140986328125 0.501077734375 0.025070703125 0.50718076171875 0.03409609375 0.5074708984375 0.04350654296875 0.5109998046875 0.05 0.5109470703125 0.05647236328125 0.508008984375 0.06260703125 0.50795625 0.0720333984375 0.51293046875 0.0778041015625 0.5128830078125 0.081765625 0.511411328125 0.08568486328125 0.5052396484375 0.09134482421875 0.4914826171875 0.091429296875 0.488169921875 0.09457841796875 0.4900109375 0.1116005859375 0.49708984375 0.117772265625 0.50136787109375 0.1247087890625 0.5114166015625 0.12733037109375 0.52294228515625 0.130996484375 0.52977333984375 0.1310650390625 0.538070703125 0.1282271484375 0.5442318359375 0.11608955078125 0.5602095703125 0.1035087890625 0.56680849609375 0.1013724609375 0.57007373046875 0.09419853515625 0.57518515625 0.08628623046875 0.57849775390625 0.07871669921875 0.5796423828125 0.07046142578125 0.585123046875 0.07168525390625 0.6024353515625 0.06922177734375 0.61039521484375 0.06823017578125 0.61169814453125 0.06422646484375 0.616930859375 0.05811806640625 0.62059169921875 0.04695107421875 0.6232080078125 0.04339580078125 0.6293744140625 0.0390966796875 0.63337802734375 0.03732958984375 0.63808330078125 0.03303056640625 0.6417283203125 0.02110927734375 0.640383203125 0.01716884765625 0.6440228515625 0.00597548828125 0.6433951171875 0 0.645005078125 0 0.50061103515625 0.0001150390625 0.5005291015625
0 0.00197177734375 0.3749279296875 0.0103484375 0.38423818359375 0.0118306640625 0.3889169921875 0.01437841796875 0.3917865234375 0.02341962890625 0.393875390625 0.0285099609375 0.3937962890625 0.03639599609375 0.40382392578125 0.03843212890625 0.4112140625 0.0424251953125 0.4166103515625 0.04833837890625 0.41557646484375 0.0527271484375 0.40862939453125 0.05608203125 0.39625966796875 0.05901484375 0.39277822265625 0.06197412109375 0.39275712890625 0.06644716796875 0.39617529296875 0.068019140625 0.4070205078125 0.07401142578125 0.4153654296875 0.092278515625 0.41570830078125 0.0977275390625 0.41763896484375 0.0992994140625 0.428980078125 0.09254755859375 0.44829150390625 0.0861806640625 0.45475859375 0.08624931640625 0.4631509765625 0.09071181640625 0.46558271484375 0.09203056640625 0.4656724609375 0.0900947265625 0.4712796875 0.0894037109375 0.4748982421875 0.091619140625 0.4810119140625 0.091429296875 0.488169921875 0.09134482421875 0.4914826171875 0.08568486328125 0.5052396484375 0.081765625 0.511411328125 0.0778041015625 0.5128830078125 0.0720333984375 0.51293046875 0.06260703125 0.50795625 0.05647236328125 0.508008984375 0.05 0.5109470703125 0.04350654296875 0.5109998046875 0.03409609375 0.5074708984375 0.025070703125 0.50718076171875 0.02140986328125 0.501077734375 0.01238974609375 0.5011515625 0.0041029296875 0.49456845703125 0.0029423828125 0.4936505859375 0.000025390625 0.48970498046875 0 0.48970517578125 0 0.37485263671875 0.00197177734375 0.3749279296875
0 0.007125390625 0.35385986328125 0.007125390625 0.36001044921875 0.0016552734375 0.36206240234375 0 0.360737890625 0 0.34826162109375 0.007125390625 0.35385986328125
0 0.00096953125 0.2704685546875 0.0084916015625 0.2800373046875 0.01417275390625 0.2827697265625 0.01969560546875 0.2938734375 0.02182138671875 0.312615234375 0.02680615234375 0.31800615234375 0.0283623046875 0.327369140625 0.0283623046875 0.32760654296875 0.0050734375 0.3285666015625 0 0.33499189453125 0 0.2698515625 0.00096953125 0.2704685546875
0 0.2129107421875 0.497163671875 0.22032197265625 0.4975962890625 0.236558203125 0.49104482421875 0.262721875 0.4908337890625 0.2731240234375 0.49469501953125 0.28403779296875 0.501025 0.285567578125 0.50693818359375 0.283610546875 0.50942265625 0.27230107421875 0.5149455078125 0.26936826171875 0.5184216796875 0.27086630859375 0.52038916015625 0.28175908203125 0.52424521484375 0.282270703125 0.52670859375 0.28031904296875 0.5296888671875 0.27050234375 0.53618759765625 0.2640880859375 0.53673623046875 0.2378611328125 0.5295412109375 0.2329291015625 0.5295833984375 0.22655166015625 0.5350693359375 0.22509580078125 0.5380390625 0.22515380859375 0.5449544921875 0.23110400390625 0.5483568359375 0.23950166015625 0.54878408203125 0.253780859375 0.5442212890625 0.2587181640625 0.544184375 0.26860341796875 0.5455822265625 0.2849609375 0.55334697265625 0.28603701171875 0.56469326171875 0.28466025390625 0.57704716796875 0.28296171875 0.57791220703125 0.28171162109375 0.57855048828125 0.28172216796875 0.5800328125 0.270386328125 0.58259638671875 0.265496484375 0.58806650390625 0.2650427734375 0.59300380859375 0.2883580078125 0.606639453125 0.29234580078125 0.61153984375 0.2919080078125 0.61796474609375 0.288479296875 0.62144619140625 0.27862578125 0.62399921875 0.26431484375 0.624605859375 0.2474087890625 0.609936328125 0.2385099609375 0.60803203125 0.23558232421875 0.61249990234375 0.23567734375 0.62434736328125 0.23126220703125 0.627348828125 0.2253384765625 0.6273962890625 0.21959404296875 0.6253970703125 0.2184072265625 0.62498564453125 0.2074458984375 0.61322783203125 0.204476171875 0.61177197265625 0.20010322265625 0.62069189453125 0.1853017578125 0.621799609375 0.1713443359375 0.63315654296875 0.16813720703125 0.6357623046875 0.15976591796875 0.638299609375 0.155298046875 0.63537724609375 0.15367333984375 0.63199599609375 0.151278515625 0.62701650390625 0.152639453125 0.6121939453125 0.14467958984375 0.6043607421875 0.14165703125 0.597476953125 0.1435244140625 0.58413134765625 0.1388876953125 0.56047333984375 0.14425234375 0.552529296875 0.14951142578125 0.5317513671875 0.146473046875 0.52239365234375 0.14101884765625 0.51947666015625 0.138012109375 0.51406982421875 0.137885546875 0.49876728515625 0.1395576171875 0.48986845703125 0.1437353515625 0.48983154296875 0.14659443359375 0.4769765625 0.14954306640625 0.47546796875 0.160952734375 0.48228837890625 0.17083798828125 0.483686328125 0.17363369140625 0.48256796875 0.17773759765625 0.48215126953125 0.1811767578125 0.48014677734375 0.1899595703125 0.4672390625 0.1968380859375 0.46323544921875 0.199797265625 0.463208984375 0.201880859375 0.47602705078125 0.20785205078125 0.4819033203125 0.21243076171875 0.48186640625 0.2129107421875 0.497163671875
0 0.62907060546875 0.5052818359375 0.63418203125 0.51404873046875 0.6363763671875 0.52500478515625 0.6378955078125 0.52696171875 0.64148779296875 0.53157734375 0.6517158203125 0.5323052734375 0.6648609375 0.51477666015625 0.67070556640625 0.51039326171875 0.680200390625 0.5052818359375 0.69626787109375 0.50235947265625 0.7064958984375 0.51331552734375 0.70941826171875 0.52500478515625 0.719641015625 0.52500478515625 0.7313302734375 0.5352275390625 0.7452033203125 0.55348935546875 0.74547763671875 0.5545337890625 0.74496064453125 0.5546392578125 0.72066435546875 0.5546392578125 0.7139177734375 0.552613671875 0.7105470703125 0.54924306640625 0.69839892578125 0.54924306640625 0.67545302734375 0.560716015625 0.6552130859375 0.5613859375 0.638338671875 0.56611220703125 0.6302416015625 0.56948818359375 0.62678125 0.572452734375 0.62079423828125 0.57758515625 0.6133724609375 0.57960546875 0.59717841796875 0.57623486328125 0.5890814453125 0.56746259765625 0.5620896484375 0.54991826171875 0.5587716796875 0.54671103515625 0.55965263671875 0.54367802734375 0.566430859375 0.53808125 0.5685302734375 0.53422529296875 0.569300390625 0.52398671875 0.5658400390625 0.51804716796875 0.55898271484375 0.51384306640625 0.55768505859375 0.5117171875 0.55806484375 0.50574599609375 0.5643841796875 0.49674169921875 0.5620685546875 0.49589775390625 0.56613544921875 0.49390908203125 0.57625810546875 0.49390908203125 0.587055859375 0.49727978515625 0.6086513671875 0.5080775390625 0.62281982421875 0.50538203125 0.628917578125 0.50513935546875 0.62907060546875 0.5052818359375
0 0.88977841796875 0.37617802734375 0.8788646484375 0.37732802734375 0.88214033203125 0.38998251953125 0.8804048828125 0.39282041015625 0.8761849609375 0.39426044921875 0.8754939453125 0.3956794921875 0.8755044921875 0.39673447265625 0.88079521484375 0.39739384765625 0.88468818359375 0.399830859375 0.88719375 0.40438837890625 0.8872517578125 0.41143564453125 0.88339052734375 0.41358251953125 0.87920224609375 0.4178447265625 0.86757626953125 0.418646484375 0.8601966796875 0.42117314453125 0.85845068359375 0.42295078125 0.86058701171875 0.42539833984375 0.86131494140625 0.42820986328125 0.85783349609375 0.4331736328125 0.8582501953125 0.44127587890625 0.85439951171875 0.444477734375 0.86542939453125 0.45706904296875 0.87428076171875 0.46263935546875 0.8767494140625 0.46261826171875 0.87778330078125 0.4601390625 0.8816392578125 0.4576439453125 0.887278125 0.457596484375 0.89788076171875 0.46138388671875 0.896857421875 0.465271484375 0.8954490234375 0.4659888671875 0.8866345703125 0.4650025390625 0.88276806640625 0.46608916015625 0.8845404296875 0.46748701171875 0.88912431640625 0.4677982421875 0.893370703125 0.47022998046875 0.8912765625 0.472714453125 0.88426083984375 0.47629609375 0.88286298828125 0.47806845703125 0.88222470703125 0.48618134765625 0.88997890625 0.486471484375 0.8949056640625 0.4853689453125 0.8956072265625 0.492764453125 0.88617568359375 0.50455390625 0.85362939453125 0.531012890625 0.85083369140625 0.52519990234375 0.849061328125 0.52380205078125 0.84448271484375 0.52383896484375 0.84132822265625 0.5259806640625 0.83224482421875 0.535923828125 0.82524501953125 0.54161552734375 0.81259580078125 0.545598046875 0.8060337890625 0.5622140625 0.803243359375 0.5657587890625 0.80252060546875 0.56607529296875 0.80078515625 0.56683486328125 0.7916279296875 0.56726220703125 0.78770341796875 0.5613068359375 0.78382099609375 0.560631640625 0.780661328125 0.56171298828125 0.77725908203125 0.56612275390625 0.77661552734375 0.55421728515625 0.7736931640625 0.55202822265625 0.76492626953125 0.55275615234375 0.756892578125 0.56809560546875 0.74885888671875 0.56736767578125 0.74547763671875 0.5545337890625 0.7452033203125 0.55348935546875 0.7313302734375 0.5352275390625 0.719641015625 0.52500478515625 0.70941826171875 0.52500478515625 0.7064958984375 0.51331552734375 0.69626787109375 0.50235947265625 0.680200390625 0.5052818359375 0.67070556640625 0.51039326171875 0.6648609375 0.51477666015625 0.6517158203125 0.5323052734375 0.64148779296875 0.53157734375 0.6378955078125 0.52696171875 0.6363763671875 0.52500478515625 0.63418203125 0.51404873046875 0.62907060546875 0.5052818359375 0.628917578125 0.50513935546875 0.61519228515625 0.49213671875 0.61957578125 0.4804474609375 0.61446435546875 0.47460283203125 0.61446435546875 0.46949150390625 0.62176484375 0.463646875 0.62176484375 0.45853544921875 0.61446435546875 0.45488515625 0.60058603515625 0.45561318359375 0.5962025390625 0.45780751953125 0.585246484375 0.45780751953125 0.5815962890625 0.45561318359375 0.5815962890625 0.44685146484375 0.5837853515625 0.44465712890625 0.60715859375 0.4380845703125 0.61373115234375 0.43223994140625 0.61373115234375 0.427128515625 0.60277509765625 0.3979107421875 0.595474609375 0.39133818359375 0.58232421875 0.3869546875 0.56990703125 0.37965419921875 0.56406767578125 0.3730763671875 0.56406767578125 0.36504267578125 0.566984765625 0.3592033203125 0.58232421875 0.35043642578125 0.583057421875 0.342402734375 0.579401953125 0.33363583984375 0.579401953125 0.32414091796875 0.61446435546875 0.30222890625 0.63126494140625 0.286889453125 0.631565625 0.28649912109375 0.638570703125 0.28936865234375 0.64326015625 0.28932646484375 0.654263671875 0.2794306640625 0.65456962890625 0.26493515625 0.65625224609375 0.26236103515625 0.66220244140625 0.25975517578125 0.66944482421875 0.259269921875 0.67620205078125 0.2515421875 0.6834234375 0.24849853515625 0.68722138671875 0.2433501953125 0.69231162109375 0.24032236328125 0.715326171875 0.23971044921875 0.72664619140625 0.23529013671875 0.7284080078125 0.24160419921875 0.7313302734375 0.24818203125 0.75104794921875 0.249637890625 0.76565419921875 0.25475458984375 0.7700376953125 0.2591380859375 0.775154296875 0.2591380859375 0.78172685546875 0.25475458984375 0.78976064453125 0.25475458984375 0.79341083984375 0.26278828125 0.79194970703125 0.28542822265625 0.79341083984375 0.2883505859375 0.8124005859375 0.29638427734375 0.829201171875 0.29711748046875 0.8372349609375 0.30003984375 0.84454072265625 0.3131849609375 0.84600185546875 0.329985546875 0.84965205078125 0.33948037109375 0.89039033203125 0.3736408203125 0.88977841796875 0.37617802734375
0 0.99758203125 0.459511328125 0.98950615234375 0.4623966796875 0.979605078125 0.45859873046875 0.974746875 0.46745009765625 0.9705533203125 0.47171220703125 0.9649302734375 0.47387490234375 0.9578935546875 0.47463447265625 0.95334658203125 0.478901953125 0.95192763671875 0.481027734375 0.95129990234375 0.4873734375 0.9502765625 0.4916091796875 0.9488787109375 0.49267998046875 0.93758505859375 0.49030634765625 0.9329748046875 0.48681962890625 0.92564794921875 0.49604013671875 0.92108515625 0.49819228515625 0.90416845703125 0.4976279296875 0.90061318359375 0.49378251953125 0.89567578125 0.4934712890625 0.8956072265625 0.492764453125 0.8949056640625 0.4853689453125 0.88997890625 0.486471484375 0.88222470703125 0.48618134765625 0.88286298828125 0.47806845703125 0.88426083984375 0.47629609375 0.8912765625 0.472714453125 0.893370703125 0.47022998046875 0.88912431640625 0.4677982421875 0.8845404296875 0.46748701171875 0.88276806640625 0.46608916015625 0.8866345703125 0.4650025390625 0.8954490234375 0.4659888671875 0.896857421875 0.465271484375 0.89788076171875 0.46138388671875 0.887278125 0.457596484375 0.8816392578125 0.4576439453125 0.87778330078125 0.4601390625 0.8767494140625 0.46261826171875 0.87428076171875 0.46263935546875 0.86542939453125 0.45706904296875 0.85439951171875 0.444477734375 0.8582501953125 0.44127587890625 0.85783349609375 0.4331736328125 0.86131494140625 0.42820986328125 0.86058701171875 0.42539833984375 0.85845068359375 0.42295078125 0.8601966796875 0.42117314453125 0.86757626953125 0.418646484375 0.87920224609375 0.4178447265625 0.88339052734375 0.41358251953125 0.8872517578125 0.41143564453125 0.88719375 0.40438837890625 0.88468818359375 0.399830859375 0.88079521484375 0.39739384765625 0.8755044921875 0.39673447265625 0.8754939453125 0.3956794921875 0.8761849609375 0.39426044921875 0.8804048828125 0.39282041015625 0.88214033203125 0.38998251953125 0.8788646484375 0.37732802734375 0.88977841796875 0.37617802734375 0.89039033203125 0.3736408203125 0.8928484375 0.36347080078125 0.90693251953125 0.3619462890625 0.91474990234375 0.370338671875 0.9210587890625 0.36605546875 0.92352744140625 0.366034375 0.9295408203125 0.36915712890625 0.93367109375 0.35749423828125 0.9406708984375 0.35109580078125 0.9434876953125 0.351428125 0.9456240234375 0.35387568359375 0.9488048828125 0.35525771484375 0.95480771484375 0.356265234375 0.96191826171875 0.36430947265625 0.9682482421875 0.3625001953125 0.9703423828125 0.36001572265625 0.97206201171875 0.3550677734375 0.97715224609375 0.33106689453125 0.98165703125 0.32186748046875 0.99002841796875 0.3119294921875 0.995936328125 0.30131103515625 0.99837861328125 0.29764501953125 0.9990234375 0.29857255859375 0.9990234375 0.4068458984375 0.995382421875 0.40597080078125 0.9940109375 0.41056005859375 0.9940583984375 0.41619892578125 0.9990234375 0.4237029296875 0.9990234375 0.4594189453125 0.99758203125 0.459511328125
0 0.4867583984375 0.23263154296875 0.49061435546875 0.23473095703125 0.4936263671875 0.2385447265625 0.49195947265625 0.24282265625 0.49200693359375 0.248788671875 0.48782392578125 0.258631640625 0.49128955078125 0.2649984375 0.4998349609375 0.2674830078125 0.50032548828125 0.275152734375 0.5020556640625 0.2785498046875 0.50209267578125 0.2828119140625 0.49660146484375 0.28882529296875 0.4957837890625 0.293098046875 0.4992125 0.29562470703125 0.50559521484375 0.29429541015625 0.51110224609375 0.28955849609375 0.51231015625 0.28102373046875 0.51738466796875 0.27629208984375 0.5220740234375 0.2758279296875 0.52508603515625 0.27964169921875 0.5256134765625 0.29157353515625 0.53077236328125 0.29707529296875 0.52783955078125 0.303067578125 0.527032421875 0.3086115234375 0.51809677734375 0.31082177734375 0.51474189453125 0.3176685546875 0.498969921875 0.31779521484375 0.4964220703125 0.319525390625 0.49603173828125 0.32336552734375 0.49392705078125 0.32678896484375 0.4879822265625 0.3298220703125 0.483298046875 0.33029150390625 0.47948955078125 0.33373076171875 0.4803705078125 0.33713310546875 0.48634169921875 0.33794013671875 0.48977041015625 0.34003955078125 0.48772900390625 0.350716015625 0.49244482421875 0.35408671875 0.5032267578125 0.3693470703125 0.50283115234375 0.37275986328125 0.49685986328125 0.3723853515625 0.49473935546875 0.37410498046875 0.49476044921875 0.37623603515625 0.4930671875 0.3779556640625 0.49310419921875 0.38222314453125 0.4948396484375 0.3860421875 0.49827890625 0.3894234375 0.506813671875 0.39063662109375 0.51325439453125 0.39612255859375 0.51885634765625 0.4033228515625 0.52654189453125 0.4049685546875 0.528266796875 0.4070837890625 0.52786064453125 0.4096474609375 0.5240626953125 0.41479580078125 0.51809150390625 0.414416015625 0.5164140625 0.417412109375 0.51129736328125 0.417454296875 0.507430859375 0.41407841796875 0.50487255859375 0.41409951171875 0.50020947265625 0.41712197265625 0.50238798828125 0.42264482421875 0.5173001953125 0.42166904296875 0.5198638671875 0.42250244140625 0.5241470703125 0.42459658203125 0.52719072265625 0.4318232421875 0.53615810546875 0.43388046875 0.5336525390625 0.43986748046875 0.52384638671875 0.44037392578125 0.5179015625 0.4429796875 0.52566630859375 0.454004296875 0.52573486328125 0.462528515625 0.51891435546875 0.46258662109375 0.51590234375 0.45920009765625 0.50780537109375 0.45926337890625 0.505262890625 0.46141552734375 0.50446103515625 0.4673919921875 0.504155078125 0.46759775390625 0.50191328125 0.46911689453125 0.48487001953125 0.47010859375 0.4805919921875 0.468441796875 0.4762349609375 0.4569634765625 0.47324404296875 0.4561353515625 0.46899775390625 0.45787607421875 0.46137548828125 0.463805078125 0.4583529296875 0.45966953125 0.4513900390625 0.44267373046875 0.4458408203125 0.441439453125 0.44272861328125 0.42569375 0.440128125 0.42059814453125 0.44004365234375 0.41079208984375 0.4353279296875 0.40742138671875 0.43569716796875 0.400595703125 0.43396171875 0.39677666015625 0.4347740234375 0.39207666015625 0.428338671875 0.38701279296875 0.4214232421875 0.3755609375 0.4201994140625 0.37117744140625 0.4145447265625 0.36837119140625 0.411094921875 0.36370810546875 0.40040791015625 0.3599576171875 0.39609306640625 0.35402861328125 0.399379296875 0.33865224609375 0.3993212890625 0.3314044921875 0.39082333984375 0.33531318359375 0.38229384765625 0.3349544921875 0.38309033203125 0.32812880859375 0.38648212890625 0.32554404296875 0.38984228515625 0.319546484375 0.38085380859375 0.31493095703125 0.3655142578125 0.31590673828125 0.36505009765625 0.31122265625 0.37179150390625 0.30178583984375 0.37385390625 0.293245703125 0.37766767578125 0.29022841796875 0.38659814453125 0.28802353515625 0.389557421875 0.28458955078125 0.39205244140625 0.277320703125 0.38984228515625 0.2675357421875 0.37824267578125 0.2565427734375 0.38373388671875 0.25010732421875 0.38540078125 0.24582939453125 0.385348046875 0.23900888671875 0.38712041015625 0.23684091796875 0.38956796875 0.23385537109375 0.398060546875 0.22995185546875 0.4214654296875 0.2246400390625 0.45385869140625 0.2239490234375 0.46837529296875 0.22638603515625 0.47786494140625 0.229640625 0.4867583984375 0.23263154296875
0 0.438756640625 0.46519765625 0.43781767578125 0.47112666015625 0.4319572265625 0.47858017578125 0.430548828125 0.48747890625 0.42614423828125 0.49245322265625 0.41972470703125 0.49201015625 0.4137640625 0.48761611328125 0.40734970703125 0.4881646484375 0.406959375 0.5005080078125 0.4015314453125 0.50055546875 0.3876478515625 0.49326025390625 0.38564873046875 0.4908126953125 0.3728306640625 0.492891015625 0.37079453125 0.48550087890625 0.36779833984375 0.4810857421875 0.363341015625 0.4796404296875 0.35742783203125 0.48067431640625 0.35797646484375 0.48708857421875 0.36499736328125 0.5003603515625 0.36504482421875 0.5067798828125 0.36167412109375 0.51668095703125 0.35874130859375 0.52015712890625 0.35578203125 0.520679296875 0.341940625 0.51881728515625 0.3374833984375 0.51687607421875 0.3329416015625 0.50506552734375 0.318076953125 0.4982767578125 0.30276376953125 0.49741689453125 0.29031494140625 0.48418740234375 0.28189091796875 0.480305078125 0.26508505859375 0.47797880859375 0.255247265625 0.4824994140625 0.24686015625 0.48256796875 0.2419123046875 0.481623828125 0.236452734375 0.4782109375 0.22855615234375 0.47827421875 0.21673505859375 0.4818294921875 0.21243076171875 0.48186640625 0.20785205078125 0.4819033203125 0.201880859375 0.47602705078125 0.199797265625 0.463208984375 0.1968380859375 0.46323544921875 0.1899595703125 0.4672390625 0.1811767578125 0.48014677734375 0.17773759765625 0.48215126953125 0.17363369140625 0.48256796875 0.17083798828125 0.483686328125 0.160952734375 0.48228837890625 0.14954306640625 0.47546796875 0.14659443359375 0.4769765625 0.1437353515625 0.48983154296875 0.1395576171875 0.48986845703125 0.1392939453125 0.48986845703125 0.13285849609375 0.4874525390625 0.13085400390625 0.48401328125 0.12191826171875 0.4781634765625 0.1110625 0.47874892578125 0.10165732421875 0.4753677734375 0.099167578125 0.4729201171875 0.0986294921875 0.46749228515625 0.09713671875 0.46602587890625 0.09203056640625 0.4656724609375 0.09071181640625 0.46558271484375 0.08624931640625 0.4631509765625 0.0861806640625 0.45475859375 0.09254755859375 0.44829150390625 0.0992994140625 0.428980078125 0.0977275390625 0.41763896484375 0.092278515625 0.41570830078125 0.07401142578125 0.4153654296875 0.068019140625 0.4070205078125 0.06644716796875 0.39617529296875 0.06197412109375 0.39275712890625 0.05901484375 0.39277822265625 0.05608203125 0.39625966796875 0.0527271484375 0.40862939453125 0.04833837890625 0.41557646484375 0.0424251953125 0.4166103515625 0.03843212890625 0.4112140625 0.03639599609375 0.40382392578125 0.0285099609375 0.3937962890625 0.0279138671875 0.39303671875 0.02181611328125 0.37185791015625 0.02121474609375 0.3590240234375 0.02260205078125 0.34766181640625 0.0259251953125 0.3313412109375 0.0283833984375 0.329837890625 0.0283623046875 0.32760654296875 0.0283623046875 0.327369140625 0.02680615234375 0.31800615234375 0.02182138671875 0.312615234375 0.01969560546875 0.2938734375 0.01417275390625 0.2827697265625 0.01015849609375 0.27469375 0.00954658203125 0.26038291015625 0.0119783203125 0.2559203125 0.01626689453125 0.23712578125 0.0187091796875 0.233649609375 0.0236517578125 0.23459912109375 0.027154296875 0.2404912109375 0.039080859375 0.24977509765625 0.041549609375 0.24975390625 0.0479111328125 0.242791015625 0.04983642578125 0.23685146484375 0.04829091796875 0.2289654296875 0.0453052734375 0.22651787109375 0.0250548828125 0.2252044921875 0.01713720703125 0.22279912109375 0.01514326171875 0.22084208984375 0.01512744140625 0.2183734375 0.01703701171875 0.21095166015625 0.026410546875 0.20989130859375 0.0327931640625 0.2058876953125 0.03871689453125 0.2053443359375 0.046566015625 0.19935732421875 0.06087685546875 0.19874541015625 0.07265048828125 0.18976220703125 0.0770287109375 0.1818287109375 0.0819291015625 0.1773451171875 0.10510185546875 0.173204296875 0.1125025390625 0.17314619140625 0.11547763671875 0.1746021484375 0.115815234375 0.2155724609375 0.1178197265625 0.21950751953125 0.12376455078125 0.2219287109375 0.140053515625 0.2213009765625 0.1464150390625 0.2148287109375 0.152723828125 0.20144619140625 0.1596234375 0.19991123046875 0.1817359375 0.18738857421875 0.18816083984375 0.18832216796875 0.19662705078125 0.19713662109375 0.1995916015625 0.19711552734375 0.20199169921875 0.189192578125 0.2059162109375 0.18620166015625 0.21035771484375 0.1856689453125 0.21679833984375 0.1885806640625 0.2232759765625 0.19593388671875 0.23317705078125 0.19930458984375 0.24558359375 0.20710087890625 0.2455994140625 0.20907900390625 0.24363193359375 0.21008125 0.220475 0.21520849609375 0.219040234375 0.2211427734375 0.2205541015625 0.22508310546875 0.22356083984375 0.23048994140625 0.22852451171875 0.23390283203125 0.23395244140625 0.23336474609375 0.2432943359375 0.228844140625 0.2477041015625 0.22485634765625 0.2551154296875 0.225294140625 0.258523046875 0.2198345703125 0.26189365234375 0.2094376953125 0.27466953125 0.201926171875 0.28160078125 0.20433681640625 0.28463388671875 0.21319873046875 0.28469716796875 0.2206046875 0.2906103515625 0.219075 0.2925568359375 0.21609990234375 0.2919923828125 0.2072169921875 0.282972265625 0.19099658203125 0.281442578125 0.185088671875 0.28386904296875 0.1801302734375 0.29219814453125 0.17216513671875 0.30551201171875 0.17008154296875 0.31791865234375 0.178368359375 0.3209833984375 0.1906853515625 0.33021982421875 0.18773671875 0.33526259765625 0.18612783203125 0.35956416015625 0.19974765625 0.3710318359375 0.2134783203125 0.37069951171875 0.22620146484375 0.37065732421875 0.22779970703125 0.375652734375 0.2351634765625 0.37123232421875 0.237669140625 0.37125341796875 0.2406283203125 0.36784052734375 0.245597265625 0.35400966796875 0.2447216796875 0.35107158203125 0.24770732421875 0.353571875 0.2511412109375 0.3653982421875 0.2490681640625 0.37083671875 0.249521875 0.3703619140625 0.25199052734375 0.36347822265625 0.25550361328125 0.35957470703125 0.26096845703125 0.35912109375 0.26590576171875 0.3507919921875 0.27338037109375 0.3494205078125 0.28672060546875 0.3459759765625 0.288229296875 0.3321451171875 0.28735888671875 0.3222810546875 0.2884244140625 0.318351171875 0.29092470703125 0.31789755859375 0.2958673828125 0.32141591796875 0.3037375 0.32887998046875 0.3105896484375 0.341249609375 0.31394453125 0.350670703125 0.318802734375 0.3487453125 0.32474228515625 0.34283212890625 0.32627197265625 0.3403845703125 0.32876171875 0.352859765625 0.34495048828125 0.35437890625 0.34987197265625 0.36433798828125 0.36015810546875 0.363894921875 0.3665830078125 0.35749638671875 0.36860849609375 0.37087890625 0.37540791015625 0.3694177734375 0.3778923828125 0.3640162109375 0.38089384765625 0.36157919921875 0.3848658203125 0.36307197265625 0.38633232421875 0.36998212890625 0.3862794921875 0.3744078125 0.38377392578125 0.38081689453125 0.383225390625 0.38725751953125 0.38564130859375 0.38735771484375 0.3979845703125 0.39482177734375 0.40532724609375 0.395338671875 0.40779072265625 0.376596875 0.4104123046875 0.37513046875 0.411905078125 0.37615380859375 0.41634130859375 0.389494140625 0.41771279296875 0.39983291015625 0.41417333984375 0.40576201171875 0.41461640625 0.4167443359375 0.42933876953125 0.41627490234375 0.43230322265625 0.4103669921875 0.43481943359375 0.41486123046875 0.44070615234375 0.444996875 0.44342275390625 0.4464896484375 0.44489453125 0.44609931640625 0.45723779296875 0.44317177734375 0.4617056640625 0.43577099609375 0.461763671875 0.4354703125 0.4616845703125 0.438756640625 0.46519765625
0 0.9711177734375 0.28319169921875 0.981393359375 0.29015458984375 0.984241796875 0.29365712890625 0.985708203125 0.30068857421875 0.97455703125 0.3155796875 0.973185546875 0.32017421875 0.96797392578125 0.32902548828125 0.96168623046875 0.33577216796875 0.95606318359375 0.33793486328125 0.9518748046875 0.34289853515625 0.94517568359375 0.3418962890625 0.92867041015625 0.34872734375 0.9219712890625 0.34843193359375 0.90855185546875 0.344665625 0.89721611328125 0.3377080078125 0.8837861328125 0.33253330078125 0.87458134765625 0.327326953125 0.87244501953125 0.32487412109375 0.866431640625 0.321756640625 0.864242578125 0.3126099609375 0.8567890625 0.3063275390625 0.85568134765625 0.300345703125 0.85564970703125 0.2961205078125 0.859437109375 0.28516455078125 0.865708984375 0.27700947265625 0.874829296875 0.2716501953125 0.88847021484375 0.259206640625 0.8933759765625 0.25634765625 0.90322421875 0.2537998046875 0.9088630859375 0.25410576171875 0.91734521484375 0.257207421875 0.9314662109375 0.26026162109375 0.94242216796875 0.26439716796875 0.9607578125 0.26601123046875 0.9675044921875 0.2722990234375 0.96894453125 0.275812109375 0.96864912109375 0.27971552734375 0.9711177734375 0.28319169921875
0 0.6563208984375 0.11485302734375 0.656368359375 0.12039697265625 0.66152724609375 0.12589345703125 0.66242919921875 0.131859375 0.66586845703125 0.135240625 0.67013056640625 0.1352037109375 0.6704576171875 0.12326650390625 0.67214560546875 0.1206923828125 0.67687724609375 0.12577216796875 0.68113935546875 0.12573525390625 0.69090322265625 0.12096669921875 0.6938888671875 0.12094033203125 0.7182431640625 0.1275603515625 0.71996806640625 0.13010810546875 0.72179326171875 0.14458779296875 0.72480517578125 0.14797431640625 0.73508076171875 0.15342861328125 0.7389630859375 0.15851357421875 0.7391001953125 0.17575732421875 0.73910546875 0.17641669921875 0.74297734375 0.1802251953125 0.74135263671875 0.19046904296875 0.75251962890625 0.20018017578125 0.76319609375 0.20222685546875 0.76073271484375 0.21375791015625 0.7582166015625 0.21889560546875 0.75396494140625 0.220636328125 0.74842626953125 0.22067861328125 0.7472236328125 0.22231376953125 0.74210166015625 0.22925556640625 0.72664619140625 0.23529013671875 0.715326171875 0.23971044921875 0.69231162109375 0.24032236328125 0.68722138671875 0.2433501953125 0.6834234375 0.24849853515625 0.67620205078125 0.2515421875 0.66944482421875 0.259269921875 0.66220244140625 0.25975517578125 0.65625224609375 0.26236103515625 0.65456962890625 0.26493515625 0.654263671875 0.2794306640625 0.64326015625 0.28932646484375 0.638570703125 0.28936865234375 0.631565625 0.28649912109375 0.6253095703125 0.28393544921875 0.6072693359375 0.26787861328125 0.597473828125 0.26881220703125 0.59570673828125 0.26115302734375 0.59989501953125 0.25216982421875 0.59860263671875 0.2504501953125 0.595622265625 0.250925 0.59220947265625 0.2509513671875 0.587076953125 0.24843525390625 0.5849142578125 0.2446162109375 0.5802248046875 0.244653125 0.57719697265625 0.23956279296875 0.57499736328125 0.231481640625 0.5655236328125 0.2196236328125 0.56119814453125 0.21198544921875 0.560285546875 0.2051703125 0.56250107421875 0.201746875 0.56337138671875 0.2003701171875 0.5657609375 0.19659853515625 0.58313125 0.18324248046875 0.5962078125 0.16272294921875 0.59870283203125 0.1588142578125 0.6029755859375 0.14593291015625 0.60492197265625 0.1400724609375 0.60957451171875 0.1331412109375 0.61381025390625 0.1296966796875 0.61934365234375 0.12837265625 0.6261271484375 0.1240525390625 0.62827939453125 0.12100888671875 0.6337125 0.11333388671875 0.64090751953125 0.10645537109375 0.642548046875 0.1068298828125 0.6481658203125 0.108101171875 0.65459599609375 0.112310546875 0.65533447265625 0.11339716796875 0.6563208984375 0.11485302734375
0 0.9960734375 0.11121337890625 0.99570947265625 0.11888837890625 0.9990234375 0.122509375 0.9990234375 0.29857255859375 0.99837861328125 0.29764501953125 0.98336083984375 0.27630263671875 0.969208203125 0.266190625 0.95636376953125 0.25989765625 0.94184189453125 0.2566060546875 0.92766826171875 0.2435083984375 0.91873779296875 0.246140625 0.90206376953125 0.24030654296875 0.87920751953125 0.20894716796875 0.8697759765625 0.20220576171875 0.86972841796875 0.1962345703125 0.8726666015625 0.19066953125 0.87040361328125 0.17491337890625 0.8767546875 0.169321875 0.87843212890625 0.1658931640625 0.8783318359375 0.153961328125 0.880336328125 0.1385955078125 0.88329560546875 0.1351615234375 0.8935341796875 0.13635361328125 0.89607138671875 0.13377421875 0.89858759765625 0.12864169921875 0.89722138671875 0.1179916015625 0.8988935546875 0.11414091796875 0.90481201171875 0.1081275390625 0.90687451171875 0.0991548828125 0.91536181640625 0.09482412109375 0.91403779296875 0.08929072265625 0.92299990234375 0.09049873046875 0.93200419921875 0.09681806640625 0.943951953125 0.09757236328125 0.9490263671875 0.0928408203125 0.95616337890625 0.07956376953125 0.96673955078125 0.06967333984375 0.97185625 0.06963115234375 0.9829705078125 0.0733763671875 0.98896806640625 0.07673642578125 0.994575390625 0.0847912109375 0.9990234375 0.0844142578125 0.9990234375 0.10613935546875 0.9960734375 0.11121337890625
0 0.74842626953125 0.22067861328125 0.75396494140625 0.220636328125 0.7582166015625 0.21889560546875 0.76073271484375 0.21375791015625 0.76319609375 0.20222685546875 0.75251962890625 0.20018017578125 0.74135263671875 0.19046904296875 0.74297734375 0.1802251953125 0.73910546875 0.17641669921875 0.7391001953125 0.17575732421875 0.75035166015625 0.16319775390625 0.7491859375 0.13550966796875 0.76136572265625 0.1288421875 0.782618359375 0.12857314453125 0.80065859375 0.1332361328125 0.82870009765625 0.153259765625 0.8386697265625 0.16616748046875 0.84051064453125 0.182440625 0.831733203125 0.19966328125 0.827033203125 0.21601552734375 0.81896259765625 0.22426552734375 0.7936166015625 0.22376962890625 0.7715779296875 0.22648623046875 0.7527517578125 0.22427607421875 0.7472236328125 0.22231376953125 0.74842626953125 0.22067861328125
0 0.5157916015625 0.10939345703125 0.51877724609375 0.10936708984375 0.522037109375 0.11128720703125 0.5260619140625 0.126832421875 0.52369345703125 0.1547525390625 0.528308984375 0.163804296875 0.5276232421875 0.1822771484375 0.52724873046875 0.19236279296875 0.52921103515625 0.1969677734375 0.53055615234375 0.20012744140625 0.53002861328125 0.21505546875 0.5268373046875 0.22157001953125 0.52037548828125 0.22486689453125 0.49310419921875 0.223147265625 0.48016474609375 0.22779443359375 0.47786494140625 0.229640625 0.46837529296875 0.22638603515625 0.45385869140625 0.2239490234375 0.4214654296875 0.2246400390625 0.398060546875 0.22995185546875 0.38956796875 0.23385537109375 0.38712041015625 0.23684091796875 0.375694921875 0.22930302734375 0.37069951171875 0.22620146484375 0.3710318359375 0.2134783203125 0.35956416015625 0.19974765625 0.33526259765625 0.18612783203125 0.33021982421875 0.18773671875 0.3299033203125 0.18489873046875 0.32980830078125 0.1732201171875 0.3349302734375 0.16473798828125 0.3348775390625 0.1582498046875 0.32635849609375 0.14793740234375 0.32761396484375 0.142736328125 0.33104794921875 0.139291796875 0.331469921875 0.138162890625 0.3334322265625 0.13769873046875 0.354136328125 0.13278251953125 0.3632302734375 0.13335751953125 0.36584130859375 0.1352828125 0.36855791015625 0.15018974609375 0.373790625 0.1553380859375 0.3984826171875 0.15902529296875 0.408204296875 0.15764853515625 0.4133419921875 0.1511181640625 0.41905478515625 0.13549384765625 0.419555859375 0.1173216796875 0.422087890625 0.10951484375 0.4317462890625 0.10034697265625 0.4466109375 0.093088671875 0.4583318359375 0.09299375 0.46348544921875 0.0929515625 0.469989453125 0.09484521484375 0.49217578125 0.109588671875 0.50782646484375 0.1094568359375 0.5157916015625 0.10939345703125
0 0.65463291015625 0.07288046875 0.65536611328125 0.113054296875 0.65533447265625 0.11339716796875 0.65459599609375 0.112310546875 0.6481658203125 0.108101171875 0.642548046875 0.1068298828125 0.64090751953125 0.10645537109375 0.6337125 0.11333388671875 0.62827939453125 0.12100888671875 0.6261271484375 0.1240525390625 0.61934365234375 0.12837265625 0.61381025390625 0.1296966796875 0.60957451171875 0.1331412109375 0.60492197265625 0.1400724609375 0.6029755859375 0.14593291015625 0.587161328125 0.1394921875 0.57502373046875 0.11962685546875 0.57210146484375 0.10940400390625 0.5815962890625 0.10428740234375 0.5932802734375 0.10283154296875 0.598396875 0.09552568359375 0.60058603515625 0.07726396484375 0.5969357421875 0.05827421875 0.60496943359375 0.05242958984375 0.61811455078125 0.05242958984375 0.624687109375 0.05462392578125 0.6385654296875 0.06630791015625 0.6509826171875 0.06776904296875 0.65741279296875 0.06133896484375 0.65463291015625 0.07288046875
0 0.69553994140625 0.003494140625 0.7043015625 0.02102265625 0.7028404296875 0.042934765625 0.69772900390625 0.05096845703125 0.6933455078125 0.05096845703125 0.68604501953125 0.04585703125 0.6780060546875 0.03125078125 0.66778330078125 0.0319787109375 0.6612107421875 0.03855126953125 0.65901630859375 0.0597353515625 0.65741279296875 0.06133896484375 0.6509826171875 0.06776904296875 0.6385654296875 0.06630791015625 0.624687109375 0.05462392578125 0.61811455078125 0.05242958984375 0.60496943359375 0.05242958984375 0.5969357421875 0.05827421875 0.60058603515625 0.07726396484375 0.598396875 0.09552568359375 0.5932802734375 0.10283154296875 0.5815962890625 0.10428740234375 0.57210146484375 0.10940400390625 0.57502373046875 0.11962685546875 0.587161328125 0.1394921875 0.59109111328125 0.14592236328125 0.5962078125 0.16272294921875 0.58313125 0.18324248046875 0.5657609375 0.19659853515625 0.56337138671875 0.2003701171875 0.53484990234375 0.19851337890625 0.52921103515625 0.1969677734375 0.52724873046875 0.19236279296875 0.5276232421875 0.1822771484375 0.528308984375 0.163804296875 0.52369345703125 0.1547525390625 0.5260619140625 0.126832421875 0.522037109375 0.11128720703125 0.51877724609375 0.10936708984375 0.5157916015625 0.10939345703125 0.50782646484375 0.1094568359375 0.50417099609375 0.088219921875 0.4983263671875 0.07653603515625 0.485914453125 0.06411884765625 0.46984169921875 0.05462392578125 0.46619150390625 0.04877939453125 0.46619150390625 0.04147353515625 0.470575 0.0290564453125 0.4837201171875 0.018100390625 0.4975984375 0.01372216796875 0.50709326171875 0.01372216796875 0.5143990234375 0.015178125 0.52827734375 0.02321708984375 0.53411669921875 0.02321708984375 0.5436115234375 0.01883359375 0.54288359375 0.01079990234375 0.534657421875 0 0.69233603515625 0 0.69553994140625 0.003494140625
0 0.82746572265625 0.0034677734375 0.82999248046875 0.01085263671875 0.83003466796875 0.01578466796875 0.8318228515625 0.01859091796875 0.83570517578125 0.0196142578125 0.8462814453125 0.0195298828125 0.8540197265625 0.0180529296875 0.8610458984375 0.015178125 0.86668486328125 0.01513056640625 0.87794150390625 0.0118654296875 0.8818396484375 0.014655859375 0.88958857421875 0.0138857421875 0.90018583984375 0.0166181640625 0.91049833984375 0.0278115234375 0.9108728515625 0.0306283203125 0.90631533203125 0.0334873046875 0.9017841796875 0.03987001953125 0.8947896484375 0.04627373046875 0.89236845703125 0.05228193359375 0.89238427734375 0.05369560546875 0.89874052734375 0.0554046875 0.9005498046875 0.061027734375 0.90162060546875 0.06277900390625 0.90409462890625 0.0638181640625 0.90411044921875 0.06557998046875 0.8985294921875 0.0723212890625 0.89187255859375 0.07731142578125 0.886587109375 0.07770703125 0.878806640625 0.07460009765625 0.87175927734375 0.0750115234375 0.8679033203125 0.0771583984375 0.8679349609375 0.081035546875 0.87541484375 0.09048818359375 0.87439150390625 0.09472919921875 0.873341796875 0.09614814453125 0.8698181640625 0.09617451171875 0.86663203125 0.09408564453125 0.8652025390625 0.0916328125 0.86238046875 0.09165390625 0.85430986328125 0.096301171875 0.85510107421875 0.1068720703125 0.8540671875 0.1096994140625 0.8470673828125 0.1157498046875 0.84790078125 0.13125283203125 0.84546904296875 0.13549912109375 0.8394767578125 0.13554658203125 0.82743408203125 0.12824609375 0.81639892578125 0.11529609375 0.81490615234375 0.10508388671875 0.81311796875 0.1019294921875 0.8116146484375 0.1020876953125 0.80544296875 0.1115087890625 0.80015751953125 0.1115509765625 0.79625400390625 0.10841240234375 0.7937853515625 0.108080078125 0.78783525390625 0.11376640625 0.7737353515625 0.11352900390625 0.76565419921875 0.11676787109375 0.7610755859375 0.11680478515625 0.75789482421875 0.115776171875 0.75326865234375 0.11052763671875 0.74832080078125 0.108802734375 0.73598271484375 0.10855478515625 0.7299798828125 0.10719384765625 0.73380947265625 0.10152333984375 0.74746103515625 0.0901294921875 0.749196484375 0.08694345703125 0.749175390625 0.0844748046875 0.736800390625 0.07928955078125 0.7265248046875 0.07302822265625 0.72296953125 0.0695361328125 0.72258974609375 0.0660125 0.72396650390625 0.06212490234375 0.73096103515625 0.055373046875 0.73868349609375 0.05142734375 0.763227734375 0.035365234375 0.76424052734375 0.03042265625 0.764419921875 0.0089220703125 0.76647705078125 0.00185361328125 0.7692078125 0 0.82579853515625 0 0.82746572265625 0.0034677734375
0 0.4223041015625 0.0201470703125 0.42118056640625 0.0272470703125 0.42754736328125 0.03507509765625 0.43704755859375 0.0401232421875 0.43906259765625 0.045229296875 0.44031796875 0.0542810546875 0.4506779296875 0.06838095703125 0.4526982421875 0.07466865234375 0.4527826171875 0.08491259765625 0.4575669921875 0.0915748046875 0.4583318359375 0.09299375 0.4466109375 0.093088671875 0.4317462890625 0.10034697265625 0.422087890625 0.10951484375 0.419555859375 0.1173216796875 0.41905478515625 0.13549384765625 0.4133419921875 0.1511181640625 0.408204296875 0.15764853515625 0.3984826171875 0.15902529296875 0.373790625 0.1553380859375 0.36855791015625 0.15018974609375 0.36584130859375 0.1352828125 0.3632302734375 0.13335751953125 0.354136328125 0.13278251953125 0.3334322265625 0.13769873046875 0.33102685546875 0.13359482421875 0.32746630859375 0.1316537109375 0.31917939453125 0.13014501953125 0.312823046875 0.1242845703125 0.3072474609375 0.11684697265625 0.3080123046875 0.1144732421875 0.31233251953125 0.11246875 0.32338349609375 0.1143466796875 0.3272974609375 0.11155625 0.32687021484375 0.10722548828125 0.32008134765625 0.0962484375 0.317691796875 0.0935107421875 0.31373564453125 0.0915748046875 0.30419853515625 0.081800390625 0.29352744140625 0.07794443359375 0.28876416015625 0.07325498046875 0.28005 0.06820693359375 0.2732822265625 0.05959296875 0.27243828125 0.0528990234375 0.27711181640625 0.04616298828125 0.2801923828125 0.03707431640625 0.279548828125 0.00673818359375 0.28817861328125 0.00193798828125 0.2906978515625 0 0.42213818359375 0 0.4223041015625 0.0201470703125
0 0.9682482421875 0.00032919921875 0.961946484375 0 0.968839453125 0 0.9682482421875 0.00032919921875