0 0.38722001953125 0.98127412109375 0.39435751953125 0.9857298828125 0.4003375 0.9990234375 0.372007421875 0.9990234375 0.38722001953125 0.98127412109375
0 0.5663123046875 0.978984375 0.57746201171875 0.97759189453125 0.5872193359375 0.9817744140625 0.60115400390625 0.96783974609375 0.62902314453125 0.97201708984375 0.6455208984375 0.99071689453125 0.64992509765625 0.995708984375 0.6511087890625 0.9990234375 0.5651345703125 0.9990234375 0.5663123046875 0.978984375
0 0.09469638671875 0.98305849609375 0.09737294921875 0.97681318359375 0.1071818359375 0.967896484375 0.11788291015625 0.964327734375 0.135721484375 0.9340037109375 0.1571236328125 0.91616513671875 0.18566328125 0.92241044921875 0.2213404296875 0.92508701171875 0.236497265625 0.9348958984375 0.241850390625 0.9348958984375 0.248095703125 0.92151826171875 0.25344365234375 0.92151826171875 0.25968896484375 0.92597919921875 0.27752236328125 0.92597919921875 0.2935765625 0.91973388671875 0.31230732421875 0.91884169921875 0.31502001953125 0.91783603515625 0.33638603515625 0.909925 0.337247265625 0.9140919921875 0.34173916015625 0.9357880859375 0.36224912109375 0.9357880859375 0.3827642578125 0.94648916015625 0.390221484375 0.94586513671875 0.39346533203125 0.94559697265625 0.41397529296875 0.960758984375 0.452323828125 0.961651171875 0.461245703125 0.965219921875 0.462137890625 0.97056787109375 0.455892578125 0.98127412109375 0.45317998046875 0.99096953125 0.450925 0.9990234375 0.4003375 0.9990234375 0.39435751953125 0.9857298828125 0.38722001953125 0.98127412109375 0.372007421875 0.9990234375 0.09469638671875 0.9990234375 0.09469638671875 0.98305849609375
0 0.782659765625 0.99896826171875 0.7814375 0.98182080078125 0.77408857421875 0.96467841796875 0.77531083984375 0.942631640625 0.78345400390625 0.9107294921875 0.79000869140625 0.885067578125 0.80348427734375 0.86179853515625 0.80371123046875 0.85767275390625 0.80470654296875 0.8397517578125 0.81328291015625 0.82260419921875 0.81573251953125 0.80300703125 0.84390087890625 0.7870869140625 0.8549216796875 0.773611328125 0.87696845703125 0.7687171875 0.90023759765625 0.769939453125 0.924733984375 0.7601408203125 0.9394318359375 0.76381787109375 0.94678076171875 0.77116162109375 0.95780166015625 0.7687171875 0.97090595703125 0.7470984375 0.98773369140625 0.74261171875 0.9990234375 0.74355224609375 0.9990234375 0.9990234375 0.78264599609375 0.9990234375 0.782659765625 0.99896826171875
0 0.98390712890625 0.40963017578125 0.98773369140625 0.39623193359375 0.9990234375 0.395103125 0.9990234375 0.4383552734375 0.98390712890625 0.40963017578125
0 0.9628556640625 0.49765751953125 0.95902900390625 0.491917578125 0.96094228515625 0.46512626953125 0.9990234375 0.4478140625 0.9990234375 0.5092326171875 0.9628556640625 0.49765751953125
0 0.98773369140625 0.74261171875 0.97090595703125 0.7470984375 0.95902900390625 0.75026494140625 0.94371748046875 0.74643828125 0.95902900390625 0.69476884765625 0.9398908203125 0.654584375 0.94371748046875 0.62587451171875 0.953283984375 0.6163080078125 0.9685955078125 0.6124814453125 0.98390712890625 0.6124814453125 0.9990234375 0.62381865234375 0.9990234375 0.74355224609375 0.98773369140625 0.74261171875
0 0.01475029296875 0.712736328125 0.01866455078125 0.71143154296875 0.05393427734375 0.679416015625 0.06047353515625 0.68356240234375 0.0548986328125 0.703071875 0.06883330078125 0.707254296875 0.06047353515625 0.719796484375 0.05210859375 0.72258134765625 0.0507162109375 0.7420908203125 0.06047353515625 0.7462732421875 0.06186591796875 0.75324052734375 0.0507162109375 0.77135244140625 0.0507162109375 0.78389462890625 0.1008849609375 0.78668466796875 0.10785224609375 0.7922595703125 0.098094921875 0.80897900390625 0.08276787109375 0.81733876953125 0.08276787109375 0.82709609375 0.09531005859375 0.84381552734375 0.09391767578125 0.85635771484375 0.0883427734375 0.86889990234375 0.0660484375 0.88562451171875 0.06047353515625 0.91767099609375 0.0509328125 0.9794330078125 0.03538916015625 0.9943166015625 0.0158796875 0.98734921875 0.0061275390625 0.978984375 0.0019451171875 0.978984375 0 0.982388671875 0 0.71765380859375 0.01475029296875 0.712736328125
0 0.007519921875 0.6933197265625 0.01448720703125 0.69889453125 0.01475029296875 0.712736328125 0 0.71765380859375 0 0.69290224609375 0.007519921875 0.6933197265625
0 0.49106435546875 0.99603388671875 0.49106435546875 0.97759189453125 0.4951900390625 0.972434765625 0.5022140625 0.96365732421875 0.50012548828125 0.95042412109375 0.498031640625 0.93718056640625 0.510573828125 0.93300322265625 0.51475625 0.92046103515625 0.5217236328125 0.92046103515625 0.5375044921875 0.9313890625 0.53983544921875 0.93300322265625 0.54230576171875 0.932508203125 0.55377529296875 0.93021318359375 0.57606962890625 0.91488623046875 0.5945115234375 0.921801953125 0.59836396484375 0.9232458984375 0.60795625 0.9223021484375 0.6081212890625 0.92463837890625 0.62042626953125 0.9325494140625 0.61090615234375 0.9441478515625 0.61508857421875 0.95111513671875 0.630415625 0.9608724609375 0.65369501953125 0.96368828125 0.6527099609375 0.98038193359375 0.6455208984375 0.99071689453125 0.62902314453125 0.97201708984375 0.60115400390625 0.96783974609375 0.5872193359375 0.9817744140625 0.57746201171875 0.97759189453125 0.5663123046875 0.978984375 0.5651345703125 0.9990234375 0.49106435546875 0.9990234375 0.49106435546875 0.99603388671875
0 0.64992509765625 0.995708984375 0.6455208984375 0.99071689453125 0.6527099609375 0.98038193359375 0.65369501953125 0.96368828125 0.65410751953125 0.9566900390625 0.638775390625 0.9525126953125 0.62763076171875 0.93718056640625 0.62042626953125 0.9325494140625 0.6081212890625 0.92463837890625 0.60795625 0.9223021484375 0.60672373046875 0.90512890625 0.626233203125 0.8981615234375 0.6527099609375 0.896769140625 0.66664453125 0.85914775390625 0.6777943359375 0.85914775390625 0.6861541015625 0.83963828125 0.7028787109375 0.8243060546875 0.72378056640625 0.82012880859375 0.7600095703125 0.82709609375 0.75304228515625 0.85496533203125 0.76140712890625 0.85914775390625 0.80042099609375 0.85635771484375 0.80371123046875 0.85767275390625 0.80348427734375 0.86179853515625 0.79000869140625 0.885067578125 0.78345400390625 0.9107294921875 0.76558447265625 0.92882080078125 0.746075 0.93300322265625 0.73214033203125 0.94972275390625 0.73074794921875 0.96365732421875 0.74468251953125 0.9734146484375 0.746075 0.98038193359375 0.73337685546875 0.9990234375 0.6511087890625 0.9990234375 0.64992509765625 0.995708984375
0 0.57606962890625 0.91488623046875 0.55377529296875 0.93021318359375 0.54230576171875 0.932508203125 0.5375044921875 0.9313890625 0.5217236328125 0.92046103515625 0.51475625 0.92046103515625 0.510573828125 0.93300322265625 0.498031640625 0.93718056640625 0.50012548828125 0.95042412109375 0.49131708984375 0.94763408203125 0.48015703125 0.93951669921875 0.47406640625 0.93951669921875 0.49334892578125 0.9669166015625 0.4951900390625 0.972434765625 0.49106435546875 0.97759189453125 0.49106435546875 0.99603388671875 0.48929033203125 0.99735927734375 0.47406640625 0.99735927734375 0.45317998046875 0.99096953125 0.455892578125 0.98127412109375 0.462137890625 0.97056787109375 0.461245703125 0.965219921875 0.452323828125 0.961651171875 0.41397529296875 0.960758984375 0.39346533203125 0.94559697265625 0.390221484375 0.94586513671875 0.39086103515625 0.93343125 0.38172763671875 0.92632470703125 0.35737568359375 0.9212552734375 0.34925830078125 0.90704736328125 0.34316767578125 0.90806328125 0.337247265625 0.9140919921875 0.33638603515625 0.909925 0.31502001953125 0.91783603515625 0.31272509765625 0.91212197265625 0.29953310546875 0.896898046875 0.29928037109375 0.89473720703125 0.337778515625 0.87308232421875 0.3684376953125 0.83267099609375 0.37401259765625 0.8117638671875 0.3893396484375 0.8034041015625 0.39630693359375 0.7908619140625 0.39630693359375 0.77135244140625 0.3983388671875 0.769609375 0.42111279296875 0.7704396484375 0.42451650390625 0.769485546875 0.4405810546875 0.78020732421875 0.45783173828125 0.773105859375 0.4659490234375 0.78020732421875 0.47000771484375 0.788324609375 0.46798095703125 0.81267666015625 0.47812509765625 0.81064990234375 0.53089296875 0.77716455078125 0.54509580078125 0.78020732421875 0.56945302734375 0.79339931640625 0.57046376953125 0.79948466796875 0.55828779296875 0.81166591796875 0.55727177734375 0.819783203125 0.562346484375 0.82891142578125 0.58669853515625 0.84413525390625 0.58263984375 0.8552953125 0.58365576171875 0.86240185546875 0.5958318359375 0.8684873046875 0.58974638671875 0.9050154296875 0.5958318359375 0.918207421875 0.5945115234375 0.921801953125 0.57606962890625 0.91488623046875
0 0.38655478515625 0.6431509765625 0.37818984375 0.6556931640625 0.37888095703125 0.6605099609375 0.3809798828125 0.67520263671875 0.36983017578125 0.68774482421875 0.36710205078125 0.71369560546875 0.3670453125 0.71422158203125 0.40327421875 0.73094111328125 0.40605908203125 0.7629927734375 0.3983388671875 0.769609375 0.39630693359375 0.77135244140625 0.39630693359375 0.7908619140625 0.3893396484375 0.8034041015625 0.37401259765625 0.8117638671875 0.3684376953125 0.83267099609375 0.337778515625 0.87308232421875 0.29928037109375 0.89473720703125 0.29318974609375 0.8981615234375 0.23744619140625 0.89537666015625 0.1879685546875 0.8817154296875 0.16777314453125 0.8619326171875 0.16498310546875 0.84381552734375 0.13850634765625 0.8117638671875 0.13432900390625 0.793651953125 0.12178681640625 0.78389462890625 0.11760439453125 0.76160029296875 0.09391767578125 0.76438515625 0.08973515625 0.76020791015625 0.08276787109375 0.72537138671875 0.09561953125 0.68682685546875 0.123179296875 0.6598755859375 0.1580158203125 0.65290830078125 0.1705580078125 0.669627734375 0.188675 0.669627734375 0.197034765625 0.65290830078125 0.1956423828125 0.63200634765625 0.20679208984375 0.5985623046875 0.20679208984375 0.57765517578125 0.21515185546875 0.570687890625 0.23326884765625 0.56372060546875 0.2444134765625 0.55396845703125 0.25556328125 0.55536083984375 0.2862224609375 0.53306650390625 0.295974609375 0.5316740234375 0.31409169921875 0.54142626953125 0.321058984375 0.57765517578125 0.3391708984375 0.58183759765625 0.350320703125 0.5748703125 0.354503125 0.55815087890625 0.36381689453125 0.5446494140625 0.3726150390625 0.55117841796875 0.37818984375 0.55815087890625 0.37818984375 0.57208544921875 0.39212451171875 0.58044521484375 0.3809798828125 0.61109931640625 0.3855181640625 0.6371841796875 0.38655478515625 0.6431509765625
0 0.42111279296875 0.7704396484375 0.3983388671875 0.769609375 0.40605908203125 0.7629927734375 0.40327421875 0.73094111328125 0.3670453125 0.71422158203125 0.36710205078125 0.71369560546875 0.37487900390625 0.70023544921875 0.37601875 0.6871052734375 0.37887578125 0.6871052734375 0.38457958984375 0.69167451171875 0.38800390625 0.68881748046875 0.38515205078125 0.67454765625 0.37888095703125 0.6605099609375 0.37818984375 0.6556931640625 0.38655478515625 0.6431509765625 0.3855181640625 0.6371841796875 0.4039859375 0.6283138671875 0.4091224609375 0.62774658203125 0.42054033203125 0.63801962890625 0.428533984375 0.6517169921875 0.43937431640625 0.65628623046875 0.45535625 0.6676990234375 0.45878056640625 0.67398037109375 0.45878056640625 0.6882501953125 0.45421650390625 0.68996240234375 0.43937431640625 0.68996240234375 0.428533984375 0.69795078125 0.4268166015625 0.703659765625 0.43138583984375 0.71164814453125 0.43652236328125 0.7139328125 0.44736787109375 0.72363857421875 0.45878056640625 0.74361220703125 0.45878056640625 0.75046083984375 0.448291015625 0.76283291015625 0.42451650390625 0.769485546875 0.42111279296875 0.7704396484375