0 0.92114052734375 0.9877193359375 0.9579470703125 0.972995703125 0.97372275390625 0.94249638671875 0.9990234375 0.92188271484375 0.9990234375 0.9990234375 0.9098330078125 0.9990234375 0.92114052734375 0.9877193359375
0 0.89800556640625 0.998234765625 0.89879423828125 0.9990234375 0.89682255859375 0.9990234375 0.89800556640625 0.998234765625
0 0.7811291015625 0.8084982421875 0.7811291015625 0.829900390625 0.79183017578125 0.8375484375 0.79335673828125 0.8543607421875 0.81629052734375 0.88952216796875 0.80787412109375 0.89583447265625 0.79794658203125 0.9032814453125 0.72762373046875 0.92315185546875 0.7178560546875 0.9271951171875 0.70316337890625 0.91092431640625 0.70010517578125 0.8971650390625 0.70468994140625 0.88799560546875 0.6909357421875 0.88034755859375 0.6909357421875 0.871178125 0.70010517578125 0.85741884765625 0.6909357421875 0.8467177734375 0.6909357421875 0.8375484375 0.70316337890625 0.82073095703125 0.70316337890625 0.8100298828125 0.7230390625 0.79474404296875 0.7398513671875 0.79015419921875 0.759726953125 0.8039134765625 0.77280029296875 0.8067138671875 0.7811291015625 0.8084982421875
0 0.86367958984375 0.79321240234375 0.88531376953125 0.795919921875 0.88813994140625 0.79627060546875 0.88813994140625 0.81461455078125 0.897309375 0.83295859375 0.897309375 0.84632587890625 0.897309375 0.8467177734375 0.8713224609375 0.88034755859375 0.86673779296875 0.8956384765625 0.84839375 0.90480791015625 0.8285181640625 0.90480791015625 0.80787412109375 0.89583447265625 0.81629052734375 0.88952216796875 0.79335673828125 0.8543607421875 0.79183017578125 0.8375484375 0.7811291015625 0.829900390625 0.7811291015625 0.8084982421875 0.77280029296875 0.8067138671875 0.7841873046875 0.78709599609375 0.7857138671875 0.76569384765625 0.79641494140625 0.7549927734375 0.8193435546875 0.74888154296875 0.8287708984375 0.75830888671875 0.86367958984375 0.79321240234375
0 0.97527509765625 0.79015419921875 0.97833330078125 0.8069716796875 0.97527509765625 0.8375484375 0.95081474609375 0.8467177734375 0.9416453125 0.86812001953125 0.93094423828125 0.869646484375 0.90648388671875 0.8497759765625 0.897309375 0.84632587890625 0.897309375 0.83295859375 0.88813994140625 0.81461455078125 0.88813994140625 0.79627060546875 0.88531376953125 0.795919921875 0.894251171875 0.78556953125 0.92941259765625 0.7702837890625 0.95081474609375 0.77486845703125 0.9605462890625 0.78094873046875 0.97527509765625 0.79015419921875
0 0.61480595703125 0.7896642578125 0.60991181640625 0.78575517578125 0.60697744140625 0.7749921875 0.61871513671875 0.764229296875 0.62556376953125 0.743683203125 0.6324125 0.73585458984375 0.62947802734375 0.72803125 0.63512001953125 0.7218220703125 0.66273134765625 0.7241220703125 0.67412861328125 0.730532421875 0.6776921875 0.74834521484375 0.689801171875 0.74976865234375 0.69549990234375 0.75261533203125 0.6983517578125 0.7768384765625 0.68908955078125 0.7782669921875 0.681255859375 0.7853890625 0.679115625 0.7903759765625 0.681255859375 0.809612109375 0.6712767578125 0.8167341796875 0.6584560546875 0.8167341796875 0.6320978515625 0.80676025390625 0.626394140625 0.79963818359375 0.61480595703125 0.7972349609375 0.61480595703125 0.7896642578125
0 0.94745224609375 0.6869390625 0.9536150390625 0.687346484375 0.9621294921875 0.68791376953125 0.96897822265625 0.69378779296875 0.9709328125 0.70943974609375 0.96701845703125 0.720202734375 0.981695703125 0.730965625 0.98365029296875 0.7456376953125 0.97551748046875 0.76122783203125 0.97191259765625 0.7681435546875 0.9605462890625 0.78094873046875 0.95081474609375 0.77486845703125 0.92941259765625 0.7702837890625 0.894251171875 0.78556953125 0.88531376953125 0.795919921875 0.86367958984375 0.79321240234375 0.8287708984375 0.75830888671875 0.838853125 0.74466298828125 0.83591865234375 0.72803125 0.84863623046875 0.7241169921875 0.85255048828125 0.71335400390625 0.877985546875 0.6947625 0.8785630859375 0.69404052734375 0.8858140625 0.68497939453125 0.89951142578125 0.68106513671875 0.9288607421875 0.68106513671875 0.94378037109375 0.6857787109375 0.94745224609375 0.6869390625
0 0.75890703125 0.66285009765625 0.7638939453125 0.66712529296875 0.7646056640625 0.67638759765625 0.7717328125 0.6827978515625 0.77457958984375 0.69348349609375 0.78811708984375 0.69633544921875 0.7923923828125 0.70417431640625 0.8087765625 0.7112962890625 0.80806494140625 0.72768056640625 0.79595595703125 0.74050634765625 0.79453251953125 0.75261533203125 0.78241845703125 0.756890625 0.77030947265625 0.75617890625 0.75748359375 0.744781640625 0.745374609375 0.74762841796875 0.72142998046875 0.740423828125 0.70903740234375 0.7241220703125 0.70903740234375 0.716994921875 0.7126009765625 0.70773271484375 0.73611240234375 0.67638759765625 0.7510732421875 0.66854873046875 0.757839453125 0.6623755859375 0.75890703125 0.66285009765625
0 0.97551748046875 0.76122783203125 0.98365029296875 0.7456376953125 0.981695703125 0.730965625 0.96701845703125 0.720202734375 0.9709328125 0.70943974609375 0.96897822265625 0.69378779296875 0.9621294921875 0.68791376953125 0.9536150390625 0.687346484375 0.9621294921875 0.67715078125 0.97191259765625 0.655630078125 0.9990234375 0.6468158203125 0.9990234375 0.7690240234375 0.97551748046875 0.76122783203125
0 0.9288607421875 0.68106513671875 0.89951142578125 0.68106513671875 0.8858140625 0.68497939453125 0.8785630859375 0.69404052734375 0.86736689453125 0.6840046875 0.8740763671875 0.676176171875 0.8740763671875 0.66932744140625 0.8691822265625 0.6624787109375 0.8691822265625 0.64878134765625 0.87505107421875 0.635083984375 0.87090478515625 0.6306126953125 0.8971185546875 0.62509462890625 0.904245703125 0.63079326171875 0.93060390625 0.62936474609375 0.93487919921875 0.63435166015625 0.9377310546875 0.6450423828125 0.94485302734375 0.65358779296875 0.94057783203125 0.664990234375 0.94414140625 0.68137451171875 0.94378037109375 0.6857787109375 0.9288607421875 0.68106513671875
0 0.87090478515625 0.6306126953125 0.87505107421875 0.635083984375 0.8691822265625 0.64878134765625 0.8691822265625 0.6624787109375 0.8740763671875 0.66932744140625 0.8740763671875 0.676176171875 0.86736689453125 0.6840046875 0.86233359375 0.68987353515625 0.85255048828125 0.69280791015625 0.8457017578125 0.68595927734375 0.8251556640625 0.682044921875 0.8143927734375 0.6751962890625 0.80656416015625 0.66443330078125 0.79580634765625 0.6595443359375 0.79189208984375 0.6546501953125 0.7938466796875 0.64193271484375 0.78699794921875 0.635083984375 0.78699794921875 0.63018984375 0.792866796875 0.62236640625 0.79189208984375 0.61257822265625 0.802655078125 0.614537890625 0.80780185546875 0.6108556640625 0.83298427734375 0.62040673828125 0.8535302734375 0.62236640625 0.86250888671875 0.621546484375 0.87090478515625 0.6306126953125
0 0.745905859375 0.6575845703125 0.72731943359375 0.655630078125 0.7097078125 0.66736767578125 0.69601044921875 0.66541318359375 0.6901416015625 0.6703021484375 0.67155009765625 0.66736767578125 0.64708974609375 0.65660478515625 0.64708974609375 0.64290732421875 0.63866298828125 0.6384619140625 0.6392611328125 0.63703857421875 0.6382865234375 0.6311697265625 0.6333923828125 0.62725546875 0.6177404296875 0.62040673828125 0.6206748046875 0.59986064453125 0.61341875 0.58873154296875 0.6441552734375 0.5871431640625 0.65198388671875 0.59203212890625 0.65883251953125 0.6027951171875 0.663721484375 0.6027951171875 0.67155009765625 0.593991796875 0.68329287109375 0.59594638671875 0.67350458984375 0.5851833984375 0.67350458984375 0.5744255859375 0.66665595703125 0.5656171875 0.66665595703125 0.5587685546875 0.67937861328125 0.5431166015625 0.6809515625 0.542853515625 0.69111630859375 0.5411568359375 0.7057935546875 0.5206107421875 0.73122861328125 0.52745947265625 0.7339 0.53072392578125 0.74003701171875 0.5382224609375 0.751774609375 0.5411568359375 0.75568896484375 0.55191982421875 0.7733005859375 0.557788671875 0.77134599609375 0.58616328125 0.789932421875 0.591057421875 0.78895771484375 0.59888076171875 0.77134599609375 0.63018984375 0.7465607421875 0.656878125 0.745905859375 0.6575845703125
0 0.94060361328125 0.469735546875 0.93668935546875 0.47951865234375 0.92495166015625 0.4814783203125 0.92397177734375 0.5020244140625 0.9337548828125 0.51865625 0.937669140625 0.54898544921875 0.9415833984375 0.55191982421875 0.95234638671875 0.55191982421875 0.9543009765625 0.55681396484375 0.9543009765625 0.5656171875 0.94762763671875 0.58044912109375 0.94549775390625 0.5851833984375 0.9494068359375 0.60377490234375 0.934734765625 0.606709375 0.90342568359375 0.62432099609375 0.87994521484375 0.60964375 0.87113681640625 0.61257822265625 0.8642880859375 0.62138662109375 0.86250888671875 0.621546484375 0.8535302734375 0.62236640625 0.83298427734375 0.62040673828125 0.80780185546875 0.6108556640625 0.80460966796875 0.60964375 0.805589453125 0.58812294921875 0.79580634765625 0.57638017578125 0.7977609375 0.5646373046875 0.785043359375 0.55974833984375 0.77526025390625 0.549965234375 0.77526025390625 0.547030859375 0.78601806640625 0.54409130859375 0.78797783203125 0.53920234375 0.7781947265625 0.53137373046875 0.77428046875 0.523550390625 0.772728125 0.506650390625 0.77428046875 0.50495888671875 0.7811291015625 0.50495888671875 0.78895771484375 0.48734716796875 0.7967810546875 0.482458203125 0.79482646484375 0.469735546875 0.79515654296875 0.46419677734375 0.7977609375 0.46288681640625 0.80852392578125 0.45408359375 0.81047841796875 0.44234072265625 0.80754404296875 0.4247291015625 0.81047841796875 0.4217947265625 0.8173271484375 0.42277451171875 0.8202615234375 0.402228515625 0.84374208984375 0.4012486328125 0.85646474609375 0.3855966796875 0.890708203125 0.3855966796875 0.9024458984375 0.39929404296875 0.92299189453125 0.4110369140625 0.92788603515625 0.41690576171875 0.9288607421875 0.430603125 0.937669140625 0.43647197265625 0.9337548828125 0.45995244140625 0.939933203125 0.4687814453125 0.94060361328125 0.469735546875
0 0.99637294921875 0.58909765625 0.9777814453125 0.58616328125 0.97289248046875 0.58127431640625 0.9591951171875 0.5871431640625 0.94762763671875 0.58044912109375 0.9543009765625 0.5656171875 0.9543009765625 0.55681396484375 0.95234638671875 0.55191982421875 0.9415833984375 0.55191982421875 0.937669140625 0.54898544921875 0.9337548828125 0.51865625 0.92397177734375 0.5020244140625 0.92495166015625 0.4814783203125 0.93668935546875 0.47951865234375 0.94060361328125 0.469735546875 0.939933203125 0.4687814453125 0.9591951171875 0.45897255859375 0.9591951171875 0.44038623046875 0.9709328125 0.41984013671875 0.9797412109375 0.4217947265625 0.9990234375 0.40829609375 0.9990234375 0.5843251953125 0.99637294921875 0.58909765625
0 0.79482646484375 0.469735546875 0.7967810546875 0.482458203125 0.78895771484375 0.48734716796875 0.7811291015625 0.50495888671875 0.77428046875 0.50495888671875 0.772728125 0.506650390625 0.76351748046875 0.51670166015625 0.74297138671875 0.523550390625 0.7339 0.53072392578125 0.73122861328125 0.52745947265625 0.7057935546875 0.5206107421875 0.69111630859375 0.5411568359375 0.6809515625 0.542853515625 0.67839873046875 0.54018212890625 0.6695955078125 0.526484765625 0.67057021484375 0.51865625 0.67839873046875 0.51180751953125 0.6725298828125 0.4941958984375 0.640241015625 0.47951865234375 0.6382865234375 0.4746296875 0.64806962890625 0.46386669921875 0.67937861328125 0.446255078125 0.69601044921875 0.44038623046875 0.6930759765625 0.4266888671875 0.69630439453125 0.396803125 0.7087279296875 0.3777681640625 0.74199150390625 0.37287919921875 0.7449259765625 0.37483369140625 0.75079990234375 0.39929404296875 0.78895771484375 0.40418818359375 0.792866796875 0.41690576171875 0.7977609375 0.42082001953125 0.79515654296875 0.46419677734375 0.79482646484375 0.469735546875
0 0.72242529296875 0.23883974609375 0.73807724609375 0.231991015625 0.74395126953125 0.226122265625 0.7449259765625 0.2124248046875 0.75666875 0.2045962890625 0.76743173828125 0.19089892578125 0.761562890625 0.17818134765625 0.7618259765625 0.17661357421875 0.805589453125 0.182095703125 0.81830703125 0.19187880859375 0.83004462890625 0.19579306640625 0.8427673828125 0.19383330078125 0.85059072265625 0.20264169921875 0.857439453125 0.221228125 0.87603095703125 0.2300365234375 0.8740763671875 0.23688515625 0.8662478515625 0.24470859375 0.86331337890625 0.26232021484375 0.87701083984375 0.30634677734375 0.82417587890625 0.35624736328125 0.82124140625 0.3621162109375 0.79091220703125 0.35918173828125 0.78014931640625 0.361136328125 0.76645185546875 0.37091943359375 0.7498201171875 0.35135322265625 0.73807724609375 0.3445044921875 0.73025390625 0.33472138671875 0.7292740234375 0.32297861328125 0.73905712890625 0.31026103515625 0.73905712890625 0.3053720703125 0.728294140625 0.296563671875 0.72340517578125 0.28678056640625 0.7243798828125 0.273083203125 0.73025390625 0.26232021484375 0.7292740234375 0.2486228515625 0.72308544921875 0.239891796875 0.72242529296875 0.23883974609375
0 0.980855078125 0.34868701171875 0.97708525390625 0.3563814453125 0.9756619140625 0.35628857421875 0.95676611328125 0.35652587890625 0.94323369140625 0.36271953125 0.93491005859375 0.36207490234375 0.920408203125 0.3509509765625 0.9019765625 0.32782119140625 0.90028505859375 0.3135255859375 0.9130283203125 0.305078125 0.945363671875 0.29111259765625 0.9505568359375 0.2835109375 0.9556521484375 0.26762177734375 0.97216533203125 0.258375 0.98543466796875 0.23107822265625 0.9990234375 0.21718984375 0.9990234375 0.32937841796875 0.980855078125 0.34868701171875
0 0.13985849609375 0.98324814453125 0.1479037109375 0.9752029296875 0.16010029296875 0.97361455078125 0.168465234375 0.9725212890625 0.18812939453125 0.96269169921875 0.19885634765625 0.96269169921875 0.20779365234375 0.9591126953125 0.21315703125 0.95464658203125 0.22477607421875 0.93408505859375 0.23599287109375 0.92904130859375 0.24265078125 0.92604501953125 0.24416181640625 0.92621005859375 0.2506958984375 0.92693720703125 0.2605306640625 0.934982421875 0.28376875 0.94123798828125 0.28466611328125 0.96358388671875 0.2909216796875 0.96983955078125 0.28823994140625 0.97878203125 0.26946796875 0.97967421875 0.26589404296875 0.98235595703125 0.27036015625 0.99129326171875 0.277278125 0.9990234375 0.1348400390625 0.9990234375 0.13985849609375 0.98324814453125
0 0.27036015625 0.99129326171875 0.26589404296875 0.98235595703125 0.26946796875 0.97967421875 0.28823994140625 0.97878203125 0.2909216796875 0.96983955078125 0.28466611328125 0.96358388671875 0.28376875 0.94123798828125 0.2605306640625 0.934982421875 0.2506958984375 0.92693720703125 0.24416181640625 0.92621005859375 0.24497666015625 0.92555 0.27280458984375 0.909898046875 0.28672373046875 0.909898046875 0.31281376953125 0.9203361328125 0.3302037109375 0.9481640625 0.37542666015625 0.97077294921875 0.3771646484375 0.98816806640625 0.3717369140625 0.9990234375 0.277278125 0.9990234375 0.27036015625 0.99129326171875
0 0.42695693359375 0.98632177734375 0.4112998046875 0.984362109375 0.39173359375 0.97164453125 0.38488486328125 0.96284130859375 0.38293037109375 0.9442498046875 0.3878193359375 0.93348681640625 0.40151669921875 0.91685498046875 0.42891142578125 0.9041375 0.44554326171875 0.9109861328125 0.47000361328125 0.91000634765625 0.4856607421875 0.9207693359375 0.5042470703125 0.91881474609375 0.51494296875 0.92111484375 0.51501005859375 0.92174912109375 0.5042470703125 0.93838095703125 0.505226953125 0.9481640625 0.5156650390625 0.95900439453125 0.52738203125 0.962108984375 0.525773046875 0.963816015625 0.5091412109375 0.9755587890625 0.5071828125 0.9990234375 0.43442822265625 0.9990234375 0.42695693359375 0.98632177734375
0 0.22477607421875 0.93408505859375 0.21315703125 0.95464658203125 0.20779365234375 0.9591126953125 0.19885634765625 0.96269169921875 0.18812939453125 0.96269169921875 0.168465234375 0.9725212890625 0.16010029296875 0.97361455078125 0.155948828125 0.96001005859375 0.14522197265625 0.95375439453125 0.14343759765625 0.9394484375 0.1318185546875 0.9296189453125 0.124665625 0.9296189453125 0.11792001953125 0.93437900390625 0.12198388671875 0.9153181640625 0.13002900390625 0.90548349609375 0.1327107421875 0.894756640625 0.14432978515625 0.89029052734375 0.1622044921875 0.894756640625 0.170249609375 0.8867115234375 0.18544775390625 0.8893931640625 0.19885634765625 0.9001201171875 0.211367578125 0.9171025390625 0.2319291015625 0.91889208984375 0.23550302734375 0.92514775390625 0.23599287109375 0.92904130859375 0.22477607421875 0.93408505859375
0 0.07320244140625 0.99478984375 0.0781841796875 0.99218544921875 0.09516669921875 0.9930828125 0.09955888671875 0.9990234375 0.07382548828125 0.9990234375 0.07320244140625 0.99478984375
0 0.09516669921875 0.9930828125 0.0781841796875 0.99218544921875 0.07320244140625 0.99478984375 0.07282080078125 0.99218544921875 0.0755025390625 0.98235595703125 0.0746103515625 0.96358388671875 0.07997373046875 0.95464658203125 0.08533720703125 0.95375439453125 0.0907005859375 0.948391015625 0.08878212890625 0.9421869140625 0.09427451171875 0.94034580078125 0.10946748046875 0.94034580078125 0.11792001953125 0.93437900390625 0.124665625 0.9296189453125 0.1318185546875 0.9296189453125 0.14343759765625 0.9394484375 0.14522197265625 0.95375439453125 0.155948828125 0.96001005859375 0.16010029296875 0.97361455078125 0.1479037109375 0.9752029296875 0.13985849609375 0.98324814453125 0.1348400390625 0.9990234375 0.09955888671875 0.9990234375 0.09516669921875 0.9930828125
0 0.01293603515625 0.84112744140625 0.01556611328125 0.842571484375 0.03081064453125 0.85095703125 0.05226435546875 0.8447013671875 0.05226435546875 0.85006484375 0.0406453125 0.86883681640625 0.0406453125 0.87330810546875 0.04869052734375 0.86972900390625 0.0620939453125 0.85542822265625 0.0683546875 0.87866630859375 0.0663279296875 0.881270703125 0.04332705078125 0.91084697265625 0.05315654296875 0.91889208984375 0.05583828125 0.92782939453125 0.08712158203125 0.936766796875 0.08878212890625 0.9421869140625 0.0907005859375 0.948391015625 0.08533720703125 0.95375439453125 0.07997373046875 0.95464658203125 0.0746103515625 0.96358388671875 0.0755025390625 0.98235595703125 0.07282080078125 0.99218544921875 0.07320244140625 0.99478984375 0.07382548828125 0.9990234375 0 0.9990234375 0 0.840320703125 0.01293603515625 0.84112744140625
0 0.073759375 0.808255859375 0.07392958984375 0.80866318359375 0.0776736328125 0.816084375 0.07834921875 0.815934765625 0.10898271484375 0.80923564453125 0.08619326171875 0.83202509765625 0.08550224609375 0.83271611328125 0.08745673828125 0.84543369140625 0.0952853515625 0.855216796875 0.0952853515625 0.8601109375 0.0825677734375 0.85032783203125 0.0747392578125 0.84934794921875 0.0747392578125 0.8796771484375 0.0698451171875 0.88163173828125 0.0663279296875 0.881270703125 0.0683546875 0.87866630859375 0.0620939453125 0.85542822265625 0.04869052734375 0.86972900390625 0.0406453125 0.87330810546875 0.0406453125 0.86883681640625 0.05226435546875 0.85006484375 0.05226435546875 0.8447013671875 0.03081064453125 0.85095703125 0.01556611328125 0.842571484375 0.01896982421875 0.83956484375 0.031692578125 0.83271611328125 0.05321328125 0.8278220703125 0.02777822265625 0.82586748046875 0.02777822265625 0.82195322265625 0.03951591796875 0.81803896484375 0.02386396484375 0.80434150390625 0.02484384765625 0.80140712890625 0.0297328125 0.80140712890625 0.058107421875 0.816084375 0.06495615234375 0.8151044921875 0.06887041015625 0.8072759765625 0.073403515625 0.80818359375 0.073759375 0.808255859375
0 0.15398916015625 0.76911826171875 0.14518076171875 0.77694677734375 0.14518076171875 0.79357861328125 0.1443607421875 0.79592509765625 0.13987919921875 0.7968224609375 0.1325869140625 0.80156181640625 0.1300341796875 0.80703359375 0.12930185546875 0.81943134765625 0.126021875 0.824903125 0.1231029296875 0.827455859375 0.1263880859375 0.83657373046875 0.126021875 0.84861044921875 0.12492861328125 0.853716015625 0.120183984375 0.85955390625 0.11617177734375 0.8588216796875 0.109245703125 0.85334990234375 0.0862654296875 0.83220048828125 0.08619326171875 0.83202509765625 0.10898271484375 0.80923564453125 0.07834921875 0.815934765625 0.07714765625 0.81286630859375 0.07392958984375 0.80866318359375 0.073759375 0.808255859375 0.073403515625 0.80818359375 0.06730263671875 0.79974140625 0.06730263671875 0.7946306640625 0.06912314453125 0.7898912109375 0.07678662109375 0.77712724609375 0.0764205078125 0.77092841796875 0.07204208984375 0.765456640625 0.06985546875 0.76035107421875 0.0705826171875 0.75341982421875 0.0731353515625 0.74977373046875 0.0826193359375 0.74977373046875 0.08772490234375 0.74758193359375 0.08991669921875 0.74393583984375 0.09137099609375 0.735911328125 0.09465615234375 0.732265234375 0.09720888671875 0.732265234375 0.10486728515625 0.73700986328125 0.11799736328125 0.73700986328125 0.12966796875 0.73846416015625 0.1442576171875 0.751233203125 0.15775380859375 0.75451318359375 0.16212705078125 0.76035107421875 0.16212705078125 0.76399716796875 0.16188466796875 0.7652916015625 0.15398916015625 0.76911826171875
0 0.01371474609375 0.62352685546875 0.01371474609375 0.63575439453125 0.041228125 0.63575439453125 0.042862890625 0.6369818359375 0.04734443359375 0.64034423828125 0.04462666015625 0.64713623046875 0.03817509765625 0.66327294921875 0.042759765625 0.6709158203125 0.0611037109375 0.67855869140625 0.0641619140625 0.71066201171875 0.044286328125 0.72747939453125 0.0198259765625 0.7672255859375 0 0.76808642578125 0 0.6210328125 0.01371474609375 0.62352685546875
0 0.04734443359375 0.64034423828125 0.042862890625 0.6369818359375 0.0463646484375 0.6341041015625 0.05223857421875 0.61942685546875 0.06299638671875 0.60866904296875 0.073759375 0.6057294921875 0.081587890625 0.6135580078125 0.08941650390625 0.61257822265625 0.08941650390625 0.59888076171875 0.08354248046875 0.58909765625 0.08745673828125 0.58322890625 0.1001794921875 0.578334765625 0.11289697265625 0.58127431640625 0.12072548828125 0.57736005859375 0.13387626953125 0.59613203125 0.12952880859375 0.62334111328125 0.1187658203125 0.62725546875 0.1177859375 0.64780146484375 0.11289697265625 0.6546501953125 0.08941650390625 0.66443330078125 0.0747392578125 0.66149892578125 0.06299638671875 0.65269560546875 0.04462666015625 0.64713623046875 0.04734443359375 0.64034423828125
0 0.5404451171875 0.8630453125 0.572733984375 0.86793427734375 0.5971943359375 0.88065703125 0.6157806640625 0.87380830078125 0.63045791015625 0.8747830078125 0.61871513671875 0.91490048828125 0.613826171875 0.96284130859375 0.596214453125 0.97849326171875 0.59132548828125 0.9912107421875 0.58153720703125 0.9882763671875 0.57077939453125 0.97359912109375 0.52738203125 0.962108984375 0.5156650390625 0.95900439453125 0.505226953125 0.9481640625 0.5042470703125 0.93838095703125 0.51501005859375 0.92174912109375 0.51494296875 0.92111484375 0.508161328125 0.8718486328125 0.51696455078125 0.858151171875 0.51920283203125 0.85128701171875 0.5247931640625 0.8561966796875 0.534318359375 0.85715068359375 0.5404451171875 0.8630453125
0 0.17648974609375 0.86793427734375 0.17160078125 0.8796771484375 0.1657267578125 0.88163173828125 0.1627923828125 0.8747830078125 0.1471404296875 0.86108564453125 0.1422462890625 0.8601109375 0.13148330078125 0.84543369140625 0.1442060546875 0.83956484375 0.1481203125 0.834670703125 0.15594365234375 0.834670703125 0.16181767578125 0.83956484375 0.17355537109375 0.83663046875 0.18040400390625 0.82684736328125 0.1833384765625 0.816084375 0.1836220703125 0.8155892578125 0.1911669921875 0.81314990234375 0.20046533203125 0.8129849609375 0.19997021484375 0.81314990234375 0.192146875 0.81901875 0.1911669921875 0.82586748046875 0.19801572265625 0.83956484375 0.2146474609375 0.852282421875 0.18431826171875 0.858151171875 0.1839625 0.86346826171875 0.17648974609375 0.86793427734375
0 0.33400966796875 0.86108564453125 0.33792392578125 0.855216796875 0.33792392578125 0.84836806640625 0.33302978515625 0.8434791015625 0.33792392578125 0.82684736328125 0.3281408203125 0.81901875 0.311508984375 0.816084375 0.30563505859375 0.811190234375 0.31590810546875 0.79625 0.322266796875 0.7916240234375 0.32911552734375 0.7789064453125 0.3334166015625 0.7763021484375 0.33302978515625 0.77792666015625 0.33498955078125 0.78477529296875 0.35064140625 0.7916240234375 0.36042451171875 0.782815625 0.37803623046875 0.78184091796875 0.38488486328125 0.77694677734375 0.3907537109375 0.782815625 0.399562109375 0.78477529296875 0.4112998046875 0.77401240234375 0.4191283203125 0.77303251953125 0.42891142578125 0.7867298828125 0.43869453125 0.7867298828125 0.44945751953125 0.80532138671875 0.45337177734375 0.82097333984375 0.45043740234375 0.83369599609375 0.4523919921875 0.85717646484375 0.4367400390625 0.8875056640625 0.42597705078125 0.896308984375 0.39858232421875 0.88946025390625 0.39760244140625 0.87772255859375 0.3927134765625 0.8718486328125 0.3878193359375 0.8767427734375 0.38488486328125 0.88946025390625 0.3672732421875 0.88065703125 0.35357587890625 0.8845712890625 0.34966162109375 0.88163173828125 0.34477265625 0.86793427734375 0.332055078125 0.86793427734375 0.32887314453125 0.863628125 0.33400966796875 0.86108564453125
0 0.30563505859375 0.811190234375 0.311508984375 0.816084375 0.3281408203125 0.81901875 0.33792392578125 0.82684736328125 0.33302978515625 0.8434791015625 0.33792392578125 0.84836806640625 0.33792392578125 0.855216796875 0.33400966796875 0.86108564453125 0.32887314453125 0.863628125 0.3261810546875 0.86499990234375 0.322266796875 0.878697265625 0.311508984375 0.88848037109375 0.31248369140625 0.90120302734375 0.3027005859375 0.9031576171875 0.283134375 0.9002232421875 0.251825390625 0.891419921875 0.24399677734375 0.8845712890625 0.2097533203125 0.88946025390625 0.192146875 0.8845712890625 0.191765234375 0.88448876953125 0.1833384765625 0.87282841796875 0.1839625 0.86346826171875 0.18431826171875 0.858151171875 0.2146474609375 0.852282421875 0.19801572265625 0.83956484375 0.1911669921875 0.82586748046875 0.192146875 0.81901875 0.19997021484375 0.81314990234375 0.20046533203125 0.8129849609375 0.22051630859375 0.80630126953125 0.21562734375 0.79749287109375 0.21597802734375 0.79078857421875 0.21660205078125 0.7789064453125 0.22051630859375 0.7749921875 0.234213671875 0.7720578125 0.24791103515625 0.76129482421875 0.26552275390625 0.76226953125 0.26845712890625 0.7749921875 0.28998310546875 0.7720578125 0.29683173828125 0.77694677734375 0.31835771484375 0.77694677734375 0.31639794921875 0.79553828125 0.31590810546875 0.79625 0.30563505859375 0.811190234375
0 0.21562734375 0.79749287109375 0.22051630859375 0.80630126953125 0.20046533203125 0.8129849609375 0.1911669921875 0.81314990234375 0.1836220703125 0.8155892578125 0.15790341796875 0.82390771484375 0.146160546875 0.82390771484375 0.14029169921875 0.8199986328125 0.13833203125 0.81314990234375 0.1443607421875 0.79592509765625 0.14518076171875 0.79357861328125 0.14518076171875 0.77694677734375 0.15398916015625 0.76911826171875 0.16188466796875 0.7652916015625 0.1862728515625 0.75346630859375 0.1941013671875 0.75444609375 0.1989955078125 0.77792666015625 0.210733203125 0.787709765625 0.21597802734375 0.79078857421875 0.21562734375 0.79749287109375
0 0.59034560546875 0.70943974609375 0.58545146484375 0.71726826171875 0.58643134765625 0.7221572265625 0.60306318359375 0.71628837890625 0.62262939453125 0.70454560546875 0.63535205078125 0.70552548828125 0.6392611328125 0.71041953125 0.6392611328125 0.71726826171875 0.63512001953125 0.7218220703125 0.62947802734375 0.72803125 0.6324125 0.73585458984375 0.62556376953125 0.743683203125 0.61871513671875 0.764229296875 0.60697744140625 0.7749921875 0.60991181640625 0.78575517578125 0.61480595703125 0.7896642578125 0.61480595703125 0.7972349609375 0.61480595703125 0.80042724609375 0.58153720703125 0.80238701171875 0.5737138671875 0.811190234375 0.55708203125 0.85032783203125 0.5482736328125 0.85032783203125 0.53457626953125 0.85717646484375 0.534318359375 0.85715068359375 0.5247931640625 0.8561966796875 0.51920283203125 0.85128701171875 0.484680859375 0.82097333984375 0.459240625 0.79260390625 0.4572861328125 0.782815625 0.4631548828125 0.7710779296875 0.47685234375 0.7475974609375 0.484964453125 0.73832490234375 0.49054970703125 0.73194033203125 0.51598994140625 0.7241169921875 0.53066201171875 0.7241169921875 0.56490546875 0.70454560546875 0.58209931640625 0.6975833984375 0.583646484375 0.69985771484375 0.59034560546875 0.70943974609375
0 0.37803623046875 0.78184091796875 0.36042451171875 0.782815625 0.35064140625 0.7916240234375 0.33498955078125 0.78477529296875 0.33302978515625 0.77792666015625 0.3334166015625 0.7763021484375 0.33974951171875 0.7495623046875 0.3467271484375 0.746617578125 0.35694345703125 0.73725224609375 0.35847001953125 0.73585458984375 0.37903154296875 0.73585458984375 0.38488486328125 0.73585458984375 0.39760244140625 0.74074873046875 0.399562109375 0.7456376953125 0.38097060546875 0.76520908203125 0.38488486328125 0.77694677734375 0.37803623046875 0.78184091796875
0 0.35847001953125 0.73585458984375 0.35694345703125 0.73725224609375 0.352601171875 0.73292021484375 0.3516212890625 0.723137109375 0.35944990234375 0.7192228515625 0.36238427734375 0.71139423828125 0.36140439453125 0.697696875 0.37412197265625 0.68889365234375 0.386839453125 0.69672216796875 0.38977900390625 0.71041953125 0.399562109375 0.71237412109375 0.40151669921875 0.72118251953125 0.39760244140625 0.726071484375 0.3799958984375 0.7348798828125 0.37903154296875 0.73585458984375 0.35847001953125 0.73585458984375
0 0.60599755859375 0.57736005859375 0.61341875 0.58873154296875 0.6206748046875 0.59986064453125 0.6177404296875 0.62040673828125 0.6333923828125 0.62725546875 0.6382865234375 0.6311697265625 0.6392611328125 0.63703857421875 0.63866298828125 0.6384619140625 0.63143779296875 0.655630078125 0.60795732421875 0.68889365234375 0.60404306640625 0.69280791015625 0.5883859375 0.69378779296875 0.583646484375 0.69985771484375 0.58209931640625 0.6975833984375 0.56490546875 0.70454560546875 0.53066201171875 0.7241169921875 0.51598994140625 0.7241169921875 0.49054970703125 0.73194033203125 0.484964453125 0.73832490234375 0.481746484375 0.73781435546875 0.44945751953125 0.7427033203125 0.44554326171875 0.7348798828125 0.43380556640625 0.72900595703125 0.42891142578125 0.71824296875 0.427931640625 0.70552548828125 0.4112998046875 0.69672216796875 0.40151669921875 0.6830248046875 0.38977900390625 0.68399951171875 0.3907537109375 0.6546501953125 0.396627734375 0.64193271484375 0.40934521484375 0.63312421875 0.4083654296875 0.61747236328125 0.42108291015625 0.60084052734375 0.42206279296875 0.5871431640625 0.4242390625 0.5871431640625 0.44162900390625 0.5871431640625 0.47196328125 0.59594638671875 0.49348408203125 0.59203212890625 0.505226953125 0.58322890625 0.51109580078125 0.58322890625 0.51598994140625 0.58909765625 0.52674765625 0.578334765625 0.5453392578125 0.5822490234375 0.55414248046875 0.578334765625 0.5844767578125 0.578334765625 0.58993818359375 0.5766947265625 0.59425986328125 0.57540029296875 0.60057744140625 0.57645751953125 0.60599755859375 0.57736005859375
0 0.53849052734375 0.482458203125 0.53849052734375 0.48832705078125 0.54338466796875 0.51670166015625 0.55512236328125 0.537242578125 0.5952345703125 0.55616416015625 0.59983994140625 0.5631830078125 0.60208330078125 0.5665970703125 0.60110859375 0.57540029296875 0.60057744140625 0.57645751953125 0.59425986328125 0.57540029296875 0.58993818359375 0.5766947265625 0.5844767578125 0.578334765625 0.55414248046875 0.578334765625 0.5453392578125 0.5822490234375 0.52674765625 0.578334765625 0.51598994140625 0.58909765625 0.51109580078125 0.58322890625 0.505226953125 0.58322890625 0.49348408203125 0.59203212890625 0.47196328125 0.59594638671875 0.44162900390625 0.5871431640625 0.4242390625 0.5871431640625 0.417173828125 0.5744255859375 0.39173359375 0.57246591796875 0.38586474609375 0.5695314453125 0.38488486328125 0.5587685546875 0.3711875 0.54507109375 0.37412197265625 0.534308203125 0.37685009765625 0.53158515625 0.38879921875 0.5196361328125 0.40016552734375 0.51612919921875 0.417173828125 0.51082763671875 0.4218771484375 0.50141591796875 0.43087119140625 0.48343291015625 0.43250087890625 0.47783740234375 0.4348060546875 0.46993154296875 0.437719921875 0.45995244140625 0.44311943359375 0.4554501953125 0.44945751953125 0.4501693359375 0.49348408203125 0.452123828125 0.505226953125 0.43842646484375 0.51794443359375 0.4345173828125 0.54338466796875 0.45408359375 0.54729375 0.4579978515625 0.54729375 0.46386669921875 0.5429978515625 0.47294326171875 0.53849052734375 0.482458203125
0 0.5952345703125 0.55616416015625 0.55512236328125 0.537242578125 0.54338466796875 0.51670166015625 0.53849052734375 0.48832705078125 0.53849052734375 0.482458203125 0.5429978515625 0.47294326171875 0.55414248046875 0.47169521484375 0.56686513671875 0.45114921875 0.5766482421875 0.4501693359375 0.60697744140625 0.46288681640625 0.61871513671875 0.4775640625 0.6285033203125 0.50006474609375 0.63045791015625 0.523550390625 0.6128462890625 0.52843935546875 0.6128462890625 0.53333349609375 0.61871513671875 0.54018212890625 0.60697744140625 0.5460509765625 0.6001287109375 0.5626828125 0.59983994140625 0.5631830078125 0.5952345703125 0.55616416015625
0 0.437719921875 0.45995244140625 0.4348060546875 0.46993154296875 0.42891142578125 0.46680107421875 0.3927134765625 0.46288681640625 0.399562109375 0.46876083984375 0.42989130859375 0.4765841796875 0.43250087890625 0.47783740234375 0.43087119140625 0.48343291015625 0.4218771484375 0.50141591796875 0.40445107421875 0.505938671875 0.40016552734375 0.51612919921875 0.38879921875 0.5196361328125 0.37685009765625 0.53158515625 0.35847001953125 0.523550390625 0.35455576171875 0.5303990234375 0.34575244140625 0.53137373046875 0.3310751953125 0.52452509765625 0.3281408203125 0.5147419921875 0.31444345703125 0.51278740234375 0.31052919921875 0.505938671875 0.30954931640625 0.49126142578125 0.30172080078125 0.48049853515625 0.30368046875 0.46484658203125 0.31444345703125 0.44723486328125 0.33694404296875 0.42277451171875 0.34770703125 0.41690576171875 0.3516212890625 0.41690576171875 0.36531865234375 0.4335375 0.3711875 0.4335375 0.38488486328125 0.4247291015625 0.407385546875 0.42277451171875 0.407385546875 0.43647197265625 0.427931640625 0.4452751953125 0.44311943359375 0.4554501953125 0.437719921875 0.45995244140625
0 0.221619921875 0.383518359375 0.2248328125 0.39315703125 0.2262046875 0.39727763671875 0.225317578125 0.40023779296875 0.221619921875 0.41256337890625 0.23996396484375 0.44160849609375 0.2374265625 0.4492255859375 0.23537919921875 0.45536767578125 0.2476068359375 0.45995244140625 0.25524970703125 0.469126953125 0.25372314453125 0.476769921875 0.23690576171875 0.48747099609375 0.2460802734375 0.51193134765625 0.22926279296875 0.52110068359375 0.23232099609375 0.53027529296875 0.22302783203125 0.54102275390625 0.19257490234375 0.54708759765625 0.169641015625 0.54556103515625 0.1574134765625 0.557788671875 0.14518076171875 0.556262109375 0.129894921875 0.54556103515625 0.09167529296875 0.5318017578125 0.09028291015625 0.5322091796875 0.088622265625 0.52415888671875 0.07333134765625 0.49969853515625 0.07333134765625 0.47829638671875 0.05804560546875 0.45995244140625 0.0397015625 0.4507830078125 0.041228125 0.44008193359375 0.04734443359375 0.43090732421875 0.0611037109375 0.42632265625 0.07018544921875 0.436312109375 0.07638955078125 0.4431349609375 0.09932333984375 0.4492513671875 0.11307744140625 0.46148408203125 0.1100244140625 0.476769921875 0.14518076171875 0.47371171875 0.16505634765625 0.46148408203125 0.18951669921875 0.45689423828125 0.18492685546875 0.4492513671875 0.16658291015625 0.43855029296875 0.18340029296875 0.424791015625 0.17422578125 0.39727763671875 0.1941013671875 0.38046015625 0.19490078125 0.3805478515625 0.221619921875 0.383518359375
0 0.1941013671875 0.37972783203125 0.19490078125 0.3805478515625 0.1941013671875 0.38046015625 0.17422578125 0.39727763671875 0.18340029296875 0.424791015625 0.16658291015625 0.43855029296875 0.18492685546875 0.4492513671875 0.18951669921875 0.45689423828125 0.16505634765625 0.46148408203125 0.14518076171875 0.47371171875 0.1100244140625 0.476769921875 0.11307744140625 0.46148408203125 0.09932333984375 0.4492513671875 0.07638955078125 0.4431349609375 0.07018544921875 0.436312109375 0.073759375 0.4335375 0.08941650390625 0.4247291015625 0.08941650390625 0.4090771484375 0.10996259765625 0.41005703125 0.10864228515625 0.39685986328125 0.10800283203125 0.3904908203125 0.1148515625 0.3807025390625 0.1229482421875 0.38008369140625 0.12757421875 0.37972783203125 0.13246318359375 0.3895109375 0.13833203125 0.3895109375 0.15085869140625 0.37698935546875 0.1549689453125 0.37287919921875 0.18138388671875 0.37385380859375 0.191713671875 0.37862421875 0.1941013671875 0.37972783203125
0 0.23996396484375 0.44160849609375 0.221619921875 0.41256337890625 0.225317578125 0.40023779296875 0.2262046875 0.39727763671875 0.2248328125 0.39315703125 0.25965390625 0.384616796875 0.30172080078125 0.37972783203125 0.319332421875 0.38755126953125 0.32911552734375 0.39929404296875 0.3310751953125 0.4061427734375 0.322266796875 0.42766865234375 0.30172080078125 0.44136611328125 0.29389736328125 0.43842646484375 0.27237138671875 0.43842646484375 0.267482421875 0.4501693359375 0.2586740234375 0.45114921875 0.2557396484375 0.45897255859375 0.2374265625 0.4492255859375 0.23996396484375 0.44160849609375
0 0.25075263671875 0.25339326171875 0.26060283203125 0.266889453125 0.26472333984375 0.2740888671875 0.26534228515625 0.28804404296875 0.26898837890625 0.29862138671875 0.2646150390625 0.30627978515625 0.2638828125 0.30992587890625 0.26789501953125 0.31539755859375 0.26826123046875 0.32013701171875 0.26607451171875 0.32779541015625 0.262789453125 0.3318076171875 0.2620623046875 0.33727939453125 0.25768388671875 0.347856640625 0.25403779296875 0.354787890625 0.2489322265625 0.36098681640625 0.23506982421875 0.36791279296875 0.2230330078125 0.369011328125 0.211728515625 0.3715640625 0.191713671875 0.37862421875 0.18138388671875 0.37385380859375 0.1549689453125 0.37287919921875 0.15085869140625 0.37698935546875 0.144984765625 0.3733845703125 0.141338671875 0.36755185546875 0.14007509765625 0.36457099609375 0.15082265625 0.35770166015625 0.1599404296875 0.35405556640625 0.15957431640625 0.35004326171875 0.15264306640625 0.34019833984375 0.1541025390625 0.3347265625 0.1541025390625 0.32013701171875 0.15191591796875 0.31685703125 0.14535087890625 0.31612470703125 0.1402453125 0.3139380859375 0.1336802734375 0.29752294921875 0.13266435546875 0.2969298828125 0.13623310546875 0.2949701171875 0.14207099609375 0.29278349609375 0.1475375 0.28621845703125 0.15811484375 0.281112890625 0.16905830078125 0.27016943359375 0.184375 0.263243359375 0.18692783203125 0.2603244140625 0.189114453125 0.2555849609375 0.189114453125 0.2497470703125 0.18766015625 0.2461009765625 0.1847412109375 0.24318203125 0.1847412109375 0.2399021484375 0.18513828125 0.239175 0.18656162109375 0.23880361328125 0.1956794921875 0.23844267578125 0.20370400390625 0.24099541015625 0.2110013671875 0.2461009765625 0.21318798828125 0.25302705078125 0.21610693359375 0.2555849609375 0.2230330078125 0.2555849609375 0.2270453125 0.253759375 0.22923701171875 0.25157275390625 0.230696484375 0.2464671875 0.2325169921875 0.24500771484375 0.23908203125 0.2461009765625 0.244919921875 0.2519337890625 0.2497005859375 0.252279296875 0.25075263671875 0.25339326171875
0 0.519914453125 0.2377103515625 0.519914453125 0.24208876953125 0.52174013671875 0.24500771484375 0.52174013671875 0.24828759765625 0.5180888671875 0.2544865234375 0.516268359375 0.263243359375 0.5140765625 0.26579619140625 0.4991259765625 0.26615712890625 0.4929271484375 0.2698083984375 0.4918337890625 0.27600732421875 0.4896419921875 0.2807466796875 0.48891484375 0.291690234375 0.4870892578125 0.295336328125 0.47273173828125 0.29921962890625 0.46885361328125 0.29570244140625 0.45754912109375 0.281112890625 0.45390302734375 0.27162890625 0.4466056640625 0.270535546875 0.4360283203125 0.254852734375 0.42691044921875 0.24464150390625 0.42691044921875 0.2402322265625 0.42691044921875 0.2399021484375 0.43566728515625 0.22494638671875 0.4382201171875 0.22202744140625 0.44676552734375 0.2160708984375 0.45390302734375 0.21108916015625 0.46010185546875 0.19832001953125 0.46374794921875 0.19394677734375 0.47067919921875 0.19030068359375 0.4712103515625 0.19030068359375 0.476878125 0.19030068359375 0.49693935546875 0.19576728515625 0.5049587890625 0.1997794921875 0.52137392578125 0.216921875 0.52319443359375 0.22020693359375 0.523560546875 0.2293248046875 0.521363671875 0.2343736328125 0.519914453125 0.2377103515625
0 0.26060283203125 0.266889453125 0.25075263671875 0.25339326171875 0.2497005859375 0.252279296875 0.24455380859375 0.246828125 0.24455380859375 0.236983203125 0.23908203125 0.22859248046875 0.24054150390625 0.22130029296875 0.2347087890625 0.21546240234375 0.2336103515625 0.209990625 0.2430943359375 0.2067107421875 0.24346044921875 0.20160517578125 0.24163486328125 0.19868623046875 0.24090771484375 0.19175498046875 0.24455380859375 0.18628837890625 0.2489322265625 0.1811828125 0.252666015625 0.17782041015625 0.26315556640625 0.1760720703125 0.28503740234375 0.16184873046875 0.29160244140625 0.16184873046875 0.2937890625 0.16294716796875 0.29816748046875 0.1658609375 0.306919140625 0.17497880859375 0.31603701171875 0.175344921875 0.31822880859375 0.17753154296875 0.3240615234375 0.18920224609375 0.3335455078125 0.196499609375 0.3335455078125 0.2103568359375 0.33609833984375 0.2151013671875 0.3419310546875 0.21910849609375 0.3419310546875 0.223853125 0.340110546875 0.22749921875 0.340110546875 0.2304181640625 0.3430294921875 0.23588984375 0.34813505859375 0.253759375 0.3514150390625 0.2603244140625 0.3514150390625 0.26433671875 0.34995556640625 0.26615712890625 0.34339052734375 0.2679828125 0.32624814453125 0.26834892578125 0.321142578125 0.27126787109375 0.3145775390625 0.27928720703125 0.3091109375 0.2818400390625 0.2897767578125 0.28585234375 0.27774521484375 0.28585234375 0.2730005859375 0.28439287109375 0.26789501953125 0.27965341796875 0.26472333984375 0.2740888671875 0.26060283203125 0.266889453125
0 0.157021484375 0.14689814453125 0.1679185546875 0.1586048828125 0.17562333984375 0.166954296875 0.18583447265625 0.1819099609375 0.2026107421875 0.187015625 0.20370400390625 0.193214453125 0.20297685546875 0.19832001953125 0.199691796875 0.20525126953125 0.1956794921875 0.2198408203125 0.18513828125 0.239175 0.1847412109375 0.2399021484375 0.1847412109375 0.24318203125 0.18766015625 0.2461009765625 0.189114453125 0.2497470703125 0.189114453125 0.2555849609375 0.18692783203125 0.2603244140625 0.184375 0.263243359375 0.16905830078125 0.27016943359375 0.15811484375 0.281112890625 0.1475375 0.28621845703125 0.14207099609375 0.29278349609375 0.13623310546875 0.2949701171875 0.13266435546875 0.2969298828125 0.12852314453125 0.29451630859375 0.12492861328125 0.2924173828125 0.1231029296875 0.2924173828125 0.12146298828125 0.29508359375 0.11471748046875 0.2887712890625 0.11143232421875 0.2840318359375 0.09976171875 0.2807466796875 0.0957494140625 0.27126787109375 0.0921033203125 0.2672556640625 0.08407880859375 0.2676166015625 0.079700390625 0.2639705078125 0.07860712890625 0.26178388671875 0.07860712890625 0.25631220703125 0.08444501953125 0.24865380859375 0.08444501953125 0.2464671875 0.08043271484375 0.2395359375 0.08043271484375 0.2329708984375 0.0826193359375 0.223853125 0.076054296875 0.21838134765625 0.068762109375 0.215828515625 0.06547705078125 0.2125486328125 0.06438369140625 0.209990625 0.06438369140625 0.203791796875 0.06620927734375 0.19905234375 0.06985546875 0.19576728515625 0.090277734375 0.1877478515625 0.1004888671875 0.17753154296875 0.10596064453125 0.16841376953125 0.10960673828125 0.15820263671875 0.11909072265625 0.1414263671875 0.123469140625 0.1388736328125 0.1373263671875 0.138146484375 0.14936318359375 0.1414263671875 0.15438623046875 0.14505703125 0.157021484375 0.14689814453125
0 0.4382201171875 0.22202744140625 0.43566728515625 0.22494638671875 0.42691044921875 0.2399021484375 0.42691044921875 0.2402322265625 0.40794765625 0.2399021484375 0.39591083984375 0.23734931640625 0.391171484375 0.233698046875 0.38606591796875 0.2234869140625 0.376948046875 0.21181630859375 0.375849609375 0.192853515625 0.37730908203125 0.18373564453125 0.37950087890625 0.178630078125 0.3918986328125 0.16184873046875 0.39627705078125 0.15820263671875 0.39955703125 0.15820263671875 0.417431640625 0.16404052734375 0.43274833984375 0.1651337890625 0.4396744140625 0.16951220703125 0.442232421875 0.17315830078125 0.446239453125 0.18555615234375 0.446239453125 0.19175498046875 0.4429595703125 0.2008728515625 0.4429595703125 0.2092634765625 0.44514619140625 0.212182421875 0.44676552734375 0.2160708984375 0.4382201171875 0.22202744140625
0 0.1336802734375 0.29752294921875 0.1402453125 0.3139380859375 0.14535087890625 0.31612470703125 0.15191591796875 0.31685703125 0.1541025390625 0.32013701171875 0.1541025390625 0.3347265625 0.15264306640625 0.34019833984375 0.15957431640625 0.35004326171875 0.1599404296875 0.35405556640625 0.15082265625 0.35770166015625 0.14007509765625 0.36457099609375 0.137692578125 0.3660923828125 0.12456240234375 0.369372265625 0.1231029296875 0.3715640625 0.1229482421875 0.38008369140625 0.1148515625 0.3807025390625 0.10800283203125 0.3904908203125 0.10864228515625 0.39685986328125 0.10414013671875 0.39490537109375 0.10194833984375 0.39271357421875 0.100855078125 0.3901607421875 0.10122119140625 0.36827900390625 0.0990345703125 0.36171396484375 0.079700390625 0.33837265625 0.08079892578125 0.3292548828125 0.09064384765625 0.314304296875 0.08809111328125 0.302628515625 0.089184375 0.295336328125 0.093923828125 0.29570244140625 0.10012783203125 0.30153515625 0.10669296875 0.3019013671875 0.11763125 0.298982421875 0.120183984375 0.2971619140625 0.12146298828125 0.29508359375 0.1231029296875 0.2924173828125 0.12492861328125 0.2924173828125 0.12852314453125 0.29451630859375 0.13266435546875 0.2969298828125 0.1336802734375 0.29752294921875
0 0.00603056640625 0.0549875 0.0206201171875 0.06957705078125 0.024993359375 0.07212978515625 0.0311974609375 0.0783287109375 0.03994912109375 0.082341015625 0.052346875 0.090731640625 0.05563203125 0.09401162109375 0.0565396484375 0.09637353515625 0.05745244140625 0.09875615234375 0.05709150390625 0.10933349609375 0.05489970703125 0.11589853515625 0.05088740234375 0.12027177734375 0.04651416015625 0.1282962890625 0.038855859375 0.13230859375 0.03411123046875 0.138146484375 0.03411123046875 0.14325205078125 0.03630302734375 0.14762529296875 0.035570703125 0.15747548828125 0.03229072265625 0.1603892578125 0.0279123046875 0.1589349609375 0.02317294921875 0.1589349609375 0.02025400390625 0.16112158203125 0.01988779296875 0.18081669921875 0.0184283203125 0.18628837890625 0.01259560546875 0.19175498046875 0.002018359375 0.19576728515625 0 0.195565625 0 0.047180859375 0.00603056640625 0.0549875
0 0.09064384765625 0.08270712890625 0.09101005859375 0.07614208984375 0.09356279296875 0.0710365234375 0.09504296875 0.0705052734375 0.096115625 0.0710365234375 0.1034078125 0.07249599609375 0.105599609375 0.0699431640625 0.10669296875 0.063378125 0.1103390625 0.05863359375 0.112891796875 0.05280087890625 0.11763125 0.05243466796875 0.11872451171875 0.05352802734375 0.12091630859375 0.07212978515625 0.12456240234375 0.087085546875 0.12528955078125 0.09583720703125 0.12820849609375 0.10532119140625 0.1267490234375 0.10969443359375 0.119823046875 0.1144390625 0.116537890625 0.1144390625 0.10705390625 0.11735283203125 0.10705390625 0.113345703125 0.09939560546875 0.10312939453125 0.09283046875 0.098023828125 0.086631640625 0.09620341796875 0.08188193359375 0.0918146484375 0.09064384765625 0.08270712890625
0 0.5688197265625 0.15958984375 0.57449775390625 0.16851689453125 0.57453896484375 0.17645888671875 0.57635947265625 0.180672265625 0.5766482421875 0.185030078125 0.57854091796875 0.18796962890625 0.57601904296875 0.20085732421875 0.55531318359375 0.21343046875 0.5316521484375 0.23486875 0.521363671875 0.2343736328125 0.523560546875 0.2293248046875 0.52319443359375 0.22020693359375 0.52137392578125 0.216921875 0.5049587890625 0.1997794921875 0.49693935546875 0.19576728515625 0.476878125 0.19030068359375 0.4712103515625 0.19030068359375 0.46584697265625 0.18089404296875 0.46584697265625 0.16832607421875 0.47545986328125 0.1498376953125 0.48654775390625 0.1431849609375 0.4909880859375 0.1431849609375 0.5050361328125 0.1439224609375 0.5213017578125 0.15206044921875 0.5286970703125 0.15206044921875 0.5493978515625 0.1439224609375 0.56197099609375 0.1439224609375 0.57010380859375 0.1498376953125 0.5735384765625 0.1558818359375 0.5688197265625 0.15958984375
0 0.157021484375 0.14689814453125 0.15438623046875 0.14505703125 0.14644423828125 0.131215234375 0.1468103515625 0.12683681640625 0.1504564453125 0.12537734375 0.15592822265625 0.12537734375 0.160306640625 0.12027177734375 0.160306640625 0.1162595703125 0.15775380859375 0.112247265625 0.1573876953125 0.1082349609375 0.1610337890625 0.1078740234375 0.1694244140625 0.112247265625 0.174891015625 0.112247265625 0.178176171875 0.11115390625 0.18072890625 0.1056822265625 0.18875341796875 0.101669921875 0.1956794921875 0.09219111328125 0.20224453125 0.091825 0.20589580078125 0.0936505859375 0.2088095703125 0.09693056640625 0.2088095703125 0.10057666015625 0.20297685546875 0.1210041015625 0.20297685546875 0.12720302734375 0.20662294921875 0.13668701171875 0.20589580078125 0.14397919921875 0.2026107421875 0.1483576171875 0.1978712890625 0.1509103515625 0.189114453125 0.15236982421875 0.1679185546875 0.1586048828125 0.157021484375 0.14689814453125
0 0.43748779296875 0.02508115234375 0.4418662109375 0.02909345703125 0.445878515625 0.03493134765625 0.46484130859375 0.04806142578125 0.47000361328125 0.05346611328125 0.47249970703125 0.05608076171875 0.47505244140625 0.06119150390625 0.47505244140625 0.06665810546875 0.472138671875 0.07431640625 0.47505244140625 0.07869482421875 0.47541865234375 0.08343427734375 0.471040234375 0.0889060546875 0.46593466796875 0.09219111328125 0.45936953125 0.094377734375 0.4557234375 0.098023828125 0.45390302734375 0.10349560546875 0.45390302734375 0.1082349609375 0.4513501953125 0.11370673828125 0.44514619140625 0.11771904296875 0.440040625 0.11808515625 0.44077294921875 0.122824609375 0.4466056640625 0.12793017578125 0.4491583984375 0.13340185546875 0.4491583984375 0.13704794921875 0.44733798828125 0.142153515625 0.435301171875 0.14033310546875 0.4276427734375 0.14397919921875 0.41487373046875 0.15236982421875 0.409041015625 0.15236982421875 0.4013826171875 0.14871865234375 0.39518369140625 0.14871865234375 0.3908052734375 0.1530970703125 0.38278076171875 0.1662271484375 0.372203515625 0.17023935546875 0.36892353515625 0.17023935546875 0.366370703125 0.16841376953125 0.35688671875 0.14871865234375 0.343756640625 0.134861328125 0.340110546875 0.1315814453125 0.3346388671875 0.13084912109375 0.32442763671875 0.1257435546875 0.3171302734375 0.12063798828125 0.3109314453125 0.1140728515625 0.31129755859375 0.1042279296875 0.3134841796875 0.1020361328125 0.31895595703125 0.1020361328125 0.31968310546875 0.1009427734375 0.31968310546875 0.08197998046875 0.325887109375 0.07322314453125 0.325887109375 0.0699431640625 0.32223583984375 0.06556474609375 0.32150869140625 0.05973203125 0.3193220703125 0.05535361328125 0.3171302734375 0.04586962890625 0.3167693359375 0.0363908203125 0.317393359375 0.032404296875 0.32843994140625 0.0199755859375 0.335366015625 0.01596337890625 0.34813505859375 0.0152361328125 0.365272265625 0.0093982421875 0.37840234375 0.00903212890625 0.3955447265625 0.01450390625 0.4013826171875 0.0199755859375 0.40466259765625 0.02544736328125 0.4123208984375 0.02909345703125 0.41669931640625 0.02872724609375 0.42967470703125 0.01945986328125 0.43748779296875 0.02508115234375
0 0.17233828125 0.00429267578125 0.17233828125 0.013410546875 0.174891015625 0.0210689453125 0.18400888671875 0.03273955078125 0.19239951171875 0.0363908203125 0.1956794921875 0.0407640625 0.19495234375 0.05571982421875 0.1967779296875 0.0641052734375 0.19641181640625 0.06848369140625 0.192559375 0.07323349609375 0.18510732421875 0.07249599609375 0.1716111328125 0.072862109375 0.1617609375 0.0772353515625 0.15191591796875 0.0768744140625 0.144984765625 0.07504873046875 0.1384197265625 0.07504873046875 0.1289408203125 0.0768744140625 0.1241962890625 0.07395546875 0.1241962890625 0.07140263671875 0.1373263671875 0.05644697265625 0.1402453125 0.0509751953125 0.13987919921875 0.04769521484375 0.137692578125 0.04550859375 0.12857470703125 0.02836630859375 0.12857470703125 0.0247150390625 0.1325869140625 0.0163294921875 0.13878583984375 0.00903212890625 0.13878583984375 0.0039265625 0.13741904296875 0 0.1736818359375 0 0.17233828125 0.00429267578125
0 0.614465625 0.01896474609375 0.611510546875 0.06111416015625 0.6055953125 0.07294462890625 0.59302216796875 0.08477001953125 0.57305888671875 0.09364541015625 0.5538330078125 0.0929080078125 0.5412650390625 0.08773017578125 0.5213017578125 0.07368212890625 0.50799111328125 0.068504296875 0.48507275390625 0.052238671875 0.47102470703125 0.052976171875 0.47000361328125 0.05346611328125 0.46484130859375 0.04806142578125 0.445878515625 0.03493134765625 0.4418662109375 0.02909345703125 0.43748779296875 0.02508115234375 0.42967470703125 0.01945986328125 0.43456884765625 0.01596337890625 0.43785400390625 0.0057521484375 0.43785400390625 0.00028046875 0.437713671875 0 0.6203931640625 0 0.614465625 0.01896474609375
0 0.43785400390625 0.00028046875 0.43785400390625 0.0057521484375 0.43456884765625 0.01596337890625 0.42967470703125 0.01945986328125 0.41669931640625 0.02872724609375 0.4123208984375 0.02909345703125 0.40466259765625 0.02544736328125 0.4013826171875 0.0199755859375 0.3955447265625 0.01450390625 0.37840234375 0.00903212890625 0.365272265625 0.0093982421875 0.34813505859375 0.0152361328125 0.335366015625 0.01596337890625 0.32843994140625 0.0199755859375 0.317393359375 0.032404296875 0.3167693359375 0.0331056640625 0.3126435546875 0.03563271484375 0.30473251953125 0.03273955078125 0.3014474609375 0.02800009765625 0.29889462890625 0.0104916015625 0.29123623046875 0.002472265625 0.28975263671875 0 0.437713671875 0 0.43785400390625 0.00028046875
0 0.11143232421875 0.00356552734375 0.11398515625 0.00793876953125 0.11435126953125 0.0123171875 0.109245703125 0.0199755859375 0.10815244140625 0.02872724609375 0.109245703125 0.03164619140625 0.11544462890625 0.03748408203125 0.11617177734375 0.04222353515625 0.1132580078125 0.04769521484375 0.10486728515625 0.05644697265625 0.1026806640625 0.0677513671875 0.09504296875 0.0705052734375 0.09356279296875 0.0710365234375 0.09101005859375 0.07614208984375 0.09064384765625 0.08270712890625 0.08188193359375 0.0918146484375 0.08079892578125 0.09291826171875 0.07386767578125 0.09583720703125 0.06912314453125 0.0947439453125 0.0589119140625 0.09547109375 0.0565396484375 0.09637353515625 0.05563203125 0.09401162109375 0.052346875 0.090731640625 0.03994912109375 0.082341015625 0.0311974609375 0.0783287109375 0.024993359375 0.07212978515625 0.0206201171875 0.06957705078125 0.00603056640625 0.0549875 0 0.047180859375 0 0 0.10472509765625 0 0.11143232421875 0.00356552734375
0 0.761562890625 0.17818134765625 0.76743173828125 0.19089892578125 0.75666875 0.2045962890625 0.7449259765625 0.2124248046875 0.74395126953125 0.226122265625 0.73807724609375 0.231991015625 0.72242529296875 0.23883974609375 0.72308544921875 0.239891796875 0.72731943359375 0.24666826171875 0.7263396484375 0.252537109375 0.701879296875 0.2535169921875 0.69111630859375 0.249602734375 0.681333203125 0.26427998046875 0.6647013671875 0.2740630859375 0.64220078125 0.26330009765625 0.64220078125 0.2505826171875 0.6392611328125 0.24666826171875 0.6245890625 0.2486228515625 0.61186640625 0.24177412109375 0.59816904296875 0.23883974609375 0.6001287109375 0.229056640625 0.61480595703125 0.21339951171875 0.60306318359375 0.21829365234375 0.596214453125 0.21535927734375 0.57854091796875 0.18796962890625 0.5766482421875 0.185030078125 0.57635947265625 0.180672265625 0.575668359375 0.17035283203125 0.57449775390625 0.16851689453125 0.5688197265625 0.15958984375 0.5735384765625 0.1558818359375 0.596214453125 0.138069140625 0.59034560546875 0.13024052734375 0.59034560546875 0.1243716796875 0.6001287109375 0.1136087890625 0.60208330078125 0.0911029296875 0.60893203125 0.07447119140625 0.63143779296875 0.07740556640625 0.6392611328125 0.08621396484375 0.64806962890625 0.07838544921875 0.67057021484375 0.07153671875 0.67155009765625 0.084254296875 0.6774189453125 0.08719384765625 0.684267578125 0.0754509765625 0.69209619140625 0.073496484375 0.7057935546875 0.063708203125 0.71261640625 0.05269765625 0.7214455078125 0.060773828125 0.73122861328125 0.05979912109375 0.725359765625 0.0920828125 0.74297138671875 0.10186591796875 0.75666875 0.10186591796875 0.7498201171875 0.11262890625 0.7498201171875 0.117523046875 0.75666875 0.12339189453125 0.785043359375 0.13024052734375 0.78699794921875 0.1449177734375 0.79580634765625 0.15078662109375 0.79580634765625 0.15470087890625 0.789932421875 0.15958984375 0.772320703125 0.161549609375 0.76253759765625 0.17231259765625 0.7618259765625 0.17661357421875 0.761562890625 0.17818134765625
0 0.8813943359375 0.07263525390625 0.89825830078125 0.09126279296875 0.92622548828125 0.090912109375 0.94431669921875 0.08691533203125 0.97383623046875 0.0895609375 0.98683740234375 0.1014533203125 0.98554814453125 0.11955498046875 0.9803703125 0.1286625 0.97062333984375 0.13481494140625 0.92299189453125 0.134655078125 0.9070615234375 0.1303333984375 0.8745611328125 0.1307408203125 0.86317421875 0.12711533203125 0.8510806640625 0.12726484375 0.82857490234375 0.14111181640625 0.821751953125 0.1396884765625 0.8182451171875 0.1378783203125 0.820019140625 0.1254392578125 0.82371689453125 0.1195240234375 0.83332978515625 0.10843095703125 0.85329306640625 0.0929080078125 0.85551064453125 0.07220205078125 0.86512353515625 0.06554931640625 0.87162158203125 0.0655595703125 0.8813943359375 0.07263525390625
0 0.86512353515625 0.06554931640625 0.85551064453125 0.07220205078125 0.85329306640625 0.0929080078125 0.83332978515625 0.10843095703125 0.82371689453125 0.1195240234375 0.820019140625 0.1254392578125 0.8182451171875 0.1378783203125 0.8178015625 0.1409673828125 0.80893134765625 0.14244755859375 0.79783828125 0.1343146484375 0.7852703125 0.11434619140625 0.78231015625 0.08699267578125 0.77269716796875 0.07146455078125 0.76678193359375 0.05002109375 0.76138759765625 0.04193984375 0.76826201171875 0.03523046875 0.794140625 0.01748466796875 0.803016015625 0.00861435546875 0.83036953125 0.00935185546875 0.8525556640625 0.02339990234375 0.8666037109375 0.02339990234375 0.8821318359375 0.028577734375 0.8917396484375 0.037453125 0.8917396484375 0.0455859375 0.8895220703125 0.05371884765625 0.8836068359375 0.0625890625 0.8747365234375 0.06554931640625 0.87162158203125 0.0655595703125 0.86512353515625 0.06554931640625
0 0.9974765625 0.08846767578125 0.9982140625 0.05002109375 0.99451640625 0.033012890625 0.99451640625 0 0.9990234375 0 0.9990234375 0.09053134765625 0.9974765625 0.08846767578125
0 0.92649365234375 0.00196171875 0.91083203125 0 0.93159345703125 0 0.92649365234375 0.00196171875
0 0.95828740234375 0.00121904296875 0.95432177734375 0 0.97960166015625 0 0.95828740234375 0.00121904296875