0 0.98805849609375 0.93767744140625 0.98204013671875 0.930911328125 0.97978642578125 0.92413994140625 0.9737732421875 0.92038037109375 0.956476171875 0.9226392578125 0.94745634765625 0.9151201171875 0.9497099609375 0.9000818359375 0.965501171875 0.88429072265625 0.9685078125 0.8730171875 0.956476171875 0.8602326171875 0.93993720703125 0.850459765625 0.93993720703125 0.83617451171875 0.945950390625 0.82790244140625 0.9617416015625 0.82038330078125 0.97452099609375 0.8098576171875 0.95798203125 0.8091046875 0.94895703125 0.806098046875 0.94369677734375 0.7948193359375 0.93392392578125 0.78504658203125 0.93241806640625 0.77752744140625 0.93392392578125 0.76624873046875 0.94069013671875 0.75722890625 0.94895703125 0.73918408203125 0.965501171875 0.71888037109375 0.98805849609375 0.7061009765625 0.98805849609375 0.70234140625 0.98128720703125 0.69331640625 0.98279306640625 0.6880560546875 0.9990234375 0.67380498046875 0.9990234375 0.9396111328125 0.98805849609375 0.93767744140625
0 0.995809765625 0.33782392578125 0.9990234375 0.3336947265625 0.9990234375 0.3528291015625 0.995809765625 0.33782392578125
0 0.99816142578125 0.52931396484375 0.9899357421875 0.52109345703125 0.98641337890625 0.5222693359375 0.98406171875 0.53518798828125 0.967615625 0.545765234375 0.94294384765625 0.54223779296875 0.9347181640625 0.5375396484375 0.92813251953125 0.51475537109375 0.9405921875 0.4823220703125 0.954691796875 0.4693982421875 0.9452955078125 0.447078125 0.9457853515625 0.432344140625 0.94646611328125 0.4118341796875 0.95821416015625 0.40713603515625 0.96643974609375 0.38599169921875 0.98171005859375 0.37894189453125 0.99463388671875 0.377766015625 0.99345810546875 0.36014404296875 0.9990234375 0.3545787109375 0.9990234375 0.54575380859375 0.99816142578125 0.52931396484375
0 0.98871865234375 0.0867740234375 0.9764755859375 0.070446484375 0.9764755859375 0.06126162109375 0.98566044921875 0.04799228515625 0.9815759765625 0.03472294921875 0.9825970703125 0.02349580078125 0.99688759765625 0.0245169921875 0.9990234375 0.027253515625 0.9990234375 0.0867740234375 0.98871865234375 0.0867740234375
0 0.9774966796875 0.008189453125 0.97573291015625 0.00984482421875 0.97231376953125 0.0030064453125 0.9686384765625 0 0.9820443359375 0 0.9774966796875 0.008189453125
0 0.98696484375 0 0.9990234375 0 0.9990234375 0.009202734375 0.98696484375 0
0 0.48149775390625 0.97893984375 0.49011025390625 0.97176103515625 0.50046064453125 0.97241083984375 0.51308525390625 0.97319990234375 0.53175419921875 0.9502248046875 0.5446779296875 0.95165849609375 0.55616298828125 0.93873466796875 0.56334169921875 0.9373009765625 0.58488310546875 0.95740361328125 0.589070703125 0.9580017578125 0.594934375 0.95883720703125 0.61073076171875 0.97032734375 0.6193431640625 0.97032734375 0.62508818359375 0.961709765625 0.63801201171875 0.961709765625 0.67534462890625 0.97319990234375 0.68252333984375 0.9947361328125 0.70837099609375 0.99616982421875 0.71203818359375 0.9990234375 0.47763359375 0.9990234375 0.48149775390625 0.97893984375
0 0.78878125 0.99042998046875 0.80601640625 0.9861185546875 0.81296435546875 0.9990234375 0.78141787109375 0.9990234375 0.78878125 0.99042998046875
0 0.11964140625 0.99042998046875 0.11820771484375 0.98037861328125 0.10608837890625 0.975015234375 0.11556728515625 0.97144130859375 0.14253916015625 0.96996640625 0.14297744140625 0.97829521484375 0.13886728515625 0.9906310546875 0.1539416015625 0.9906310546875 0.164734375 0.9990234375 0.11427080078125 0.9990234375 0.11964140625 0.99042998046875
0 0.1539416015625 0.9906310546875 0.13886728515625 0.9906310546875 0.14297744140625 0.97829521484375 0.14253916015625 0.96996640625 0.14161083984375 0.95225673828125 0.1560869140625 0.9513232421875 0.18409541015625 0.9495130859375 0.18957744140625 0.9454029296875 0.2005416015625 0.92895673828125 0.19779794921875 0.90977216796875 0.20191337890625 0.8933259765625 0.20876201171875 0.885100390625 0.23343388671875 0.87550810546875 0.2279517578125 0.85495166015625 0.24028251953125 0.8302798828125 0.26255107421875 0.8204400390625 0.26628486328125 0.82065146484375 0.2909927734375 0.822059375 0.3012296875 0.82906279296875 0.31703115234375 0.83987216796875 0.3200017578125 0.84036728515625 0.33347734375 0.8426158203125 0.3279953125 0.86043369140625 0.3307388671875 0.87002607421875 0.36088759765625 0.8645439453125 0.39515166015625 0.878246484375 0.4170798828125 0.879618359375 0.42667216796875 0.89880810546875 0.45819775390625 0.896064453125 0.459564453125 0.92073623046875 0.481492578125 0.930328515625 0.499310546875 0.931700390625 0.500151171875 0.95600595703125 0.50068232421875 0.97144130859375 0.50046064453125 0.97241083984375 0.49011025390625 0.97176103515625 0.48149775390625 0.97893984375 0.47763359375 0.9990234375 0.164734375 0.9990234375 0.1539416015625 0.9906310546875
0 0.26255107421875 0.8204400390625 0.24028251953125 0.8302798828125 0.2279517578125 0.85495166015625 0.23343388671875 0.87550810546875 0.20876201171875 0.885100390625 0.20191337890625 0.8933259765625 0.19779794921875 0.90977216796875 0.2005416015625 0.92895673828125 0.18957744140625 0.9454029296875 0.18409541015625 0.9495130859375 0.1560869140625 0.9513232421875 0.15531337890625 0.948146484375 0.14709287109375 0.93443876953125 0.14297744140625 0.91525419921875 0.12104931640625 0.8768798828125 0.11008525390625 0.8713978515625 0.11008525390625 0.856318359375 0.104603125 0.84946962890625 0.07104560546875 0.8437400390625 0.0977544921875 0.80972353515625 0.105567578125 0.77977080078125 0.105975 0.77820302734375 0.12927490234375 0.77683125 0.14297744140625 0.80013125 0.1772416015625 0.78916708984375 0.19231591796875 0.77272099609375 0.2005416015625 0.77272099609375 0.21561591796875 0.7905337890625 0.26358251953125 0.79738759765625 0.271808203125 0.80424150390625 0.26628486328125 0.82065146484375 0.26255107421875 0.8204400390625
0 0.70837099609375 0.99616982421875 0.68252333984375 0.9947361328125 0.67534462890625 0.97319990234375 0.63801201171875 0.961709765625 0.62508818359375 0.961709765625 0.6193431640625 0.97032734375 0.61073076171875 0.97032734375 0.594934375 0.95883720703125 0.589070703125 0.9580017578125 0.58565146484375 0.9495130859375 0.58016943359375 0.924846484375 0.55138740234375 0.9221029296875 0.53768486328125 0.90291826171875 0.53874208984375 0.8912734375 0.539056640625 0.8878439453125 0.5623515625 0.861800390625 0.5760591796875 0.82342607421875 0.58702333984375 0.8110953125 0.58572890625 0.78653701171875 0.58565146484375 0.7850517578125 0.5938771484375 0.7644953125 0.60209765625 0.76586708984375 0.6075796875 0.775459375 0.619915625 0.78368505859375 0.6336181640625 0.7850517578125 0.64595400390625 0.77683125 0.6569181640625 0.7576466796875 0.6569181640625 0.74393896484375 0.64869765625 0.73571845703125 0.63636171875 0.73571845703125 0.60895146484375 0.74668251953125 0.5993591796875 0.7453107421875 0.60072587890625 0.73845693359375 0.61580537109375 0.72338251953125 0.61580537109375 0.7110466796875 0.5842796875 0.70967490234375 0.58016943359375 0.6822646484375 0.58565146484375 0.66993388671875 0.60072587890625 0.65485439453125 0.61443359375 0.65211591796875 0.65143603515625 0.65485439453125 0.65828994140625 0.667190234375 0.65828994140625 0.68637998046875 0.6843283203125 0.708308203125 0.69392060546875 0.708308203125 0.72407451171875 0.69597236328125 0.7461728515625 0.71070625 0.756966796875 0.71790048828125 0.7706693359375 0.74942099609375 0.788296484375 0.76201474609375 0.78985908203125 0.7631287109375 0.791230859375 0.78094150390625 0.807671875 0.79738759765625 0.8172693359375 0.8014978515625 0.8391974609375 0.8014978515625 0.84878974609375 0.798759375 0.85838203125 0.7850517578125 0.86386416015625 0.7850517578125 0.88168203125 0.79190556640625 0.90634873046875 0.81520556640625 0.9132025390625 0.85220810546875 0.8967564453125 0.85220810546875 0.8885359375 0.87413623046875 0.90909228515625 0.89469267578125 0.9365025390625 0.90429013671875 0.9365025390625 0.92073623046875 0.9474666015625 0.92621826171875 0.9474666015625 0.95225673828125 0.95705888671875 0.97692333984375 0.9474666015625 0.9851490234375 0.92005634765625 0.9961130859375 0.9184896484375 0.9990234375 0.81296435546875 0.9990234375 0.80601640625 0.9861185546875 0.78878125 0.99042998046875 0.78141787109375 0.9990234375 0.71203818359375 0.9990234375 0.70837099609375 0.99616982421875
0 0.58702333984375 0.8110953125 0.5760591796875 0.82342607421875 0.5623515625 0.861800390625 0.539056640625 0.8878439453125 0.53874208984375 0.8912734375 0.522610546875 0.91662080078125 0.51986689453125 0.94129267578125 0.5075310546875 0.95225673828125 0.500151171875 0.95600595703125 0.499310546875 0.931700390625 0.481492578125 0.930328515625 0.459564453125 0.92073623046875 0.45819775390625 0.896064453125 0.42667216796875 0.89880810546875 0.4170798828125 0.879618359375 0.39515166015625 0.878246484375 0.36088759765625 0.8645439453125 0.3307388671875 0.87002607421875 0.3279953125 0.86043369140625 0.33347734375 0.8426158203125 0.3200017578125 0.84036728515625 0.34728818359375 0.8199140625 0.35540556640625 0.8138337890625 0.37870546875 0.798759375 0.38281572265625 0.78231328125 0.408859375 0.775459375 0.4280439453125 0.78368505859375 0.43215419921875 0.77820302734375 0.4513439453125 0.775459375 0.46093623046875 0.7686107421875 0.4568259765625 0.75353125 0.46093623046875 0.74120048828125 0.47738232421875 0.72338251953125 0.48277158203125 0.72084521484375 0.50068232421875 0.71241845703125 0.522610546875 0.708308203125 0.5417951171875 0.691862109375 0.5527591796875 0.690490234375 0.5527591796875 0.70967490234375 0.56646689453125 0.71241845703125 0.5705771484375 0.71790048828125 0.56646689453125 0.7398287109375 0.5774310546875 0.75216455078125 0.5774310546875 0.75901328125 0.5705771484375 0.775459375 0.5842796875 0.7850517578125 0.58572890625 0.78653701171875 0.58702333984375 0.8110953125
0 0.2800287109375 0.661708203125 0.2855107421875 0.679526171875 0.282772265625 0.7220107421875 0.2855107421875 0.74393896484375 0.30058505859375 0.7644953125 0.29784658203125 0.78642353515625 0.31566455078125 0.80286962890625 0.31539638671875 0.80395263671875 0.31292099609375 0.8138337890625 0.3012296875 0.82906279296875 0.2909927734375 0.822059375 0.26628486328125 0.82065146484375 0.271808203125 0.80424150390625 0.26358251953125 0.79738759765625 0.21561591796875 0.7905337890625 0.2005416015625 0.77272099609375 0.19231591796875 0.77272099609375 0.1772416015625 0.78916708984375 0.14297744140625 0.80013125 0.12927490234375 0.77683125 0.105975 0.77820302734375 0.105567578125 0.77977080078125 0.10049287109375 0.76997734375 0.10186474609375 0.7631287109375 0.11831083984375 0.74942099609375 0.13064677734375 0.74942099609375 0.13201337890625 0.7220107421875 0.13886728515625 0.70967490234375 0.1649056640625 0.697344140625 0.16627744140625 0.67815439453125 0.1717595703125 0.667190234375 0.1936876953125 0.6425236328125 0.1936876953125 0.6370416015625 0.1882056640625 0.63429794921875 0.19231591796875 0.6260775390625 0.21166552734375 0.61806328125 0.24439794921875 0.6247056640625 0.253938671875 0.63461259765625 0.2800287109375 0.661708203125
0 0.00189853515625 0.983251171875 0.01338349609375 0.95740361328125 0.022001171875 0.95596474609375 0.03205244140625 0.961709765625 0.0421037109375 0.9487859375 0.0579 0.94304091796875 0.07225751953125 0.98899111328125 0.10528388671875 0.97463359375 0.10608837890625 0.975015234375 0.11820771484375 0.98037861328125 0.11964140625 0.99042998046875 0.11427080078125 0.9990234375 0 0.9990234375 0 0.9847681640625 0.00189853515625 0.983251171875
0 0.003187890625 0.82754140625 0.019633984375 0.82754140625 0.048416015625 0.83987216796875 0.07104560546875 0.8437400390625 0.104603125 0.84946962890625 0.11008525390625 0.856318359375 0.11008525390625 0.8713978515625 0.12104931640625 0.8768798828125 0.14297744140625 0.91525419921875 0.14709287109375 0.93443876953125 0.15531337890625 0.948146484375 0.1560869140625 0.9513232421875 0.14161083984375 0.95225673828125 0.14253916015625 0.96996640625 0.11556728515625 0.97144130859375 0.10608837890625 0.975015234375 0.10528388671875 0.97463359375 0.07225751953125 0.98899111328125 0.0579 0.94304091796875 0.0421037109375 0.9487859375 0.03205244140625 0.961709765625 0.022001171875 0.95596474609375 0.01338349609375 0.95740361328125 0.00189853515625 0.983251171875 0 0.9847681640625 0 0.8294892578125 0.003187890625 0.82754140625
0 0.00044423828125 0.719272265625 0.00044423828125 0.73160302734375 0 0.732143359375 0 0.71906484375 0.00044423828125 0.719272265625
0 0.0243115234375 0.47780439453125 0.025116015625 0.47806220703125 0.031969921875 0.4821724609375 0.03608017578125 0.48628271484375 0.0333365234375 0.5068390625 0.042933984375 0.5164365234375 0.0689724609375 0.52328525390625 0.09501083984375 0.54384677734375 0.11377255859375 0.5717521484375 0.11577353515625 0.57473291015625 0.1196826171875 0.60140576171875 0.11831083984375 0.60688779296875 0.10734677734375 0.610998046875 0.09912109375 0.621962109375 0.11008525390625 0.65485439453125 0.08404677734375 0.68911845703125 0.07719296875 0.7110466796875 0.0621185546875 0.7110466796875 0.0333365234375 0.73845693359375 0.025116015625 0.73708505859375 0.02100576171875 0.72612099609375 0.0114083984375 0.7329748046875 0 0.73299423828125 0 0.732143359375 0.00044423828125 0.73160302734375 0.00044423828125 0.719272265625 0 0.71906484375 0 0.5113744140625 0.0243115234375 0.47780439453125
0 0.00044423828125 0.421869921875 0.000872265625 0.422581640625 0.008669921875 0.43557763671875 0.02100576171875 0.44105966796875 0.025116015625 0.44928017578125 0.025116015625 0.4766904296875 0.0243115234375 0.47780439453125 0 0.5113744140625 0 0.4217998046875 0.00044423828125 0.421869921875
0 0.2731748046875 0.6192236328125 0.27663525390625 0.62544833984375 0.28688251953125 0.64389033203125 0.297356640625 0.6532298828125 0.3375927734375 0.68911845703125 0.3499234375 0.71790048828125 0.35540556640625 0.7220107421875 0.37870546875 0.713790234375 0.385559375 0.71790048828125 0.3937798828125 0.7329748046875 0.39789521484375 0.7329748046875 0.4157080078125 0.71241845703125 0.42941572265625 0.70967490234375 0.44175166015625 0.72063896484375 0.45906416015625 0.71749306640625 0.47190029296875 0.71515693359375 0.48277158203125 0.72084521484375 0.47738232421875 0.72338251953125 0.46093623046875 0.74120048828125 0.4568259765625 0.75353125 0.46093623046875 0.7686107421875 0.4513439453125 0.775459375 0.43215419921875 0.77820302734375 0.4280439453125 0.78368505859375 0.408859375 0.775459375 0.38281572265625 0.78231328125 0.37870546875 0.798759375 0.35540556640625 0.8138337890625 0.34728818359375 0.8199140625 0.33484912109375 0.80561328125 0.31539638671875 0.80395263671875 0.31566455078125 0.80286962890625 0.29784658203125 0.78642353515625 0.30058505859375 0.7644953125 0.2855107421875 0.74393896484375 0.282772265625 0.7220107421875 0.2855107421875 0.679526171875 0.2800287109375 0.661708203125 0.253938671875 0.63461259765625 0.253990234375 0.6260775390625 0.26084404296875 0.616480078125 0.26164345703125 0.616660546875 0.2731748046875 0.6192236328125
0 0.99664521484375 0.668082421875 0.96521240234375 0.69226435546875 0.961983984375 0.7148474609375 0.95230400390625 0.727755859375 0.92810673828125 0.73905 0.9248783203125 0.77131826171875 0.9103609375 0.7874498046875 0.88938681640625 0.78583564453125 0.87486435546875 0.76163828125 0.8571185546875 0.7487298828125 0.83130703125 0.73905 0.8022671875 0.7455015625 0.788296484375 0.76201474609375 0.7706693359375 0.74942099609375 0.756966796875 0.71790048828125 0.7461728515625 0.71070625 0.75386728515625 0.70516748046875 0.75223251953125 0.68729794921875 0.7651873046875 0.679526171875 0.77752314453125 0.67815439453125 0.7939693359375 0.68911845703125 0.80218974609375 0.68911845703125 0.85975390625 0.656226171875 0.8789384765625 0.65896982421875 0.8844205078125 0.645262109375 0.89264619140625 0.639780078125 0.8953845703125 0.6247056640625 0.90834453125 0.61952275390625 0.93778662109375 0.6180478515625 0.949080859375 0.61321044921875 0.95230400390625 0.60030205078125 0.961983984375 0.60030205078125 0.96844072265625 0.61321044921875 0.98134912109375 0.61966201171875 0.978120703125 0.64386455078125 0.9990234375 0.650294140625 0.9990234375 0.66625361328125 0.99664521484375 0.668082421875
0 0.51986689453125 0.4999904296875 0.54453876953125 0.49039296875 0.56284140625 0.4944619140625 0.56920537109375 0.495875 0.59250537109375 0.5109544921875 0.6041501953125 0.53143349609375 0.6070845703125 0.53659580078125 0.60620791015625 0.55754931640625 0.5993591796875 0.565775 0.5842796875 0.56988525390625 0.57879765625 0.5849595703125 0.55550283203125 0.59181337890625 0.54590537109375 0.60688779296875 0.5472771484375 0.6247056640625 0.5596130859375 0.645262109375 0.5527591796875 0.67267236328125 0.52672080078125 0.67267236328125 0.4856080078125 0.6822646484375 0.4691619140625 0.67130048828125 0.4677900390625 0.6767826171875 0.47875419921875 0.6932287109375 0.4677900390625 0.702826171875 0.45906416015625 0.71749306640625 0.44175166015625 0.72063896484375 0.42941572265625 0.70967490234375 0.4157080078125 0.71241845703125 0.39789521484375 0.7329748046875 0.3937798828125 0.7329748046875 0.385559375 0.71790048828125 0.37870546875 0.713790234375 0.35540556640625 0.7220107421875 0.3499234375 0.71790048828125 0.3375927734375 0.68911845703125 0.297356640625 0.6532298828125 0.30058505859375 0.645262109375 0.30058505859375 0.627444140625 0.2964748046875 0.62333388671875 0.27663525390625 0.62544833984375 0.2731748046875 0.6192236328125 0.26164345703125 0.616660546875 0.2622107421875 0.60688779296875 0.2800287109375 0.5726236328125 0.2778884765625 0.53833896484375 0.277290234375 0.52876728515625 0.29808896484375 0.50103212890625 0.3019568359375 0.495875 0.36123828125 0.47364775390625 0.36774140625 0.4712083984375 0.4390080078125 0.479433984375 0.4677900390625 0.4999904296875 0.5196296875 0.4999904296875 0.51986689453125 0.4999904296875
0 0.8953845703125 0.6247056640625 0.89264619140625 0.639780078125 0.8844205078125 0.645262109375 0.8789384765625 0.65896982421875 0.85975390625 0.656226171875 0.80218974609375 0.68911845703125 0.7939693359375 0.68911845703125 0.77752314453125 0.67815439453125 0.7651873046875 0.679526171875 0.75223251953125 0.68729794921875 0.751484765625 0.6877466796875 0.733666796875 0.6877466796875 0.70077451171875 0.68363642578125 0.68843857421875 0.668562109375 0.66377197265625 0.6534876953125 0.6569181640625 0.632926171875 0.6569181640625 0.61785185546875 0.67199248046875 0.5849595703125 0.68393642578125 0.56933857421875 0.684312890625 0.5688486328125 0.68981044921875 0.5616595703125 0.71722060546875 0.5506955078125 0.750112890625 0.5616595703125 0.77752314453125 0.5616595703125 0.7816333984375 0.5561775390625 0.778894921875 0.52740068359375 0.78300517578125 0.519175 0.791230859375 0.51369296875 0.8213794921875 0.5109544921875 0.8282333984375 0.5068390625 0.843364453125 0.4812287109375 0.84604619140625 0.4766904296875 0.87895390625 0.48077490234375 0.8762 0.4999904296875 0.88168203125 0.5082109375 0.8995 0.5109544921875 0.9077205078125 0.51780322265625 0.92005634765625 0.53836474609375 0.92142822265625 0.54932880859375 0.90361025390625 0.56303134765625 0.89401796875 0.58633134765625 0.8967564453125 0.60414931640625 0.91594609375 0.616480078125 0.90834453125 0.61952275390625 0.8953845703125 0.6247056640625
0 0.253990234375 0.27796494140625 0.253990234375 0.30036240234375 0.253990234375 0.30263671875 0.241654296875 0.32319306640625 0.253990234375 0.35471357421875 0.27454658203125 0.37801357421875 0.282772265625 0.4026853515625 0.293736328125 0.41501611328125 0.29784658203125 0.43146220703125 0.29510302734375 0.49176474609375 0.29808896484375 0.50103212890625 0.277290234375 0.52876728515625 0.2778884765625 0.53833896484375 0.24028251953125 0.53699296875 0.22931845703125 0.54110322265625 0.214244140625 0.5685134765625 0.20465185546875 0.5726236328125 0.18409541015625 0.5671416015625 0.19231591796875 0.54110322265625 0.1635390625 0.542475 0.15257490234375 0.56029296875 0.13201337890625 0.5726236328125 0.11377255859375 0.5717521484375 0.09501083984375 0.54384677734375 0.0689724609375 0.52328525390625 0.042933984375 0.5164365234375 0.0333365234375 0.5068390625 0.03608017578125 0.48628271484375 0.031969921875 0.4821724609375 0.025116015625 0.47806220703125 0.0243115234375 0.47780439453125 0.025116015625 0.4766904296875 0.025116015625 0.44928017578125 0.02100576171875 0.44105966796875 0.008669921875 0.43557763671875 0.000872265625 0.422581640625 0.003187890625 0.416387890625 0.02922626953125 0.382123828125 0.02852490234375 0.37474912109375 0.026487890625 0.35334697265625 0.03608017578125 0.34374951171875 0.12242109375 0.32456494140625 0.14297744140625 0.3053751953125 0.15257490234375 0.28070849609375 0.1635390625 0.27248291015625 0.1636783203125 0.27260146484375 0.17313134765625 0.28070849609375 0.19822080078125 0.276226953125 0.2115056640625 0.2738546875 0.22931845703125 0.28070849609375 0.24576455078125 0.26700087890625 0.26043662109375 0.2702240234375 0.253990234375 0.27796494140625
0 0.76995244140625 0.22959609375 0.773918359375 0.2414884765625 0.78317021484375 0.24611435546875 0.78978173828125 0.25272587890625 0.7944076171875 0.269904296875 0.79242216796875 0.29105380859375 0.8063 0.2989802734375 0.816212109375 0.3102177734375 0.81687216796875 0.31550380859375 0.8115861328125 0.31814423828125 0.816212109375 0.3346677734375 0.82215830078125 0.33929375 0.83141015625 0.34061396484375 0.83934189453125 0.35845771484375 0.8499140625 0.362418359375 0.8611462890625 0.37101015625 0.8624716796875 0.37695634765625 0.86907802734375 0.38290771484375 0.88427607421875 0.38620830078125 0.8875818359375 0.39215966796875 0.8875818359375 0.398105859375 0.87965009765625 0.41528427734375 0.8618115234375 0.43114765625 0.86182705078125 0.4315189453125 0.8618115234375 0.4351134765625 0.86907802734375 0.4450255859375 0.8664375 0.45295205078125 0.8697380859375 0.45757802734375 0.86907802734375 0.465509765625 0.86775771484375 0.4674900390625 0.8618115234375 0.4674900390625 0.8499140625 0.46352421875 0.83934189453125 0.4694755859375 0.843364453125 0.4812287109375 0.8282333984375 0.5068390625 0.8213794921875 0.5109544921875 0.791230859375 0.51369296875 0.78300517578125 0.519175 0.778894921875 0.52740068359375 0.7816333984375 0.5561775390625 0.77752314453125 0.5616595703125 0.750112890625 0.5616595703125 0.71722060546875 0.5506955078125 0.68981044921875 0.5616595703125 0.684312890625 0.5688486328125 0.6833845703125 0.5685958984375 0.67281240234375 0.5685958984375 0.66554599609375 0.5712416015625 0.65761435546875 0.56926123046875 0.6589345703125 0.548771875 0.656294140625 0.52960791015625 0.6595947265625 0.52035595703125 0.64836240234375 0.51308955078125 0.64043076171875 0.514409765625 0.63184404296875 0.52035595703125 0.62391240234375 0.53026806640625 0.60606865234375 0.53093330078125 0.6041501953125 0.53143349609375 0.59250537109375 0.5109544921875 0.56920537109375 0.495875 0.56284140625 0.4944619140625 0.5670806640625 0.489299609375 0.57699267578125 0.48335341796875 0.577652734375 0.4780673828125 0.56444013671875 0.46286416015625 0.563780078125 0.4602236328125 0.571046484375 0.447666015625 0.571046484375 0.44171982421875 0.56179453125 0.4265216796875 0.553862890625 0.40735771484375 0.553862890625 0.4000861328125 0.5591541015625 0.38819375 0.5591541015625 0.37365576171875 0.55286748046875 0.3552654296875 0.56290849609375 0.33016552734375 0.58252626953125 0.32603466796875 0.58562568359375 0.31880439453125 0.58252626953125 0.30125458984375 0.58562568359375 0.29505576171875 0.60214921875 0.28886201171875 0.612473828125 0.27440654296875 0.647578515625 0.26821279296875 0.647578515625 0.26305048828125 0.64344765625 0.25891962890625 0.6258927734375 0.254788671875 0.6238298828125 0.2454955078125 0.626929296875 0.24239609375 0.668227734375 0.23827041015625 0.67235859375 0.232071484375 0.6713271484375 0.2207154296875 0.68475126953125 0.20419189453125 0.6919763671875 0.20109765625 0.70953134765625 0.2021291015625 0.7338576171875 0.19004072265625 0.733924609375 0.1898962890625 0.7349302734375 0.1912681640625 0.747487890625 0.19258837890625 0.76665185546875 0.18598203125 0.773918359375 0.18598203125 0.77656396484375 0.18862255859375 0.77590380859375 0.1932484375 0.7593802734375 0.21902392578125 0.75872021484375 0.22563017578125 0.7624642578125 0.226950390625 0.76995244140625 0.22959609375
0 0.33347734375 0.30400849609375 0.34033115234375 0.30126494140625 0.35540556640625 0.26700087890625 0.37733369140625 0.262890625 0.38693115234375 0.26974443359375 0.40337734375 0.29852646484375 0.41296962890625 0.30674697265625 0.42119013671875 0.30811875 0.43763623046875 0.28344697265625 0.44311826171875 0.27796494140625 0.44997216796875 0.27796494140625 0.4623595703125 0.2811984375 0.481492578125 0.286190625 0.5020490234375 0.30674697265625 0.5239771484375 0.31908291015625 0.528092578125 0.33552900390625 0.54271826171875 0.36088154296875 0.5486490234375 0.371159765625 0.5486490234375 0.3862392578125 0.53768486328125 0.428723828125 0.5472771484375 0.43557763671875 0.55002080078125 0.446541796875 0.528092578125 0.4712083984375 0.52123876953125 0.495875 0.5196296875 0.4999904296875 0.4677900390625 0.4999904296875 0.4390080078125 0.479433984375 0.36774140625 0.4712083984375 0.36123828125 0.47364775390625 0.3019568359375 0.495875 0.29808896484375 0.50103212890625 0.29510302734375 0.49176474609375 0.29784658203125 0.43146220703125 0.293736328125 0.41501611328125 0.282772265625 0.4026853515625 0.27454658203125 0.37801357421875 0.253990234375 0.35471357421875 0.241654296875 0.32319306640625 0.253990234375 0.30263671875 0.253990234375 0.30036240234375 0.253990234375 0.27796494140625 0.26043662109375 0.2702240234375 0.272421875 0.2558458984375 0.27454658203125 0.25329833984375 0.27473740234375 0.2533705078125 0.2964748046875 0.26151875 0.31566455078125 0.27522646484375 0.33347734375 0.30400849609375
0 0.99345810546875 0.36014404296875 0.99463388671875 0.377766015625 0.98171005859375 0.37894189453125 0.96643974609375 0.38599169921875 0.95821416015625 0.40713603515625 0.94646611328125 0.4118341796875 0.9457853515625 0.432344140625 0.9065240234375 0.461177734375 0.89947421875 0.46000185546875 0.9053482421875 0.4400283203125 0.88185224609375 0.4412041015625 0.86182705078125 0.4315189453125 0.8618115234375 0.43114765625 0.87965009765625 0.41528427734375 0.8875818359375 0.398105859375 0.8875818359375 0.39215966796875 0.88427607421875 0.38620830078125 0.86907802734375 0.38290771484375 0.8624716796875 0.37695634765625 0.8611462890625 0.37101015625 0.8499140625 0.362418359375 0.83934189453125 0.35845771484375 0.83141015625 0.34061396484375 0.82215830078125 0.33929375 0.816212109375 0.3346677734375 0.8115861328125 0.31814423828125 0.81687216796875 0.31550380859375 0.816212109375 0.3102177734375 0.8063 0.2989802734375 0.79242216796875 0.29105380859375 0.7944076171875 0.269904296875 0.78978173828125 0.25272587890625 0.78317021484375 0.24611435546875 0.773918359375 0.2414884765625 0.76995244140625 0.22959609375 0.7624642578125 0.226950390625 0.785521875 0.20859619140625 0.81019365234375 0.21916826171875 0.8231123046875 0.1980240234375 0.85718564453125 0.19567236328125 0.8630595703125 0.193320703125 0.871280078125 0.18157265625 0.87475087890625 0.18350146484375 0.88185224609375 0.1874466796875 0.88655556640625 0.2003705078125 0.89477607421875 0.20859619140625 0.912398046875 0.21094267578125 0.92414599609375 0.20389794921875 0.93706982421875 0.20389794921875 0.939421484375 0.20977197265625 0.928844140625 0.23796611328125 0.969962109375 0.23914189453125 0.971137890625 0.24501591796875 0.9640880859375 0.25441220703125 0.9640880859375 0.26028623046875 0.97231376953125 0.26733603515625 0.9746654296875 0.279083984375 0.971137890625 0.2849580078125 0.95116943359375 0.28143056640625 0.928844140625 0.2837822265625 0.91827197265625 0.2873044921875 0.91827197265625 0.293178515625 0.92767353515625 0.29553017578125 0.94999365234375 0.28613388671875 0.954691796875 0.293178515625 0.955867578125 0.307278125 0.96643974609375 0.30962978515625 0.9990234375 0.3254994140625 0.9990234375 0.3336947265625 0.995809765625 0.33782392578125 0.9990234375 0.3528291015625 0.9990234375 0.3545787109375 0.99345810546875 0.36014404296875
0 0.49347265625 0.0270181640625 0.50087314453125 0.02591455078125 0.50595810546875 0.02716259765625 0.52470439453125 0.0317626953125 0.53296611328125 0.0379564453125 0.53606552734375 0.0493125 0.54639013671875 0.06170517578125 0.5639451171875 0.05757421875 0.58768857421875 0.088548046875 0.6031806640625 0.09061611328125 0.6073115234375 0.09577841796875 0.61143720703125 0.11333330078125 0.62073046875 0.12158994140625 0.6362224609375 0.11952705078125 0.645515625 0.10713447265625 0.651709375 0.10507158203125 0.664096875 0.10610302734375 0.67029580078125 0.11436474609375 0.682683203125 0.11333330078125 0.69920673828125 0.103003515625 0.71364677734375 0.10661357421875 0.71572509765625 0.10713447265625 0.72295537109375 0.11436474609375 0.72295537109375 0.12262138671875 0.71572509765625 0.13088310546875 0.70436904296875 0.13707685546875 0.70643193359375 0.1525689453125 0.70436904296875 0.16598779296875 0.70849990234375 0.16908720703125 0.73534287109375 0.168055859375 0.74050517578125 0.17528095703125 0.733924609375 0.1898962890625 0.7338576171875 0.19004072265625 0.70953134765625 0.2021291015625 0.6919763671875 0.20109765625 0.68475126953125 0.20419189453125 0.6713271484375 0.2207154296875 0.67235859375 0.232071484375 0.668227734375 0.23827041015625 0.626929296875 0.24239609375 0.6238298828125 0.2454955078125 0.6258927734375 0.254788671875 0.64344765625 0.25891962890625 0.647578515625 0.26305048828125 0.647578515625 0.26821279296875 0.612473828125 0.27440654296875 0.60214921875 0.28886201171875 0.58562568359375 0.29505576171875 0.58252626953125 0.30125458984375 0.58562568359375 0.31880439453125 0.58252626953125 0.32603466796875 0.56290849609375 0.33016552734375 0.55286748046875 0.3552654296875 0.55258388671875 0.35597705078125 0.54742158203125 0.3601080078125 0.54271826171875 0.36088154296875 0.528092578125 0.33552900390625 0.5239771484375 0.31908291015625 0.5020490234375 0.30674697265625 0.481492578125 0.286190625 0.4623595703125 0.2811984375 0.4627515625 0.27853740234375 0.47101328125 0.25788818359375 0.4617201171875 0.2506578125 0.460688671875 0.23620234375 0.4575892578125 0.232071484375 0.4503640625 0.23000859375 0.4369400390625 0.2413646484375 0.427646875 0.2413646484375 0.40906044921875 0.232071484375 0.3925421875 0.2186474609375 0.375920703125 0.21369140625 0.37596708984375 0.2135521484375 0.3745953125 0.194367578125 0.37793193359375 0.18974677734375 0.39047412109375 0.1876736328125 0.39047412109375 0.17528095703125 0.39357353515625 0.17011865234375 0.40699765625 0.1711552734375 0.41009189453125 0.1525689453125 0.4079671875 0.1397224609375 0.43626962890625 0.13269326171875 0.4677900390625 0.1162470703125 0.46093623046875 0.09158046875 0.4677900390625 0.05594462890625 0.453576953125 0.03355224609375 0.44860029296875 0.0257958984375 0.44780615234375 0.01142294921875 0.459564453125 0.01346005859375 0.462369921875 0.01459462890625 0.49347265625 0.0270181640625
0 0.30470048828125 0.00112412109375 0.31292099609375 0.04498046875 0.31703115234375 0.04909072265625 0.3485568359375 0.04772412109375 0.349103515625 0.0481779296875 0.35677734375 0.05457275390625 0.36363115234375 0.0860984375 0.38144912109375 0.12447275390625 0.39789521484375 0.13817529296875 0.3971578125 0.14240927734375 0.39241318359375 0.16969580078125 0.37793193359375 0.18974677734375 0.3745953125 0.194367578125 0.37596708984375 0.2135521484375 0.375920703125 0.21369140625 0.36774140625 0.25192646484375 0.3595208984375 0.25740849609375 0.3362208984375 0.25740849609375 0.28962099609375 0.2478162109375 0.2786568359375 0.2491880859375 0.27473740234375 0.2533705078125 0.272421875 0.2558458984375 0.26043662109375 0.2702240234375 0.24576455078125 0.26700087890625 0.22931845703125 0.28070849609375 0.2115056640625 0.2738546875 0.19822080078125 0.276226953125 0.19643134765625 0.2738546875 0.1854671875 0.25329833984375 0.154895703125 0.23757412109375 0.14572109375 0.22725986328125 0.13510771484375 0.2047076171875 0.13475703125 0.199849609375 0.12379287109375 0.16147529296875 0.1087185546875 0.15051123046875 0.105975 0.14365732421875 0.12516474609375 0.10117275390625 0.12516474609375 0.07924462890625 0.12789794921875 0.06899736328125 0.13064677734375 0.05868818359375 0.17861337890625 0.02305234375 0.2060236328125 0.0093498046875 0.21704208984375 0 0.30369453125 0 0.30470048828125 0.00112412109375
0 0.00507021484375 0.22563017578125 0.00592626953125 0.22177783203125 0.01278017578125 0.210813671875 0.0278544921875 0.205331640625 0.0307322265625 0.2024591796875 0.042933984375 0.19025732421875 0.0676005859375 0.19299580078125 0.08130830078125 0.188885546875 0.08679033203125 0.19299580078125 0.11145703125 0.19299580078125 0.12242109375 0.20121630859375 0.13475703125 0.20395986328125 0.13510771484375 0.2047076171875 0.14572109375 0.22725986328125 0.154895703125 0.23757412109375 0.15668515625 0.239590625 0.1636783203125 0.27260146484375 0.1635390625 0.27248291015625 0.15257490234375 0.28070849609375 0.14297744140625 0.3053751953125 0.12242109375 0.32456494140625 0.03608017578125 0.34374951171875 0.026487890625 0.35334697265625 0.02852490234375 0.37474912109375 0 0.36118515625 0 0.2484533203125 0.00507021484375 0.22563017578125
0 0.019633984375 0.10117275390625 0.02374423828125 0.10665478515625 0.0223724609375 0.125839453125 0.031969921875 0.1409189453125 0.02922626953125 0.1518830078125 0.053898046875 0.1628470703125 0.031969921875 0.188885546875 0.0307322265625 0.2024591796875 0.0278544921875 0.205331640625 0.01278017578125 0.210813671875 0.00592626953125 0.22177783203125 0.00507021484375 0.22563017578125 0 0.2243208984375 0 0.0987193359375 0.019633984375 0.10117275390625
0 0.97231376953125 0.0030064453125 0.97573291015625 0.00984482421875 0.97936357421875 0.0171009765625 0.97936357421875 0.04059697265625 0.9640880859375 0.06762041015625 0.95938994140625 0.09346279296875 0.9488177734375 0.10521083984375 0.94294384765625 0.121662109375 0.92297021484375 0.13928408203125 0.8936001953125 0.152202734375 0.8771541015625 0.178050390625 0.87475087890625 0.18350146484375 0.871280078125 0.18157265625 0.8630595703125 0.193320703125 0.85718564453125 0.19567236328125 0.8231123046875 0.1980240234375 0.81019365234375 0.21916826171875 0.785521875 0.20859619140625 0.7624642578125 0.226950390625 0.75872021484375 0.22563017578125 0.7593802734375 0.21902392578125 0.77590380859375 0.1932484375 0.77656396484375 0.18862255859375 0.773918359375 0.18598203125 0.76665185546875 0.18598203125 0.747487890625 0.19258837890625 0.7349302734375 0.1912681640625 0.733924609375 0.1898962890625 0.74050517578125 0.17528095703125 0.73534287109375 0.168055859375 0.70849990234375 0.16908720703125 0.70436904296875 0.16598779296875 0.70643193359375 0.1525689453125 0.70436904296875 0.13707685546875 0.71572509765625 0.13088310546875 0.72295537109375 0.12262138671875 0.72295537109375 0.11436474609375 0.71572509765625 0.10713447265625 0.71364677734375 0.10661357421875 0.71855634765625 0.10404013671875 0.74792626953125 0.10521083984375 0.7620259765625 0.09933681640625 0.78199443359375 0.09933681640625 0.79022001953125 0.0734943359375 0.81606767578125 0.0582189453125 0.813716015625 0.052344921875 0.7937423828125 0.0464708984375 0.797269921875 0.03355224609375 0.80549033203125 0.02415078125 0.80901787109375 0.02415078125 0.81841416015625 0.03589873046875 0.8430859375 0.0429486328125 0.8477841796875 0.04059697265625 0.8477841796875 0.03355224609375 0.84073427734375 0.0147544921875 0.86893359375 0.01945263671875 0.8771541015625 0.0171009765625 0.87363173828125 0.01005634765625 0.85717490234375 0 0.9686384765625 0 0.97231376953125 0.0030064453125
0 0.44723369140625 0.00112412109375 0.44780615234375 0.01142294921875 0.44860029296875 0.0257958984375 0.453576953125 0.03355224609375 0.4677900390625 0.05594462890625 0.46093623046875 0.09158046875 0.4677900390625 0.1162470703125 0.43626962890625 0.13269326171875 0.4079671875 0.1397224609375 0.3971578125 0.14240927734375 0.39789521484375 0.13817529296875 0.38144912109375 0.12447275390625 0.36363115234375 0.0860984375 0.35677734375 0.05457275390625 0.349103515625 0.0481779296875 0.35677734375 0.03812666015625 0.3279953125 0.01894208984375 0.32251328125 0.005234375 0.32326181640625 0 0.4451255859375 0 0.44723369140625 0.00112412109375
0 0.87363173828125 0.01005634765625 0.8771541015625 0.0171009765625 0.86893359375 0.01945263671875 0.84073427734375 0.0147544921875 0.8477841796875 0.03355224609375 0.8477841796875 0.04059697265625 0.8430859375 0.0429486328125 0.81841416015625 0.03589873046875 0.80901787109375 0.02415078125 0.80549033203125 0.02415078125 0.797269921875 0.03355224609375 0.7937423828125 0.0464708984375 0.813716015625 0.052344921875 0.81606767578125 0.0582189453125 0.79022001953125 0.0734943359375 0.78199443359375 0.09933681640625 0.7620259765625 0.09933681640625 0.74792626953125 0.10521083984375 0.71855634765625 0.10404013671875 0.71364677734375 0.10661357421875 0.69920673828125 0.103003515625 0.682683203125 0.11333330078125 0.67029580078125 0.11436474609375 0.664096875 0.10610302734375 0.651709375 0.10507158203125 0.645515625 0.10713447265625 0.6362224609375 0.11952705078125 0.62073046875 0.12158994140625 0.61143720703125 0.11333330078125 0.6073115234375 0.09577841796875 0.6031806640625 0.09061611328125 0.58768857421875 0.088548046875 0.5639451171875 0.05757421875 0.54639013671875 0.06170517578125 0.53606552734375 0.0493125 0.53296611328125 0.0379564453125 0.52470439453125 0.0317626953125 0.50595810546875 0.02716259765625 0.52123876953125 0.02716259765625 0.55078916015625 0.02219111328125 0.56372333984375 0.01208818359375 0.56564697265625 0.0063328125 0.57550908203125 0 0.85717490234375 0 0.87363173828125 0.01005634765625
0 0.2060236328125 0.0093498046875 0.17861337890625 0.02305234375 0.13064677734375 0.05868818359375 0.12789794921875 0.06899736328125 0.09501083984375 0.0765009765625 0.0854185546875 0.06417021484375 0.07719296875 0.06417021484375 0.05800830078125 0.0765009765625 0.0511544921875 0.0765009765625 0.0278544921875 0.0312779296875 0 0.0259716796875 0 0 0.21704208984375 0 0.2060236328125 0.0093498046875
0 0.56646689453125 0.0038677734375 0.56564697265625 0.0063328125 0.56372333984375 0.01208818359375 0.55078916015625 0.02219111328125 0.52123876953125 0.02716259765625 0.50595810546875 0.02716259765625 0.493828515625 0.02716259765625 0.49347265625 0.0270181640625 0.462369921875 0.01459462890625 0.459564453125 0.01346005859375 0.44780615234375 0.01142294921875 0.44723369140625 0.00112412109375 0.4451255859375 0 0.56453349609375 0 0.56646689453125 0.0038677734375