0 0.09687353515625 0.9876482421875 0.098044140625 0.9850748046875 0.12726455078125 0.98374423828125 0.1299205078125 0.98905615234375 0.11929677734375 0.9983544921875 0.1196158203125 0.9990234375 0.09170419921875 0.9990234375 0.09687353515625 0.9876482421875
0 0.7155970703125 0.99702392578125 0.71910390625 0.99795732421875 0.71953193359375 0.99807080078125 0.72310390625 0.9990234375 0.71416923828125 0.9990234375 0.7155970703125 0.99702392578125
0 0.6598224609375 0.9983544921875 0.66087373046875 0.9990234375 0.6572578125 0.9990234375 0.6598224609375 0.9983544921875
0 0.57726171875 0.9898142578125 0.5774783203125 0.98905615234375 0.59335205078125 0.98388349609375 0.61466650390625 0.98905615234375 0.6231005859375 0.9990234375 0.57463056640625 0.9990234375 0.57726171875 0.9898142578125
0 0.246791796875 0.9744458984375 0.23977802734375 0.9243751953125 0.246791796875 0.92663916015625 0.26670869140625 0.937262890625 0.27600703125 0.937262890625 0.29146298828125 0.9261337890625 0.30920869140625 0.91335439453125 0.319832421875 0.91999677734375 0.3264748046875 0.9306205078125 0.3264748046875 0.95452900390625 0.3331171875 0.9704646484375 0.3397544921875 0.97577646484375 0.3397544921875 0.98374423828125 0.32514423828125 0.993042578125 0.32215576171875 0.9990234375 0.21238515625 0.9990234375 0.246791796875 0.9744458984375
0 0.99847685546875 0.94257470703125 0.98254130859375 0.9531984375 0.98121591796875 0.978432421875 0.96926162109375 0.99436796875 0.96072509765625 0.9990234375 0.72310390625 0.9990234375 0.71953193359375 0.99807080078125 0.71910390625 0.99795732421875 0.71918125 0.99780263671875 0.71958349609375 0.99702392578125 0.73286318359375 0.98108828125 0.73551904296875 0.95984091796875 0.76739541015625 0.93858828125 0.7779314453125 0.92571083984375 0.77934453125 0.923983203125 0.79661064453125 0.93991884765625 0.805908984375 0.93858828125 0.8271564453125 0.91601025390625 0.84973447265625 0.9106984375 0.88692265625 0.9106984375 0.92144970703125 0.896093359375 0.95598193359375 0.896093359375 0.971917578125 0.87882724609375 0.97696640625 0.859890234375 0.97722939453125 0.85890517578125 0.9990234375 0.8598150390625 0.9990234375 0.942629296875 0.99847685546875 0.94257470703125
0 0.61466650390625 0.98905615234375 0.59335205078125 0.98388349609375 0.5774783203125 0.98905615234375 0.57726171875 0.9898142578125 0.57084111328125 0.9744458984375 0.5774783203125 0.965152734375 0.58146484375 0.9452306640625 0.5774783203125 0.93858828125 0.55888681640625 0.9292951171875 0.5615427734375 0.91867138671875 0.58412587890625 0.91865078125 0.596075 0.91867138671875 0.64255634765625 0.9292951171875 0.65184951171875 0.93858828125 0.67973935546875 0.950542578125 0.69302421875 0.97178994140625 0.71918125 0.99780263671875 0.71910390625 0.99795732421875 0.7155970703125 0.99702392578125 0.71416923828125 0.9990234375 0.66087373046875 0.9990234375 0.6598224609375 0.9983544921875 0.6572578125 0.9990234375 0.6231005859375 0.9990234375 0.61466650390625 0.98905615234375
0 0.03695263671875 0.9492171875 0.0449255859375 0.96249677734375 0.0608611328125 0.96913408203125 0.080783203125 0.96780869140625 0.09687353515625 0.9876482421875 0.09170419921875 0.9990234375 0 0.9990234375 0 0.94160712890625 0.03695263671875 0.9492171875
0 0.001094921875 0.672974609375 0.00773740234375 0.68891015625 0.0210169921875 0.6955525390625 0.0196916015625 0.71945595703125 0.0329712890625 0.7221119140625 0.05023740234375 0.74734580078125 0.07281025390625 0.743364453125 0.09140693359375 0.74734580078125 0.1033560546875 0.76063056640625 0.1179662109375 0.76726787109375 0.1166408203125 0.7778916015625 0.099622265625 0.79515771484375 0.094062890625 0.79515771484375 0.08609501953125 0.80046953125 0.08343916015625 0.8057814453125 0.08742041015625 0.827033984375 0.080783203125 0.83765771484375 0.070154296875 0.8416390625 0.05953056640625 0.868203515625 0.04226962890625 0.8735154296875 0.028984765625 0.88679501953125 0.0064068359375 0.88280859375 0 0.904602734375 0 0.67252724609375 0.001094921875 0.672974609375
0 0.0064068359375 0.88280859375 0.028984765625 0.88679501953125 0.04226962890625 0.8735154296875 0.05953056640625 0.868203515625 0.070154296875 0.8416390625 0.080783203125 0.83765771484375 0.08742041015625 0.827033984375 0.08343916015625 0.8057814453125 0.08609501953125 0.80046953125 0.094062890625 0.79515771484375 0.099622265625 0.79515771484375 0.1033560546875 0.79515771484375 0.10601708984375 0.799144140625 0.112190234375 0.798834765625 0.1339017578125 0.797813671875 0.14187470703125 0.8044560546875 0.1458560546875 0.824378125 0.149842578125 0.827033984375 0.1724205078125 0.83765771484375 0.2003052734375 0.840313671875 0.2281951171875 0.86289169921875 0.246791796875 0.87085947265625 0.2421916015625 0.88935810546875 0.23749345703125 0.90804248046875 0.23977802734375 0.9243751953125 0.246791796875 0.9744458984375 0.21238515625 0.9990234375 0.1196158203125 0.9990234375 0.11929677734375 0.9983544921875 0.1299205078125 0.98905615234375 0.12726455078125 0.98374423828125 0.098044140625 0.9850748046875 0.09687353515625 0.9876482421875 0.080783203125 0.96780869140625 0.0608611328125 0.96913408203125 0.0449255859375 0.96249677734375 0.03695263671875 0.9492171875 0 0.94160712890625 0 0.904602734375 0.0064068359375 0.88280859375
0 0.32514423828125 0.993042578125 0.3397544921875 0.98374423828125 0.3397544921875 0.97577646484375 0.3331171875 0.9704646484375 0.3264748046875 0.95452900390625 0.3264748046875 0.9306205078125 0.319832421875 0.91999677734375 0.30920869140625 0.91335439453125 0.29146298828125 0.9261337890625 0.29327314453125 0.922652734375 0.302571484375 0.89078154296875 0.36897490234375 0.8934375 0.375612109375 0.8894509765625 0.375612109375 0.868203515625 0.347722265625 0.84296962890625 0.347722265625 0.84089130859375 0.347722265625 0.7925017578125 0.35834599609375 0.74734580078125 0.36498837890625 0.73805263671875 0.38756640625 0.7221119140625 0.40112451171875 0.72502568359375 0.40615791015625 0.72609833984375 0.43006640625 0.74602041015625 0.444671484375 0.7646119140625 0.4645935546875 0.7632865234375 0.484515625 0.7765662109375 0.50310712890625 0.8203916015625 0.49912578125 0.84429501953125 0.5044376953125 0.85093740234375 0.51240546875 0.85624931640625 0.55490029296875 0.8602357421875 0.55832470703125 0.87863125 0.5495884765625 0.9106984375 0.5349833984375 0.93460693359375 0.515061328125 0.94390009765625 0.5044376953125 0.93858828125 0.49646982421875 0.9452306640625 0.5070935546875 0.978432421875 0.48982744140625 0.9983544921875 0.48964912109375 0.9990234375 0.32215576171875 0.9990234375 0.32514423828125 0.993042578125
0 0.669115625 0.75531875 0.681069921875 0.7765662109375 0.7155970703125 0.79648828125 0.74504951171875 0.82457412109375 0.7580970703125 0.85093740234375 0.75942763671875 0.87085947265625 0.77668857421875 0.90671708984375 0.7779314453125 0.92571083984375 0.76739541015625 0.93858828125 0.73551904296875 0.95984091796875 0.73286318359375 0.98108828125 0.71958349609375 0.99702392578125 0.71918125 0.99780263671875 0.69302421875 0.97178994140625 0.67973935546875 0.950542578125 0.65184951171875 0.93858828125 0.64255634765625 0.9292951171875 0.596075 0.91867138671875 0.58412587890625 0.91865078125 0.584120703125 0.896093359375 0.5615427734375 0.8761712890625 0.5615427734375 0.85492392578125 0.56685458984375 0.83898310546875 0.58810205078125 0.83632724609375 0.5894326171875 0.82304755859375 0.60802412109375 0.82968994140625 0.610680078125 0.827033984375 0.60669873046875 0.81109326171875 0.5894326171875 0.78187802734375 0.596075 0.77523564453125 0.62396484375 0.7646119140625 0.62794619140625 0.75930009765625 0.62794619140625 0.743364453125 0.63724453125 0.73937802734375 0.6465376953125 0.74070859375 0.6513287109375 0.74383896484375 0.669115625 0.75531875
0 0.38756640625 0.7221119140625 0.36498837890625 0.73805263671875 0.35834599609375 0.74734580078125 0.347722265625 0.7925017578125 0.347722265625 0.84089130859375 0.34754697265625 0.84096865234375 0.32488125 0.83190234375 0.31732607421875 0.83341337890625 0.28710517578125 0.88478896484375 0.2421916015625 0.88935810546875 0.246791796875 0.87085947265625 0.2281951171875 0.86289169921875 0.2003052734375 0.840313671875 0.1724205078125 0.83765771484375 0.149842578125 0.827033984375 0.1458560546875 0.824378125 0.14187470703125 0.8044560546875 0.1339017578125 0.797813671875 0.112190234375 0.798834765625 0.13146767578125 0.78808212890625 0.1329787109375 0.77599375 0.1284455078125 0.76541640625 0.142044921875 0.753328125 0.1390228515625 0.7397287109375 0.142044921875 0.72008515625 0.13751181640625 0.70195263671875 0.1284455078125 0.6959083984375 0.12693447265625 0.68533115234375 0.13146767578125 0.68079794921875 0.15413330078125 0.6792869140625 0.16773271484375 0.66115439453125 0.17679892578125 0.6566212890625 0.2115529296875 0.65813232421875 0.2357296875 0.6656875 0.2447958984375 0.67475380859375 0.2553732421875 0.67475380859375 0.26292841796875 0.66417646484375 0.27048369140625 0.6626654296875 0.28408310546875 0.66719853515625 0.28710517578125 0.67777587890625 0.29768251953125 0.67626484375 0.308259765625 0.6656875 0.32941435546875 0.6656875 0.33696962890625 0.6732427734375 0.3384806640625 0.6898642578125 0.35661318359375 0.7095078125 0.36416845703125 0.69137529296875 0.374745703125 0.69137529296875 0.3823009765625 0.7064857421875 0.3989224609375 0.72008515625 0.40112451171875 0.72502568359375 0.38756640625 0.7221119140625
0 0.93472939453125 0.645084765625 0.9387158203125 0.64907119140625 0.93913876953125 0.65171162109375 0.944027734375 0.68227294921875 0.96129384765625 0.6796169921875 0.96527509765625 0.68492880859375 0.9639498046875 0.6955525390625 0.96668818359375 0.6986830078125 0.97324296875 0.70617626953125 0.96926162109375 0.71414404296875 0.94137177734375 0.73008486328125 0.93340400390625 0.75531875 0.9400412109375 0.77523564453125 0.95465146484375 0.78187802734375 0.96261923828125 0.79648828125 0.975898828125 0.80843740234375 0.971917578125 0.827033984375 0.9785599609375 0.83500185546875 0.9784103515625 0.83761650390625 0.97696640625 0.859890234375 0.971917578125 0.87882724609375 0.95598193359375 0.896093359375 0.92144970703125 0.896093359375 0.88692265625 0.9106984375 0.84973447265625 0.9106984375 0.8271564453125 0.91601025390625 0.805908984375 0.93858828125 0.79661064453125 0.93991884765625 0.77934453125 0.923983203125 0.7779314453125 0.92571083984375 0.77668857421875 0.90671708984375 0.75942763671875 0.87085947265625 0.7580970703125 0.85093740234375 0.74504951171875 0.82457412109375 0.7155970703125 0.79648828125 0.681069921875 0.7765662109375 0.669115625 0.75531875 0.6513287109375 0.74383896484375 0.65184951171875 0.742033984375 0.65583603515625 0.7353966796875 0.669115625 0.73008486328125 0.67973935546875 0.71813056640625 0.67841396484375 0.70485087890625 0.66801201171875 0.687940625 0.667790234375 0.687584765625 0.67044619140625 0.674305078125 0.68530390625 0.6427794921875 0.6958916015625 0.63472919921875 0.70497333984375 0.62782373046875 0.7209140625 0.62649326171875 0.72970703125 0.620335546875 0.73419375 0.617194921875 0.73551904296875 0.603915234375 0.7421615234375 0.5946220703125 0.76606484375 0.603915234375 0.77934453125 0.61453896484375 0.7846615234375 0.61453896484375 0.80325302734375 0.5986033203125 0.81653271484375 0.5959474609375 0.82848701171875 0.60790166015625 0.83114287109375 0.62914912109375 0.83645478515625 0.6357916015625 0.8417666015625 0.63313564453125 0.84442255859375 0.62250673828125 0.85637685546875 0.62118134765625 0.889578515625 0.62782373046875 0.902858203125 0.6357916015625 0.9294072265625 0.643532421875 0.93472939453125 0.645084765625
0 0.9978580078125 0.8326501953125 0.98671337890625 0.834042578125 0.9784103515625 0.83761650390625 0.9785599609375 0.83500185546875 0.971917578125 0.827033984375 0.975898828125 0.80843740234375 0.96261923828125 0.79648828125 0.95465146484375 0.78187802734375 0.9400412109375 0.77523564453125 0.93340400390625 0.75531875 0.94137177734375 0.73008486328125 0.96926162109375 0.71414404296875 0.97324296875 0.70617626953125 0.96668818359375 0.6986830078125 0.9915869140625 0.689188671875 0.9990234375 0.679429296875 0.9990234375 0.8326501953125 0.9978580078125 0.8326501953125
0 0.68530390625 0.6427794921875 0.67044619140625 0.674305078125 0.667790234375 0.687584765625 0.66801201171875 0.687940625 0.65277783203125 0.692886328125 0.6346453125 0.7064857421875 0.62406796875 0.7064857421875 0.60895751953125 0.69439736328125 0.5878029296875 0.68835322265625 0.58326982421875 0.68079794921875 0.58629189453125 0.66417646484375 0.58024775390625 0.64151083984375 0.59686923828125 0.6294224609375 0.60593544921875 0.6067568359375 0.62255693359375 0.6067568359375 0.64220048828125 0.5961794921875 0.65277783203125 0.60977890625 0.6875318359375 0.62488935546875 0.6958916015625 0.63472919921875 0.68530390625 0.6427794921875
0 0.98472275390625 0.6466267578125 0.98472275390625 0.6421193359375 0.99193759765625 0.63309951171875 0.9901326171875 0.6285921875 0.9531712890625 0.6493291015625 0.93913876953125 0.65171162109375 0.9387158203125 0.64907119140625 0.93472939453125 0.645084765625 0.9294072265625 0.643532421875 0.93243447265625 0.6376068359375 0.94776142578125 0.6222849609375 0.94596162109375 0.60786044921875 0.9648935546875 0.59704072265625 0.9675958984375 0.5853185546875 0.96128349609375 0.58081123046875 0.93784423828125 0.57540654296875 0.936941796875 0.56368427734375 0.93964931640625 0.55557216796875 0.921619921875 0.54565498046875 0.9181439453125 0.54323623046875 0.92929892578125 0.5296935546875 0.93225390625 0.498652734375 0.9432541015625 0.499673828125 0.9576787109375 0.5077912109375 0.966693359375 0.52131318359375 0.97841552734375 0.5303279296875 0.9990234375 0.5361 0.9990234375 0.6638673828125 0.98472275390625 0.6466267578125
0 0.05056748046875 0.4324865234375 0.07259365234375 0.46052080078125 0.073594140625 0.4725369140625 0.0645845703125 0.48855498046875 0.06358408203125 0.499570703125 0.07660078125 0.5055787109375 0.09962744140625 0.50858017578125 0.1036396484375 0.51014287109375 0.1006279296875 0.5235978515625 0.07760126953125 0.53962109375 0.080602734375 0.5456240234375 0.0936193359375 0.55563916015625 0.08761123046875 0.57265771484375 0.07560029296875 0.59068203125 0.07960224609375 0.6036986328125 0.0510986328125 0.61934541015625 0.04856650390625 0.6207171875 0.04155791015625 0.62772578125 0.02654033203125 0.6327333984375 0.01852607421875 0.630732421875 0.01252314453125 0.6327333984375 0 0.64257041015625 0 0.43443505859375 0.05056748046875 0.4324865234375
0 0.007515625 0.328363671875 0.01852607421875 0.3373732421875 0.01452412109375 0.35139033203125 0.029541796875 0.36540751953125 0.0355498046875 0.38543271484375 0.03550859375 0.38594326171875 0.0345494140625 0.39744365234375 0.0095166015625 0.40445224609375 0 0.416355078125 0 0.30813056640625 0.007515625 0.328363671875
0 0.00651513671875 0.09207353515625 0.0315427734375 0.09407451171875 0.0395517578125 0.10108310546875 0.04378583984375 0.10955107421875 0.0465603515625 0.1151001953125 0.0465603515625 0.1251154296875 0.040557421875 0.13813203125 0.02654033203125 0.153149609375 0.01652509765625 0.1551505859375 0.01152275390625 0.16416015625 0.01852607421875 0.19219443359375 0.00150751953125 0.2022095703125 0.0025080078125 0.2172271484375 0 0.22004853515625 0 0.09325703125 0.00651513671875 0.09207353515625
0 0.00050703125 0.07505498046875 0 0.07698076171875 0 0.0739509765625 0.00050703125 0.07505498046875
0 0.26072119140625 0.56519541015625 0.25301640625 0.57290009765625 0.25742060546875 0.58500908203125 0.2310005859375 0.59932021484375 0.2277 0.6092322265625 0.2320990234375 0.61913916015625 0.21448740234375 0.64335712890625 0.18476669921875 0.65656455078125 0.16714990234375 0.6334501953125 0.16054365234375 0.6334501953125 0.14843466796875 0.64225341796875 0.138527734375 0.66317080078125 0.1198125 0.66207236328125 0.107703515625 0.67638349609375 0.09449599609375 0.67418134765625 0.083485546875 0.66757509765625 0.0812833984375 0.64335712890625 0.0691744140625 0.64335712890625 0.065873828125 0.6400513671875 0.0510986328125 0.61934541015625 0.07960224609375 0.6036986328125 0.07560029296875 0.59068203125 0.08761123046875 0.57265771484375 0.0936193359375 0.55563916015625 0.080602734375 0.5456240234375 0.07760126953125 0.53962109375 0.1006279296875 0.5235978515625 0.1036396484375 0.51014287109375 0.11765166015625 0.51558876953125 0.153694921875 0.51158681640625 0.1627044921875 0.5055787109375 0.1688775390625 0.49146875 0.17816044921875 0.49363994140625 0.2078810546875 0.50574892578125 0.2078810546875 0.52336572265625 0.2199900390625 0.52776484375 0.2133888671875 0.54097744140625 0.21778798828125 0.54978583984375 0.264026953125 0.551987890625 0.26199501953125 0.5601052734375 0.26072119140625 0.56519541015625
0 0.3586966796875 0.5090546875 0.36310087890625 0.503546875 0.36538037109375 0.5031806640625 0.390624609375 0.49914267578125 0.39197060546875 0.49779658203125 0.40273359375 0.48703369140625 0.42254736328125 0.4892357421875 0.42585302734375 0.449608203125 0.4335578125 0.443001953125 0.45777578125 0.43529716796875 0.4797916015625 0.43749921875 0.47758955078125 0.413276171875 0.4841958984375 0.40887705078125 0.4908021484375 0.4099755859375 0.493004296875 0.42318818359375 0.49850693359375 0.42758720703125 0.52162646484375 0.394566015625 0.5250765625 0.39269912109375 0.548046484375 0.3802548828125 0.55465283203125 0.3802548828125 0.5568548828125 0.39016181640625 0.55245068359375 0.4110740234375 0.55905185546875 0.413276171875 0.5689638671875 0.406675 0.5810728515625 0.4099755859375 0.58877763671875 0.39676298828125 0.596482421875 0.394566015625 0.60088662109375 0.3802548828125 0.60969501953125 0.37254501953125 0.62510458984375 0.37254501953125 0.63158193359375 0.3689453125 0.6537267578125 0.3868560546875 0.651524609375 0.39016181640625 0.6361150390625 0.3923638671875 0.6383171875 0.4099755859375 0.61960185546875 0.42428662109375 0.6240060546875 0.43309501953125 0.63501142578125 0.43969619140625 0.63391298828125 0.44740615234375 0.6184982421875 0.45951513671875 0.60859140625 0.46281572265625 0.61409921875 0.468318359375 0.61299560546875 0.47272255859375 0.59868447265625 0.48153095703125 0.60198505859375 0.491437890625 0.6284103515625 0.50465048828125 0.6284103515625 0.5123552734375 0.61960185546875 0.52006005859375 0.603088671875 0.51785791015625 0.5876740234375 0.53547470703125 0.57996923828125 0.53547470703125 0.572264453125 0.52886845703125 0.56125390625 0.53216904296875 0.5634560546875 0.53767685546875 0.5755650390625 0.5431794921875 0.57666865234375 0.5684958984375 0.56565810546875 0.57730439453125 0.55465283203125 0.576205859375 0.549144921875 0.58061005859375 0.5458443359375 0.59711806640625 0.5568548828125 0.6125328125 0.5568548828125 0.61913916015625 0.5392380859375 0.6213412109375 0.51942431640625 0.61913916015625 0.5161185546875 0.6213412109375 0.5161185546875 0.63124814453125 0.499610546875 0.6466576171875 0.4797916015625 0.65326396484375 0.4489673828125 0.6455591796875 0.42585302734375 0.65546611328125 0.41814306640625 0.647761328125 0.40493564453125 0.648859765625 0.3884224609375 0.63675078125 0.37520986328125 0.6334501953125 0.3575982421875 0.6092322265625 0.360898828125 0.59711806640625 0.37190927734375 0.58611279296875 0.37190927734375 0.58061005859375 0.3642044921875 0.5684958984375 0.3697072265625 0.55088427734375 0.3697072265625 0.53767685546875 0.3586966796875 0.51675947265625 0.3586966796875 0.51016865234375 0.3586966796875 0.5090546875
0 0.30475810546875 0.5134537109375 0.29044697265625 0.5244642578125 0.29374755859375 0.54097744140625 0.288244921875 0.546480078125 0.2739337890625 0.5552884765625 0.26199501953125 0.5601052734375 0.264026953125 0.551987890625 0.21778798828125 0.54978583984375 0.2133888671875 0.54097744140625 0.2199900390625 0.52776484375 0.2078810546875 0.52336572265625 0.2078810546875 0.50574892578125 0.17816044921875 0.49363994140625 0.1688775390625 0.49146875 0.16971298828125 0.48955546875 0.197747265625 0.4655283203125 0.19874775390625 0.4615212890625 0.18973818359375 0.44750927734375 0.190738671875 0.441501171875 0.19674677734375 0.4354931640625 0.2097634765625 0.42748408203125 0.2247810546875 0.41246650390625 0.23486328125 0.40886162109375 0.23540478515625 0.4099755859375 0.239808984375 0.444100390625 0.25191796875 0.4529087890625 0.26622900390625 0.456209375 0.26952958984375 0.46061357421875 0.26622900390625 0.48373310546875 0.2739337890625 0.4892357421875 0.2970533203125 0.49254150390625 0.30805869140625 0.5013447265625 0.3067796875 0.5060326171875 0.30475810546875 0.5134537109375
0 0.87490126953125 0.40578798828125 0.8643240234375 0.42240947265625 0.87187919921875 0.45414140625 0.883967578125 0.46774072265625 0.8764123046875 0.4964505859375 0.88245654296875 0.50098369140625 0.90512216796875 0.49796162109375 0.9141884765625 0.504005859375 0.93232099609375 0.49796162109375 0.93225390625 0.498652734375 0.92929892578125 0.5296935546875 0.9181439453125 0.54323623046875 0.90814423828125 0.55538134765625 0.87490126953125 0.58409111328125 0.8597908203125 0.58409111328125 0.85223564453125 0.57200283203125 0.828058984375 0.57804697265625 0.80539326171875 0.57200283203125 0.75552880859375 0.58862431640625 0.72480771484375 0.592316796875 0.72530791015625 0.58862431640625 0.73588525390625 0.559914453125 0.73437421875 0.5463150390625 0.70566435546875 0.53573779296875 0.71170849609375 0.51760517578125 0.69962021484375 0.51156103515625 0.6981091796875 0.50249482421875 0.71170849609375 0.487384375 0.6935759765625 0.47529599609375 0.69659814453125 0.4632076171875 0.707175390625 0.45111923828125 0.70113125 0.42543154296875 0.7147306640625 0.4072990234375 0.70264228515625 0.38916650390625 0.7041533203125 0.37254501953125 0.71321962890625 0.3634787109375 0.7147306640625 0.33778583984375 0.73588525390625 0.3256974609375 0.80086015625 0.31814228515625 0.82503681640625 0.32116435546875 0.85223564453125 0.3483630859375 0.86583505859375 0.35592353515625 0.8779234375 0.3740560546875 0.87756240234375 0.37786201171875 0.87490126953125 0.40578798828125
0 0.4810603515625 0.35655263671875 0.492601953125 0.3582802734375 0.49548486328125 0.36059072265625 0.4966400390625 0.368666796875 0.5012556640625 0.37386005859375 0.5162578125 0.3790533203125 0.52433388671875 0.39174501953125 0.5250765625 0.39269912109375 0.52162646484375 0.394566015625 0.49850693359375 0.42758720703125 0.493004296875 0.42318818359375 0.4908021484375 0.4099755859375 0.4841958984375 0.40887705078125 0.47758955078125 0.413276171875 0.4797916015625 0.43749921875 0.45777578125 0.43529716796875 0.4335578125 0.443001953125 0.42585302734375 0.449608203125 0.42254736328125 0.4892357421875 0.40273359375 0.48703369140625 0.39197060546875 0.49779658203125 0.384709375 0.4938720703125 0.38124375 0.4938720703125 0.370284765625 0.49791005859375 0.36538037109375 0.5031806640625 0.36310087890625 0.503546875 0.3586966796875 0.5090546875 0.3586966796875 0.51016865234375 0.34547373046875 0.51579501953125 0.34201328125 0.51579501953125 0.3287439453125 0.50483095703125 0.32355068359375 0.5031033203125 0.31489189453125 0.50368095703125 0.3067796875 0.5060326171875 0.30805869140625 0.5013447265625 0.2970533203125 0.49254150390625 0.2739337890625 0.4892357421875 0.26622900390625 0.48373310546875 0.26952958984375 0.46061357421875 0.26622900390625 0.456209375 0.25191796875 0.4529087890625 0.239808984375 0.444100390625 0.23540478515625 0.4099755859375 0.23486328125 0.40886162109375 0.23879814453125 0.40745888671875 0.2618248046875 0.40745888671875 0.27484150390625 0.40045029296875 0.28185 0.3814255859375 0.29935341796875 0.35562958984375 0.3102607421875 0.3615396484375 0.336680859375 0.36924443359375 0.34878984375 0.39126025390625 0.35649970703125 0.395664453125 0.40096982421875 0.4008990234375 0.42254736328125 0.38465400390625 0.42254736328125 0.37915126953125 0.41043837890625 0.37034287109375 0.40933984375 0.36374169921875 0.41704462890625 0.36374169921875 0.4335578125 0.371446484375 0.44456318359375 0.36924443359375 0.4610763671875 0.35823388671875 0.4731853515625 0.33951865234375 0.48102939453125 0.34109150390625 0.4810603515625 0.35655263671875
0 0.97841552734375 0.5303279296875 0.966693359375 0.52131318359375 0.9576787109375 0.5077912109375 0.9432541015625 0.499673828125 0.93225390625 0.498652734375 0.93232099609375 0.49796162109375 0.9141884765625 0.504005859375 0.90512216796875 0.49796162109375 0.88245654296875 0.50098369140625 0.8764123046875 0.4964505859375 0.883967578125 0.46774072265625 0.87187919921875 0.45414140625 0.8643240234375 0.42240947265625 0.87490126953125 0.40578798828125 0.87756240234375 0.37786201171875 0.889166015625 0.36354580078125 0.8882634765625 0.34912119140625 0.87924873046875 0.32928681640625 0.8783462890625 0.321174609375 0.88014609375 0.2896232421875 0.886669921875 0.2712431640625 0.89006328125 0.26167666015625 0.90268798828125 0.2472521484375 0.92792705078125 0.246349609375 0.9306345703125 0.236432421875 0.93514189453125 0.23192509765625 0.93964931640625 0.23192509765625 0.94956650390625 0.23823740234375 0.96128349609375 0.23462744140625 0.9675958984375 0.22832021484375 0.97120068359375 0.213895703125 0.966693359375 0.1958611328125 0.9675958984375 0.18774892578125 0.97120068359375 0.17783173828125 0.97931806640625 0.1706220703125 0.9901326171875 0.16881708984375 0.9990234375 0.17531552734375 0.9990234375 0.5361 0.97841552734375 0.5303279296875
0 0.0025080078125 0.2172271484375 0.00150751953125 0.2022095703125 0.01852607421875 0.19219443359375 0.01152275390625 0.16416015625 0.01652509765625 0.1551505859375 0.02654033203125 0.153149609375 0.040557421875 0.13813203125 0.0465603515625 0.1251154296875 0.0465603515625 0.1151001953125 0.04378583984375 0.10955107421875 0.0465603515625 0.10909208984375 0.07459462890625 0.1070912109375 0.09962744140625 0.11009775390625 0.098626953125 0.10108310546875 0.1046349609375 0.09708115234375 0.1446802734375 0.08806640625 0.15469541015625 0.095075 0.16848564453125 0.09584345703125 0.172714453125 0.0960806640625 0.17171396484375 0.10909208984375 0.17572109375 0.1291173828125 0.19173916015625 0.14113349609375 0.1927396484375 0.1571515625 0.2217744140625 0.17617626953125 0.2247810546875 0.18518583984375 0.22378056640625 0.20321005859375 0.233790625 0.2132201171875 0.23879814453125 0.22723720703125 0.2798490234375 0.2382529296875 0.29186005859375 0.23725244140625 0.30287568359375 0.2312443359375 0.31489189453125 0.229243359375 0.3239013671875 0.236251953125 0.328908984375 0.24926337890625 0.32990947265625 0.27128955078125 0.3158923828125 0.3123404296875 0.30287568359375 0.3373732421875 0.30087470703125 0.35339130859375 0.29935341796875 0.35562958984375 0.28185 0.3814255859375 0.27484150390625 0.40045029296875 0.2618248046875 0.40745888671875 0.23879814453125 0.40745888671875 0.23486328125 0.40886162109375 0.2247810546875 0.41246650390625 0.2097634765625 0.42748408203125 0.19674677734375 0.4354931640625 0.190738671875 0.441501171875 0.18973818359375 0.44750927734375 0.19874775390625 0.4615212890625 0.197747265625 0.4655283203125 0.16971298828125 0.48955546875 0.1688775390625 0.49146875 0.1627044921875 0.5055787109375 0.153694921875 0.51158681640625 0.11765166015625 0.51558876953125 0.1036396484375 0.51014287109375 0.09962744140625 0.50858017578125 0.07660078125 0.5055787109375 0.06358408203125 0.499570703125 0.0645845703125 0.48855498046875 0.073594140625 0.4725369140625 0.07259365234375 0.46052080078125 0.05056748046875 0.4324865234375 0 0.43443505859375 0 0.416355078125 0.0095166015625 0.40445224609375 0.0345494140625 0.39744365234375 0.03550859375 0.38594326171875 0.0355498046875 0.38543271484375 0.029541796875 0.36540751953125 0.01452412109375 0.35139033203125 0.01852607421875 0.3373732421875 0.007515625 0.328363671875 0 0.30813056640625 0 0.22004853515625 0.0025080078125 0.2172271484375
0 0.5370359375 0.00156044921875 0.5370359375 0.010363671875 0.5623576171875 0.01366943359375 0.56786025390625 0.0246748046875 0.56676181640625 0.04449375 0.5810728515625 0.057701171875 0.603088671875 0.09183115234375 0.59758603515625 0.0995359375 0.5821712890625 0.10614228515625 0.5821712890625 0.1138470703125 0.58987607421875 0.13036025390625 0.58987607421875 0.1699876953125 0.58657548828125 0.21071884765625 0.57996923828125 0.215123046875 0.5700623046875 0.23273984375 0.5755650390625 0.24264677734375 0.572264453125 0.2536521484375 0.5513470703125 0.26796318359375 0.54694287109375 0.28227431640625 0.53483388671875 0.2965853515625 0.51942431640625 0.30319169921875 0.523828515625 0.30319169921875 0.52052275390625 0.317502734375 0.50070908203125 0.33621806640625 0.48969853515625 0.34282431640625 0.48102939453125 0.34109150390625 0.4731853515625 0.33951865234375 0.4610763671875 0.35823388671875 0.44456318359375 0.36924443359375 0.4335578125 0.371446484375 0.41704462890625 0.36374169921875 0.40933984375 0.36374169921875 0.41043837890625 0.37034287109375 0.42254736328125 0.37915126953125 0.42254736328125 0.38465400390625 0.40096982421875 0.4008990234375 0.35649970703125 0.395664453125 0.34878984375 0.39126025390625 0.336680859375 0.36924443359375 0.3102607421875 0.3615396484375 0.29935341796875 0.35562958984375 0.30087470703125 0.35339130859375 0.30287568359375 0.3373732421875 0.3158923828125 0.3123404296875 0.32990947265625 0.27128955078125 0.328908984375 0.24926337890625 0.3239013671875 0.236251953125 0.31489189453125 0.229243359375 0.30287568359375 0.2312443359375 0.29186005859375 0.23725244140625 0.2798490234375 0.2382529296875 0.23879814453125 0.22723720703125 0.233790625 0.2132201171875 0.22378056640625 0.20321005859375 0.2247810546875 0.18518583984375 0.2217744140625 0.17617626953125 0.1927396484375 0.1571515625 0.19173916015625 0.14113349609375 0.17572109375 0.1291173828125 0.17171396484375 0.10909208984375 0.172714453125 0.0960806640625 0.16848564453125 0.09584345703125 0.1715541015625 0.08302275390625 0.1715541015625 0.07531796875 0.14293193359375 0.063208984375 0.13632568359375 0.0455921875 0.13963134765625 0.04008955078125 0.15174033203125 0.0356853515625 0.1649478515625 0.0246748046875 0.168253515625 0.010363671875 0.1748478515625 0 0.53810361328125 0 0.5370359375 0.00156044921875
0 0.7945013671875 0.0047423828125 0.7990138671875 0.01645947265625 0.80532109375 0.01736201171875 0.81523828125 0.0119521484375 0.82515546875 0.0119521484375 0.8386775390625 0.02367431640625 0.8386775390625 0.0290841796875 0.8278578125 0.03899619140625 0.81073095703125 0.04711357421875 0.80892587890625 0.05703076171875 0.81343330078125 0.073255078125 0.80892587890625 0.07956748046875 0.79360400390625 0.09128447265625 0.7719646484375 0.09579697265625 0.765657421875 0.1039091796875 0.765657421875 0.11743125 0.755740234375 0.13275830078125 0.76024765625 0.14447529296875 0.75663759765625 0.18594912109375 0.7728671875 0.2030759765625 0.78548671875 0.2030759765625 0.81073095703125 0.19496376953125 0.82696044921875 0.19496376953125 0.837775 0.186846484375 0.83687763671875 0.17692919921875 0.822453125 0.16791455078125 0.8143357421875 0.15439248046875 0.81073095703125 0.137265625 0.81704326171875 0.1273484375 0.8386775390625 0.1183337890625 0.8485947265625 0.12013359375 0.86572158203125 0.14537783203125 0.88375615234375 0.1607048828125 0.89367333984375 0.1607048828125 0.9135025390625 0.1733244140625 0.9333369140625 0.172421875 0.93874677734375 0.15889990234375 0.94776142578125 0.1507876953125 0.931537109375 0.14898271484375 0.92612724609375 0.14447529296875 0.9135025390625 0.1237435546875 0.9135025390625 0.1183337890625 0.924322265625 0.10210419921875 0.92522470703125 0.0867771484375 0.93514189453125 0.073255078125 0.944156640625 0.063337890625 0.9730056640625 0.04260615234375 0.9990234375 0.06490712890625 0.9990234375 0.17531552734375 0.9901326171875 0.16881708984375 0.97931806640625 0.1706220703125 0.97120068359375 0.17783173828125 0.9675958984375 0.18774892578125 0.966693359375 0.1958611328125 0.97120068359375 0.213895703125 0.9675958984375 0.22832021484375 0.96128349609375 0.23462744140625 0.94956650390625 0.23823740234375 0.93964931640625 0.23192509765625 0.93514189453125 0.23192509765625 0.9306345703125 0.236432421875 0.92792705078125 0.246349609375 0.90268798828125 0.2472521484375 0.89006328125 0.26167666015625 0.886669921875 0.2712431640625 0.88014609375 0.27069130859375 0.8684291015625 0.2724912109375 0.85670693359375 0.28060849609375 0.8386775390625 0.281505859375 0.8260580078125 0.29052568359375 0.81523828125 0.2923255859375 0.80892587890625 0.2896232421875 0.80261875 0.28060849609375 0.7945013671875 0.2797060546875 0.78458935546875 0.28511591796875 0.76385244140625 0.28781826171875 0.75483779296875 0.29322802734375 0.74041318359375 0.29683291015625 0.72418369140625 0.31666728515625 0.7025494140625 0.33018935546875 0.6854173828125 0.3346966796875 0.6727978515625 0.32568203125 0.6565734375 0.301340234375 0.6502611328125 0.28331083984375 0.6502611328125 0.26167666015625 0.643948828125 0.249051953125 0.64665625 0.22020283203125 0.63853896484375 0.20938837890625 0.63493408203125 0.19856865234375 0.63763642578125 0.19135380859375 0.65567099609375 0.18143662109375 0.661080859375 0.1706220703125 0.64935859375 0.1291482421875 0.631329296875 0.10931904296875 0.63223173828125 0.09849931640625 0.643948828125 0.0741576171875 0.64214892578125 0.0191669921875 0.6468470703125 0.01178193359375 0.64845615234375 0.0092498046875 0.6700955078125 0.01015224609375 0.6827150390625 0.00563974609375 0.69894462890625 0.00563974609375 0.70055400390625 0 0.7906708984375 0 0.7945013671875 0.0047423828125
0 0.69894462890625 0.00563974609375 0.6827150390625 0.00563974609375 0.6700955078125 0.01015224609375 0.64845615234375 0.0092498046875 0.6468470703125 0.01178193359375 0.6406998046875 0.01115791015625 0.627863671875 0.013494140625 0.6138568359375 0.02399921875 0.60218623046875 0.02399921875 0.5846828125 0.0204974609375 0.5776794921875 0.0053251953125 0.56064541015625 0 0.70055400390625 0 0.69894462890625 0.00563974609375