0 0.244430078125 0.9927125 0.2490013671875 0.9990234375 0.2185541015625 0.9990234375 0.244430078125 0.9927125
0 0.12095771484375 0.992743359375 0.125578515625 0.98628154296875 0.133762890625 0.992743359375 0.1583005859375 0.99594599609375 0.18710322265625 0.992743359375 0.20279326171875 0.9990234375 0.12017412109375 0.9990234375 0.12095771484375 0.992743359375
0 0.0025392578125 0.92126533203125 0.0089392578125 0.94047060546875 0.03240947265625 0.96713818359375 0.03166748046875 0.9990234375 0 0.9990234375 0 0.91800009765625 0.0025392578125 0.92126533203125
0 0.1220251953125 0.90739775390625 0.11776025390625 0.9201978515625 0.1230927734375 0.93620048828125 0.11242255859375 0.93726796875 0.1092251953125 0.9628732421875 0.1110146484375 0.96870078125 0.11029267578125 0.9692732421875 0.10282509765625 0.97247578125 0.08788486328125 0.95220302734375 0.0729498046875 0.97034072265625 0.062284765625 0.9682056640625 0.04734453125 0.95647314453125 0.042012109375 0.9479380859375 0.042012109375 0.93620048828125 0.03134189453125 0.923400390625 0.03561201171875 0.90099775390625 0.03454453125 0.87965751953125 0.04094453125 0.866857421875 0.048412109375 0.86578994140625 0.06121728515625 0.8700548828125 0.07507451171875 0.86362392578125 0.077219921875 0.8625873046875 0.0950533203125 0.86868310546875 0.124155078125 0.90699033203125 0.1220251953125 0.90739775390625
0 0.18710322265625 0.992743359375 0.1583005859375 0.99594599609375 0.133762890625 0.992743359375 0.125578515625 0.98628154296875 0.11349013671875 0.9767408203125 0.1110146484375 0.96870078125 0.1092251953125 0.9628732421875 0.11242255859375 0.93726796875 0.1230927734375 0.93620048828125 0.11776025390625 0.9201978515625 0.1220251953125 0.90739775390625 0.124155078125 0.90699033203125 0.14442783203125 0.90312763671875 0.1508330078125 0.89779521484375 0.15509794921875 0.887125 0.16896552734375 0.873257421875 0.1647005859375 0.8625873046875 0.17643828125 0.8433873046875 0.18443701171875 0.83738955078125 0.18923828125 0.83378466796875 0.20700986328125 0.828158203125 0.22550849609375 0.84658466796875 0.24471376953125 0.84658466796875 0.26178388671875 0.861525 0.26178388671875 0.888192578125 0.2703189453125 0.9116626953125 0.2639189453125 0.93300302734375 0.26818388671875 0.94687060546875 0.26818388671875 0.96394072265625 0.26178388671875 0.98847841796875 0.244430078125 0.9927125 0.2185541015625 0.9990234375 0.20279326171875 0.9990234375 0.18710322265625 0.992743359375
0 0.82142197265625 0.97788564453125 0.83647568359375 0.96999521484375 0.84794521484375 0.965694140625 0.85368515625 0.965694140625 0.8579861328125 0.9685615234375 0.883792578125 0.96641103515625 0.88831533203125 0.963729296875 0.90315244140625 0.95494150390625 0.91318828125 0.95207412109375 0.92322412109375 0.94347197265625 0.96122197265625 0.9327193359375 0.9990234375 0.9356279296875 0.9990234375 0.9990234375 0.8164484375 0.9990234375 0.82142197265625 0.97788564453125
0 0.9985029296875 0.88683623046875 0.9990234375 0.88624140625 0.9990234375 0.89308203125 0.9985029296875 0.88683623046875
0 0.99491357421875 0.9212447265625 0.99491357421875 0.9147931640625 0.9990234375 0.9059953125 0.9990234375 0.93121669921875 0.99491357421875 0.9212447265625
0 0.94909228515625 0.72913583984375 0.92679794921875 0.756778125 0.92679794921875 0.77194013671875 0.94730791015625 0.7737193359375 0.95800908203125 0.7781802734375 0.960685546875 0.7817490234375 0.960685546875 0.78977353515625 0.95622470703125 0.80403828125 0.94463134765625 0.8191951171875 0.93215107421875 0.82900400390625 0.92858232421875 0.837920703125 0.9357146484375 0.842381640625 0.96514140625 0.838812890625 0.96335703125 0.86467080078125 0.96692578125 0.8762640625 0.96514140625 0.8887443359375 0.96246484375 0.8932052734375 0.94730791015625 0.8878521484375 0.9357146484375 0.8905287109375 0.91788125 0.90301416015625 0.89826865234375 0.92708779296875 0.88369453125 0.93321962890625 0.87734091796875 0.9155099609375 0.85941982421875 0.91049208984375 0.84937890625 0.89902255859375 0.82142197265625 0.89042041015625 0.81138623046875 0.87822890625 0.80923564453125 0.86030791015625 0.8164041015625 0.84238681640625 0.81497041015625 0.830912109375 0.7999115234375 0.82374365234375 0.79202626953125 0.80438896484375 0.77530166015625 0.78900517578125 0.79729169921875 0.76987734375 0.80107705078125 0.76658701171875 0.8091015625 0.74696923828125 0.81980263671875 0.73538115234375 0.83621787109375 0.73051796875 0.843876171875 0.728248828125 0.86260185546875 0.72913583984375 0.8670576171875 0.726464453125 0.8724107421875 0.71219462890625 0.87597431640625 0.7104154296875 0.884762109375 0.70944072265625 0.9000478515625 0.7077388671875 0.9071853515625 0.71933212890625 0.91253330078125 0.722003515625 0.9205578125 0.721111328125 0.9392833984375 0.71130244140625 0.95087666015625 0.71130244140625 0.95022177734375 0.717846875 0.94909228515625 0.72913583984375
0 0.99365009765625 0.6822986328125 0.98706435546875 0.68649140625 0.9762859375 0.69846630859375 0.97089677734375 0.7128392578125 0.95831845703125 0.714633984375 0.95022177734375 0.717846875 0.95087666015625 0.71130244140625 0.9392833984375 0.71130244140625 0.9205578125 0.721111328125 0.91253330078125 0.722003515625 0.9071853515625 0.71933212890625 0.9000478515625 0.7077388671875 0.884762109375 0.70944072265625 0.87628369140625 0.69786806640625 0.87628369140625 0.68828603515625 0.8679033203125 0.67511474609375 0.8690998046875 0.67032373046875 0.87927998046875 0.6637380859375 0.8960458984375 0.6601435546875 0.90861904296875 0.64996328125 0.9205939453125 0.64397587890625 0.92326015625 0.64109306640625 0.9277830078125 0.63619375 0.94395068359375 0.6308044921875 0.94933984375 0.6308044921875 0.95723544921875 0.633316015625 0.96251123046875 0.634997265625 0.969096875 0.64277939453125 0.973887890625 0.64517236328125 0.99604296875 0.65236142578125 0.9990234375 0.65523916015625 0.9990234375 0.6806451171875 0.99365009765625 0.6822986328125
0 0.461045703125 0.9986173828125 0.4615486328125 0.9990234375 0.45994716796875 0.9990234375 0.461045703125 0.9986173828125
0 0.62068525390625 0.99222255859375 0.6056263671875 0.98218671875 0.578386328125 0.97788564453125 0.59057265625 0.9750130859375 0.61422841796875 0.97716884765625 0.62068525390625 0.9742962890625 0.62068525390625 0.96999521484375 0.60992744140625 0.94633935546875 0.62140205078125 0.95135732421875 0.62713681640625 0.95709208984375 0.6432529296875 0.98843720703125 0.64362421875 0.98935517578125 0.64337626953125 0.9990234375 0.62465244140625 0.9990234375 0.62068525390625 0.99222255859375
0 0.47797666015625 0.97612705078125 0.46622861328125 0.970253125 0.46706923828125 0.95682900390625 0.4695859375 0.95179560546875 0.48720791015625 0.9459216796875 0.5008125 0.9357517578125 0.49880634765625 0.9384541015625 0.52175048828125 0.94920673828125 0.52748525390625 0.9499236328125 0.53752109375 0.9563751953125 0.5468400390625 0.95780888671875 0.5554421875 0.9621099609375 0.5597431640625 0.96712783203125 0.5647765625 0.967834375 0.56524072265625 0.96857705078125 0.5761716796875 0.9990234375 0.478557421875 0.9990234375 0.47797666015625 0.97612705078125
0 0.64362421875 0.98935517578125 0.6432529296875 0.98843720703125 0.63717265625 0.97357939453125 0.63645576171875 0.96139306640625 0.64505791015625 0.9219615234375 0.65509365234375 0.9040404296875 0.679471484375 0.8767953125 0.68663994140625 0.85887421875 0.69022421875 0.85528994140625 0.70742841796875 0.85528994140625 0.71388515625 0.84955517578125 0.71388515625 0.84597099609375 0.70169365234375 0.8330677734375 0.70384423828125 0.8151416015625 0.708862109375 0.806539453125 0.726071484375 0.79865419921875 0.7282220703125 0.79005205078125 0.7321775390625 0.78543125 0.73682412109375 0.7800111328125 0.75976826171875 0.7807279296875 0.77410517578125 0.7879015625 0.77530166015625 0.78900517578125 0.79202626953125 0.80438896484375 0.7999115234375 0.82374365234375 0.81497041015625 0.830912109375 0.8164041015625 0.84238681640625 0.80923564453125 0.86030791015625 0.81138623046875 0.87822890625 0.82142197265625 0.89042041015625 0.84937890625 0.89902255859375 0.85941982421875 0.91049208984375 0.87734091796875 0.9155099609375 0.88369453125 0.93321962890625 0.8873767578125 0.94347197265625 0.88831533203125 0.963729296875 0.883792578125 0.96641103515625 0.8579861328125 0.9685615234375 0.85368515625 0.965694140625 0.84794521484375 0.965694140625 0.83647568359375 0.96999521484375 0.82142197265625 0.97788564453125 0.8164484375 0.9990234375 0.64337626953125 0.9990234375 0.64362421875 0.98935517578125
0 0.5597431640625 0.96712783203125 0.5554421875 0.9621099609375 0.5468400390625 0.95780888671875 0.53752109375 0.9563751953125 0.52748525390625 0.9499236328125 0.52175048828125 0.94920673828125 0.49880634765625 0.9384541015625 0.5008125 0.9357517578125 0.51744423828125 0.91335947265625 0.53322001953125 0.87607841796875 0.5296357421875 0.86030791015625 0.5296357421875 0.85170576171875 0.53322001953125 0.8438205078125 0.53504560546875 0.84087578125 0.54253896484375 0.8438205078125 0.5532916015625 0.85242255859375 0.566916796875 0.848121484375 0.5762357421875 0.848121484375 0.58340419921875 0.85385625 0.5877052734375 0.8617416015625 0.59057265625 0.8689099609375 0.59200634765625 0.894721484375 0.5884220703125 0.90045625 0.58698837890625 0.9090583984375 0.58913896484375 0.9212447265625 0.596307421875 0.93343623046875 0.596307421875 0.93988779296875 0.591289453125 0.9563751953125 0.5755189453125 0.96067626953125 0.5647765625 0.967834375 0.5597431640625 0.96712783203125
0 0.17643828125 0.8433873046875 0.1647005859375 0.8625873046875 0.16896552734375 0.873257421875 0.15509794921875 0.887125 0.1508330078125 0.89779521484375 0.14442783203125 0.90312763671875 0.124155078125 0.90699033203125 0.0950533203125 0.86868310546875 0.077219921875 0.8625873046875 0.07507451171875 0.86362392578125 0.07828740234375 0.85192236328125 0.07615234375 0.83698720703125 0.07822041015625 0.8322736328125 0.08681220703125 0.82836962890625 0.10261884765625 0.83129375 0.1125669921875 0.8260283203125 0.1272029296875 0.8248576171875 0.137744140625 0.82134560546875 0.14125625 0.81373369140625 0.143453125 0.8130013671875 0.1711005859375 0.82738466796875 0.18443701171875 0.83738955078125 0.17643828125 0.8433873046875
0 0.17579365234375 0.79616845703125 0.185158984375 0.8090509765625 0.185158984375 0.814904296875 0.154721484375 0.81431640625 0.14476826171875 0.81256298828125 0.143453125 0.8130013671875 0.14125625 0.81373369140625 0.137744140625 0.82134560546875 0.1272029296875 0.8248576171875 0.1125669921875 0.8260283203125 0.10261884765625 0.83129375 0.08681220703125 0.82836962890625 0.07822041015625 0.8322736328125 0.0739296875 0.834223046875 0.0674935546875 0.830123046875 0.06398154296875 0.82368701171875 0.0663228515625 0.817245703125 0.07041767578125 0.81431640625 0.072176171875 0.80670966796875 0.06981943359375 0.8024859375 0.07041767578125 0.79792705078125 0.072758984375 0.79499775390625 0.08388291015625 0.79616845703125 0.09207763671875 0.785049609375 0.0973482421875 0.785632421875 0.10320166015625 0.7768498046875 0.1131548828125 0.77802041015625 0.11900830078125 0.77216708984375 0.1289615234375 0.7756791015625 0.140085546875 0.7733376953125 0.1482802734375 0.7762669921875 0.1611576171875 0.7745083984375 0.176005078125 0.7755294921875 0.17579365234375 0.79616845703125
0 0.00777890625 0.76338447265625 0.01187890625 0.7592896484375 0.0095375 0.74875361328125 0.010708203125 0.7376296875 0.00485478515625 0.73235908203125 0.00485478515625 0.7288470703125 0.00777890625 0.72299365234375 0.0148029296875 0.71714033203125 0.0148029296875 0.7124576171875 0.01129091796875 0.70133369140625 0.0007548828125 0.69079755859375 0.0007548828125 0.68728046875 0.010605078125 0.66532646484375 0.0159736328125 0.672649609375 0.01948564453125 0.6738203125 0.025344140625 0.67030830078125 0.03119755859375 0.6697203125 0.03939228515625 0.67440302734375 0.04817490234375 0.66737900390625 0.055781640625 0.67147890625 0.06046953125 0.65742568359375 0.0674935546875 0.6480603515625 0.07158828125 0.6468896484375 0.0739296875 0.64864306640625 0.087394921875 0.64864306640625 0.09559482421875 0.6439603515625 0.11022568359375 0.64454833984375 0.1172548828125 0.641036328125 0.121349609375 0.6322537109375 0.12084423828125 0.62903046875 0.137744140625 0.6328416015625 0.138326953125 0.653913671875 0.15062158203125 0.6621083984375 0.14886298828125 0.6738203125 0.1640869140625 0.68376845703125 0.17345224609375 0.69430966796875 0.18164697265625 0.69723369140625 0.18867099609375 0.7124576171875 0.1929875 0.7164853515625 0.19745361328125 0.72065234375 0.20155361328125 0.7282642578125 0.20038291015625 0.73235908203125 0.17638154296875 0.74875361328125 0.1781349609375 0.7756791015625 0.176005078125 0.7755294921875 0.1611576171875 0.7745083984375 0.1482802734375 0.7762669921875 0.140085546875 0.7733376953125 0.1289615234375 0.7756791015625 0.11900830078125 0.77216708984375 0.1131548828125 0.77802041015625 0.10320166015625 0.7768498046875 0.0973482421875 0.785632421875 0.09207763671875 0.785049609375 0.08388291015625 0.79616845703125 0.072758984375 0.79499775390625 0.07041767578125 0.79792705078125 0.06981943359375 0.8024859375 0.06924697265625 0.80670966796875 0.05695234375 0.81958701171875 0.05285751953125 0.81899912109375 0.03822158203125 0.81080439453125 0.0177322265625 0.8096337890625 0.00485478515625 0.80553896484375 0 0.79781748046875 0 0.76533349609375 0.00777890625 0.76338447265625
0 0.1307150390625 0.58073896484375 0.14125625 0.591275 0.16642822265625 0.59537490234375 0.17462294921875 0.6059109375 0.185746875 0.6141056640625 0.19042958984375 0.6146935546875 0.1927708984375 0.6129349609375 0.20155361328125 0.5994697265625 0.2079896484375 0.6000576171875 0.22145498046875 0.61059365234375 0.2431150390625 0.60942294921875 0.2442908203125 0.61026357421875 0.24721494140625 0.61235224609375 0.24780283203125 0.61761767578125 0.2419443359375 0.62522958984375 0.24136162109375 0.6304951171875 0.252485546875 0.639277734375 0.25457939453125 0.642769140625 0.25599755859375 0.6451310546875 0.252485546875 0.6457189453125 0.25014423828125 0.64923095703125 0.25189765625 0.6609376953125 0.25024736328125 0.66235078125 0.24780283203125 0.66444970703125 0.23667890625 0.66737900390625 0.2349203125 0.6697203125 0.235508203125 0.67557373046875 0.24428564453125 0.68318564453125 0.24545634765625 0.687868359375 0.23726162109375 0.69196826171875 0.2284841796875 0.70133369140625 0.21560166015625 0.70425771484375 0.1929875 0.7164853515625 0.18867099609375 0.7124576171875 0.18164697265625 0.69723369140625 0.17345224609375 0.69430966796875 0.1640869140625 0.68376845703125 0.14886298828125 0.6738203125 0.15062158203125 0.6621083984375 0.138326953125 0.653913671875 0.137744140625 0.6328416015625 0.12084423828125 0.62903046875 0.11959619140625 0.6211296875 0.1160841796875 0.6152763671875 0.10788427734375 0.61176435546875 0.104372265625 0.607081640625 0.09207763671875 0.60239892578125 0.091494921875 0.5971283203125 0.0991068359375 0.58659228515625 0.09867880859375 0.5775982421875 0.10905498046875 0.5725390625 0.123108203125 0.57078564453125 0.12779091796875 0.573126953125 0.12899248046875 0.57625732421875 0.1307150390625 0.58073896484375
0 0.0991068359375 0.58659228515625 0.091494921875 0.5971283203125 0.09207763671875 0.60239892578125 0.104372265625 0.607081640625 0.10788427734375 0.61176435546875 0.1160841796875 0.6152763671875 0.11959619140625 0.6211296875 0.12084423828125 0.62903046875 0.121349609375 0.6322537109375 0.1172548828125 0.641036328125 0.11022568359375 0.64454833984375 0.09559482421875 0.6439603515625 0.087394921875 0.64864306640625 0.0739296875 0.64864306640625 0.07158828125 0.6468896484375 0.0674935546875 0.6480603515625 0.06046953125 0.65742568359375 0.055781640625 0.67147890625 0.04817490234375 0.66737900390625 0.03939228515625 0.67440302734375 0.03119755859375 0.6697203125 0.025344140625 0.67030830078125 0.01948564453125 0.6738203125 0.0159736328125 0.672649609375 0.010605078125 0.66532646484375 0.0095375 0.6638669921875 0.00224013671875 0.64544052734375 0.0019255859375 0.641036328125 0.0189029296875 0.63810703125 0.01831494140625 0.6340123046875 0.01246162109375 0.62464169921875 0.01304951171875 0.6211296875 0.019862109375 0.61626650390625 0.02124423828125 0.6152763671875 0.01417890625 0.61044921875 0.0177322265625 0.60064033203125 0.02475625 0.59478701171875 0.0251740234375 0.592987109375 0.02826826171875 0.57956826171875 0.05044912109375 0.582146875 0.05344033203125 0.5824923828125 0.05636953125 0.57956826171875 0.0633935546875 0.57898037109375 0.072176171875 0.5819095703125 0.07568828125 0.57898037109375 0.08095888671875 0.57956826171875 0.091494921875 0.574885546875 0.0985189453125 0.57429765625 0.09867880859375 0.5775982421875 0.0991068359375 0.58659228515625
0 0.00543759765625 0.573709765625 0.00602548828125 0.577226953125 0.004746484375 0.57914541015625 0.0001669921875 0.58600439453125 0.0025134765625 0.60064033203125 0.00426689453125 0.60356962890625 0.01417890625 0.61044921875 0.02124423828125 0.6152763671875 0.019862109375 0.61626650390625 0.01304951171875 0.6211296875 0.01246162109375 0.62464169921875 0.01831494140625 0.6340123046875 0.0189029296875 0.63810703125 0.0019255859375 0.641036328125 0.00224013671875 0.64544052734375 0.0036841796875 0.66562041015625 0 0.66638837890625 0 0.5699474609375 0.00543759765625 0.573709765625
0 0.62599189453125 0.72720703125 0.62778662109375 0.72900693359375 0.62838486328125 0.7409818359375 0.62419208984375 0.75774765625 0.62659013671875 0.77091904296875 0.62539365234375 0.78708671875 0.62179912109375 0.79547216796875 0.61401181640625 0.80325439453125 0.60383681640625 0.82421298828125 0.590062109375 0.83200029296875 0.5756890625 0.83200029296875 0.5655140625 0.83499140625 0.543358984375 0.83259853515625 0.5367681640625 0.82780751953125 0.52539140625 0.8098400390625 0.52120380859375 0.80625068359375 0.49485595703125 0.7948740234375 0.4816794921875 0.78469375 0.47761044921875 0.77961396484375 0.4888685546875 0.77990283203125 0.49245791015625 0.768526171875 0.50503623046875 0.760140625 0.510425390625 0.75295673828125 0.5134166015625 0.7373873046875 0.5175216796875 0.72917705078125 0.52000224609375 0.72840869140625 0.536169921875 0.73319970703125 0.54275556640625 0.73319970703125 0.54754658203125 0.72960517578125 0.55054287109375 0.72960517578125 0.5589232421875 0.7367890625 0.56431240234375 0.73858369140625 0.57389443359375 0.7325962890625 0.59425478515625 0.7134375 0.6152134765625 0.71882666015625 0.61675546875 0.72002314453125 0.62599189453125 0.72720703125
0 0.77530166015625 0.78900517578125 0.77410517578125 0.7879015625 0.75976826171875 0.7807279296875 0.73682412109375 0.7800111328125 0.7321775390625 0.78543125 0.7241943359375 0.77870634765625 0.72239443359375 0.77271884765625 0.72299267578125 0.7595423828125 0.7341373046875 0.7435861328125 0.75413154296875 0.7337978515625 0.7649099609375 0.73319970703125 0.77628662109375 0.71882666015625 0.78047939453125 0.72062138671875 0.78227412109375 0.7302033203125 0.7918560546875 0.72781044921875 0.7942490234375 0.7308015625 0.7972453125 0.745174609375 0.79729169921875 0.76987734375 0.77530166015625 0.78900517578125
0 0.3279294921875 0.63641552734375 0.33112685546875 0.64601806640625 0.32472685546875 0.66522333984375 0.3396619140625 0.69189091796875 0.36313212890625 0.69829609375 0.37807236328125 0.69189091796875 0.39193994140625 0.69189091796875 0.39833994140625 0.69722861328125 0.39908779296875 0.70769755859375 0.39940751953125 0.712163671875 0.40924736328125 0.71511875 0.41007763671875 0.7153662109375 0.40973212890625 0.71648017578125 0.40580751953125 0.7292337890625 0.39300751953125 0.7441689453125 0.39513740234375 0.7495013671875 0.40687509765625 0.7548390625 0.41007763671875 0.76017158203125 0.41007763671875 0.76550400390625 0.39940751953125 0.78364169921875 0.379134765625 0.79750927734375 0.3588671875 0.81778203125 0.3396619140625 0.81991708984375 0.3332619140625 0.825249609375 0.30789912109375 0.82398603515625 0.27352158203125 0.79537939453125 0.26178388671875 0.77830927734375 0.25004619140625 0.7495013671875 0.25111376953125 0.73883642578125 0.259648828125 0.72603125 0.259648828125 0.70683115234375 0.24898388671875 0.68549091796875 0.25111376953125 0.6673583984375 0.25024736328125 0.66235078125 0.25189765625 0.6609376953125 0.25014423828125 0.64923095703125 0.252485546875 0.6457189453125 0.25599755859375 0.6451310546875 0.25457939453125 0.642769140625 0.2703189453125 0.6300154296875 0.29272158203125 0.63215048828125 0.30018916015625 0.641753125 0.31512421875 0.634285546875 0.32109619140625 0.63528095703125 0.3279294921875 0.63641552734375
0 0.5134166015625 0.7373873046875 0.510425390625 0.75295673828125 0.50503623046875 0.760140625 0.49245791015625 0.768526171875 0.4888685546875 0.77990283203125 0.47761044921875 0.77961396484375 0.46551181640625 0.77930458984375 0.45054580078125 0.77271884765625 0.43317646484375 0.762538671875 0.42779248046875 0.75595302734375 0.42000517578125 0.735592578125 0.4128212890625 0.72361767578125 0.40973212890625 0.71648017578125 0.41007763671875 0.7153662109375 0.40924736328125 0.71511875 0.40653466796875 0.705841015625 0.42394521484375 0.7014935546875 0.42821015625 0.6812259765625 0.43674521484375 0.66948828125 0.438637890625 0.66116982421875 0.47389736328125 0.681700390625 0.489466796875 0.682896875 0.49964697265625 0.6996626953125 0.49605244140625 0.7104412109375 0.49665068359375 0.714633984375 0.50503623046875 0.72002314453125 0.52000224609375 0.72002314453125 0.51880576171875 0.7266087890625 0.5175216796875 0.72917705078125 0.5134166015625 0.7373873046875
0 0.4840775390625 0.6284064453125 0.483479296875 0.63978310546875 0.48108125 0.64697216796875 0.4816794921875 0.6577505859375 0.505634375 0.67332001953125 0.5158146484375 0.67451650390625 0.52539140625 0.6727166015625 0.54275556640625 0.65236142578125 0.54455537109375 0.64577568359375 0.544153125 0.641139453125 0.55907275390625 0.642186328125 0.5864984375 0.65420244140625 0.59151123046875 0.6582611328125 0.59494072265625 0.66810615234375 0.60839052734375 0.68606337890625 0.616146875 0.71150869140625 0.61675546875 0.72002314453125 0.6152134765625 0.71882666015625 0.59425478515625 0.7134375 0.57389443359375 0.7325962890625 0.56431240234375 0.73858369140625 0.5589232421875 0.7367890625 0.55054287109375 0.72960517578125 0.54754658203125 0.72960517578125 0.54275556640625 0.73319970703125 0.536169921875 0.73319970703125 0.52000224609375 0.72840869140625 0.5175216796875 0.72917705078125 0.51880576171875 0.7266087890625 0.52000224609375 0.72002314453125 0.50503623046875 0.72002314453125 0.49665068359375 0.714633984375 0.49605244140625 0.7104412109375 0.49964697265625 0.6996626953125 0.489466796875 0.682896875 0.47389736328125 0.681700390625 0.438637890625 0.66116982421875 0.44404775390625 0.637364453125 0.44170126953125 0.62903046875 0.456326953125 0.6228728515625 0.47119501953125 0.62186201171875 0.48607333984375 0.62189814453125 0.4840775390625 0.6284064453125
0 0.9008369140625 0.6224189453125 0.90382802734375 0.6260134765625 0.9146064453125 0.63020625 0.92326015625 0.64109306640625 0.9205939453125 0.64397587890625 0.90861904296875 0.64996328125 0.8960458984375 0.6601435546875 0.87927998046875 0.6637380859375 0.8690998046875 0.67032373046875 0.8679033203125 0.67511474609375 0.87628369140625 0.68828603515625 0.87628369140625 0.69786806640625 0.884762109375 0.70944072265625 0.87597431640625 0.7104154296875 0.8724107421875 0.71219462890625 0.8670576171875 0.726464453125 0.86260185546875 0.72913583984375 0.843876171875 0.728248828125 0.83621787109375 0.73051796875 0.83496982421875 0.71942490234375 0.83077705078125 0.71523212890625 0.825387890625 0.71523212890625 0.81700751953125 0.72960517578125 0.81101484375 0.735592578125 0.80442919921875 0.731998046875 0.80323271484375 0.70265908203125 0.79963818359375 0.7002609375 0.78287236328125 0.70146259765625 0.77688486328125 0.69547509765625 0.778684765625 0.68828603515625 0.78766328125 0.6799056640625 0.78766328125 0.678105859375 0.7744919921875 0.67152021484375 0.7744919921875 0.66672919921875 0.77988115234375 0.6595453125 0.77988115234375 0.654754296875 0.77269208984375 0.65116494140625 0.75832431640625 0.64996328125 0.75472978515625 0.64577568359375 0.76262021484375 0.62647255859375 0.7930525390625 0.6134404296875 0.80502744140625 0.61583330078125 0.8152076171875 0.6284064453125 0.8223966796875 0.6308044921875 0.82658427734375 0.63439384765625 0.83197353515625 0.63439384765625 0.842751953125 0.6284064453125 0.8439484375 0.61523505859375 0.84754296875 0.61223876953125 0.85412861328125 0.61104228515625 0.86251416015625 0.62062431640625 0.869698046875 0.62362060546875 0.8655052734375 0.63619375 0.8744890625 0.64158291015625 0.88347275390625 0.64158291015625 0.896644140625 0.63619375 0.8972423828125 0.6320009765625 0.89425126953125 0.62481708984375 0.8960458984375 0.61882958984375 0.900671875 0.61761767578125 0.9008369140625 0.6224189453125
0 0.435677734375 0.60761279296875 0.44170126953125 0.62903046875 0.44404775390625 0.637364453125 0.438637890625 0.66116982421875 0.43674521484375 0.66948828125 0.42821015625 0.6812259765625 0.42394521484375 0.7014935546875 0.40653466796875 0.705841015625 0.39908779296875 0.70769755859375 0.39833994140625 0.69722861328125 0.39193994140625 0.69189091796875 0.37807236328125 0.69189091796875 0.36313212890625 0.69829609375 0.3396619140625 0.69189091796875 0.32472685546875 0.66522333984375 0.33112685546875 0.64601806640625 0.3279294921875 0.63641552734375 0.32109619140625 0.63528095703125 0.33646455078125 0.614012890625 0.3481970703125 0.61508037109375 0.35353466796875 0.60121279296875 0.357799609375 0.59801025390625 0.3701716796875 0.59212080078125 0.379134765625 0.60228037109375 0.39193994140625 0.6097478515625 0.420742578125 0.61508037109375 0.4339294921875 0.6051837890625 0.435677734375 0.60761279296875
0 0.54455537109375 0.64577568359375 0.54275556640625 0.65236142578125 0.52539140625 0.6727166015625 0.5158146484375 0.67451650390625 0.505634375 0.67332001953125 0.4816794921875 0.6577505859375 0.48108125 0.64697216796875 0.483479296875 0.63978310546875 0.4840775390625 0.6284064453125 0.48607333984375 0.62189814453125 0.49185966796875 0.60266201171875 0.49605244140625 0.59547294921875 0.503236328125 0.59607109375 0.516412890625 0.60326015625 0.54934638671875 0.59727275390625 0.553533984375 0.599665625 0.5547408203125 0.60083115234375 0.55473564453125 0.61702978515625 0.543358984375 0.6320009765625 0.544153125 0.641139453125 0.54455537109375 0.64577568359375
0 0.420742578125 0.61508037109375 0.39193994140625 0.6097478515625 0.379134765625 0.60228037109375 0.3701716796875 0.59212080078125 0.36313212890625 0.58414267578125 0.35566455078125 0.5670724609375 0.3474853515625 0.5386720703125 0.35572646484375 0.52956455078125 0.363152734375 0.5258462890625 0.391016796875 0.5267796875 0.391016796875 0.51470166015625 0.39565830078125 0.51006025390625 0.41795263671875 0.50913193359375 0.42909716796875 0.50355703125 0.42457958984375 0.4941091796875 0.4260802734375 0.494526953125 0.44101533203125 0.500926953125 0.4538154296875 0.52653212890625 0.458085546875 0.55853740234375 0.46875048828125 0.57240498046875 0.4676880859375 0.5873400390625 0.46128291015625 0.599077734375 0.44208291015625 0.599077734375 0.4339294921875 0.6051837890625 0.420742578125 0.61508037109375
0 0.82658427734375 0.43559619140625 0.83257177734375 0.43499794921875 0.84754296875 0.426617578125 0.85353037109375 0.425416015625 0.86011611328125 0.43020693359375 0.8643087890625 0.43859248046875 0.8726943359375 0.43799423828125 0.87688193359375 0.44158359375 0.88287451171875 0.4517638671875 0.88107470703125 0.46314052734375 0.8924513671875 0.46314052734375 0.896644140625 0.46553857421875 0.9020333984375 0.47811171875 0.91101708984375 0.48589384765625 0.91041884765625 0.4972705078125 0.91281181640625 0.500266796875 0.91321923828125 0.5006484375 0.91161533203125 0.5032630859375 0.9056279296875 0.51643447265625 0.9056279296875 0.5278111328125 0.90322978515625 0.533200390625 0.88586572265625 0.5529625 0.87987822265625 0.5781087890625 0.8726943359375 0.58409619140625 0.86730517578125 0.58589609375 0.8517357421875 0.581105078125 0.83197353515625 0.5817033203125 0.80323271484375 0.573916015625 0.7906595703125 0.573916015625 0.7732955078125 0.57990859375 0.76251708984375 0.581105078125 0.748144140625 0.581105078125 0.724792578125 0.5763140625 0.7158087890625 0.56852685546875 0.7110177734375 0.554158984375 0.69604658203125 0.53439677734375 0.6900591796875 0.52182373046875 0.67329326171875 0.51164345703125 0.67149853515625 0.49427939453125 0.674494921875 0.49008662109375 0.68227705078125 0.48948837890625 0.68646982421875 0.479308203125 0.694251953125 0.4739189453125 0.70443212890625 0.4739189453125 0.715210546875 0.4775134765625 0.72539072265625 0.46613681640625 0.72898017578125 0.46433701171875 0.73497275390625 0.46494033203125 0.742156640625 0.4541619140625 0.75472978515625 0.45715302734375 0.76311533203125 0.455956640625 0.7649099609375 0.452362109375 0.7649099609375 0.44278525390625 0.7618001953125 0.4307845703125 0.7607171875 0.426617578125 0.7673029296875 0.4248177734375 0.7732955078125 0.419428515625 0.78646689453125 0.420625 0.7891640625 0.4216306640625 0.82658427734375 0.43559619140625
0 0.00485478515625 0.53214833984375 0.00631943359375 0.52427333984375 0.00719619140625 0.51985361328125 0.01187890625 0.5157537109375 0.0171443359375 0.5145830078125 0.02183212890625 0.5005349609375 0.02709755859375 0.49585224609375 0.03048583984375 0.4955892578125 0.0347095703125 0.49526435546875 0.04817490234375 0.49878154296875 0.05285751953125 0.5028763671875 0.05226962890625 0.51282958984375 0.057540234375 0.5157537109375 0.0516869140625 0.526294921875 0.0516869140625 0.5315603515625 0.059298828125 0.53800166015625 0.05285751953125 0.5485376953125 0.05519892578125 0.55322041015625 0.05285751953125 0.5684443359375 0.05402822265625 0.575468359375 0.05044912109375 0.582146875 0.02826826171875 0.57956826171875 0.0251740234375 0.592987109375 0.02183212890625 0.59302841796875 0.01422021484375 0.591275 0.0101203125 0.5824923828125 0.004746484375 0.57914541015625 0.00602548828125 0.577226953125 0.00543759765625 0.573709765625 0 0.5699474609375 0 0.56301025390625 0.0025134765625 0.55673759765625 0.00309619140625 0.5497083984375 0.0019255859375 0.54561357421875 0.00048671875 0.5435765625 0.0013427734375 0.542684375 0.0013427734375 0.53858955078125 0 0.536022265625 0 0.53601357421875 0.00485478515625 0.53214833984375
0 0.0013427734375 0.53858955078125 0.0013427734375 0.542684375 0.00048671875 0.5435765625 0 0.5440853515625 0 0.536022265625 0.0013427734375 0.53858955078125
0 0.0148029296875 0.42326025390625 0.01129091796875 0.44667890625 0.02183212890625 0.443749609375 0.025344140625 0.446091015625 0.0306095703125 0.4548736328125 0.03002685546875 0.46189765625 0.025344140625 0.47243369140625 0.025344140625 0.48238701171875 0.02709755859375 0.490581640625 0.03048583984375 0.4955892578125 0.02709755859375 0.49585224609375 0.02183212890625 0.5005349609375 0.0171443359375 0.5145830078125 0.01187890625 0.5157537109375 0.00719619140625 0.51985361328125 0.00631943359375 0.52427333984375 0 0.52122490234375 0 0.42400048828125 0.0148029296875 0.42326025390625
0 0.412377734375 0.236081640625 0.407736328125 0.2425796875 0.37615908203125 0.262083984375 0.37336904296875 0.26765888671875 0.3464384765625 0.27880341796875 0.34179189453125 0.29273291015625 0.34922333984375 0.294589453125 0.358511328125 0.2908763671875 0.36965595703125 0.2908763671875 0.3724408203125 0.29273291015625 0.3724408203125 0.30016435546875 0.38823193359375 0.3103806640625 0.379872265625 0.3187404296875 0.378015625 0.32523837890625 0.38823193359375 0.33081328125 0.3919451171875 0.343814453125 0.4049462890625 0.356815625 0.4114494140625 0.371678515625 0.41795263671875 0.37910478515625 0.418880859375 0.39025458984375 0.42352236328125 0.40046572265625 0.42259404296875 0.40696884765625 0.41924189453125 0.41032099609375 0.41609091796875 0.4134720703125 0.40123310546875 0.41440029296875 0.39472998046875 0.41904169921875 0.3919451171875 0.430186328125 0.38265712890625 0.4422591796875 0.34551015625 0.43947431640625 0.33993525390625 0.44133095703125 0.33250380859375 0.4543373046875 0.3315755859375 0.4710515625 0.358511328125 0.48498623046875 0.35386474609375 0.49334072265625 0.35479306640625 0.50077216796875 0.36129619140625 0.50077216796875 0.37522568359375 0.49426904296875 0.39472998046875 0.4924125 0.418880859375 0.48219619140625 0.42457958984375 0.4941091796875 0.42909716796875 0.50355703125 0.41795263671875 0.50913193359375 0.39565830078125 0.51006025390625 0.391016796875 0.51470166015625 0.391016796875 0.5267796875 0.363152734375 0.5258462890625 0.35572646484375 0.52956455078125 0.3474853515625 0.5386720703125 0.3380787109375 0.54906884765625 0.33250380859375 0.57042978515625 0.31207119140625 0.56950146484375 0.304644921875 0.578784375 0.28792548828125 0.58250263671875 0.285140625 0.58993408203125 0.27306767578125 0.6010787109375 0.25263505859375 0.598288671875 0.24520361328125 0.6075767578125 0.2442908203125 0.61026357421875 0.2431150390625 0.60942294921875 0.22145498046875 0.61059365234375 0.2079896484375 0.6000576171875 0.20155361328125 0.5994697265625 0.1927708984375 0.6129349609375 0.19042958984375 0.6146935546875 0.185746875 0.6141056640625 0.17462294921875 0.6059109375 0.16642822265625 0.59537490234375 0.14125625 0.591275 0.1307150390625 0.58073896484375 0.12899248046875 0.57625732421875 0.1291111328125 0.57507119140625 0.1337525390625 0.56207001953125 0.130039453125 0.55278203125 0.1281828125 0.5277080078125 0.1216796875 0.5239896484375 0.11146337890625 0.5239896484375 0.108678515625 0.511916796875 0.09103076171875 0.50170048828125 0.0752447265625 0.484052734375 0.06410009765625 0.45990693359375 0.06595673828125 0.4264732421875 0.082676171875 0.4051123046875 0.0817427734375 0.37539169921875 0.076173046875 0.3596056640625 0.06781328125 0.34659931640625 0.06552353515625 0.31449609375 0.06502841796875 0.30759580078125 0.08917421875 0.276946875 0.087317578125 0.27230029296875 0.0668849609375 0.25465771484375 0.06595673828125 0.24536962890625 0.0817427734375 0.240723046875 0.0820005859375 0.240465234375 0.09010244140625 0.23236337890625 0.09753388671875 0.23050673828125 0.104037109375 0.2202904296875 0.11703828125 0.21379248046875 0.11796650390625 0.203576171875 0.1096068359375 0.19521640625 0.10589365234375 0.1812869140625 0.10682197265625 0.17664033203125 0.1161099609375 0.17107060546875 0.13343798828125 0.1728447265625 0.15232861328125 0.1747837890625 0.1699763671875 0.1747837890625 0.18112099609375 0.17107060546875 0.20898505859375 0.18592841796875 0.21733955078125 0.19335986328125 0.2219861328125 0.19335986328125 0.222914453125 0.186856640625 0.21269814453125 0.180353515625 0.2071232421875 0.17292724609375 0.215364453125 0.16148349609375 0.2238427734375 0.149709765625 0.23127421875 0.14413486328125 0.25820478515625 0.13949345703125 0.29350029296875 0.15713603515625 0.30650146484375 0.158992578125 0.3222875 0.15620771484375 0.32693408203125 0.1617826171875 0.3297189453125 0.182215234375 0.34922333984375 0.182215234375 0.35293642578125 0.19335986328125 0.37336904296875 0.2072892578125 0.39008857421875 0.2026478515625 0.3965865234375 0.203576171875 0.39752001953125 0.21750556640625 0.40216142578125 0.22679365234375 0.410696484375 0.23455 0.412377734375 0.236081640625
0 0.0278763671875 0.240723046875 0.05016552734375 0.2221470703125 0.059453515625 0.21936220703125 0.06410009765625 0.23236337890625 0.07431640625 0.2351533203125 0.0820005859375 0.240465234375 0.0817427734375 0.240723046875 0.06595673828125 0.24536962890625 0.0668849609375 0.25465771484375 0.087317578125 0.27230029296875 0.08917421875 0.276946875 0.06502841796875 0.30759580078125 0.06552353515625 0.31449609375 0.0473806640625 0.315950390625 0.03809267578125 0.31409384765625 0.02880458984375 0.30666748046875 0.01858828125 0.30852412109375 0.01116201171875 0.32895673828125 0 0.3360861328125 0 0.242926953125 0.0278763671875 0.240723046875
0 0.2071232421875 0.17292724609375 0.21269814453125 0.180353515625 0.222914453125 0.186856640625 0.2219861328125 0.19335986328125 0.21733955078125 0.19335986328125 0.20898505859375 0.18592841796875 0.18112099609375 0.17107060546875 0.1699763671875 0.1747837890625 0.15232861328125 0.1747837890625 0.13343798828125 0.1728447265625 0.1291111328125 0.16735234375 0.11146337890625 0.147848046875 0.1122833984375 0.145506640625 0.11796650390625 0.1292771484375 0.12725458984375 0.11906083984375 0.12725458984375 0.1134859375 0.11889482421875 0.09583818359375 0.11889482421875 0.0716923828125 0.113319921875 0.0689076171875 0.11146337890625 0.06240439453125 0.115181640625 0.051259765625 0.1226080078125 0.04197177734375 0.14025576171875 0.040115234375 0.14484560546875 0.028645703125 0.14583056640625 0.0261857421875 0.15140029296875 0.0206109375 0.16440146484375 0.0131845703125 0.1699763671875 0.0131845703125 0.18204921875 0.0326837890625 0.21733955078125 0.051259765625 0.23220244140625 0.06983583984375 0.23313076171875 0.07912392578125 0.2303458984375 0.08376533203125 0.2154830078125 0.0846935546875 0.21269814453125 0.08748359375 0.21269814453125 0.092125 0.22569931640625 0.10326962890625 0.2284841796875 0.13113369140625 0.21269814453125 0.1292771484375 0.20619501953125 0.134846875 0.20433837890625 0.1404216796875 0.2108416015625 0.15620771484375 0.215364453125 0.16148349609375 0.2071232421875 0.17292724609375
0 0.113319921875 0.00389658203125 0.1291111328125 0.005753125 0.13282431640625 0.00946630859375 0.130039453125 0.02525751953125 0.14484560546875 0.028645703125 0.14025576171875 0.040115234375 0.1226080078125 0.04197177734375 0.115181640625 0.051259765625 0.11146337890625 0.06240439453125 0.113319921875 0.0689076171875 0.11889482421875 0.0716923828125 0.11889482421875 0.09583818359375 0.12725458984375 0.1134859375 0.12725458984375 0.11906083984375 0.11796650390625 0.1292771484375 0.1122833984375 0.145506640625 0.10496533203125 0.147848046875 0.0966056640625 0.13763173828125 0.082676171875 0.13949345703125 0.076173046875 0.11162939453125 0.07152646484375 0.1079162109375 0.05759697265625 0.105126171875 0.04846884765625 0.089675390625 0.04552412109375 0.0846935546875 0.0473806640625 0.0763390625 0.059453515625 0.06612275390625 0.0603818359375 0.05311640625 0.06502841796875 0.0475466796875 0.0622435546875 0.03361201171875 0.080814453125 0.02525751953125 0.0798861328125 0.01596943359375 0.082830859375 0.013272265625 0.09103076171875 0.005753125 0.09364736328125 0 0.11059384765625 0 0.113319921875 0.00389658203125
0 0.082830859375 0.013272265625 0.0798861328125 0.01596943359375 0.080814453125 0.02525751953125 0.0622435546875 0.03361201171875 0.06502841796875 0.0475466796875 0.0603818359375 0.05311640625 0.059453515625 0.06612275390625 0.0473806640625 0.0763390625 0.04552412109375 0.0846935546875 0.04846884765625 0.089675390625 0.0427392578125 0.09583818359375 0.01673173828125 0.0846935546875 0 0.07064150390625 0 0.02847861328125 0.000945703125 0.0280423828125 0.000945703125 0.01782607421875 0 0.0160703125 0 0 0.07745439453125 0 0.082830859375 0.013272265625
0 0.94933984375 0.6308044921875 0.94395068359375 0.6308044921875 0.9277830078125 0.63619375 0.92326015625 0.64109306640625 0.9146064453125 0.63020625 0.90382802734375 0.6260134765625 0.9008369140625 0.6224189453125 0.900671875 0.61761767578125 0.8996404296875 0.58769072265625 0.9050296875 0.573916015625 0.9050296875 0.56733037109375 0.90802080078125 0.56253935546875 0.90861904296875 0.54697509765625 0.93137236328125 0.54278232421875 0.9451470703125 0.5361966796875 0.9511345703125 0.5361966796875 0.96310947265625 0.54158583984375 0.9720931640625 0.54338056640625 0.9816751953125 0.56613388671875 0.97987529296875 0.57870703125 0.9762859375 0.58828896484375 0.96670400390625 0.59307998046875 0.96430595703125 0.61463681640625 0.95723544921875 0.633316015625 0.94933984375 0.6308044921875
0 0.98646103515625 0.51882734375 0.98107177734375 0.51104521484375 0.9782095703125 0.4889314453125 0.98766259765625 0.46553857421875 0.99125205078125 0.46134580078125 0.9990234375 0.45695234375 0.9990234375 0.52720234375 0.98646103515625 0.51882734375
0 0.9963369140625 0.228789453125 0.994794921875 0.21800068359375 0.9990234375 0.21279892578125 0.9990234375 0.23625263671875 0.9963369140625 0.228789453125
0 0.99583671875 0.2713513671875 0.9963369140625 0.26133623046875 0.9990234375 0.25905224609375 0.9990234375 0.2761302734375 0.99583671875 0.2713513671875
0 0.99641943359375 0.29775595703125 0.9990234375 0.2969486328125 0.9990234375 0.30222734375 0.99641943359375 0.29775595703125
0 0.99641943359375 0.29775595703125 0.97180439453125 0.30539365234375 0.967797265625 0.30439326171875 0.9582875 0.29788486328125 0.94276455078125 0.282862109375 0.92524052734375 0.27635380859375 0.92373974609375 0.27485302734375 0.9222390625 0.2533271484375 0.908216796875 0.2302953125 0.90721630859375 0.2212806640625 0.9187322265625 0.20475712890625 0.9217388671875 0.18723828125 0.93375498046875 0.17572236328125 0.9352556640625 0.17522216796875 0.94326474609375 0.1812302734375 0.9632951171875 0.18723828125 0.96829755859375 0.19324638671875 0.97731220703125 0.1987490234375 0.98181962890625 0.20425693359375 0.9883279296875 0.20676328125 0.9943359375 0.214772265625 0.994794921875 0.21800068359375 0.9963369140625 0.228789453125 0.9990234375 0.23625263671875 0.9990234375 0.25905224609375 0.9963369140625 0.26133623046875 0.99583671875 0.2713513671875 0.9990234375 0.2761302734375 0.9990234375 0.2969486328125 0.99641943359375 0.29775595703125
0 0.9758115234375 0.01800654296875 0.97380537109375 0.022013671875 0.96629658203125 0.02902216796875 0.96479580078125 0.03953759765625 0.96980341796875 0.0475466796875 0.9783126953125 0.05506064453125 0.97700283203125 0.06118212890625 0.97681201171875 0.06206923828125 0.9723046875 0.06957802734375 0.96429560546875 0.07708681640625 0.9452708984375 0.08760224609375 0.9352556640625 0.0891029296875 0.9172314453125 0.0851009765625 0.9047150390625 0.0891029296875 0.89720625 0.088602734375 0.88519013671875 0.08209443359375 0.859651953125 0.063569921875 0.833118359375 0.0530544921875 0.82559931640625 0.04977451171875 0.82661005859375 0.0490525390625 0.82861103515625 0.04454521484375 0.83211796875 0.027521484375 0.84313359375 0.006490625 0.84177978515625 0 0.97612177734375 0 0.9758115234375 0.01800654296875
0 0.99027734375 0.0735490234375 0.97700283203125 0.06118212890625 0.9783126953125 0.05506064453125 0.96980341796875 0.0475466796875 0.96479580078125 0.03953759765625 0.96629658203125 0.02902216796875 0.97380537109375 0.022013671875 0.9758115234375 0.01800654296875 0.97612177734375 0 0.9990234375 0 0.9990234375 0.07537919921875 0.99027734375 0.0735490234375
0 0.7675607421875 0.22032138671875 0.77160400390625 0.23021279296875 0.77295517578125 0.2405529296875 0.77654970703125 0.2468498046875 0.777003515625 0.25943837890625 0.78284658203125 0.2580923828125 0.79004072265625 0.2504494140625 0.7985861328125 0.252244140625 0.8021806640625 0.25449267578125 0.80487783203125 0.26214072265625 0.81072607421875 0.26573525390625 0.8147744140625 0.2729294921875 0.82421201171875 0.274729296875 0.83050888671875 0.28372333984375 0.83545458984375 0.288215234375 0.83500595703125 0.2940634765625 0.8246658203125 0.314294921875 0.82421201171875 0.3201431640625 0.82601181640625 0.3313857421875 0.8233146484375 0.34217451171875 0.81252587890625 0.35431435546875 0.80757509765625 0.36465966796875 0.81027744140625 0.38129658203125 0.81612041015625 0.38983681640625 0.8147744140625 0.40018203125 0.8116234375 0.40737626953125 0.80892626953125 0.4100734375 0.79004072265625 0.42086220703125 0.7891640625 0.4216306640625 0.78646689453125 0.420625 0.7732955078125 0.419428515625 0.7673029296875 0.4248177734375 0.7607171875 0.426617578125 0.7618001953125 0.4307845703125 0.73608154296875 0.42041357421875 0.72934111328125 0.416365234375 0.71944453125 0.40557646484375 0.714498828125 0.402879296875 0.68392734375 0.3983822265625 0.66458798828125 0.39298271484375 0.658744921875 0.388939453125 0.6552638671875 0.38463330078125 0.66151435546875 0.385293359375 0.67169453125 0.356201953125 0.6833291015625 0.35111181640625 0.700780859375 0.32420693359375 0.703689453125 0.30239228515625 0.69952255859375 0.28988095703125 0.704607421875 0.28102099609375 0.70371015625 0.2715783203125 0.6992130859375 0.2580923828125 0.69201884765625 0.24999560546875 0.69381875 0.24595244140625 0.70505615234375 0.2320126953125 0.70704677734375 0.2289287109375 0.71397802734375 0.2306615234375 0.7237611328125 0.2306615234375 0.72993935546875 0.22706181640625 0.7392015625 0.21573671875 0.7561892578125 0.21779443359375 0.7613412109375 0.2198521484375 0.765456640625 0.21933642578125 0.76632822265625 0.21830498046875 0.7675607421875 0.22032138671875
0 0.5960650390625 0.31838974609375 0.61060810546875 0.33438720703125 0.61060810546875 0.34020439453125 0.60551806640625 0.3474759765625 0.60149033203125 0.34781123046875 0.57934033203125 0.34965751953125 0.57643173828125 0.35329326171875 0.57788603515625 0.37729462890625 0.58952060546875 0.3998365234375 0.58952060546875 0.41001669921875 0.585884765625 0.415833984375 0.57497744140625 0.42237841796875 0.5575255859375 0.42383271484375 0.54807255859375 0.41946982421875 0.54298251953125 0.41946982421875 0.5364380859375 0.42383271484375 0.53134794921875 0.43255859375 0.52771220703125 0.43474013671875 0.5117146484375 0.43692158203125 0.47607880859375 0.43546728515625 0.46371708984375 0.4441931640625 0.45789990234375 0.4456474609375 0.4339037109375 0.44055732421875 0.4186333984375 0.43983017578125 0.409907421875 0.43546728515625 0.409907421875 0.431104296875 0.42081484375 0.4165611328125 0.4200876953125 0.4121982421875 0.41924189453125 0.41032099609375 0.42259404296875 0.40696884765625 0.42352236328125 0.40046572265625 0.418880859375 0.39025458984375 0.41795263671875 0.37910478515625 0.4114494140625 0.371678515625 0.4049462890625 0.356815625 0.3919451171875 0.343814453125 0.38823193359375 0.33081328125 0.378015625 0.32523837890625 0.379872265625 0.3187404296875 0.38823193359375 0.3103806640625 0.3724408203125 0.30016435546875 0.3724408203125 0.29273291015625 0.36965595703125 0.2908763671875 0.358511328125 0.2908763671875 0.34922333984375 0.294589453125 0.34179189453125 0.29273291015625 0.3464384765625 0.27880341796875 0.37336904296875 0.26765888671875 0.37615908203125 0.262083984375 0.407736328125 0.2425796875 0.412377734375 0.236081640625 0.410696484375 0.23455 0.41499755859375 0.23403427734375 0.43317646484375 0.228944140625 0.44626533203125 0.22021826171875 0.4542640625 0.20349365234375 0.46226279296875 0.1962220703125 0.47244306640625 0.1962220703125 0.48844560546875 0.20785654296875 0.506624609375 0.215128125 0.51680478515625 0.22385400390625 0.5240763671875 0.2267626953125 0.537165234375 0.226035546875 0.56116142578125 0.2144009765625 0.57861318359375 0.21658251953125 0.581521875 0.21876396484375 0.58443046875 0.23330712890625 0.581521875 0.249309765625 0.585884765625 0.25367265625 0.59315634765625 0.255126953125 0.59805048828125 0.2639044921875 0.59024775390625 0.30748232421875 0.5953791015625 0.317100390625 0.5960650390625 0.31838974609375
0 0.69410234375 0.27361533203125 0.69952255859375 0.28988095703125 0.703689453125 0.30239228515625 0.700780859375 0.32420693359375 0.6833291015625 0.35111181640625 0.67169453125 0.356201953125 0.66151435546875 0.385293359375 0.6552638671875 0.38463330078125 0.64769833984375 0.3838390625 0.61570341796875 0.3707501953125 0.6018822265625 0.3583833984375 0.60149033203125 0.34781123046875 0.60551806640625 0.3474759765625 0.61060810546875 0.34020439453125 0.61060810546875 0.33438720703125 0.5960650390625 0.31838974609375 0.5953791015625 0.317100390625 0.6178642578125 0.31229912109375 0.62053046875 0.28963349609375 0.6365279296875 0.27630224609375 0.63919423828125 0.25897421875 0.649410546875 0.2526876953125 0.65652734375 0.24830927734375 0.67385537109375 0.25364169921875 0.67834208984375 0.2580666015625 0.69410234375 0.27361533203125
0 0.749500390625 0.04997568359375 0.75310009765625 0.04997568359375 0.75773642578125 0.05306484375 0.770603515625 0.04689169921875 0.776266015625 0.0571853515625 0.777844140625 0.06429189453125 0.77832373046875 0.066452734375 0.78347568359375 0.07828837890625 0.78347568359375 0.09476552734375 0.7855333984375 0.0968232421875 0.79428505859375 0.09888095703125 0.7963427734375 0.101454296875 0.79582705078125 0.10969033203125 0.79171171875 0.12462021484375 0.79428505859375 0.12719365234375 0.8045787109375 0.12976708984375 0.8071521484375 0.1323404296875 0.80663642578125 0.14006591796875 0.7989162109375 0.15550634765625 0.789648828125 0.165289453125 0.77575029296875 0.1719783203125 0.768030078125 0.194628515625 0.76854580078125 0.19977529296875 0.773692578125 0.20595361328125 0.773692578125 0.2095583984375 0.76632822265625 0.21830498046875 0.765456640625 0.21933642578125 0.7613412109375 0.2198521484375 0.7561892578125 0.21779443359375 0.7392015625 0.21573671875 0.72993935546875 0.22706181640625 0.7237611328125 0.2306615234375 0.71397802734375 0.2306615234375 0.70704677734375 0.2289287109375 0.7057419921875 0.22860380859375 0.69956376953125 0.22963525390625 0.69235927734375 0.23683974609375 0.682576171875 0.25279599609375 0.67834208984375 0.2580666015625 0.67385537109375 0.25364169921875 0.65652734375 0.24830927734375 0.649410546875 0.2526876953125 0.64294345703125 0.23529775390625 0.63521806640625 0.23478203125 0.623382421875 0.2440494140625 0.6069052734375 0.2337505859375 0.60175849609375 0.22860380859375 0.60021650390625 0.22603037109375 0.6007322265625 0.2203677734375 0.60484765625 0.21522099609375 0.61256787109375 0.21058466796875 0.61205732421875 0.205437890625 0.6089681640625 0.1992595703125 0.6033056640625 0.1992595703125 0.59764306640625 0.19617568359375 0.586828515625 0.1827876953125 0.586828515625 0.17506748046875 0.59198056640625 0.16992060546875 0.59198056640625 0.16734716796875 0.5852865234375 0.1585955078125 0.582775 0.15210263671875 0.58580224609375 0.149328125 0.58837568359375 0.1374873046875 0.5986693359375 0.13388759765625 0.6033056640625 0.1287408203125 0.6069052734375 0.1215310546875 0.60742099609375 0.1143265625 0.6094787109375 0.11020595703125 0.6172041015625 0.109174609375 0.61514130859375 0.0968232421875 0.6012427734375 0.07777783203125 0.600897265625 0.07622041015625 0.61256787109375 0.071599609375 0.62029326171875 0.066452734375 0.62955546875 0.05615390625 0.64294345703125 0.04946513671875 0.66044169921875 0.05100712890625 0.6707404296875 0.04431826171875 0.67897646484375 0.0438025390625 0.687728125 0.04843369140625 0.6918435546875 0.0546119140625 0.6959640625 0.0540962890625 0.70316865234375 0.04946513671875 0.70625771484375 0.04946513671875 0.7078048828125 0.052554296875 0.7026529296875 0.06387939453125 0.7078048828125 0.06542138671875 0.7263345703125 0.0546119140625 0.72993935546875 0.05512763671875 0.7335390625 0.06130078125 0.7371439453125 0.06284794921875 0.74241455078125 0.05735556640625 0.749500390625 0.04997568359375
0 0.407736328125 0.100484765625 0.4411701171875 0.09955654296875 0.45138642578125 0.10884453125 0.45925615234375 0.12518232421875 0.46345927734375 0.1339185546875 0.4820353515625 0.147848046875 0.47738876953125 0.16549580078125 0.4768884765625 0.16792998046875 0.47460390625 0.16735234375 0.4653158203125 0.15992607421875 0.45324296875 0.160854296875 0.459741015625 0.17107060546875 0.459741015625 0.180353515625 0.44952978515625 0.18964150390625 0.44302666015625 0.19150322265625 0.43652353515625 0.2007861328125 0.42723544921875 0.2007861328125 0.41609091796875 0.19335986328125 0.4049462890625 0.2007861328125 0.4003048828125 0.2007861328125 0.38823193359375 0.19150322265625 0.3705841796875 0.19056982421875 0.3594396484375 0.18500009765625 0.3501515625 0.175712109375 0.33529384765625 0.13763173828125 0.34551015625 0.12370224609375 0.36129619140625 0.1134859375 0.37708740234375 0.08655537109375 0.3835853515625 0.08283701171875 0.39958798828125 0.09449736328125 0.407736328125 0.100484765625
0 0.59712734375 0.05924306640625 0.600897265625 0.07622041015625 0.6012427734375 0.07777783203125 0.61514130859375 0.0968232421875 0.6172041015625 0.109174609375 0.6094787109375 0.11020595703125 0.60742099609375 0.1143265625 0.6069052734375 0.1215310546875 0.6033056640625 0.1287408203125 0.5986693359375 0.13388759765625 0.58837568359375 0.1374873046875 0.58580224609375 0.149328125 0.582775 0.15210263671875 0.5796240234375 0.154990625 0.55903154296875 0.15550634765625 0.55131123046875 0.15241728515625 0.5471958984375 0.1477861328125 0.53741279296875 0.14881240234375 0.52814541015625 0.14623896484375 0.52505625 0.1369767578125 0.5060109375 0.12307822265625 0.50299912109375 0.11999423828125 0.50939912109375 0.11323837890625 0.5136125 0.08748359375 0.51175078125 0.0800521484375 0.51825400390625 0.07076416015625 0.5340451171875 0.05961953125 0.55075947265625 0.0559064453125 0.55726259765625 0.051259765625 0.55757724609375 0.0509658203125 0.5600474609375 0.0559064453125 0.56220830078125 0.05749482421875 0.57490517578125 0.04940322265625 0.5767669921875 0.054978125 0.58233662109375 0.054978125 0.5932234375 0.05094521484375 0.59712734375 0.05924306640625
0 0.49689306640625 0.005753125 0.4996779296875 0.01039462890625 0.51268427734375 0.01782607421875 0.526613671875 0.0206109375 0.53775830078125 0.0391869140625 0.552616015625 0.04104345703125 0.55757724609375 0.0509658203125 0.55726259765625 0.051259765625 0.55075947265625 0.0559064453125 0.5340451171875 0.05961953125 0.51825400390625 0.07076416015625 0.51175078125 0.0800521484375 0.5136125 0.08748359375 0.50939912109375 0.11323837890625 0.50299912109375 0.11999423828125 0.49596474609375 0.1274154296875 0.47738876953125 0.12463056640625 0.45925615234375 0.12518232421875 0.45138642578125 0.10884453125 0.4411701171875 0.09955654296875 0.407736328125 0.100484765625 0.39958798828125 0.09449736328125 0.40401796875 0.0846935546875 0.38637021484375 0.06519443359375 0.3965865234375 0.0345455078125 0.39931728515625 0 0.49689306640625 0 0.49689306640625 0.005753125
0 0.84313359375 0.006490625 0.83211796875 0.027521484375 0.82861103515625 0.04454521484375 0.82661005859375 0.0490525390625 0.82559931640625 0.04977451171875 0.82310322265625 0.05155380859375 0.7895611328125 0.063569921875 0.777844140625 0.06429189453125 0.776266015625 0.0571853515625 0.770603515625 0.04689169921875 0.75773642578125 0.05306484375 0.75310009765625 0.04997568359375 0.749500390625 0.04997568359375 0.74241455078125 0.05735556640625 0.7409962890625 0.0560611328125 0.73298212890625 0.0425390625 0.73148134765625 0.03553046875 0.73448798828125 0.02652099609375 0.7339826171875 0.02351435546875 0.7299806640625 0.02301416015625 0.72196640625 0.0280216796875 0.719465234375 0.02702119140625 0.71846474609375 0.01400458984375 0.72397255859375 0.0019884765625 0.72397255859375 0 0.84177978515625 0 0.84313359375 0.006490625
0 0.6956443359375 0.01039462890625 0.69285947265625 0.01689775390625 0.69378779296875 0.03082724609375 0.662210546875 0.02989892578125 0.64456279296875 0.0391869140625 0.6213453125 0.03640205078125 0.61205732421875 0.040115234375 0.60741591796875 0.04569013671875 0.5932234375 0.05094521484375 0.58233662109375 0.054978125 0.5767669921875 0.054978125 0.57490517578125 0.04940322265625 0.56220830078125 0.05749482421875 0.5600474609375 0.0559064453125 0.55757724609375 0.0509658203125 0.552616015625 0.04104345703125 0.53775830078125 0.0391869140625 0.526613671875 0.0206109375 0.51268427734375 0.01782607421875 0.4996779296875 0.01039462890625 0.49689306640625 0.005753125 0.49689306640625 0 0.7044822265625 0 0.6956443359375 0.01039462890625