1 0 0.372872 0.014752000000000001 0.381972 0.10662 0.42756800000000006 0.240964 0.45450799999999997 0.4063 0.253764 0.265088 0.05606 0 0.13373200000000002 0 0.372872
1 0 0.5659919999999999 0.050876 0.736496 0.21124800000000002 0.8022360000000001 0.283336 0.7136 0.08444399999999999 0.6284639999999999 0.182364 0.466756 0.022276 0.406592 0 0.392232 0 0.5659919999999999
1 0.346904 0.48587600000000003 0.26072799999999996 0.48672000000000004 0.200792 0.46678800000000004 0.107372 0.62004 0.30756 0.70478 0.25962399999999997 0.770444 0.3084 0.790952 0.327188 0.7597039999999999 0.361488 0.742132 0.388264 0.69994 0.40856000000000003 0.659732 0.470816 0.552848 0.471384 0.513 0.42080799999999996 0.495872 0.346904 0.48587600000000003
1 0.162316 1 0.295228 0.8034840000000001 0.249944 0.780488 0.218776 0.826856 0.187032 0.8620639999999999 0.11613599999999999 0.954588 0.132628 1 0.162316 1
1 0.379732 1 0.29755600000000004 0.950132 0.276428 0.9551719999999999 0.23942000000000002 0.926816 0.18868400000000002 1 0.379732 1
1 0.5538000000000001 1 0.6416120000000001 0.9724640000000001 0.509928 0.907872 0.498532 0.9864560000000001 0.48651600000000006 1 0.5538000000000001 1
1 0.197572 0.8177519999999999 0.056316 0.75892 0.112496 0.92878 0.197572 0.8177519999999999
1 0.408352 0.27438799999999997 0.25928399999999996 0.458824 0.368968 0.460712 0.42579200000000006 0.38241200000000003 0.408352 0.27438799999999997
1 0.42527600000000004 0 0.28299599999999997 0.0435 0.39902000000000004 0.202148 0.574268 0 0.42527600000000004 0
1 0.64544 0 0.757092 0.075668 0.625908 0.23054800000000003 0.732468 0.30565600000000004 0.832264 0.154704 0.8319319999999999 0.11654800000000001 0.8789720000000001 0.052576 0.863332 0 0.64544 0
1 0.5955079999999999 0 0.415832 0.215428 0.43834799999999996 0.326148 0.452428 0.362932 0.46054000000000006 0.44972 0.467348 0.485896 0.5707 0.51806 0.725272 0.31919200000000003 0.607476 0.230512 0.735564 0.079416 0.612432 0 0.5955079999999999 0
1 0.50004 0.5325759999999999 0.426988 0.659764 0.445388 0.678228 0.5954360000000001 0.557256 0.50004 0.5325759999999999
1 0.625776 0.526724 0.75038 0.42912 0.92136 0.191228 0.8897 0.069132 0.846368 0.12205600000000001 0.8484959999999999 0.156828 0.8144199999999999 0.21684 0.786564 0.25085999999999997 0.7252080000000001 0.356052 0.703864 0.36966 0.5964 0.5187039999999999 0.625776 0.526724
1 1 0.554564 0.97552 0.5444880000000001 0.892028 0.660696 0.873092 0.663652 0.83246 0.711496 0.730836 0.661804 0.77916 0.5464279999999999 0.638056 0.5668960000000001 0.556536 0.638576 0.560144 0.682816 0.6018 0.731008 0.6363719999999999 0.8394600000000001 0.68214 0.928904 0.7228519999999999 0.946212 1 0.8634639999999999 1 0.554564
1 1 0.443812 0.93058 0.216748 0.8549680000000001 0.32629600000000003 0.8958320000000001 0.371896 0.8629 0.40321999999999997 0.8374119999999999 0.394008 0.805528 0.45193199999999994 0.8576599999999999 0.49267200000000005 0.9390040000000001 0.462132 0.9327840000000001 0.488124 0.948768 0.517244 1 0.529828 1 0.443812
1 0.370792 0.832808 0.35661200000000004 0.8513120000000001 0.46698399999999995 0.911084 0.485448 0.892688 0.370792 0.832808