1 0 0.32551302656250003 0.0663866734375 0.3661217328125 0.184699425 0.3950126671875 0.19337589375 0.3955748484375 0.41022086875 0.2018020484375 0.41024218437500004 0.2016755171875 0.3343915171875 0.0244140671875 0.25079981562500003 0.018997846875 0.040851103124999996 0.07060539375 0.0323250046875 0.1017809390625 0 0.29365983125 0 0.32551302656250003
1 0 0.7041047984375 0.10931149375 0.75298294375 0.15943294218749998 0.7562305015625 0.22460535468749998 0.6830511234375 0.224823178125 0.6817581421875001 0.0348063921875 0.5930574828124999 0.1442665984375 0.43216868750000004 0 0.3729734140625 0 0.7041047984375
1 0.0792070984375 0.5401868875 0.2461957671875 0.668264646875 0.1815590078125 0.7216736515625 0.22181432656250002 0.752384275 0.2226014359375 0.7524352750000001 0.2492001609375 0.7264195828125 0.28701503281249996 0.7169740109375 0.3247008921875 0.6817478171875 0.35562578125 0.6469995453124999 0.44186485312499996 0.5604211625 0.4499237765625 0.5125839703125 0.414321590625 0.48948356249999997 0.3465689421875 0.46302343749999997 0.26398100156250004 0.44439635156249996 0.21746585624999998 0.41459937656249995 0.20961186875 0.41409048750000005 0.0792070984375 0.5401868875
1 0.0123986234375 0.9146176031250001 0.02034409375 0.953887965625 0.0348653125 0.95482885 0.0506951796875 0.9549213968749999 0.21513263125 0.7578044421875 0.215175146875 0.757552075 0.1906745125 0.7443380109375 0.16737118906249998 0.7428281015625 0.13499882968750002 0.7818253203125 0.09752067343750001 0.817330221875 0.0134360015625 0.908459796875 0.0123986234375 0.9146176031250001
1 0.0776354171875 0.95609099375 0.1281664828125 0.9608741843749999 0.257526415625 0.9692559031249999 0.257761984375 0.96785758125 0.1931638609375 0.9164372468750001 0.1715113828125 0.9195005765625 0.140052553125 0.8877564781249999 0.07767496874999999 0.9558073328125 0.0776354171875 0.95609099375
1 0.5256145796875 0.9709607265625 0.41031507187500005 0.8884087703124999 0.3851057390625 0.96508143125 0.3712240421875 0.9766228 0.424661278125 0.9800852000000001 0.49427442031249996 0.9772486828125 0.52540601875 0.97219871875 0.5256145796875 0.9709607265625
1 0 0.8270144515625001 0.009479921875 0.8837683078125 0.01276008125 0.883980840625 0.11136781093749999 0.780979596875 0.11142616093749999 0.7806332390625 0 0.7233674234375 0 0.8270144515625001
1 0.4116327828125 0.24248773437499999 0.40157746875000006 0.24183621249999998 0.24398554374999998 0.42725138124999995 0.25155873125 0.4277420765625 0.3537878828125 0.420059678125 0.41474508125 0.34166188750000004 0.41759914531250003 0.32472036875 0.4116327828125 0.24248773437499999
1 0.3528502328125 0 0.4174379390625 0.16240473125 0.41897900625 0.16250458437499998 0.6318981 0 0.3528502328125 0
1 0.68336655625 0 0.7882117937500001 0.08143745 0.653802096875 0.2303989234375 0.7402054375 0.3000626890625 0.7632501375 0.3015558421875 0.8590427187499999 0.165649225 0.8601245546875 0.12706831406250002 0.9033200703125001 0.0719121546875 0.9061492578125 0.055118301562500006 0.8976772093750001 0.020963775 0.790327078125 0.004925028125 0.7065484796875 0 0.68336655625 0
1 0.40990997656249994 0.350824309375 0.39280605468749996 0.45235196093749996 0.45737443125 0.49156181718749997 0.4930060390625 0.4938705234375 0.689106453125 0.3429477296875 0.60483865625 0.23083098125 0.773456209375 0.11107995781249999 0.7737659921875 0.109241109375 0.6823665171875 0.0060513390625 0.6662355640625 0.0024259703125000002 0.4412717046875 0.1646633703125 0.41493858125000005 0.32097487343750003 0.4152330125 0.32735430781249997 0.40990997656249994 0.350824309375
1 0.547743875 0.54322016875 0.5478325484375001 0.54269380625 0.45817864999999997 0.5143241296875 0.371286325 0.6253215921875 0.36769737343750003 0.6466253531249999 0.3741268203125 0.6549743234375 0.37908608906249996 0.6552956515624999 0.547743875 0.54322016875
1 0.719685246875 0.36152172031249996 0.6974880796875 0.3737366765625 0.578612396875 0.5163173234375 0.5908781390625 0.52072121875 0.6130639640625 0.522158721875 0.73798851875 0.4368417375 0.9210763421875001 0.21658507343750003 0.9247966515625 0.19450157968749998 0.90683919375 0.0840931921875 0.85953968125 0.13436198125 0.8585601765625 0.1695198171875 0.819738834375 0.22756949375 0.7893325109375 0.259882575 0.719685246875 0.36152172031249996
1 0.745643990625 0.544553590625 0.63819645625 0.5375916609375 0.611597653125 0.5390875281249999 0.5127038109375001 0.603263559375 0.5122760078125 0.6055635359375 0.5050261109374999 0.6485984031250001 0.532426965625 0.6991002843749999 0.5374181609375001 0.8099346703125001 0.558429925 0.9028444500000001 0.5929324328125001 0.9231500234375 0.5951890890625 0.9232962421875 0.88707306875 0.8654304078124999 0.920654984375 0.73995946875 0.9390497921875 0.6378275796875 0.9525052578125001 0.5579569109375 0.9367724578125 0.5569375234375 0.8353109953125 0.65443875 0.8159834046875 0.65573058125 0.763467490625 0.6997645718750001 0.67718671875 0.641519146875 0.745643990625 0.544553590625
1 0.9165800078125 0.219892903125 0.850167640625 0.33376197812499997 0.8935486156250001 0.37284244375000003 0.8621607046875001 0.4089174 0.8361120015625 0.40362969375 0.8071712515625 0.465949509375 0.8615993218750001 0.498501096875 0.9415871125 0.4558798421875 0.9367123375 0.482620803125 0.9534930749999999 0.5079309125 0.9593091140625001 0.50830775625 0.9681951546875001 0.455560853125 0.9745363687499999 0.35660759375 0.92280703125 0.220296375 0.9165800078125 0.219892903125
1 0.37019050781249996 0.8932553078125001 0.2960004890625 0.7960133515625001 0.274897234375 0.8080414328125001 0.33829105 0.8940298078125 0.36772394531249997 0.895936875 0.36989038750000003 0.8950368 0.37019050781249996 0.8932553078125001