4 0.02010893125 0.22382081406249998 0.0181381453125 0.2138965921875 0.013205721875000001 0.20136360625 0.01291669375 0.20140633437500002 0.0053068484375 0.219187953125 0.009267940625 0.22574405625 0.0121296703125 0.2179277515625 0.018996521875 0.224388465625 0.019737196874999998 0.22427896718749998 0.02010893125 0.22382081406249998
4 0.3543894234375 0.3796501390625 0.3587496796875 0.3906811203125 0.360784959375 0.39038023125 0.3585034078125 0.3788910921875 0.351711903125 0.358711878125 0.34530925625000003 0.352171421875 0.344133084375 0.35524710000000004 0.3476023015625 0.372716928125 0.3543894234375 0.3796501390625
4 0.513936859375 0.748498209375 0.51695361875 0.747847659375 0.5142433343749999 0.7341995765625 0.5095697375 0.724930984375 0.50905980625 0.7250063718749999 0.506659228125 0.7535195031249999 0.5096367453124999 0.7600220953125 0.5123801343750001 0.7596165218750001 0.513936859375 0.748498209375
4 0.587911965625 0.76596284375 0.59259698125 0.765270228125 0.59222973125 0.7535712140624999 0.5865846078125 0.725144246875 0.5860732375000001 0.724463934375 0.5740540281250001 0.7494512453125 0.5742968312500001 0.7506739203125 0.57854225 0.751778753125 0.5838893609375 0.7455588734374999 0.587911965625 0.76596284375
4 0.6159606859375 0.7531910515625 0.62274405 0.7687737015625 0.626681815625 0.76819155625 0.620448321875 0.7368017515624999 0.615390596875 0.7292374234375 0.6070231671874999 0.7455993578125 0.6034864234375 0.7605231828125001 0.6083883671875 0.7620792765625 0.6159606859375 0.7531910515625
4 0.4339927796875 0.47306644999999997 0.429935584375 0.48047764062500004 0.43026377812499994 0.486062221875 0.4322445078125 0.4960365234375 0.43479263437500004 0.4956598171875 0.43435419062499997 0.47488639531250004 0.4339927796875 0.47306644999999997
4 0.4063143421875 0.5084428390625 0.40407980468750004 0.5043643109375 0.4032853296875 0.5205896 0.40463881874999996 0.5255906734375 0.409452003125 0.5248791078124999 0.4094599828125 0.5242832468749999 0.4063143421875 0.5084428390625
4 0.2291884390625 0.1963671546875 0.22552925 0.19301577812499998 0.2235484703125 0.2089592890625 0.23435707187500002 0.22439154687500001 0.2347423078125 0.2243345953125 0.2291884390625 0.1963671546875
4 0.25481601875000004 0.11882672812499999 0.2611721125 0.1201273 0.2628983203125 0.119872103125 0.2609431484375 0.110026509375 0.2567088125 0.101512815625 0.24621916562499999 0.0896432421875 0.243639046875 0.0978412515625 0.247937475 0.11243299843750001 0.25481601875000004 0.11882672812499999
4 0.03124980625 0.2528261890625 0.0331120671875 0.233696175 0.0315603765625 0.22588236718750002 0.027086426562499998 0.228582009375 0.017493737500000002 0.2251037625 0.014341378125000002 0.232481659375 0.013753048437500002 0.250527446875 0.016417590625 0.2550189328125 0.03124980625 0.2528261890625
4 0.13048984531250002 0.1600736703125 0.125539946875 0.135147625 0.123088053125 0.132051146875 0.12310736093750001 0.15606330625 0.12356185 0.1583519625 0.1308123671875 0.17124052343750001 0.1323171015625 0.17101806875 0.13048984531250002 0.1600736703125
4 0.17157229375 0.1524782015625 0.1678954 0.133962584375 0.16545561250000002 0.12850914062500002 0.1592161671875 0.125413396875 0.1674357234375 0.1500192546875 0.17139417968749998 0.152504534375 0.17157229375 0.1524782015625
4 0.18231720625 0.107933396875 0.18477234843749998 0.1139092890625 0.18749476874999998 0.11350681562500001 0.18488139374999998 0.100346728125 0.1816456828125 0.0883176296875 0.1768918171875 0.083782721875 0.1737062 0.1033916234375 0.176531496875 0.1079230953125 0.18231720625 0.107933396875
4 0.3330017390625 0.4570027484375 0.33036464374999996 0.4437232125 0.330055696875 0.44327074375000003 0.3272609296875 0.44718290156249996 0.32833548281249997 0.4674355078125 0.3309701265625 0.4696149421875 0.33257483906249996 0.46937770624999997 0.3330017390625 0.4570027484375