4 0.0615234375 0.13732135625 0.0654296875 0.14627709687499998 0.068359375 0.14478447187500001 0.0693359375 0.12239512187499998 0.0546875 0.13582873125 0.0556640625 0.1432918484375 0.0615234375 0.13732135625
4 0.365234375 0.335840271875 0.37109375 0.34479601249999997 0.373046875 0.3567369984375 0.376953125 0.359722246875 0.373046875 0.32389928281249997 0.3681640625 0.316436165625 0.365234375 0.3209140375 0.365234375 0.335840271875
4 0.4453125 0.732878103125 0.4453125 0.74183384375 0.447265625 0.74183384375 0.4541015625 0.7313854796875 0.4609375 0.732878103125 0.4599609375 0.7075035046875 0.4453125 0.732878103125
4 0.5205078125 0.7433264671875001 0.5263671875 0.737355971875 0.529296875 0.7627305718749999 0.533203125 0.7627305718749999 0.53515625 0.7239223625 0.5302734375 0.7164592453124999 0.515625 0.74183384375 0.5205078125 0.7433264671875001
4 0.544921875 0.756760078125 0.5498046875 0.7582527015625 0.5576171875 0.7492969609375 0.564453125 0.76571581875 0.568359375 0.76571581875 0.564453125 0.73586335 0.5576171875 0.7254149859375 0.548828125 0.74183384375 0.544921875 0.756760078125
4 0.4296875 0.4731616265625 0.4306640625 0.44778702812500004 0.42578125 0.4552501453125 0.42578125 0.4731616265625 0.4296875 0.4731616265625
4 0.390625 0.5000288484375 0.39453125 0.5000288484375 0.3984375 0.4851026140625 0.3955078125 0.47465425000000006 0.390625 0.4910731078125 0.390625 0.5000288484375
4 0.28515625 0.1776221875 0.28125 0.14776971875 0.2763671875 0.1432918484375 0.2734375 0.15971070625 0.28515625 0.1776221875
4 0.318359375 0.0671680546875 0.3232421875 0.074631171875 0.333984375 0.0791090421875 0.330078125 0.058212314062500006 0.3232421875 0.044778703125 0.318359375 0.05224181875 0.318359375 0.0671680546875
4 0.060546875 0.1537402140625 0.060546875 0.17165169375 0.0634765625 0.1761295640625 0.078125 0.174636940625 0.080078125 0.14478447187500001 0.0732421875 0.1492623421875 0.0634765625 0.14627709687499998 0.060546875 0.1537402140625
4 0.1953125 0.1119467578125 0.193359375 0.07313854843749999 0.1904296875 0.0686606765625 0.1875 0.094035275 0.1953125 0.1119467578125
4 0.236328125 0.10000576875 0.234375 0.0701533015625 0.2294921875 0.06567543125 0.228515625 0.0910500296875 0.236328125 0.10000576875
4 0.2509765625 0.053734443750000006 0.2568359375 0.053734443750000006 0.2607421875 0.062690184375 0.263671875 0.06119756093749999 0.255859375 0.0343303390625 0.2509765625 0.02985246875 0.248046875 0.0492565734375 0.2509765625 0.053734443750000006
4 0.328125 0.4283829234375 0.33203125 0.43136817031249997 0.333984375 0.40748619531249997 0.3310546875 0.40300832499999995 0.328125 0.40748619531249997 0.328125 0.4283829234375