1 1 0.499940725 0.9931692078125 0.47848654531249996 0.9385581265624999 0.4704151125 0.8543354578125 0.4855063390625 0.81046044375 0.4973586734375 0.739807334375 0.5530532953125 0.7398466671875 0.553213609375 0.8512361187499999 0.78655548125 0.8543490515625001 0.7859976984375 1 0.7084353296875 1 0.499940725
1 0.0211805046875 0.5990862359375 0.08379809218749999 0.53540986875 0.135475028125 0.4473149375 0.1439165796875 0.43292173125 0.143129121875 0.42971226093750003 0.095648371875 0.3306125640625 0.006201115625 0.3552616859375 0.009721909375 0.5569678031249999 0.0201032234375 0.5992792671875 0.0211805046875 0.5990862359375
1 0.712062884375 0.7921894984375 0.7981527093749999 0.776763709375 0.79285780625 0.7551831046874999 0.735569328125 0.5586075375 0.6418725875 0.6222757546875 0.6435939890625 0.629291734375 0.689738490625 0.7925863578125 0.712062884375 0.7921894984375
1 0.7536551125 0.9107354546875 0.761357478125 0.9715648031249999 0.766511703125 0.9706412562500001 0.798758796875 0.953432696875 0.7855118234375 0.8994415734375 0.7536551125 0.9107354546875
1 1 0.7865119484374999 0.9991597499999999 0.7830873125 0.9872702703125 0.75626935625 0.8467412781249999 0.798503846875 0.850950184375 0.817842015625 0.865536703125 0.8772927749999999 0.8657658734375 0.8772517109375 1 0.792370990625 1 0.7865119484374999
1 0.957557153125 0.29738779375 0.8486042156250001 0.2135809765625 0.7454185015625 0.20309740625 0.9047357312500001 0.4182479953125 0.918908284375 0.4157085234375 0.9819886 0.39696384375 0.957557153125 0.29738779375
1 0.33214445625 1 0.3821985046875 0.8298845921875 0.381433403125 0.8267662375 0.21024618125 0.9011786015625001 0.26430256875 1 0.33214445625 1
1 0.3598773140625 0.0718991609375 0.41240862968750003 0.0562121 0.409904903125 0.046007575 0.40601260312500004 0.037330821874999996 0.3592802125 0.0422970953125 0.3063046140625 0.0547737171875 0.306793 0.056764245312499996 0.325998546875 0.0779696421875 0.3598773140625 0.0718991609375
1 0.1000894265625 0.2671975640625 0.0765121953125 0.201423403125 0.0697095453125 0.20264232031249999 0.0047409374999999995 0.27160812968750003 0.0057449671875 0.32912896875 0.10567821718749999 0.289975984375 0.1000894265625 0.2671975640625
1 0.33157959843749996 0.7461597390625 0.3301311359375 0.740256196875 0.19732776875 0.4690856796875 0.027334898437499998 0.596731028125 0.029804303124999997 0.638818284375 0.0538910921875 0.7369896046875 0.141034015625 0.8864647921875 0.154506346875 0.8840507875 0.30886822812500003 0.7934865703125 0.33157959843749996 0.7461597390625
1 0.6295116109375 0.5234988140625 0.6991593968750001 0.47550737343750005 0.83315486875 0.42908598593749997 0.825591096875 0.3982580703125 0.784857159375 0.285301034375 0.716909284375 0.297476103125 0.6569540125 0.3308461984375 0.6063907171875 0.37425554375000003 0.57460881875 0.434004071875 0.5707802359375 0.5665608328125 0.5737916671875001 0.5660212359375 0.6295116109375 0.5234988140625
1 0.45913085468750003 1 0.47652209218749997 0.8650979812499999 0.496826271875 0.7518862828125 0.4784021390625 0.6760111203125 0.45273109062500005 0.6113844359375 0.43256200624999996 0.5255472984375 0.3891726 0.370859728125 0.4196101328125 0.2340846203125 0.498805315625 0.14727869843750002 0.7343953203125 0.078182878125 0.7343951 0.0781819828125 0.7002573390625 0.0366989328125 0.5916529734375 0.03100721875 0.5546142859375001 0.0378363984375 0.350919209375 0.1159158328125 0.2793595984375 0.1408075359375 0.21795724062500002 0.163416790625 0.17069205781250002 0.1931260890625 0.1368824421875 0.243301690625 0.1375450359375 0.3037241359375 0.15454698125 0.373019528125 0.1585376046875 0.386722490625 0.2174812875 0.45569329375 0.2538853125 0.5289962828125 0.32559630156249997 0.6318052546875 0.3905079453125 0.7148502062500001 0.387449378125 0.7962909671875 0.4113892828125 0.8951492562500001 0.3860695328125 1 0.45913085468750003 1