1 1 0.556548 0.9326359999999999 0.5253599999999999 0.8171039999999999 0.5216160000000001 0.731412 0.553684 0.76752 0.806592 0.9982 0.76326 1 0.75328 1 0.556548
1 0 0.482312 0.081848 0.43479599999999996 0.156244 0.363236 0.168992 0.350972 0.148724 0.24212799999999998 0 0.24497200000000002 0 0.482312
1 0.624096 0.7931079999999999 0.737028 0.7944880000000001 0.707296 0.55992 0.60378 0.62108 0.624096 0.7931079999999999
1 0.680844 0.9044840000000001 0.64516 0.917056 0.641172 0.9808160000000001 0.685724 0.9581160000000001 0.680844 0.9044840000000001
1 0.765576 0.830372 0.773688 0.910488 0.922932 0.8344440000000001 0.9116120000000001 0.799236 0.765576 0.830372
1 1 0.394596 0.92978 0.25678 0.84024 0.205456 0.8852800000000001 0.46216 0.977496 0.474832 1 0.4121 1 0.394596
1 0.22182400000000002 0.9456239999999999 0.28414 0.738624 0.11100000000000002 0.8305720000000001 0.172784 0.9445119999999999 0.22182400000000002 0.9456239999999999
1 0.41489200000000004 0 0.43031600000000003 0.030272 0.520912 0.025128 0.51746 0 0.41489200000000004 0
1 0 0.22008 0.159828 0.21656399999999998 0.159096 0.11999200000000002 0 0.198172 0 0.22008
1 0 0.608312 0.09938 0.79688 0.27145199999999997 0.702248 0.297884 0.653996 0.178444 0.37862399999999996 0 0.503592 0 0.608312
1 0.8524160000000001 0.462056 0.8053079999999999 0.29664 0.678056 0.352628 0.623324 0.39113600000000004 0.586364 0.44714400000000004 0.57184 0.57846 0.6350279999999999 0.539184 0.709488 0.497704 0.8524160000000001 0.462056
1 0.8104319999999999 0.042656 0.679196 0.038716 0.45865600000000006 0.071428 0.381836 0.080476 0.315596 0.089444 0.26142 0.108196 0.21517599999999998 0.14945999999999998 0.197364 0.218724 0.199328 0.292072 0.239432 0.370772 0.256248 0.448944 0.300144 0.5628879999999999 0.342472 0.656384 0.318372 0.734164 0.31631200000000004 0.834344 0.237696 0.9788439999999999 0.33273600000000003 0.953436 0.388148 0.818988 0.43743600000000005 0.7142120000000001 0.438968 0.637312 0.43045999999999995 0.569732 0.432856 0.48287599999999997 0.430248 0.324884 0.495604 0.199532 0.5959679999999999 0.13246 0.845548 0.115048 0.8104319999999999 0.042656