4 0.3703357859375 0.1611355390625 0.364941521875 0.15554540625 0.3667642578125 0.2401586515625 0.3467106921875 0.106068825 0.34147811093749997 0.1026390375 0.338476390625 0.10794910312499999 0.3656009546875 0.2669284828125 0.367361778125 0.39912966562499996 0.344341921875 0.2745219578125 0.339244153125 0.271021503125 0.3363602375 0.27382391250000004 0.3355067 0.28006488906250004 0.36783589375000003 0.45906497812499997 0.3685044359375 0.5256627484374999 0.38267208125 0.5896024296875 0.390877615625 0.5941591796875 0.41148328906250004 0.70809836875 0.4115728296875 0.708098890625 0.411572828125 0.652239234375 0.3915920046875 0.5379191015625 0.37474089843749997 0.45455049062499997 0.37273529375000003 0.355845384375 0.3846957671875 0.396559128125 0.40459655625 0.5275399734375 0.4115728296875 0.5687938578125 0.4115728296875 0.5086659453125 0.40165664687499997 0.4479469375 0.37194753281250004 0.2649245734375 0.3704732421875 0.1969761671875 0.376873415625 0.23286377187500001 0.384109575 0.23015914999999998 0.3703357859375 0.1611355390625
4 0.5168041484375 0.5739039125 0.631394971875 0.6083837203125 0.733869134375 0.63975150625 0.7973490375 0.6587679078125 0.805350525 0.6588144625 0.7830257640625 0.652198175 0.649204075 0.61173046875 0.5352428796875001 0.5770285703125 0.40010674531249996 0.53395134375 0.3996863140625 0.5370696421875001 0.5168041484375 0.5739039125
4 0.3756298546875 0.43105486875 0.3756298546875 0.432819934375 0.3866900109375 0.4328842875 0.4857226203125 0.428896540625 0.6049808062500001 0.4232003390625 0.7118530421875 0.417615596875 0.8054817484375001 0.41176252812499997 0.9007974531249999 0.40636689375 0.9882231562499999 0.3994109671875 0.9882231546875 0.3983020703125 0.9881055640625 0.3978448984375 0.8480583812500001 0.40691919375 0.721185346875 0.41527583281249997 0.6146371984375001 0.42094690312500005 0.48155997343749996 0.42698455781250005 0.3756298546875 0.43105486875
4 0.4888075109375 0.2783275828125 0.3678161640625 0.264589359375 0.3678161640625 0.2648668078125 0.368074275 0.2663253921875 0.4763444875 0.27928245937499996 0.59241335625 0.2928646390625 0.689832471875 0.30390959375 0.8029605765625 0.31647580625 0.893814859375 0.3258334734375 0.9815015468749999 0.334756865625 0.983534940625 0.33476869531250003 0.9835349421874999 0.33280896875 0.9196633921874999 0.32647269375 0.8369899984375 0.3176572390625 0.7257112968749999 0.305741878125 0.6158723671875 0.29338560937499997 0.4888075109375 0.2783275828125
4 0.3813262140625 0.175209384375 0.3811035625 0.17732021874999998 0.495064865625 0.198578509375 0.5965165531250001 0.21609316562499997 0.6936875812500001 0.23260851875 0.8046408703125 0.25044050625000003 0.9043985687499999 0.2659360625 0.9823820984375 0.27693480937500004 0.983534940625 0.2769415171875 0.983534940625 0.2749117359375 0.8709146515624999 0.2586453328125 0.77320915 0.24348194687500002 0.65476685625 0.2240741828125 0.526121496875 0.2013286015625 0.3813262140625 0.175209384375
4 0.5153595890625 0.1839767109375 0.6061200703125 0.20187922500000002 0.6760060625000001 0.215762109375 0.6872531015625001 0.21582754999999998 0.6678562578125 0.2122347859375 0.5605850171875 0.19060884843749998 0.4547285109375 0.1688194046875 0.37350239687500003 0.1519474375 0.3730658296875 0.1541493671875 0.5153595890625 0.1839767109375
4 0.3569357109375 0.0555845046875 0.35695725 0.058237665625000004 0.44049546875 0.07953609218749999 0.55117275625 0.10690409062499999 0.6938351609375 0.141970925 0.8351848374999999 0.17515313906250002 0.908360146875 0.1921076953125 0.9174562984374999 0.1921606203125 0.87079215 0.1812390578125 0.7454564968749999 0.152089725 0.6107158828125 0.11960900781249999 0.47828849062499995 0.0865702296875 0.35735221093749997 0.055596623437500006 0.3569357109375 0.0555845046875
4 0.1002399375 0.6302963640625 0.1843904125 0.6007069984375 0.2803028359375 0.5669476312499999 0.2803028359375 0.56665231875 0.26824316875 0.56658215 0.2230331515625 0.58357504375 0.12546452187499998 0.61810064375 0.001340053125 0.6619508749999999 0.0078047734375 0.6619884890625001 0.1002399375 0.6302963640625
4 0 0.304039728125 0.016431067187500002 0.30413533125000003 0.0711856828125 0.2938377875 0.213315790625 0.2647525984375 0.349063309375 0.23658326718749997 0.349063309375 0.236337625 0.34702054375 0.2339438765625 0.22348227187499997 0.2603744109375 0.0958170484375 0.2862215921875 0 0.30397056093749997 0 0.304039728125
4 0.10872841562499999 0.3502778296875 0.2125230140625 0.3028853671875 0.288116525 0.2686014984375 0.2881165265625 0.268206590625 0.280459215625 0.2681620375 0.20602162656249998 0.3024852125 0.11538171875 0.34434192812500003 0.0104239859375 0.39153445625 0.010958009375 0.3931886 0.012395690625 0.39319696406250004 0.10872841562499999 0.3502778296875
4 0.075967815625 0.2103446171875 0.0759678171875 0.21254532187500003 0.2120004234375 0.2200864984375 0.3269805953125 0.22623450625000002 0.3443750953125 0.22633571562500002 0.34437509374999997 0.223432228125 0.27164831093749997 0.221600240625 0.179518990625 0.21607832500000002 0.0800173359375 0.2094603984375 0.07612121250000001 0.209437728125 0.075967815625 0.2103446171875
4 0 0.118641659375 0.074554965625 0.13298315 0.17969424218750002 0.15046429375 0.2521595296875 0.16172040000000001 0.26667362968749997 0.16180485 0.23031791875000002 0.155994390625 0.1441808953125 0.14230400468749999 0.058962278125 0.12737788125 0 0.11706621718750002 0 0.118641659375
4 0.0807553375 0.1156993328125 0.002861425 0.12422963281249999 0.002883046875 0.1243233796875 0.023585309375 0.12444383437499999 0.07309207031250001 0.1192894984375 0.142183784375 0.1110229640625 0.2380979 0.10012576875000001 0.3350432390625 0.08759899531250001 0.4171546734375 0.0756873234375 0.5330074109375 0.05916744375000001 0.60691508125 0.0481201359375 0.60691508125 0.0479445140625 0.5955441734375 0.04721600625 0.5047189953125 0.0608393046875 0.3989311625 0.0759800265625 0.3048012828125 0.08886359375 0.1742281234375 0.10494642031250001 0.0807553375 0.1156993328125
4 0.40800210156250005 0.09803856250000001 0.4654923234375 0.1047035328125 0.4965744015625 0.10844112343750001 0.5134671125 0.1085394109375 0.49121170468750003 0.1059338859375 0.39809769687499996 0.09507237187499999 0.36954542031250004 0.091587828125 0.36951879375 0.092350215625 0.36951879375 0.0934535796875 0.40800210156250005 0.09803856250000001
4 0.0036982078125 0.2134132359375 0.0049862078125 0.2134207296875 0.037673896875 0.2030385796875 0.0940044578125 0.185402228125 0.14920684687500002 0.1674903875 0.1969404234375 0.1521206265625 0.23780635625 0.13862996562500002 0.32874771406250003 0.10916908437499999 0.32874771406250003 0.1074646359375 0.32779491250000004 0.10745909375 0.26759265 0.1274581546875 0.206700025 0.14658089218749998 0.154074309375 0.16422659687500002 0.10731652656249999 0.178875553125 0.0036982078125 0.21227233750000002 0.0036982078125 0.2134132359375
4 0.0376672234375 0.2394103453125 0.0771051703125 0.298236771875 0.0907453453125 0.2983161359375 0.0828000609375 0.2116221328125 0.09589974999999999 0.22564648593749997 0.09589974999999999 0.18049902499999998 0.027291921875000003 0.0115143265625 0.00631228125 0.0096795296875 0.00458530625 0.082612403125 0.0032910359375000003 0.1557119234375 0.014587231249999999 0.2941757984375 0.0171157 0.297887728125 0.01822019375 0.29789415468749997 0.0376672234375 0.2394103453125