4 0.3718171875 0.52340555625 0.36024296875 0.4411009265625 0.3645833328125 0.342078240625 0.3739872390625 0.38194444375000003 0.3855614578125 0.51183148125 0.40147578125 0.6610083328125 0.4137731765625 0.78060694375 0.42100703125 0.7883231484375 0.4224536453125 0.7780351859375 0.4137731765625 0.6905865734375001 0.3877315109375 0.4320986109375 0.36964687500000004 0.25077175937499996 0.37254062499999996 0.1826129625 0.37666458281250004 0.2181175921875 0.3841145828125 0.21476342656249997 0.3747106765625 0.1466050921875 0.36964687500000004 0.1414611109375 0.3660302078125 0.2263375 0.3545026046875 0.09333935156249999 0.3494622390625 0.09035231406250001 0.3461020828125 0.095952778125 0.3631364578125 0.25334351875 0.3563927078125 0.3860513890625 0.341271875 0.26284351875 0.3363716140625 0.2597736109375 0.33329140625 0.26284351875 0.33203125 0.269190740625 0.35300937499999996 0.44624490781250004 0.3493924484375 0.5131171296875 0.3595197921875 0.57613148125 0.3674768234375 0.5799898140625 0.41160312499999996 0.951646296875 0.4181135421875 0.95293194375 0.42028359374999996 0.94264398125 0.4021989578125 0.7831791671875 0.3862846359375 0.6520060187500001 0.3718171875 0.52340555625
4 0.8830994796875 0.5887083328125 0.9997395828125001 0.5888888890625 0.9997395828125001 0.5861111109375 0.90119609375 0.5863541671875 0.7982432296875 0.5857657406250001 0.6603106765625 0.584196296875 0.5427921875 0.5826273140625 0.40298385468750003 0.5789 0.40331484375000004 0.5820384265625 0.5243643234375 0.5847851859375 0.6424346359374999 0.5859620375000001 0.74814609375 0.58753148125 0.8830994796875 0.5887083328125
4 0.7319973953125001 0.38479583281249996 0.625503125 0.3817768515625 0.49259010468750003 0.37696805625 0.3828544265625 0.37223703750000003 0.3820143234375 0.3744773140625 0.4965528640625 0.3792046296875 0.6156903640625 0.38323055625 0.7224989578125001 0.3863615734375 0.8161609375 0.3881509265625 0.9114583328125001 0.39053148125 0.9993333328125 0.39072268593750004 0.9990815109375 0.3891574078125 0.8589549484375001 0.3867981484375 0.7319973953125001 0.38479583281249996
4 0.85034453125 0.29271203749999997 0.7375955734375 0.29455185156249997 0.6261950515625 0.29578194375 0.49718203125000004 0.29645277812500004 0.37439609375 0.29768287031249996 0.3750252609375 0.2993601859375 0.48497890625 0.2989129625 0.6027953125 0.2981300921875 0.7016153640625 0.2971236109375 0.8163221359374999 0.2956990734375 0.9083080734375001 0.29383194375 0.99964765625 0.29186805625 0.9993333328125 0.28974305624999996 0.9341033859375001 0.291308796875 0.85034453125 0.29271203749999997
4 0.7788596359375 0.2366254625 0.6596328125 0.2324361109375 0.5299614578125 0.22623148125 0.38395729218749997 0.2187333328125 0.38395729218749997 0.2208578703125 0.4989432296875 0.22745555624999997 0.6011598953124999 0.231928703125 0.6990364578125 0.2359546296875 0.81068828125 0.2395328703125 0.9110179687500001 0.24221666718749998 0.99939609375 0.2433351859375 0.9997395828125001 0.241203703125 0.8771239578125 0.23924074062499998 0.7788596359375 0.2366254625
4 0.8472937500000001 0.1594120375 0.7585421875 0.16908194375000002 0.6751333328125 0.1773574078125 0.56862109375 0.1861398140625 0.4634661453125 0.1943550921875 0.3827622390625 0.20050555625 0.38257083281250004 0.20284444375000002 0.5239783859375 0.1923421296875 0.6140549484375 0.1845143515625 0.6899700515625 0.1780259265625 0.7702427078125 0.17086666718750002 0.8905085937500001 0.1572523140625 0.9997395828125001 0.1453703703125 0.9997395828125001 0.1425925921875 0.9316807296875 0.1510449078125 0.8472937500000001 0.1594120375
4 0.9997395828125001 0.11435185156250001 0.9992703125 0.11249768593750001 0.8849763015625 0.1133925921875 0.75680859375 0.1145768515625 0.61877265625 0.114734259375 0.48286197968750005 0.1138009265625 0.3581401046875 0.1121611109375 0.35876406250000004 0.11483564843750001 0.4445997390625 0.11586990781249999 0.5581346359375 0.1164115734375 0.7044343750000001 0.1169046296875 0.8490455734375001 0.11586990781249999 0.9997395828125001 0.11435185156250001
4 0.35734947968749997 0.585133796875 0.35734947968749997 0.5774175921875 0.2326947921875 0.5984916671875 0.1320984375 0.6134259265625001 0.0008401046875 0.632840278125 0.0002098953125 0.6350805562499999 0.10563671875 0.6205199078125 0.1923723953125 0.6078254624999999 0.2992692703125 0.59214444375 0.35734947968749997 0.585133796875
4 0.29737890624999996 0.3860513890625 0.20560312500000003 0.40210555625 0.0905158859375 0.4222671296875 0.0006299484375 0.4375745375 0 0.440277778125 0.1327283859375 0.4185333328125 0.2478158859375 0.3976254625 0.2984291671875 0.3894115734375 0.3437919265625 0.380077778125 0.3427419265625 0.3767175921875 0.29737890624999996 0.3860513890625
4 0 0.2958333328125 0.0772848953125 0.281884721875 0.22080234375000002 0.2536486109375 0.3580729171875 0.22625462968750001 0.35597265624999996 0.223641203125 0.231175 0.2493328703125 0.10227656249999999 0.2744175921875 0 0.2925925921875 0 0.2958333328125
4 0 0.3449074078125 0.10668671874999999 0.331541203125 0.2205140625 0.31623379687500003 0.3337114578125 0.3012990734375 0.33329140625 0.29756574062499996 0.2144236984375 0.31399351875 0.11487734375 0.32780787031249997 0 0.3425925921875 0 0.3449074078125
4 0.28049973906250003 0.2073523140625 0.1879619796875 0.2120671296875 0.08403125 0.2166856484375 0.08403125 0.2200268515625 0.2209341140625 0.21244027812500002 0.3549184890625 0.20475370312500002 0.3554552078125 0.2009356484375 0.28049973906250003 0.2073523140625
4 0.3473479171875 0.1224504625 0.3463122390625 0.12059444374999999 0.2379453125 0.12656805625 0.15188541718749998 0.1313884265625 0.06657421875 0.13478194375000002 0.0003145828125 0.13743518593749998 0 0.13888888906250002 0.08253515624999999 0.137022221875 0.1876744796875 0.13190555625 0.2709174484375 0.1269416671875 0.3473479171875 0.1224504625
4 0.83671875 0 0.7512802078124999 0.00879351875 0.6117609374999999 0.021984259375000002 0.5141411453125 0.030519443750000003 0.4054643234375 0.0393129625 0.3088630203125 0.0465550921875 0.1751630203125 0.05483148125 0.0795799484375 0.0600041671875 0 0.0638888890625 0.0001455734375 0.0662115734375 0.0712872390625 0.06310787031250001 0.1419924484375 0.058969443749999996 0.24004895781250002 0.053796759375 0.33941458281250003 0.047072221875 0.42379531249999997 0.0400888890625 0.5428015625 0.030519443750000003 0.6290734375 0.02301898125 0.8416666671874999 0 0.83671875 0
4 0.5847424484375 0.10478194375000001 0.6089598953124999 0.10276898125 0.6458041671875 0.099834259375 0.6872671875 0.0954375 0.7307669265625 0.0915578703125 0.7661533859375 0.0880078703125 0.8379888015624999 0.0804365734375 0.8746507812500001 0.0752638890625 0.9222242187499999 0.0706083328125 0.9546723953124999 0.0667606484375 0.9993333328125 0.0609458328125 0.9997395828125001 0.058796296875 0.96194140625 0.063625 0.9313895828125001 0.0669875 0.8977828125 0.0708671296875 0.8440895828125001 0.0771606484375 0.8081093750000001 0.081409721875 0.7763434890625 0.08454120312499999 0.7244489578125 0.09013240781250001 0.6821752609375 0.0938856484375 0.6422354171875 0.0977365734375 0.5519072921875 0.1057879625 0.501459375 0.109590278125 0.40837395781249997 0.1166458328125 0.3789861984375 0.118715278125 0.3794283859375 0.12054907343750002 0.41855807343749996 0.11768055625 0.47602421875 0.11328379687500001 0.5349234375 0.10903101875000001 0.5847424484375 0.10478194375000001
4 0.21128984375 0.1369879625 0.25356015625 0.13005462968749998 0.3482286453125 0.1150699078125 0.3479140625 0.11316851875 0.2845713546875 0.12368055625 0.22173333281250002 0.1330458328125 0.16725807343750002 0.14224351875000002 0.11901171875000001 0.1494004625 0 0.16805555625 0.0005661453125 0.16941759218750002 0.0467994796875 0.1623726859375 0.1049216140625 0.1537620375 0.16197421875 0.144703703125 0.21128984375 0.1369879625
4 0.0152872390625 0 0 0.00105885625 0 0.07861339687499999 0.0007536453125 0.207403240625 0.012590885937499999 0.28736944375 0.0182559890625 0.2944824078125 0.0365119796875 0.2305268515625 0.07769505156249999 0.28316111093749996 0.09071588593749999 0.28105648125 0.0806450515625 0.193772221875 0.1037466140625 0.213933796875 0.1106770828125 0.1986259265625 0.0197351578125 0 0.0152872390625 0