4 0.5802479703125 0.3436665234375 0.4642267828125 0.9684747 0.46660650312499996 0.9685023906250001 0.5813019140625 0.3507012953125 0.58138740625 0.3433539671875 0.5802479703125 0.3436665234375
4 0.4835122375 0.6131225109375 0.48532661718750003 0.6182901484375 0.5243613578125 0.7815061359375 0.5246802203125001 0.7815098468749999 0.5247817359375 0.7727856375 0.48831303437500007 0.6194699796875 0.48671883125 0.6097728953125 0.4147826015625 0.308038121875 0.41143444531249995 0.30780399687500004 0.4835122375 0.6131225109375
4 0.44406464687499997 0.5634619796875 0.44642700625 0.5700517671875 0.5329081859375 0.8723119296874999 0.5330070453125 0.8723130796874999 0.5331247015625 0.8622016 0.44908515624999995 0.56784021875 0.4476304125 0.5610167484375 0.37729276875 0.31562790625 0.3739696171875 0.3183138859375 0.44406464687499997 0.5634619796875
4 0.44373738749999997 0.5048886265625 0.452332146875 0.2790157875 0.45271016406250003 0.2465290546875 0.45053197031250003 0.24579241875000002 0.4483231609375 0.245766715625 0.4375967125 0.50803538125 0.4385280171875 0.5141195734374999 0.41985356406249996 0.9757778828125 0.4233875078125 0.9758190046875 0.44197430000000004 0.5105528171875 0.44373738749999997 0.5048886265625
4 0.6893906203125 0.3352803484375 0.6859215859375001 0.33758960312499997 0.6176796 0.7188481484375 0.6174110484375 0.7419274046875 0.6175255765625 0.7419287375 0.6893240546875 0.341000990625 0.6893906203125 0.3352803484375
4 0.74664333125 0.6095971171875 0.74848248125 0.6136989234375 0.8109193234375001 0.8911859062499999 0.811162040625 0.8911887296875 0.811288796875 0.8802952640624999 0.7516347375 0.6177286671875 0.7504391109374999 0.6098402515625 0.6758594890625 0.281825490625 0.6731976015625001 0.2836068359375 0.74664333125 0.6095971171875
4 0.7039272328124999 0.29780730625 0.7000899328125 0.2993333109375 0.745941453125 0.57011301875 0.74810395625 0.5769716734375 0.7611106046875 0.653358075 0.79105780625 0.829016771875 0.8147668093749999 0.9678618953125 0.8175702046875 0.9678945156250001 0.8177956484375001 0.964919340625 0.8060391031249999 0.8962696359375 0.774609315625 0.71421890625 0.752625040625 0.5849435390625 0.7509050109375 0.5708023671875 0.7039272328124999 0.29780730625
4 0.8237532671875 0.594329325 0.8961926890624999 0.1693436109375 0.8963228750000001 0.158155546875 0.8936668062500001 0.15797397500000002 0.7965639421875 0.7415604796874999 0.7583396328124999 0.9703331109375 0.7610005234375 0.9703640734375 0.7860618234375 0.8194501421875 0.8237532671875 0.594329325
4 0.769580621875 0.23058555625000002 0.8276128609375 0.5103565890625 0.8309148499999999 0.518725921875 0.8619671203125 0.667079175 0.8677925500000001 0.6946409546875 0.90645001875 0.876640315625 0.9096765343750001 0.892165128125 0.9098786953125 0.8747914218749999 0.8951159499999999 0.8052225453125 0.8503887765625 0.593783078125 0.8329480312499999 0.5106635046875 0.8317979484375 0.5004057359375 0.7755236671875 0.230097284375 0.769580621875 0.23058555625000002
4 0.7618746859375001 0 0.7948642890625 0.14139090468749999 0.7950214124999999 0.12788778125 0.7643233546875 0 0.7618746859375001 0
4 0.7166029968750001 0 0.7526433078125 0.1930073140625 0.7536020859375 0.1930184703125 0.7537110890625 0.18365070781249998 0.7199435000000001 0 0.7166029968750001 0
4 0.5725581359375 0 0.5724186687499999 0.00401956875 0.5732826515625 0.006595753125000001 0.574371478125 0.009694796875 0.558669221875 0.0680828140625 0.55653514375 0.07056116875 0.5569060546875 0.074362584375 0.553019959375 0.0831725265625 0.5522218734375001 0.08844548437500001 0.5541906078125 0.0926581359375 0.5528010937500001 0.09423271718750001 0.55027483125 0.0970945265625 0.5493865953125 0.10021168124999999 0.54828184375 0.0985752140625 0.545183603125 0.1124165234375 0.5460697578125 0.113856353125 0.546031528125 0.11645478437500001 0.5472387265624999 0.11664261406250001 0.5506715984375 0.1046436734375 0.5541080265625 0.10452738125000001 0.5510320906249999 0.1172328359375 0.5522409953125 0.1198622109375 0.5556318390625 0.10557807500000001 0.558807884375 0.09598092968750001 0.625821175 0.11262654375 0.6312568062499999 0.11588018124999999 0.6362466312499999 0.116341328125 0.6434519515625 0.1180661828125 0.6486126140625 0.12128371874999999 0.6556471546875 0.12237823750000001 0.664109646875 0.12309117812499999 0.6492823484375 0.149447596875 0.6465656796875 0.15130355625 0.6450637953125 0.1561155296875 0.64758993125 0.16025228593750002 0.6420152375 0.175137084375 0.6392664796874999 0.17751503125 0.5992108328125 0.1747349859375 0.571863409375 0.1719907671875 0.5682570109375 0.1703704328125 0.5624827781249999 0.164914696875 0.5578816765625 0.16012936875 0.5532761609375 0.15745985625 0.549551171875 0.1559035734375 0.54608055625 0.1565029 0.5427140921875 0.1580951296875 0.539842909375 0.1609037515625 0.5375971265625 0.1696689390625 0.5312813921874999 0.16848166250000002 0.5302924625000001 0.1704857890625 0.46493696562500003 0.1663393203125 0.4186443671875 0.16401956875 0.3737592984375 0.161104740625 0.310624703125 0.161535884375 0.271174940625 0.16434978125 0.23839745156249997 0.16771396249999998 0.236135165625 0.1653842609375 0.2358347046875 0.19120574375 0.2473630515625 0.1901056484375 0.248148734375 0.1954366546875 0.2478357796875 0.1994569171875 0.24735643437500002 0.20377701718750002 0.24755481562499998 0.2075515890625 0.24813819062500003 0.2112229640625 0.249565575 0.21404943125 0.2516706890625 0.21633037656249998 0.38345018125 0.250995034375 0.408528209375 0.256687290625 0.41368512031250004 0.251955659375 0.428309734375 0.25372752656249997 0.4444645828125 0.26057664687500004 0.49015291093749996 0.2546787765625 0.528417765625 0.24979387812499998 0.5620897609375 0.244194365625 0.606470071875 0.2294218859375 0.6262038046875 0.21298258906249998 0.6042792984375 0.2659329140625 0.5861734453125 0.3086387671875 0.3636051171875 0.2846156390625 0.33837255625 0.28369605 0.30536911093749997 0.28301906875 0.3039261109375 0.28110344375 0.3023964125 0.2797261078125 0.30036739843750004 0.279247784375 0.297977521875 0.2801778875 0.2952877421875 0.2826947296875 0.27900648125 0.2831678953125 0.2769854703125 0.28163208906250004 0.27494823749999997 0.285384065625 0.273336203125 0.2888769515625 0.272010396875 0.29859935625 0.277181153125 0.3039611953125 0.27931665781250004 0.3008754828125 0.2864422984375 0.3003565 0.2859166296875 0.30450676875 0.285517790625 0.30851366874999997 0.2856878671875 0.3130979140625 0.286431640625 0.31614326875 0.2879793515625 0.3185001078125 0.2902910453125 0.3203243671875 0.3347527703125 0.332939390625 0.4255561859375 0.353015690625 0.5480139953125 0.35039196562499997 0.573034703125 0.3412783640625 0.5499618546875 0.394050015625 0.35259562031249997 0.37526774375 0.3349520203125 0.37415020781249997 0.33376124687500003 0.372499878125 0.32988958125 0.3746644796875 0.327748321875 0.3704249859375 0.32563904843749997 0.37025990000000003 0.323054584375 0.372299053125 0.321673153125 0.369642834375 0.32031610312500003 0.368291884375 0.3173165 0.368801871875 0.31443318593749997 0.3709576296875 0.312923459375 0.37300137968749997 0.2993779640625 0.3726841015625 0.296239778125 0.3796832375 0.295475665625 0.387214384375 0.3077221984375 0.38700382499999997 0.30741942031249997 0.38923536875 0.3071685921875 0.3919633453125 0.307108309375 0.395697671875 0.3078000140625 0.3982470515625 0.3087781875 0.40002692656249994 0.310268065625 0.40156069062500005 0.3830795578125 0.4224930578125 0.40943878749999996 0.427733684375 0.411211471875 0.42361481875000007 0.41304210625 0.42031857187500005 0.414389475 0.4164592546875 0.41530172343749994 0.414647790625 0.41992917500000004 0.41618186718750005 0.4168471109375 0.4285606390625 0.4170756390625 0.43396758125 0.42069696093750003 0.42053290624999995 0.424428084375 0.422415871875 0.422320646875 0.431690934375 0.42272549374999996 0.4350092796875 0.42690851093750004 0.4193833515625 0.42705469375 0.42266145 0.427407590625 0.42548336249999996 0.4283297734375 0.42888220312499997 0.430376803125 0.4303400328125 0.481573778125 0.42821458593750006 0.52281594375 0.42470286875 0.5246425375 0.4235220203125 0.526176525 0.4227839984375 0.5282775890625 0.420181278125 0.5297754296875 0.41748470312499997 0.5311008640625 0.414760825 0.542641359375 0.41590546406250006 0.50684799375 0.500671675 0.4842284671875 0.5445170421875 0.48171397968749996 0.555031196875 0.480871571875 0.565317165625 0.4773983765625 0.5774724578125 0.48354008437499996 0.59649065 0.496781625 0.5966447296874999 0.5114265625 0.579023759375 0.5214081937499999 0.5561616640625 0.52375604375 0.5529463671875 0.5242193328125 0.5500883453125 0.5631187875 0.46124811718750003 0.5654605078125 0.4577061390625 0.567427521875 0.45247818281249996 0.5777200203125 0.4301528078125 0.580148128125 0.4266242703125 0.5837973953125 0.41937940781250005 0.606188890625 0.42156093125 0.6046747546875 0.42572050156249996 0.60505166875 0.4298481015625 0.6062325203125 0.4332871890625 0.6077761875000001 0.43775942968750003 0.6420751109375 0.45416839375 0.674927525 0.46643738125 0.676932528125 0.465610015625 0.6789375343749999 0.46478265625 0.680367115625 0.4630516828125 0.6822097625 0.4604087578125 0.6851654968750001 0.4551715359375 0.6827752578124999 0.46310112343750004 0.682985525 0.46752852031250003 0.6813090296875 0.476870634375 0.684964671875 0.46295342812499995 0.6888563125 0.46420991562499997 0.6870493125 0.4758103765625 0.689285171875 0.4688339484375 0.6914928406249999 0.46266673281250004 0.6945704890625 0.45940188906249996 0.6950116046875 0.4576802203125 0.6940735046875 0.45574395624999997 0.6986469140625 0.45433951562499997 0.6985164109374999 0.45659786562500004 0.6980991875 0.459625678125 0.698371946875 0.46276037187499997 0.698546315625 0.46522925624999995 0.699191815625 0.46760834375 0.7005429859375 0.4686326546875 0.7188804906249999 0.467742125 0.7993342171875 0.4577983703125 0.8007015578125 0.4573601421875 0.802636596875 0.4550568390625 0.8039337218749999 0.4531426359375 0.8048340921875001 0.4506783453125 0.8068011078125 0.445450390625 0.8098590375000001 0.4387644953125 0.8353900640624999 0.443387909375 0.8368478375 0.4408477234375 0.8389873812499999 0.4356466125 0.8386667140625 0.429900084375 0.5964243921875 0.3991112296875 0.609777334375 0.3469952453125 0.635571996875 0.34884069218749997 0.650898371875 0.37290308906249997 0.6860384328125 0.3848737 0.7350370500000001 0.403336625 0.800408575 0.40636867656250003 0.87681014375 0.40279301875 0.878895284375 0.401652875 0.8812152 0.39924683125 0.8825705234375001 0.3981552828125 0.8849183765624999 0.394939984375 0.887224315625 0.3894390375 0.8893658203125 0.3866795078125 0.8938389984375 0.3821672203125 0.9244787859375 0.3864461921875 0.9259185437499999 0.3829265 0.9289643375000001 0.37558774375000004 0.9289904328125 0.37233644843749997 0.9281605234375 0.3692776921875 0.9085600765624999 0.364600328125 0.8650466296875001 0.35213285 0.8159170203125001 0.341886653125 0.638619496875 0.31471681406249996 0.6592128984375 0.2382353765625 0.6725836109375 0.2197907109375 0.70623965 0.2208014828125 0.70341350625 0.2318318046875 0.7033386609375001 0.24510101718750002 0.7235126468749999 0.2585024640625 0.7928112140625 0.2971746984375 0.8070115890625 0.29986727812499997 0.822517734375 0.3042247390625 0.84696336875 0.3037447359375 0.8776673609375001 0.30217443906249997 0.9509313671875 0.291600365625 1 0.2824546390625 1 0.2151720671875 0.9711882 0.21043914687499998 0.8931111171874999 0.20235988749999997 0.823091775 0.195371728125 0.688237934375 0.18168183124999998 0.6921338703125001 0.17499565156250002 0.6932405859374999 0.1720755953125 0.6925671484375 0.1705057609375 0.6932808968749999 0.1649201828125 0.6967537125 0.1597634171875 0.6978206109375 0.1569997890625 0.6976984468749999 0.1550273765625 0.6982076890625 0.1523396078125 0.7027210546875 0.1476704703125 0.7049407390625 0.1421565796875 0.707559253125 0.13963389375 0.71062710625 0.131159240625 0.7129731140625 0.12550190156250002 0.8177092625 0.10371098593750001 0.8381241859375 0.09891163281250001 0.8360408859374999 0.10249381718749999 0.8344607046875 0.110060615625 0.8317337421875 0.1137057546875 0.82840919375 0.1315808046875 0.830379525 0.1452345203125 0.834033075 0.12887523437499998 0.8380450375 0.129662090625 0.8345357078125 0.1468578953125 0.835060884375 0.14970661093749998 0.8376416624999999 0.142783375 0.8410662 0.13501519374999998 0.84403578125 0.12587427499999998 0.8467069921875 0.1168490796875 0.84698170625 0.1084281859375 0.8481969859375 0.104385215625 0.8512666031249999 0.09742405937500001 0.8553979500000001 0.080371771875 0.8558286718750001 0.0759072375 0.8530377515625001 0.07779361093750001 0.8526449203125 0.0751285875 0.85123946875 0.0781647875 0.795276340625 0.08524576406249999 0.75463360625 0.09096677656249999 0.7189507421875 0.0976226078125 0.7212308296875001 0.0883739328125 0.718619046875 0.07980628125 0.71513225 0.0722875890625 0.7175305859375001 0.060128160937499994 0.7092539906249999 0.0588403828125 0.7081012062500001 0.061590646875 0.708339778125 0.065208371875 0.706944128125 0.066456271875 0.7016509578125001 0.0661210453125 0.7032032046875 0.0593635015625 0.6951911578125001 0.058442612500000005 0.695137125 0.06250315937499999 0.6936733515625 0.06471716250000001 0.6923499984375 0.069882165625 0.69052315 0.0710629765625 0.6893342203125 0.0718546890625 0.6888650484375 0.07438606875 0.6795303234375 0.0862407421875 0.6773739359375 0.0922928953125 0.6746388984375 0.0960536171875 0.6499633640625 0.0898402515625 0.5984429062500001 0.08031369375 0.5946816562499999 0.07633385781249999 0.590992684375 0.0697375234375 0.587901303125 0.0629084421875 0.585521471875 0.0550512203125 0.5835328859375 0.047417025 0.582193721875 0.040046975 0.5818548171875 0.030473784375 0.5854275796875 0.029518843750000003 0.5869883984375 0.0183245546875 0.5846267296875001 0.013406467187500002 0.58472524375 0.007073707812500001 0.5856814859374999 0.0029909125000000003 0.58686425 0 0.5725581359375 0
4 0.8005246874999999 0 0.820425178125 0.0686838328125 0.8207327093749999 0.0686874109375 0.8208664906250001 0.0571903359375 0.8036826109374999 0 0.8005246874999999 0
4 0.5242705703125 0.144707840625 0.523732871875 0.144701584375 0.5159442546874999 0.1882624578125 0.5158119234375 0.19963494531249998 0.5159294375 0.1996363140625 0.524161846875 0.1540514796875 0.5242705703125 0.144707840625
4 0.46129262187500003 0 0.49243309531249996 0.1927848171875 0.49260279999999995 0.1782005 0.46355505468749997 0 0.46129262187500003 0
4 0.48567561093749995 0 0.44944414374999997 0.209810003125 0.4522174328125 0.20984227500000002 0.4886841171875 0 0.48567561093749995 0
4 0.4363326515625 0 0.4361370578125 0.0782462640625 0.43487850312500004 0.0852309421875 0.434590459375 0.2143288734375 0.4399992484375 0.21439181093749998 0.4404884328125 0.20388879843750002 0.44051347500000004 0.079222190625 0.43942601249999996 0.075107053125 0.4395393296875 0 0.4363326515625 0
4 0.8346450265625001 0 0.8304038265625 0.0439624078125 0.8297691468749999 0.09850670624999999 0.8298584671875 0.09850774375 0.8321229125 0.07675582343750001 0.8314257312500001 0.0689851 0.8387266109375 0 0.8346450265625001 0
4 0.1681724328125 0.7761842140625 0.1655555640625 0.766646084375 0.119058721875 0.595847875 0.05734802343749999 0.3702077953125 0.0228488265625 0.2439436796875 0.02269255 0.2439418609375 0.023290606250000002 0.2532744078125 0.0855397375 0.4819770765625 0.1408142671875 0.68442763125 0.1678569375 0.783613440625 0.1680859546875 0.78361610625 0.1681724328125 0.7761842140625