4 0.4987473953125 0.3568916671875 0.49643984375 0.3580638890625 0.49844453125 0.998659721875 0.50078125 0.9989509265625 0.4987473953125 0.3568916671875
4 0.4486 0.9992458328125 0.45083906249999994 0.9988268515625001 0.4506033859375 0.6372550921875 0.4513104171875 0.6276185187500001 0.4509494796875 0.325246296875 0.44765286406250004 0.3246601859375 0.44730390625 0.6305513890625 0.44789322968749995 0.6357884265625 0.4486 0.9992458328125
4 0.4338705734375 0.9982833328125 0.43681666718749995 0.9978643515625001 0.43646302031250006 0.5887388890625 0.436934375 0.5818259265625 0.4364450515625 0.32876249999999996 0.43248932343749996 0.33052037031250003 0.43281015624999997 0.5832925921875 0.4332815109375 0.59020555625 0.4338705734375 0.9982833328125
4 0.41395651093749997 0.9992458328125 0.41749140625000003 0.99945555625 0.41713802031249997 0.53293101875 0.4186697921875 0.527275 0.41798515625 0.2695731484375 0.4127109375 0.267815278125 0.41266015625 0.5304171296875 0.41383854218750005 0.5364925921875 0.41395651093749997 0.9992458328125
4 0.6361942703125 0.9992458328125 0.6399651046875 0.9990365734375001 0.6348893234374999 0.3527893515625 0.63093359375 0.35630555625000004 0.6346625 0.8257916671875 0.6352518234375 0.8327050921874999 0.6361942703125 0.9992458328125
4 0.7264565109375 0.9986175921875 0.72940234375 0.99945555625 0.7244531249999999 0.6378833328125 0.7249244796875 0.6299226859375 0.72026640625 0.2936004625 0.7172994796875 0.2947726859375 0.7212716140625 0.6288754625 0.7222143234375 0.6332745375 0.7264565109375 0.9986175921875
4 0.7605109375 0.6732865734375 0.7629854171875 0.8549101859375 0.7649888015624999 0.9992458328125 0.7684059890625 0.9992458328125 0.7673453125 0.9252976859375 0.7643994796875 0.7369699078124999 0.76263203125 0.60331805625 0.7631033859375 0.5888638890625 0.758834375 0.30649305625 0.7548786453125 0.3070791671875 0.7583898437500001 0.5869782406249999 0.7594505203125 0.5943101859375 0.7605109375 0.6732865734375
4 0.7994791671875 0.9995370375 0.7966864578124999 0.84129398125 0.792915625 0.6106504625 0.7868924484375001 0.1635800921875 0.7825520828125 0.1643518515625 0.792915625 0.7621083328125 0.796875 0.9995370375 0.7994791671875 0.9995370375
4 0.8188395828124999 0.6854365734375001 0.8193109375000001 0.7135074078125 0.8226104171875 0.8989023140624999 0.8239583328125001 0.9995370375 0.828125 0.9995370375 0.8250848953125001 0.8268393515625 0.82143203125 0.6114879625 0.8201356765625001 0.52685601875 0.8209606765625 0.5165912031250001 0.8171809890624999 0.24144398125 0.8112473953125001 0.2408578703125 0.8149510421875 0.5255990734375 0.81660078125 0.5343976859375 0.8188395828124999 0.6854365734375001
4 0.7502604171875 0 0.7532052078125 0.21241851875 0.75697578125 0.21241851875 0.7526041671875 0 0.7502604171875 0
4 0.7131075515624999 0 0.7162046875 0.21451296250000002 0.71891484375 0.214303703125 0.71640625 0 0.7131075515624999 0
4 0.5810046875 0.6072240734375 0.582515625 0.6037481484375 0.5822489578125001 0.600903703125 0.5982473953125 0.5087851859375 0.5996692703125001 0.50499305625 0.60029140625 0.4996208328125 0.6048244796875 0.47639351874999997 0.6063354171875 0.47260138906250004 0.6081130203125 0.46501712968750003 0.6308661453125 0.46375277812500004 0.6304216140625 0.46801944375 0.63184375 0.47196944375000005 0.6338880203125 0.4751296296875 0.6365544265625 0.47923796249999995 0.6747265625 0.4899865734375 0.7104130203125 0.49693472187500004 0.7121906250000001 0.49582870312500005 0.7139682296875 0.4947226859375 0.7149458328125 0.4928263890625 0.7161013015625 0.4899824078125 0.7177013015625 0.48445185156250004 0.7173458328125 0.49251064843750003 0.71867890625 0.4967768515625 0.7193898437499999 0.5060990734375 0.71947890625 0.4920365734375 0.72365625 0.49266851875000006 0.7248114578125 0.504202778125 0.7252559890625 0.49709259218749996 0.725878125 0.490772221875 0.7281 0.4871379625 0.7281 0.4854 0.7266781250000001 0.4836620375 0.73085546875 0.4816078703125 0.7312997390625 0.4838199078125 0.7316552078125 0.48682222187499996 0.732721875 0.4898240734375 0.733521875 0.49219444375 0.7347661453125001 0.49440648125 0.7363658859375 0.495196759375 0.75431953125 0.4915625 0.8315557296874999 0.4697574078125 0.8328 0.4691254625 0.8341333328125 0.466597221875 0.8349330734375 0.46454305625 0.8351997390625 0.4620148140625 0.835821875 0.45664259218750003 0.8371552078125 0.449690278125 0.8636411453124999 0.45032222187500004 0.8644411453125 0.44763611093750005 0.8652411453125 0.44226388906249997 0.8634635421875 0.436733796875 0.6154830734375001 0.44343425937500003 0.6154830734375001 0.390825 0.6415247390625 0.3887203703125 0.6628315109375 0.4097643515625 0.70071015625 0.41607731406250004 0.75397734375 0.4265995375 0.8195570312499999 0.41966898124999996 0.8943934890625 0.4046578703125 0.8961710937499999 0.40323611093749995 0.8978598953124999 0.40054999999999996 0.8989263015625 0.3992856484375 0.9004372390625001 0.39580972187499996 0.9013260421875 0.39012129687499997 0.9027481765625 0.38711898125 0.90603671875 0.3820629625 0.9375 0.3815888890625 0.9380333328124999 0.3779546296875 0.9391888015625 0.3703703703125 0.9383888015625 0.3672101859375 0.9367890624999999 0.364366203125 0.9161690109375 0.3627861109375 0.8698627609375 0.35725555625 0.8185528640624999 0.3547296296875 0.635878125 0.355133796875 0.6368671875 0.27777777812500004 0.6454377609375 0.257852778125 0.6790611984375 0.2537504625 0.6790611984375 0.2648851859375 0.6823575515625 0.27777777812500004 0.7057622390625 0.28774027812499997 0.78428828125 0.3148148140625 0.7990505203125 0.315283796875 0.8155302078125001 0.317171759375 0.8396437499999999 0.31301342656250003 0.8696848953125 0.3068513890625 0.9396330734375 0.2855203703125 0.99624921875 0.2656111109375 0.9982046875 0.26450509218749996 0.9997395828125001 0.26203703749999996 0.9997395828125001 0.20416666718749998 0.9390997390625 0.203672221875 0.8596416671875 0.20762222187499998 0.7884492187500001 0.2114143515625 0.65127734375 0.21849351874999998 0.65344140625 0.2114143515625 0.653796875 0.20841249999999997 0.65273046875 0.206990278125 0.6520192703125 0.20146018593749998 0.6541523437500001 0.1959296296875 0.6545080734375001 0.1930856484375 0.6538859375 0.1911893515625 0.6537080734375 0.18850324062499998 0.6569966140625 0.18328888906250002 0.6577966140625 0.17760092656249998 0.6597518234375 0.17475648125 0.660640625 0.166066203125 0.6615294265625 0.1602199078125 0.7598299484375 0.123246296875 0.7788502609375 0.115503703125 0.7776947921875 0.1192958328125 0.7780502609375 0.12688009218750002 0.77627265625 0.13083055625 0.7775171875 0.1486851859375 0.7829388015625 0.1616421296875 0.78240546875 0.145209259375 0.7865828125000001 0.1453671296875 0.7874716140625 0.162590278125 0.7887158859375 0.1652763890625 0.7895158859375 0.158165740625 0.7909377609375 0.1501074078125 0.7915598953125 0.1407851859375 0.791915625 0.1316203703125 0.7900489578125 0.1234041671875 0.7902268234375 0.1192958328125 0.7915018234375 0.1120745375 0.7912661453125 0.094896759375 0.7905591140625 0.0904976859375 0.7882713546875 0.09275046249999999 0.7872049484375 0.0902226859375 0.7865828125000001 0.0933824078125 0.7328994796875 0.108709259375 0.6940593749999999 0.12040185156250001 0.6603739578125001 0.132252778125 0.66028515625 0.12293009218749999 0.6555195312500001 0.1150074078125 0.6501528640625 0.10823518593749999 0.6494419265625 0.09606898124999999 0.640909375 0.09606898124999999 0.6404651046875001 0.0989129625 0.6416205734375 0.10238888906250002 0.64055390625 0.10381111093749999 0.63522109375 0.1042851859375 0.6350434890625001 0.097490740625 0.62686640625 0.09780694375 0.6278442703125 0.10175694375 0.6269554687500001 0.1041273140625 0.6269554687500001 0.109341203125 0.6254442703125 0.1107634265625 0.6244666671875 0.1117115734375 0.62464453125 0.11423981406249999 0.6184013015625001 0.1271578703125 0.6178007812499999 0.13335879687500002 0.61604453125 0.1374226859375 0.5900028640625 0.13511805625 0.5365054687499999 0.13365185156249998 0.531765625 0.13035648125 0.5264328125 0.1245101859375 0.5216333328125 0.1183476859375 0.517278125 0.1110796296875 0.5133674484374999 0.10396898125000001 0.5101677078125 0.0970166671875 0.5074 0.0877745375 0.5106994796875 0.0863078703125 0.5094033859375 0.0752050921875 0.5058127609375 0.0707875 0.5043018234375001 0.064625 0.5042127609375 0.060517129687500004 0.5046572921875 0.057198610937500005 0.5059903640625001 0.056725000000000005 0.50776796875 0.0518263890625 0.5068791671875 0.0488245375 0.5023463546875 0.047876389062500004 0.5016354171875 0.041239814062500005 0.5013687499999999 0.020382870312500002 0.5028796875 0.0189611109375 0.503590625 0.01690694375 0.50403515625 0.0142208328125 0.5035018234375 0.0124824078125 0.5023463546875 0.011060648437499999 0.5014575515625 0.010428703125 0.5012799484375 0.00505648125 0.5030575515625 0.004740278125 0.5041239578125001 0.0023699078124999997 0.503590625 0 0.4913252609375 0.00047407343749999997 0.4910208328125 0.020738889062499998 0.49361328125000004 0.02220555625 0.492303125 0.0551449078125 0.49043645781249995 0.05956898125 0.4913252609375 0.06351898125 0.4928361984375 0.0658893515625 0.49470286406249997 0.0687333328125 0.49396692656249996 0.1277861109375 0.49248072968749995 0.1305143515625 0.4938140625 0.1341486109375 0.49219921875 0.1432879625 0.4927473953125 0.1485273140625 0.49576927031249995 0.15231944375 0.4947916671875 0.1540578703125 0.4930140625 0.1572175921875 0.4929252609375 0.160377778125 0.49141432343749997 0.15895601875 0.49185859374999996 0.1728606484375 0.4931028640625 0.1741245375 0.49372499999999997 0.176652778125 0.49496953125000004 0.176652778125 0.49532499999999996 0.1644861109375 0.49870234375000005 0.1638541671875 0.49888020781250003 0.176652778125 0.5007466140625 0.17902268593749998 0.5004799484375 0.16464398125 0.5011908859374999 0.1548476859375 0.57185625 0.160884721875 0.5780716140625 0.163222221875 0.5831356765625 0.162916203125 0.5907171875 0.1635023140625 0.5966507812499999 0.16584629687500002 0.6039028640625 0.16584629687500002 0.6124736984375 0.1652601859375 0.60446875 0.1930856484375 0.602246875 0.19529768593750002 0.6019802078125001 0.20019583281250003 0.6055354171875 0.20383009218749998 0.6037895828125001 0.21912175937499997 0.6016684890625 0.22184537031249998 0.5612510421875 0.225196759375 0.5334416671875 0.2266634265625 0.5294546875 0.2256351859375 0.5223442703125001 0.22121111093749998 0.5165671875 0.2172606484375 0.5113231765624999 0.21536481406250002 0.5072348953125 0.2144166671875 0.5039463546875 0.21552268593749999 0.50101328125 0.2175768515625 0.49888020781250003 0.2207370375 0.49888020781250003 0.2295851859375 0.49231718750000003 0.22938657343750002 0.49184583281250005 0.23148148124999998 0.4259989578125 0.237327778125 0.3795151046875 0.24206805625 0.33427552031249996 0.24601805625 0.27179322968749997 0.2559726859375 0.2333973953125 0.2646629625 0.20175625 0.2728796296875 0.1980234375 0.2703513890625 0.1965125 0.27935787031250003 0.1966013015625 0.28457222187500003 0.19828984375 0.29436851875 0.20468932343750001 0.2976865734375 0.2050447921875 0.29610648125 0.2163325515625 0.2932625 0.21846562500000002 0.29831898125 0.2191765625 0.30226898125 0.2197986984375 0.3065351859375 0.2209541671875 0.31016944375 0.2224651046875 0.3136453703125 0.22459817656249997 0.3161736109375 0.2272645828125 0.3180699078125 0.36671640625 0.33181666718749997 0.3930247390625 0.3335546296875 0.39693541718750003 0.3281824078125 0.41188437499999997 0.32769351874999997 0.4296401046875 0.33190231406250004 0.4734375 0.3192759265625 0.5101325515624999 0.3087541671875 0.5420927078125 0.2982324078125 0.5823390625 0.2771884265625 0.59772734375 0.2582490734375 0.58944140625 0.3129629625 0.5823390625 0.3571550921875 0.35558203125 0.3674518515625 0.3303328125 0.3703703703125 0.2974411453125 0.3746981484375 0.2955239578125 0.37305648125 0.2936575515625 0.37195046249999997 0.2915244796875 0.3717925921875 0.28939140625 0.37305648125 0.2873640625 0.37590601874999996 0.27134296875 0.3788245375 0.26894921875 0.3776388890625 0.26788255156249996 0.3815888890625 0.2671716140625 0.3852231484375 0.2683268234375 0.3948615734375 0.2748151046875 0.3992856484375 0.2761484375 0.3959675921875 0.2830809890625 0.3943875 0.2836140625 0.3984958328125 0.2842364578125 0.4024458328125 0.28556953125 0.4068703703125 0.28708046875000004 0.40971435156249997 0.2892135421875 0.41176851875000003 0.29196875 0.413190278125 0.3392526046875 0.4187208328125 0.434375 0.4244949078125 0.5551135421875 0.4034513890625 0.5776041671875001 0.390825 0.568134375 0.44553888906249994 0.3676940109375 0.4571166671875 0.34991822968749997 0.458696759375 0.3483184890625 0.4572745375 0.3450299484375 0.4599606484375 0.3418302078125 0.45616851875000003 0.3396971359375 0.4563268515625 0.3376528640625 0.458696759375 0.33560859375 0.4563268515625 0.3339200515625 0.45522037031249996 0.33107578125 0.45616851875000003 0.32876484375000004 0.458696759375 0.32778723906249996 0.46090879687499997 0.3142776046875 0.462646759375 0.3129442703125 0.46991527812499995 0.3140997390625 0.47734166718750004 0.32618749999999996 0.47528750000000003 0.3264541671875 0.47749953749999996 0.3268984375 0.48018564843749995 0.32778723906249996 0.4838199078125 0.3291205734375 0.48619027812500004 0.3305424484375 0.48777037031250003 0.3324091140625 0.489034259375 0.40991171875 0.49835694375 0.43737552031250004 0.4994629625 0.43808671875 0.495196759375 0.4390643234375 0.4917203703125 0.43941979218749994 0.48777037031250003 0.4398640625 0.4858740734375 0.44484140625 0.48666435156250004 0.44493020781250003 0.499146759375 0.4465302078125 0.5043611109375 0.44670781249999997 0.490772221875 0.45088515625000003 0.4920365734375 0.4511518234375 0.501358796875 0.45239609375 0.50451898125 0.4525739578125 0.48871805625000003 0.45355156250000006 0.491878240625 0.4546182296875 0.4945643515625 0.45639583281249996 0.4977245375 0.4587955734375 0.49883055625 0.5090125 0.489034259375 0.5490080734375 0.4793958328125 0.5505190109375 0.4779736109375 0.55185234375 0.4770254625 0.55327421875 0.47418148125000004 0.5540742187500001 0.4713375 0.5546963546875 0.46849305625 0.5664283859375 0.4678611109375 0.5524744796875 0.5555555562500001 0.54118671875 0.6015356484375001 0.5413645828125 0.612122221875 0.5431421875 0.6222347218750001 0.5427864578125 0.634559259375 0.5538075515625 0.65225648125 0.5660729171875001 0.6517824078125 0.5769161453125 0.6309254625 0.5810046875 0.6072240734375
4 0.7858455734375001 0.0932208328125 0.7834888015625 0.00041898125 0.7805429687500001 0.00041898125 0.7819570312499999 0.094477778125 0.7858455734375001 0.0932208328125
4 0.49785546875 0.1650745375 0.49573437499999995 0.165284259375 0.49655911406250003 0.22938657343750002 0.49856249999999996 0.22896759218749999 0.49785546875 0.1650745375
4 0.4488356765625 0.23504259218749998 0.45142812499999996 0.2342046296875 0.4524888015625 0.00041898125 0.4502497390625 0.000209259375 0.4488356765625 0.23504259218749998
4 0.43445989531249996 0.236928240625 0.4371700515625 0.23567129687500002 0.4388197921875 0.00041898125 0.43587395781250005 0.000209259375 0.43445989531249996 0.236928240625
4 0.41961250000000005 0.00041898125 0.4164309890625 0.000628240625 0.41560625 0.09950555625 0.41430989531250006 0.10641851875 0.41324947968750003 0.237766203125 0.4191411453125 0.2371375 0.4199661453125 0.1007625 0.41890546874999995 0.0965726859375 0.41961250000000005 0.00041898125
4 0.8104731765625001 0.000209259375 0.8062312500000001 0.000209259375 0.8085877609375001 0.09112638906250001 0.8072916671874999 0.1078851859375 0.8083520828124999 0.11689305624999999 0.8097661453124999 0.2099046296875 0.8156580734375 0.2094856484375 0.8135369796875 0.09343055624999999 0.8118872390625 0.08567962968750001 0.8104731765625001 0.000209259375
4 0.052349999999999994 0.39296527812500004 0.06159348906249999 0.1262481484375 0.0656817703125 0.0001578703125 0.0636377609375 0.00047407343749999997 0.056171875 0.2237388890625 0.0461283859375 0.5051509265624999 0.03901796875 0.7091393515625 0.028796875 0.9992416671875001 0.03146328125 0.9990833328125 0.0383958328125 0.7924092593750001 0.0445286453125 0.6203388890625 0.052349999999999994 0.39296527812500004