4 0.38882767500000004 0.055628721874999995 0.39189239531250003 0.064454153125 0.38886398906249997 0.0676062953125 0.393366821875 0.08287760625 0.429309115625 0.07025139687500001 0.38898636875000003 0.14762066093749998 0.3914858953125 0.15361293125 0.3893659875 0.1573231609375 0.3901246171875 0.161695025 0.38760886875 0.1661486 0.3854271484375 0.1721483 0.3841013890625 0.1771743546875 0.3734732078125 0.24948691093750003 0.3737597734375 0.2551072796875 0.3758108640625 0.2603116296875 0.37794993906249996 0.2639921328125 0.38155808750000003 0.265456534375 0.3853307734375 0.2648914828125 0.3897280015625 0.2620657375 0.39340756875 0.2574190203125 0.395844353125 0.250668078125 0.4088356875 0.1749131953125 0.407421340625 0.1664299609375 0.4858394953125 0.1392297703125 0.3887150515625 0.3308087515625 0.390522828125 0.33574566250000004 0.3882885078125 0.3402140921875 0.3857108796875 0.3469576 0.375163528125 0.4093369078125 0.37528282343749997 0.41418420312500004 0.3764634671875 0.4185783484375 0.379330065625 0.4202581890625 0.3819794578125 0.42243668437500004 0.385330134375 0.42184935 0.3891645125 0.4189938890625 0.392829659375 0.41256285937500004 0.40525867812499994 0.35181185625 0.40941979531249995 0.34209404375 0.45594743437499996 0.32416642812499996 0.388560415625 0.45871111875 0.3893833328125 0.463596028125 0.387237321875 0.46654016875000004 0.3855420828125 0.47307567187500005 0.3755330234375 0.5224884421875 0.37286234375 0.5251498203125 0.372609428125 0.5287040281250001 0.3629585890625 0.5244186562500001 0.3630343359375 0.530932328125 0.37070913125 0.5347185890625 0.3632644453125 0.5507199484374999 0.364756203125 0.6789996 0.368118246875 0.6844054984375 0.391862215625 0.7187832656250001 0.3935318171875 0.72651573125 0.3923824171875 0.7284931875 0.40762533437500004 0.8398822218750001 0.4121335640625 0.8607590593750001 0.42417103906250003 0.9059847421875 0.42021084374999995 0.9256502140625 0.4231645390625 0.931270465625 0.42396939062500005 0.9312892093749999 0.4265948078125 0.9275162343750001 0.430376234375 0.9080963859375 0.435208021875 0.91930785 0.48882470156249996 0.8186891734374999 0.5357888859375 0.74523766875 0.5399955953125 0.743676228125 0.5715948015625 0.7231768609375 0.6275924796875 0.711100365625 0.6297535171875001 0.72497366875 0.634966446875 0.71862389375 0.63322475 0.701969878125 0.6330710125000001 0.6729143953125 0.635076440625 0.6699628328125 0.6317777609374999 0.657048296875 0.6282265406249999 0.590357503125 0.6320205156250001 0.5849525828125001 0.6293278703125 0.5774211593749999 0.66667310625 0.5893299875 0.6667706953125 0.583984496875 0.627813271875 0.5714804250000001 0.621909696875 0.4771470203125 0.625371934375 0.4729980125 0.621074159375 0.458247646875 0.618429703125 0.40434463125000003 0.6203970156249999 0.40164564843750006 0.61747040625 0.39002512500000003 0.61391224375 0.3299589734375 0.617181625 0.324270828125 0.6588010375 0.2383068734375 0.6620373015625 0.2384777453125 0.6657572 0.236380946875 0.668516190625 0.2321952765625 0.6929190562499999 0.173860028125 0.692198796875 0.1692355984375 0.6974467515625 0.15353013437500002 0.69741750625 0.1510151546875 0.6947088671875 0.14414291562499998 0.656222315625 0.15765362968750002 0.6901811015625 0.028122724999999998 0.4956365421875 0.020195642187499998 0.408896375 0.0181755109375 0.38882767500000004 0.055628721874999995
4 0.6069024625 0.77740918125 0.693067734375 0.9858449234375 0.6929735515625 0.977746015625 0.6086347015625 0.7742748109375001 0.6069024625 0.77740918125
4 0.6477715078124999 1 0.5618452203125 0.8333901171875 0.5604122593749999 0.836143846875 0.5604151703125 0.83639411875 0.6452936203124999 1 0.6477715078124999 1
4 0.6031578750000001 1 0.5702299234375 0.8622016875 0.568526615625 0.8636522531249999 0.600897371875 1 0.6031578750000001 1
4 0.7568513828125 0.5890630296875 0.8173000171875 0.80714193125 0.8435967249999999 0.9011625421874999 0.84351959375 0.8945299546875001 0.8328174781250001 0.8561993015624999 0.7921029609375 0.7109676015625 0.7450582203125 0.5414290171875 0.7086158593749999 0.40874956406249996 0.709014865625 0.4162624140625 0.7568513828125 0.5890630296875
4 0.765914525 0.49392707500000005 0.6726833984375 0.34584636875 0.6211157859374999 0.263820421875 0.6185755937499999 0.2657739890625 0.7231196640625 0.4297351015625 0.8380656078125 0.6119358984375001 0.9723656765625 0.8222764046875 0.9952436921875 0.85828685 0.9952631828125 0.8549366109375001 0.9194193875 0.7359941203125 0.765914525 0.49392707500000005
4 0.6374620796875 0.11494640781250001 0.6932483171875 0.2133701125 0.7690279546875 0.34955474375 0.8597391796875 0.5119670734375 0.9582514906249999 0.6881184890625 0.9817562984375 0.7301556437500001 0.9837504046875001 0.730202084375 0.9837360875 0.728970771875 0.888907009375 0.559363846875 0.8314732265625 0.4564177765625 0.7241025171875 0.264018490625 0.64029769375 0.11308590624999999 0.6374620796875 0.11494640781250001
4 0.8571635171875001 0.2161546 0.9732574015625 0.42168145 0.994665484375 0.45993734999999997 0.9945961531249999 0.4539753015625 0.8942810359375001 0.2762707921875 0.828055209375 0.15850383437499999 0.7560044390625 0.030804820312499998 0.7531379984375 0.030688021875 0.7812757859375 0.08018492656250001 0.8571635171875001 0.2161546
4 0.8954560328125 0.2300264265625 0.9917103234375 0.413108665625 0.993536365625 0.41315119375 0.944465740625 0.31918716874999997 0.8672366546875001 0.17249414999999998 0.7936407921875 0.032338384375 0.7918220890625001 0.032264278125000004 0.8321949156249999 0.10906047187500001 0.8954560328125 0.2300264265625
4 0.1783669390625 0.0131329859375 0.178339575 0.013134585937500002 0.2048657515625 0.08163088125 0.262317003125 0.2325209203125 0.318678409375 0.3794233828125 0.3668085671875 0.5079615328125 0.3673010875 0.507973003125 0.36720039375 0.4993142078125 0.34030719062500003 0.43171860781250004 0.2915444171875 0.304416734375 0.234759171875 0.1557678234375 0.180485375 0.013182323437499999 0.1783669390625 0.0131329859375
4 0.2429762234375 0.1516097375 0.3156446109375 0.277921134375 0.38402433125 0.39583009687500004 0.387766465625 0.39591724687499996 0.28879210624999996 0.22702449218749998 0.205641959375 0.0836582171875 0.1747833 0.029910937500000002 0.17249068437499998 0.030031959375 0.1724961609375 0.030502909374999998 0.2429762234375 0.1516097375
4 0.40106170937499996 0.3217724703125 0.3740968171875 0.2835642515625 0.371784209375 0.28634463593750004 0.39932630156250004 0.32585373125 0.40110965312499997 0.3258952640625 0.40106170937499996 0.3217724703125
4 0.43325610625 0.40384724843750003 0.4135369296875 0.3616787984375 0.41176112500000006 0.3669187578125 0.43185245156249996 0.4110105328125 0.43333980937499994 0.4110451734375 0.43325610625 0.40384724843750003
4 0.3490178359375 0.2527863875 0.35027589375 0.25281568593750003 0.3501915515625 0.24556296875 0.28401823125000003 0.092040421875 0.250964371875 0.01493223125 0.2482602359375 0.014837781250000001 0.30481478125 0.14821274375 0.3490178359375 0.2527863875
4 0.65925215 0.0927626390625 0.657396084375 0.0901954421875 0.6355648765625 0.1656829234375 0.6383477109375 0.1657477328125 0.6430954609375 0.163804859375 0.6593898046875 0.10459997812499999 0.65925215 0.0927626390625
4 0.11477675937500001 1 0.0685572484375 0.881063765625 0 0.70587235 0 0.71045451875 0.0351634328125 0.8010261328125001 0.11279801249999999 1 0.11477675937500001 1
4 0.16881469843750002 1 0.1010630875 0.7800613281250001 0.046217653125 0.599116221875 0.0149579734375 0.495567359375 0.0141578484375 0.4997306703125 0.0664811078125 0.6714880156249999 0.1246974546875 0.8631642968750001 0.1665621453125 1 0.16881469843750002 1
4 0.1626791140625 0.9109061531249999 0.16259670937499998 0.903819990625 0.11064822031249999 0.7212829328125 0.0387362078125 0.46670916562500003 0.038258939062500004 0.4715034078125 0.07525427968750001 0.60050173125 0.1305928171875 0.797979153125 0.1626791140625 0.9109061531249999