4 0.3776752609375 0 0.3560450515625 0.0571745375 0.36045651093750003 0.0657763890625 0.3578950515625 0.06906481406250001 0.3647255203125 0.083991203125 0.3988786453125 0.06957083281250001 0.3701330734375 0.1485023140625 0.3735484375 0.1543208328125 0.3719830734375 0.158115740625 0.37340625 0.1624166671875 0.37155625 0.1669703703125 0.3702755203125 0.1730416671875 0.36970625 0.1781013890625 0.36999088593749996 0.25045555625000004 0.3711294265625 0.2560208328125 0.37397552031250003 0.26108055625 0.3766791671875 0.2646226859375 0.38052135468750004 0.2658875 0.3842213546875 0.265128703125 0.3882057296875 0.26209259218750003 0.3911942703125 0.2572861109375 0.3926171875 0.25045555625000004 0.39418255156250004 0.174559721875 0.39147890625000004 0.16621111093750002 0.46604609375 0.13509398125 0.39759791718750004 0.3303986109375 0.400159375 0.33520555625 0.3985940109375 0.33975925937499996 0.3970286453125 0.3465898140625 0.3958903640625 0.40907731406250003 0.3967440109375 0.413883796875 0.3985940109375 0.418184721875 0.4017247390625 0.4197023140625 0.40471302031249995 0.42172638906250004 0.40798619843750006 0.4209675921875 0.4114013015625 0.41793148125 0.4141052078125 0.41135416718749995 0.41737812500000004 0.35038472187499997 0.42008203125000004 0.34051805625 0.46405390625000004 0.3202791671875 0.41680885468750006 0.457397221875 0.41837421875 0.4622041671875 0.4166666671875 0.46523981406250003 0.41595520781250006 0.47181759218749997 0.41339375 0.521402778125 0.4111169265625 0.5241851859375 0.4114013015625 0.5277273140625 0.3765369796875 0.515077778125 0.3761098953125 0.519884721875 0.4104052078125 0.5337986109374999 0.38208671875 0.6251263890625001 0.3852174484375 0.6324629625 0.3892020828125 0.6314509265625 0.4304700515625 0.6825541671875001 0.4595002609375 0.7154421296875 0.46234635468749996 0.72303194375 0.4614924484375 0.72505555625 0.49365312499999997 0.8348513890625 0.5013377609375 0.85534305625 0.5202640625 0.899615278125 0.51926796875 0.9193481484375001 0.5235372390624999 0.9254199078124999 0.52595625 0.920866203125 0.52681015625 0.9013865734375001 0.5333559890624999 0.9122648140624999 0.5719205734374999 0.809552778125 0.6079234375 0.7341629625 0.6119080734375 0.7323921296875 0.6405111984375 0.7103824078125001 0.6948713546875 0.69545648125 0.6991403640625 0.7091175921875 0.7034096359374999 0.7025398140625 0.6991403640625 0.6860958328125 0.69458671875 0.65725555625 0.6961520828125 0.6542199078125 0.6908867187500001 0.6415703703125 0.6772255203124999 0.575541203125 0.6802140624999999 0.5699759265625 0.676371875 0.5626393515625 0.71564765625 0.57250555625 0.7149361984375 0.56719305625 0.6739526046875 0.5568203703125 0.6537455734375001 0.46346898124999997 0.65659140625 0.45916805624999996 0.6500455734374999 0.44474814843750005 0.63923046875 0.39136805625000004 0.6407958328125 0.3885851859375 0.6360997390625001 0.3772009265625 0.6234346359375 0.3177495375 0.6258539062499999 0.31193055625 0.6545992187499999 0.2243976859375 0.6578723953125001 0.2243976859375 0.6612875 0.2221208328125 0.6634221359375 0.21782037031249998 0.6790755203125001 0.158621759375 0.6776526046875 0.15406805625 0.6807833328124999 0.1368648140625 0.676371875 0.1290226859375 0.6397997390625 0.1444546296875 0.6557377609375 0.000758796875 0.68040965 0.00034379375 0.6804986984375 0 0.3776752609375 0
4 0.5979622390625 0.7554138890625001 0.5962544265624999 0.758702778125 0.7005208328125 0.9995370375 0.7038364578125 0.9992916671875 0.5979622390625 0.7554138890625001
4 0.573628125 0.8057578703124999 0.5719205734374999 0.808540740625 0.6544270828125 0.9995370375 0.6567708328124999 0.9995370375 0.573628125 0.8057578703124999
4 0.5598247390625 0.84370555625 0.5584015625000001 0.8454768515625 0.62400390625 0.9990384265625 0.6265653640625 0.9992916671875 0.5598247390625 0.84370555625
4 0.868909375 0.89986851875 0.91484375 0.9995370375 0.9168658859375001 0.9990384265625 0.8333333328125001 0.8191662031250001 0.7710041671875 0.6853370375 0.6987135421875 0.5289921296875 0.6425033859375 0.40654722187500003 0.64406875 0.413883796875 0.7176401046875001 0.5732643515625 0.8105645828125001 0.7743879625 0.868909375 0.89986851875
4 0.9222734375 0.79918055625 0.9996869796875 0.9658976859375 0.9996869796875 0.96033194375 0.94788828125 0.8497773140625 0.8828552078125 0.7103824078125001 0.7673041671874999 0.46093888906249997 0.697290625 0.3083888890625 0.6585838546875 0.2238921296875 0.6557377609375 0.2256629625 0.73457421875 0.39465694375 0.8209528640625001 0.582371759375 0.9222734375 0.79918055625
4 0.86407109375 0.4776361109375 0.9483151046874999 0.655990740625 0.9996869796875 0.7647745375 0.99954453125 0.75895555625 0.8894013015625 0.525703240625 0.84030625 0.4214736109375 0.7485200515625 0.22667453750000002 0.6769411453124999 0.073871759375 0.6739526046875 0.0756425921875 0.7217669265625 0.17531898125 0.7865153640625 0.3131958328125 0.86407109375 0.4776361109375
4 0.9572802078124999 0.3863083328125 0.9997395828125001 0.47453703750000004 0.9997395828125001 0.4671296296875 0.8906820312500001 0.24286574062500002 0.834471875 0.1267453703125 0.7729963546875 0.000252778125 0.7701502609374999 0.000252778125 0.7943419265625 0.0495851859375 0.8586635421875 0.1836671296875 0.9572802078124999 0.3863083328125
4 0.8020833328125001 0 0.84215625 0.079184259375 0.9026354171875001 0.1993523140625 0.9996869796875 0.391115278125 0.9996869796875 0.3875731484375 0.9495958328125 0.287897221875 0.8757401046875 0.14217777812500001 0.8038763015624999 0 0.8020833328125001 0
4 0.25102447968749997 0.1472375 0.18399921875 0.000252778125 0.18200703125 0.0005060187499999999 0.21487942656249998 0.0715949078125 0.2850354171875 0.22540972187500002 0.3537682296875 0.3751773140625 0.4135359375 0.50799444375 0.4142473953125 0.5014166671875 0.3798098953125 0.42855694375000003 0.32032682343749996 0.2987754625 0.25102447968749997 0.1472375
4 0.2108947921875 0 0.2688125 0.124215740625 0.3281533859375 0.2532384265625 0.39546328124999997 0.39819861093750003 0.3957479171875 0.3908620375 0.306665625 0.2013763890625 0.2386440109375 0.054897685937499996 0.21345625 0 0.2108947921875 0
4 0.40300546875 0.3134486109375 0.40485546875 0.3081361109375 0.38578671875000003 0.26436944375000004 0.382940625 0.26664629687499997 0.40300546875 0.3134486109375
4 0.4199395828125 0.3430481484375 0.4179473953125 0.34836064843750003 0.4378700515625 0.3951629625 0.44000442656249994 0.3888384265625 0.4199395828125 0.3430481484375
4 0.2575705734375 0.000252778125 0.31947291718750004 0.1315523140625 0.3694216140625 0.23780601875000001 0.36956406249999996 0.22895185156250003 0.29641953125 0.0761486109375 0.2602744796875 0.000252778125 0.2575705734375 0.000252778125
4 0.6716953125 0.0726375 0.6676544265625 0.0666509265625 0.6418372390625 0.1432791671875 0.6499192703125 0.1400861109375 0.6716953125 0.0726375
4 0.00015963593749999998 0.6867759265625 0.0397815109375 0.7901611109375 0.12030286406249999 0.9992046296874999 0.1223958328125 0.9995370375 0.07269296875 0.8699726859375 0.00015963593749999998 0.68223148125 0.00015963593749999998 0.6867759265625
4 0.0004791671875 0.4927856484375 0 0.49704629687499996 0.0648645828125 0.6609291671874999 0.137078125 0.8438421296874999 0.1989072921875 0.9994888890625001 0.20026041718749998 0.9995370375 0.2009841140625 0.9986365734374999 0.10736197968750001 0.7643148140625 0.0393020828125 0.5916268515625001 0.0004791671875 0.4927856484375
4 0 0.4751759265625 0.0493674484375 0.59844351875 0.12365807343749999 0.7873208328125 0.2080138015625 0.9994888890625001 0.20963541718749998 0.9995370375 0.21025052031250002 0.9994888890625001 0.17254609375000002 0.9051921296875 0.09633828125 0.7137583328125 0 0.4703476859375 0 0.4751759265625