4 0.43933828124999996 0.9180282406250001 0.4543505203125 0.9991828703125 0.5744791671875 0.9995370375 0.6403187499999999 0.99945555625 0.6827513015625 0.9095861109375001 0.6848958328125 0.9095861109375001 0.6878062500000001 0.9057736109375 0.6899510421875 0.9074074078125 0.7328432296875 0.8725490734375001 0.8328736984375 0.8417754625 0.8386947921875001 0.86165555625 0.84543515625 0.856209259375 0.8393075515625 0.82843148125 0.8301164062499999 0.7772333328125 0.8334864578125 0.7728759265625 0.8239890624999999 0.7489106484375 0.8160231765624999 0.7094226859375 0.8181679687500001 0.7064268515625 0.8251302078125 0.6983796296875 0.8308268234374999 0.6868055562500001 0.83896484375 0.678125 0.8454752609374999 0.6665509265625 0.8552408859374999 0.6535300921875 0.8625651046874999 0.643402778125 0.8662684890625 0.6337148140625 0.8619791671874999 0.6236384265625 0.8283854171874999 0.5768518515625 0.7681640625 0.4611111109375 0.7650122390625 0.45915046249999997 0.7601104171874999 0.4501634265625 0.7610294265624999 0.446078240625 0.765625 0.43954259218749997 0.7533700515625 0.4131263890625 0.734528125 0.32461851875000003 0.7369791671875 0.3199888890625 0.7290135421875 0.296296296875 0.7074143234375 0.1990740734375 0.7109375 0.19199351874999998 0.7608763015625 0.03758148125 0.765471875 0.039215740625 0.7703736984375 0.03758148125 0.7729778640625 0.033496759375000004 0.7837010421875 0.000272221875 0.3984243 0.00047801249999999994 0.32107838593750004 0.2227666671875 0.3253677078125 0.2298476859375 0.3241421875 0.2347495375 0.3238356765625 0.2393791671875 0.3209252609375 0.2456425921875 0.32046562500000003 0.2538125 0.31816796875 0.3556643515625 0.3193934890625 0.3624726859375 0.32199765625 0.36819166718749996 0.3258270828125 0.373366203125 0.3295036453125 0.37581712968750003 0.3344057296875 0.37690648125 0.33884791718749996 0.376633796875 0.34359687499999997 0.37200416718749996 0.34712005156250003 0.3662851859375 0.3492645828125 0.3597495375 0.3501838546875 0.3507625 0.3543197921875 0.25054444375 0.359375 0.2393791671875 0.4365809890625 0.2023421296875 0.35523906250000004 0.43981481406249995 0.3561580734375 0.4447166671875 0.3547794265625 0.4507078703125 0.35340078125 0.4558824078125 0.3529411453125 0.4621458328125 0.35068359375 0.4538773140625 0.3441731765625 0.46834490781250004 0.3287109375 0.487152778125 0.3148763015625 0.5045138890625 0.30185546875 0.51898148125 0.28722421875 0.5356754625 0.2994140625 0.553703703125 0.3295247390625 0.6130208328125 0.3092830734375 0.6941722218749999 0.29901953125 0.7282134265625 0.30438125 0.73284305625 0.3059130203125 0.727941203125 0.3370098953125 0.766884721875 0.38036145781249997 0.8238018515625001 0.42922786406249996 0.877178703125 0.43305755156250003 0.8951523140625 0.43933828124999996 0.9180282406250001
4 0.1130515625 0.000272221875 0.10968125 0 0.1315869796875 0.0471134265625 0.20496328125000002 0.2080611109375 0.2757354171875 0.3613833328125 0.28890937499999997 0.39215694375 0.33115234375 0.48570601875 0.33603515625 0.47991898125 0.23835781250000002 0.2734203703125 0.1688111984375 0.12145972187500001 0.1130515625 0.000272221875
4 0.3583026046875 0.4300111109375 0.3609067703125 0.421840740625 0.34175859375 0.375 0.33624375 0.378540278125 0.3583026046875 0.4300111109375
4 0.3910846359375 0.33523981406250003 0.3944546875 0.3240740734375 0.3583026046875 0.24183009218749998 0.35493255156250003 0.250272221875 0.3910846359375 0.33523981406250003
4 0.1613052078125 0 0.23054531250000002 0.1484203703125 0.31816796875 0.3379629625 0.31862734375 0.32625277812500003 0.2018994796875 0.07843148125 0.16605390625 0.000272221875 0.1613052078125 0
4 0.3308822921875 0.1949888890625 0.33425234375 0.1851851859375 0.3003981765625 0.10974953750000001 0.29488359375 0.1124726859375 0.3308822921875 0.1949888890625
4 0.24192708281250003 0 0.2734375 0.0661763890625 0.27374375 0.0514703703125 0.24954036406250002 0 0.24192708281250003 0
4 0.9997395828125001 0.2101851859375 0.9635416671874999 0.134259259375 0.9005820312499999 0.000272221875 0.8965992187499999 0.000272221875 0.9183518234375001 0.0471134265625 0.9997395828125001 0.21851851875 0.9997395828125001 0.2101851859375
4 0.9993872390625 0.54901944375 0.9997395828125001 0.5425925921875 0.8658088546875 0.2524509265625 0.7941177078125 0.0961328703125 0.7680760421875 0.0383986109375 0.7625611984375 0.0403050921875 0.8414520828125 0.2094226859375 0.9148283859375 0.3665578703125 0.9993872390625 0.54901944375
4 0.9557291671874999 0.8248912031250001 0.9996937499999999 0.9193898140625001 0.9995403640625 0.9125814812499999 0.9103859375000001 0.7208606484375 0.8480393234375001 0.58605648125 0.7763479171875 0.43164490781250003 0.7417278640625 0.3575708328125 0.74387265625 0.36737453750000004 0.8227635421875 0.53894351875 0.8814338546875 0.6653050921875 0.9557291671874999 0.8248912031250001
4 0.6640625 0.94825694375 0.6611520828125 0.9542481484374999 0.68137265625 0.9991828703125 0.6867341140625001 0.99945555625 0.6640625 0.94825694375