4 0.6554724515625 1 0.68035329375 0.9487374921875 0.6824887078125 0.948898915625 0.6853882109375 0.9452864625 0.6875232546875 0.9470898578125 0.730246425 0.9152861531250001 0.829863325 0.8918884921875 0.8356520328125001 0.9123059703124999 0.8423658234375001 0.9073398546875 0.8362749390625 0.87896220625 0.827142534375 0.826816696875 0.830499928125 0.8226912171875 0.821052121875 0.7978914406250001 0.81313526875 0.7576067937500001 0.8152720921875 0.7547574515625 0.8222078140625 0.7471941328125 0.8278846453125001 0.7359910937499999 0.835991390625 0.72787978125 0.8424785671875 0.716738 0.8522076609375 0.7043872640625 0.859504621875 0.69476071875 0.8620811296875001 0.6881594953125 0.86243864375 0.6834486125 0.8589287640625001 0.674853621875 0.8254958312499999 0.6253048640625 0.7655750015625 0.50445348125 0.7624373359375001 0.5022458015625 0.7575598078125 0.4928449421875 0.758476478125 0.48880854375 0.763055015625 0.4825861984375 0.750862325 0.4551156984375 0.7321345015625 0.364747828125 0.7345768984375 0.3602795875 0.7266542421875 0.3358691609375 0.705184196875 0.23653589843749998 0.708695109375 0.229685203125 0.758480821875 0.0782615453125 0.7630562249999999 0.0802498796875 0.76793783125 0.0789764359375 0.7705324921875001 0.0750673515625 0.7762048140625 0.05777861250000001 0.599818928125 0.0288689296875 0.3975844 0.0136902625 0.320482065625 0.23126629687500003 0.3247504296875 0.2387055234375 0.3235282390625 0.24353959062500002 0.323221253125 0.248169253125 0.32032080937499996 0.254244865625 0.3198599921875 0.26242095 0.3175330078125 0.36460816875 0.318750703125 0.3715427296875 0.3213416 0.377486275 0.3251527546875 0.3829748859375 0.3288127421875 0.3857147890625 0.33369356250000004 0.38717856875 0.3381169640625 0.387238896875 0.342847503125 0.382943628125 0.34635789375 0.3774613015625 0.34849581406249996 0.3710544609375 0.3494146265625 0.362091765625 0.35357145 0.2616848671875 0.3586094453125 0.250844384375 0.4355013328125 0.219433984375 0.35441415 0.45196903906249997 0.35532737187499996 0.45696453125 0.35395228749999996 0.4628818609375 0.35257751718749997 0.46797845000000005 0.35211743281249996 0.4742385359375 0.34987265624999997 0.4657588203125 0.34338436875 0.47980856406249994 0.3279806640625 0.49754641875 0.31419819531250004 0.5139528078125 0.3012271796875 0.527512496875 0.29276920781250004 0.5366090921875 0.2916720421875 0.551066184375 0.29878282500000003 0.5622242375 0.3287426859375 0.6241039078124999 0.3085559453125 0.704136665625 0.29832298125 0.7375752015625 0.3036601203125 0.742631525 0.30518726093750004 0.737820509375 0.3361369421875 0.7792991218750001 0.379282303125 0.839763490625 0.42792041249999996 0.897085025 0.4317269140625 0.9154366078124999 0.43797215312500004 0.9388994671875001 0.4485196828125 0.9973668171875 0.4767692015625 1 0.6554724515625 1
4 0.241794090625 0.1875045703125 0.32542734218749997 0.340781 0.341189303125 0.37155799843750004 0.3690456875 0.4235675609375 0.36985278906249996 0.41293257812500006 0.2806504203125 0.25280495625 0.1983530671875 0.10088240781249999 0.1439129421875 0.0008372609375 0.140760615625 0.000818921875 0.15491114374999998 0.0265937828125 0.241794090625 0.1875045703125
4 0.3577353046875 0.3653122109375 0.3655667234375 0.4073796703125 0.367321165625 0.38426182343750004 0.3638513171875 0.3638112859375 0.3577353046875 0.3653122109375
4 0.3730469703125 0.24330485937500002 0.4179490640625 0.3167674875 0.4189322625 0.3038121265625 0.37532117343750004 0.23442346249999998 0.3730469703125 0.24330485937500002
4 0.3458841546875 0.2738795578125 0.34663286875 0.26401391875 0.2394010296875 0.054449764062499996 0.2128616703125 0.00123839375 0.20830956875 0.001211909375 0.2701857734375 0.1232584796875 0.3458841546875 0.2738795578125
4 0.36652146406249997 0.167358415625 0.330617915625 0.0976059015625 0.3252461734375 0.10060931875000001 0.364836684375 0.179547890625 0.365591053125 0.17961820625 0.36652146406249997 0.167358415625
4 0.3133013390625 0.041568978125 0.31425876875 0.0289531703125 0.302399696875 0.001759309375 0.29522990312499997 0.001717596875 0.3128028375 0.0415225109375 0.3133013390625 0.041568978125
4 1 0.252887490625 0.9872575593749999 0.17971564375 0.9644954609375 0.044297434375 0.9606597750000001 0.043939903125 0.9675836656250001 0.08636101093750001 0.9987052375 0.2668336046875 0.99918645625 0.266878459375 1 0.2561586046875 1 0.252887490625
4 1 0.5145538890625 0.8893647046875 0.296162525 0.809872015625 0.1383354375 0.780946965625 0.08004871875 0.775556215625 0.08190213125 0.8628814171875 0.2526671921875 0.94409410625 0.4113339546875 1 0.5213015859375 1 0.5145538890625
4 0.7231172890625001 0.398621825 0.7261198515625 0.408144271875 0.820010321875 0.5704721671875 0.8897277546875 0.6899684421875001 0.977974778125 0.8408633999999999 0.9818044968749999 0.8474157874999999 0.9821742109375 0.842544146875 0.9235358687499999 0.7421759015625 0.849403971875 0.6146702796875 0.7642131796875 0.4686477 0.7231172890625001 0.398621825
4 0.648036490625 1 0.631928078125 0.9644481796875001 0.6289672171875 0.9705284203125 0.6425444046875 1 0.648036490625 1