1 0.62686906875 0.19027898593749998 0.5237773531250001 0.198919959375 0.4598598015625 0.23792185937500002 0.4601763265625 0.2397641609375 0.7993570390625 0.239412465625 0.933769428125 0.211087553125 0.9302840578125 0.1761618796875 0.9295909703125 0.17165025625000002 0.9228887203125 0.1326405234375 0.883792425 0.11778472656250001 0.8586488859375001 0.134383334375 0.8240786796874999 0.122663934375 0.7110547406250001 0.16488124531249998 0.6942669203125 0.1577126328125 0.62686906875 0.19027898593749998
1 0.965440296875 0.36278258750000003 0.9656177453125 0.3627451921875 0.9478452171875 0.2593020765625 0.8616749296874999 0.25854283125 0.8574496937499999 0.2769000875 0.9122486578125001 0.297194815625 0.904641225 0.326432440625 0.965440296875 0.36278258750000003
1 0.71609501875 0.784327428125 0.8139410296875 0.6700119359375 0.8133041562500001 0.666305084375 0.734181471875 0.6203615171875 0.7321204406249999 0.620795840625 0.65290443125 0.7291079796875 0.65517135 0.74230233125 0.7140237046875 0.78476391875 0.71609501875 0.784327428125
1 0.7144920953125 0.8070904609375 0.613016834375 0.7447443671875 0.5447142640625 0.8364519921875001 0.6043249421875 0.8949838890624999 0.614356703125 0.89286988125 0.7161022078125 0.8164619515625 0.7144920953125 0.8070904609375
1 0.5729180781250001 0.922125353125 0.5082445796874999 0.837135128125 0.3966753953125 0.88051851875 0.44389485000000006 0.9842207265624999 0.4577551125 0.9812999343750001 0.5734030984375 0.924948359375 0.5729180781250001 0.922125353125
1 0.38703509375 0.8489196187499999 0.39131683125 0.848017321875 0.482057325 0.787352375 0.4839576890625 0.7669448765625 0.48278482343749995 0.760118334375 0.419546378125 0.651992378125 0.41510919218750003 0.65292743125 0.3562875578125 0.7130807203125 0.3247515640625 0.7710178890625 0.32521939375 0.7737408359375 0.38703509375 0.8489196187499999
1 0.5148633078125 0.7982268359375 0.57975196875 0.7480578984374999 0.5786677046875 0.7417470515625 0.560610709375 0.6914104937500001 0.512408034375 0.620209740625 0.4830604015625 0.6298436140625 0.496144546875 0.7087811703125 0.5116292703124999 0.7989083499999999 0.5148633078125 0.7982268359375
1 0.28121359687499997 0.7171208578125 0.29308349218749996 0.7372718359375 0.3171940640625 0.73219098125 0.33124858437500004 0.7221314015625 0.39170680468749997 0.6793185828125 0.42043135625000005 0.6668252296875 0.412256765625 0.6192458921874999 0.174108225 0.30296032500000003 0.0518049546875 0.32766021562500003 0.1860915234375 0.5522359484375 0.18515380312500002 0.5749571812500001 0.22996437812499998 0.6628704984375 0.28121359687499997 0.7171208578125
1 0.49120180468749997 0 0.3662624046875 0.017818259375 0.358192596875 0.018975625 0.1840798359375 0.055666653125 0.1509034125 0.13182784218750002 0.15242198125 0.1406665125 0.2917320578125 0.16426055312500001 0.2938844125 0.16380698437500002 0.4138556359375 0.066775253125 0.44543381249999997 0.066466396875 0.46332077343750006 0.04817753125 0.4995770046875 0.051132846875000006 0.517829128125 0.029690484375 0.5816129375 0.054466614062499995 0.61243821875 0.0529289109375 0.6239970875 0.029340353125000003 0.62375039375 0.02790449375 0.5663508171875 0 0.49120180468749997 0
1 0 0.6821043203125 0.001319321875 0.6897832937499999 0.064627578125 0.7549966890625 0.12896135625 0.849458375 0.1292723109375 0.8493928468749999 0.1528785328125 0.802298296875 0.1528569171875 0.7458034625 0.151384146875 0.737231353125 0.1326460953125 0.685207753125 0.1197585828125 0.65724194375 0.0871174859375 0.6180914125 0.08151006875 0.5741790796874999 0.0854109546875 0.5390839421875 0.035504010937500004 0.5738105484375 0.026590070312500002 0.5526429765625 0.054900690625000005 0.51658856875 0.06291273124999999 0.46261043125 0 0.400766090625 0 0.6821043203125
1 0.8424212359375 0.9287451328125 0.86011486875 0.8922741640625 0.85975596875 0.8901852296874999 0.7442438484375 0.8265508515625 0.570070096875 0.9475674812499999 0.48879339374999997 0.99153593125 0.48937686718749995 0.9949319750000001 0.5818682046875 0.9836518421875 0.8424212359375 0.9287451328125
1 0.262372840625 0.294489778125 0.23412770156249998 0.267685959375 0.21385175312500002 0.2566130125 0.20999210937499999 0.2574263609375 0.17239505625 0.30093495312499996 0.173506596875 0.307404559375 0.41085372500000006 0.587342375 0.42044674375 0.5853208234375 0.4581053875 0.57146846875 0.509455803125 0.51925285625 0.5322074390625 0.525497028125 0.5427005031250001 0.5138087 0.5425652859375 0.5130216937500001 0.42633442656250004 0.4674913921875 0.45162638906249997 0.4363258 0.44817708281249996 0.41404281249999997 0.41811729062499997 0.3608376203125 0.36369368125 0.31923230625 0.262372840625 0.294489778125
1 0.88392829375 0.828144225 0.9358057125 0.6497700421875 0.9353595312499999 0.61431724375 0.9329664125000001 0.6003883515624999 0.9321778734375 0.5987277203125 0.9026859593750001 0.6304767250000001 0.9049327953124999 0.6912306593750001 0.8769516968750001 0.8045987984374999 0.88109945 0.8287403515625 0.88392829375 0.828144225
1 0.8827689984375 0.6801211828125 0.8825000390625 0.6785557453125 0.7508747734375001 0.786413509375 0.7512087734375 0.788357525 0.820301328125 0.8320502812499999 0.8287279953125 0.8302745171874999 0.8774574140625001 0.719305446875 0.8827689984375 0.6801211828125
1 0.6421581625 0.6371120453125 0.6385464546875 0.6160904875 0.5786169484375 0.5760912296875 0.573443203125 0.5771815 0.5159458953125 0.6203305593749999 0.6251880515625 0.694209715625 0.6266608421875 0.6938993531250001 0.6421581625 0.6371120453125
1 0.6806736796874999 0.3388562453125 0.6941803640625 0.3360099640625 0.7108787203125 0.321182259375 0.7086165890625 0.308015771875 0.6658107625 0.263981653125 0.57958293125 0.2529298875 0.576384928125 0.303717665625 0.6105304125 0.32148075781249996 0.6289643390624999 0.3081227421875 0.6806736796874999 0.3388562453125
1 0.14653696875 0.1046788625 0.1440133125 0.0899901828125 0.13221164531250001 0.06654431875 0.1159054625 0.06998054375 0.09544871875 0.140354903125 0.1171905234375 0.1361106140625 0.139353971875 0.1314400796875 0.14653696875 0.1046788625
1 0.0372482015625 0.2939054546875 0.055487465624999996 0.2848481953125 0.1620127 0.2598364796875 0.158052190625 0.23678475 0.1224826265625 0.21914651875 0.109056359375 0.1837070328125 0.0879478828125 0.182231559375 0.01799014375 0.2901862921875 0.028487106249999998 0.29575169218749997 0.0372482015625 0.2939054546875