1 1 0.215456 0.9632479999999999 0.19248400000000002 0.9361240000000001 0.203772 0.9040279999999999 0.18524000000000002 0.786976 0.20404399999999998 0.771612 0.193588 0.7007 0.212088 0.598428 0.199796 0.526716 0.226552 1 0.323588 1 0.215456
1 1 0.361192 0.913032 0.3426 0.904612 0.35993200000000003 0.952576 0.390792 0.93832 0.41822400000000004 1 0.47742000000000007 1 0.361192
1 0.726232 0.673016 0.631812 0.770664 0.695724 0.832924 0.805372 0.7377279999999999 0.726232 0.673016
1 0.502324 0.8480679999999999 0.551644 0.917756 0.67992 0.8452 0.58638 0.764248 0.502324 0.8480679999999999
1 0.35182 0.865788 0.393376 0.9777480000000001 0.526056 0.929136 0.465608 0.8347960000000001 0.35182 0.865788
1 0.458284 0.777468 0.42779999999999996 0.644956 0.351784 0.6819040000000001 0.304852 0.726132 0.343236 0.824376 0.44924400000000003 0.799988 0.458284 0.777468
1 0.49446 0.625588 0.465808 0.63678 0.50012 0.8079639999999999 0.566608 0.750456 0.54472 0.69502 0.49446 0.625588
1 0.271428 0.664408 0.285244 0.6942079999999999 0.320048 0.6711159999999999 0.383536 0.629432 0.43426 0.60906 0.20648 0.23900000000000002 0.084052 0.260248 0.194064 0.49336399999999997 0.19094 0.5164839999999999 0.226392 0.6074919999999999 0.271428 0.664408
1 0.511648 0.07282 0.544072 0.07569200000000001 0.5613400000000001 0.059508000000000005 0.598768 0.06606 0.61622 0.046812 0.683252 0.077588 0.714828 0.079176 0.725744 0.056152 0.6462559999999999 0.012636 0.45978399999999997 0.019896 0.382728 0.022955999999999997 0.287704 0.00772 0.242348 0.117848 0.393456 0.156744 0.511648 0.07282
1 0 0.565976 0.005272000000000001 0.573776 0.060932 0.667284 0.106088 0.779392 0.137928 0.740712 0.149176 0.681428 0.13991199999999998 0.6206039999999999 0.13255999999999998 0.589412 0.108084 0.541204 0.110752 0.496776 0.121028 0.46387600000000007 0.066124 0.48210800000000004 0.061376 0.45876 0.09554399999999999 0.43251999999999996 0.113304 0.382544 0.056923999999999995 0.292136 0 0.37348400000000004 0 0.479552 0.0033759999999999997 0.5029399999999999 0 0.514444 0 0.565976
1 0.7827200000000001 1 0.8152760000000001 0.9415720000000001 0.700952 0.8636799999999999 0.5225 0.962744 0.431236 1 0.7827200000000001 1
1 0.42699600000000004 0.310044 0.32873600000000003 0.256488 0.303436 0.22206399999999998 0.282404 0.203584 0.236024 0.23862 0.446616 0.58766 0.494472 0.584384 0.551076 0.5481119999999999 0.573068 0.5608120000000001 0.5852839999999999 0.5520120000000001 0.473772 0.473364 0.502224 0.450164 0.501132 0.427344 0.4768 0.36654 0.42699600000000004 0.310044
1 0.9397840000000001 0.701208 0.938368 0.694052 0.9026 0.7161959999999999 0.8904159999999999 0.775732 0.824136 0.901516 0.83758 0.9029400000000001 0.9298 0.74458 0.9397840000000001 0.701208
1 0.722724 0.8493040000000001 0.799032 0.8997040000000001 0.849944 0.784064 0.855488 0.742888 0.722724 0.8493040000000001
1 0.520644 0.614552 0.5913999999999999 0.726728 0.639004 0.6662399999999999 0.594024 0.595892 0.520644 0.614552
1 0.7266 0.379996 0.759144 0.35519599999999996 0.716404 0.29882 0.633476 0.281852 0.623628 0.333224 0.6546960000000001 0.35354 0.674504 0.3412 0.7266 0.379996
1 0.218756 0 0.180104 0.06368399999999999 0.224004 0.070008 0.24081999999999998 0.040884 0.23235999999999998 0 0.218756 0
1 0.232796 0.179696 0.23246000000000003 0.159688 0.191512 0.140012 0.177964 0.10445199999999999 0.157112 0.103508 0.088936 0.214724 0.10176400000000001 0.22133600000000003 0.125912 0.208336 0.232796 0.179696