1 0.5812905765624999 0.3821294734375 0.5817131859375 0.3801732703125 0.5308278140625 0.19441824375 0.2939500421875 0.26887618281250003 0.2908978734375 0.2830042421875 0.3688405015625 0.47078186093749996 0.3833510203125 0.47319551562499995 0.5812905765624999 0.3821294734375
1 0.60876894375 0.4330483390625 0.51787444375 0.4840007359375 0.533584290625 0.5253935203125 0.5456963390625 0.5274082203125 0.9074680890625 0.380235353125 0.9078351937500001 0.3785360796875 0.8744354765625 0.2778712765625 0.8956355328125 0.2562479078125 0.8050978234375 0.1555508296875 0.5525734250000001 0.2234083890625 0.5523753218749999 0.224325384375 0.60876894375 0.4330483390625
1 0.755215534375 0.55062544375 0.726522609375 0.44264960625 0.517003621875 0.534907634375 0.5505888734375 0.6146488406249999 0.5529235953125 0.61503719375 0.7551479265625 0.55093839375 0.755215534375 0.55062544375
1 0.93203553125 0.755337709375 0.9574724109374999 0.6611777109375 0.9616625031250001 0.6417823671875 0.883612034375 0.391645321875 0.73102604375 0.4786220515625 0.7280159 0.492555578125 0.8189813984375001 0.78573204375 0.8475797453125 0.7904890484375 0.93203553125 0.755337709375
1 0.2257188625 0.5125955828125 0.3334796265625 0.4824405984375 0.33475964999999996 0.47651555312499994 0.309367265625 0.3266583609375 0.25625420781249997 0.3286240421875 0.24646516875 0.2622499875 0.15610508750000002 0.2791022078125 0.20463970312500002 0.5090893078125001 0.2257188625 0.5125955828125
1 0.190778821875 0.5061359171875 0.1911249484375 0.5045337437499999 0.1305309984375 0.33662386718750004 0.037870190625 0.3634801359375 0.037219925 0.366490125 0.10204525 0.543239790625 0.1036573796875 0.54350795 0.190778821875 0.5061359171875
1 0.3231840265625 0.6252584703124999 0.3277661328125 0.604048546875 0.311794665625 0.53342398125 0.2797911046875 0.5281005609375 0.0306193328125 0.5908206625 0.041231628125 0.6723673328124999 0.042249524999999996 0.672536646875 0.3231840265625 0.6252584703124999
1 0.5112835765625 0.5890608078125 0.51159941875 0.587598815625 0.46781599687500003 0.45419909374999995 0.3151766015625 0.5243002531250001 0.3149795109375 0.525212553125 0.35423187343749996 0.6284015203125 0.36365654375 0.6299692046875001 0.5112835765625 0.5890608078125
1 0.348920315625 0 0.08613044375 0.0738252109375 0.080371115625 0.101239259375 0.0778422046875 0.12195675624999999 0.07928354843749999 0.12705006875 0.0770244125 0.12865632656249998 0.058324175 0.2818534453125 0.061695057812499995 0.2900515625 0.067022090625 0.2909376546875 0.5228382203125 0.1622521015625 0.5244411171875 0.1548325203125 0.47165257031249996 0 0.348920315625 0
1 0.4819264109375 0 0.47783940156250004 0.002034371875 0.5782712562500001 0.179116984375 0.5812312609375 0.17960934687500002 0.7424663015624999 0.09723452031249999 0.7465496093749999 0.0783334703125 0.7110214953125 0 0.4819264109375 0
1 0.5836600093750001 0.8378173453125 0.78242603125 0.7540753125 0.7830562984375 0.7511578875 0.7348219859375 0.5779271406250001 0.724115715625 0.5761462749999999 0.5415480015624999 0.6533039875 0.5403452828125 0.6588712 0.5814032859375 0.837441965625 0.5836600093750001 0.8378173453125
1 0.5118305296875 0.8768101984375001 0.3764838640625 0.8155030671875 0.2541961171875 0.79830711875 0.24552284375000002 0.9075115078125 0.3728280390625 0.957996034375 0.45466824843750003 0.9716092062499999 0.5861479421875 0.9631836046875 0.579281965625 0.895920971875 0.5118305296875 0.8768101984375001
1 0.9470605640624999 0.10912644687499999 0.9423382703125001 0.038648401562500004 0.9007356906249999 0.0281045890625 0.803660734375 0.0053423953125 0.802681609375 0.0051795296875 0.8089978984374999 0.11666442031249999 0.824112715625 0.1191785953125 0.9469908312499999 0.1094492296875 0.9470605640624999 0.10912644687499999
1 0.2315515359375 0.910330928125 0.23405364374999998 0.898749021875 0.21003622656249998 0.81246334375 0.2083717921875 0.812186484375 0.0578513890625 0.8630122296874999 0.0775906953125 0.9072862234375 0.144732625 0.9184545046875 0.2315515359375 0.910330928125
1 1 0.46460131718750003 0.9811664171875 0.3784558453125 0.9271672296875 0.3924935078125 0.9262418640625001 0.3967768921875 0.9666076703125001 0.581416984375 0.96952661875 0.58190251875 0.9920003734374999 0.5086727171875001 0.9959975984374999 0.49017012031249996 1 0.4655409234375 1 0.46460131718750003
1 0.3724698671875 0.7971391031249999 0.52426226875 0.8510676140625 0.536050834375 0.7965000046874999 0.529164684375 0.65139166875 0.46091226250000006 0.6400386703125001 0.053897210937499995 0.6756214640625 0.06392376093749999 0.78017416875 0.071732190625 0.7814730125 0.3724698671875 0.7971391031249999
1 0.9545075015625001 0.3473322890625 0.9781099859375001 0.346047003125 0.9785527187499999 0.34399765625 0.9560575578125 0.1239312609375 0.8571290062499999 0.14295550625 0.8566063671874999 0.145374721875 0.9592430265624999 0.2725738109375 0.9511541546875 0.3467745 0.9545075015625001 0.3473322890625