1 0.25817999999999997 0.31397200000000003 0.361588 0.5199360000000001 0.562504 0.42068000000000005 0.49528 0.234024 0.25817999999999997 0.31397200000000003
1 0.880888 0.34493999999999997 0.839268 0.248048 0.8591599999999999 0.22492 0.760276 0.134516 0.509228 0.22424400000000003 0.581636 0.4244 0.49333600000000005 0.48263999999999996 0.514964 0.527452 0.880888 0.34493999999999997
1 0.523108 0.548672 0.564592 0.627912 0.7628199999999999 0.556244 0.724024 0.449416 0.523108 0.548672
1 1 0.627704 0.90298 0.35637599999999997 0.747464 0.447056 0.8596959999999999 0.762496 1 0.702948 1 0.627704
1 0.217056 0.59312 0.335032 0.525704 0.27178399999999997 0.384 0.220152 0.399392 0.19452799999999998 0.338408 0.109948 0.37751199999999996 0.217056 0.59312
1 0.11377200000000001 0.43358800000000003 0.02356 0.46379200000000004 0.11200000000000002 0.6423 0.19584 0.601264 0.11377200000000001 0.43358800000000003
1 0.356292 0.6791 0.306956 0.585168 0.053064 0.713612 0.08461199999999999 0.7900280000000001 0.356292 0.6791
1 0.325952 0.5712360000000001 0.37706 0.6755519999999999 0.529736 0.6235839999999999 0.47286 0.49271200000000004 0.325952 0.5712360000000001
1 0 0.372344 0.005516 0.382192 0.45376000000000005 0.21234000000000003 0.36452 0.027667999999999998 0 0.165252 0 0.21262799999999998 0.002064 0.217536 0 0.21932000000000001 0 0.372344
1 0.43492 0 0.384052 0.019528 0.473788 0.206864 0.652432 0.136076 0.601396 0 0.43492 0
1 0.584156 0.655812 0.6429199999999999 0.843496 0.8355159999999999 0.7629279999999999 0.769036 0.578204 0.584156 0.655812
1 0.564192 1 0.694324 0.95434 0.651808 0.866644 0.581488 0.8737199999999999 0.432712 0.866648 0.311056 0.8956440000000001 0.339332 1 0.564192 1
1 0.693056 0 0.7310679999999999 0.110316 0.862528 0.066496 0.83884 0 0.693056 0
1 0.3176 1 0.29488400000000003 0.8996359999999999 0.140884 0.9366199999999999 0.165212 1 0.3176 1
1 1 0.41886 0.967376 0.333872 0.9145559999999999 0.351932 1 0.574524 1 0.41886
1 0.136596 0.913924 0.43880800000000003 0.842176 0.617104 0.851192 0.5398080000000001 0.644064 0.094976 0.817032 0.136596 0.913924
1 0.916112 0.237208 0.927952 0.312072 0.954684 0.30688 0.8736280000000001 0.091324 0.779728 0.12399199999999999 0.916112 0.237208