4 0.6448013703125001 0.722894546875 0.6464482296875 0.7109400078125 0.6470703453125 0.695009475 0.6537731359375 0.6651083421874999 0.6609519984375 0.643167746875 0.669445240625 0.6244052109375 0.6788377484375 0.605637534375 0.6884532671875 0.5896555578125 0.7000314703125 0.56888421875 0.7101004828125 0.5473256921874999 0.7184985953125 0.5269706796875 0.7253919843750001 0.5002535781249999 0.7349956140625 0.45679817656250005 0.7382893328125 0.43288910156249993 0.7410563671875 0.42650257500000005 0.744540428125 0.40577753124999993 0.7417983796875001 0.37871739843749996 0.7370181390625 0.3711796203125 0.7474942421875 0.363952725 0.7567517390625 0.3109430234375 0.7596014515625 0.3228718421875 0.7655141000000001 0.3192543015625 0.7656152359374999 0.31248488750000003 0.76259930625 0.30812213437499997 0.76723385 0.2953542328125 0.7630634921875 0.2886092453125 0.7724998734375 0.264672434375 0.7730277546875 0.2593334515625 0.7408683328125 0.246529678125 0.7329909406249999 0.257723571875 0.7216072062500001 0.27610496093750003 0.712242946875 0.3000487578125 0.7122304546875 0.31677208437500004 0.650072959375 0.3266834140625 0.6524969078125 0.2195616328125 0.675070475 0.1409925109375 0.6735981625 0.13423209375 0.6809085125000001 0.1079107453125 0.6796286046875 0.10154736718749999 0.6790856078124999 0.0971709328125 0.677167865625 0.084838184375 0.6766572796875 0.0800634265625 0.67280484375 0.07769615937499999 0.6742854828125 0.0733076921875 0.67512615 0.06573776406250001 0.672239865625 0.059781714062500005 0.67243905 0.0502555515625 0.664010578125 0.0497628984375 0.6613203546875 0.0586497484375 0.65601759375 0.0630600765625 0.6536657140625 0.072629346875 0.6544311281249999 0.079792409375 0.6573195171874999 0.082961009375 0.6504772953125 0.0841945625 0.644503990625 0.083034309375 0.6351867 0.087069459375 0.63138865625 0.0978418828125 0.6245873890625 0.2173319609375 0.6218459000000001 0.2758788125 0.60348013125 0.31102339375 0.5803904296875 0.348981509375 0.5541354578125001 0.367845634375 0.515037065625 0.41638705 0.513251171875 0.4344495359375 0.5355666343750001 0.416529053125 0.5471932640625 0.417258834375 0.5646474953125 0.3988431859375 0.5844679796875 0.3513470265625 0.6204155265625 0.29898094999999997 0.6093360328124999 0.6008587734375 0.5758882812499999 0.6169765984375 0.5601980609375 0.6385677359375 0.561573359375 0.646523590625 0.576604890625 0.6468357546875 0.5926065109375 0.637984234375 0.6084222140625 0.6203742359375 0.5955767140625 0.9823319125 0.644429859375 0.9809104312500001 0.64749915625 0.7228791171875 0.6448013703125001 0.722894546875
4 0.5943118890625 0.9437970046874999 0.5948612718749999 0.938240571875 0.5391516984375 0.9395213281249999 0.3316775375 0.97663466875 0.3588678125 0.9782239718750001 0.4301718765625 0.965759665625 0.537417190625 0.9454132203125001 0.5943118890625 0.9437970046874999
4 0 0.7022756718750001 0.14591538125 0.664216421875 0.29084893749999996 0.6258259703125 0.438784290625 0.585803959375 0.605835784375 0.54252368125 0.6063218328125 0.5376077968749999 0.36351956093750004 0.6022373203125 0.2035189515625 0.6451920609374999 0 0.6976916484375 0 0.7022756718750001
4 0.47642972656250004 0.26955177343750003 0.4764458734375 0.2693884578125 0.45213163281249996 0.26796726249999997 0.31559359531250003 0.28838331250000004 0.009241503125 0.328426859375 0.0089351390625 0.3315254328125 0.0157088234375 0.33192136250000004 0.19405308125 0.30905715312500004 0.42602977500000005 0.2764780671875 0.47642972656250004 0.26955177343750003
4 0.6439550265625 0.1679145390625 0.6462849640624999 0.16505702656250001 0.64652504375 0.1626288765625 0.5802166203125 0.1596950265625 0.3244045 0.14696299375 0.0289416140625 0.1291802875 0.028376056249999997 0.1349003328125 0.120128846875 0.1402633890625 0.1890658125 0.14359160937499998 0.4476816765625 0.1586570109375 0.6439550265625 0.1679145390625
4 0.4453500953125 0.1106173453125 0.2539435421875 0.091610015625 0.0348759625 0.069160378125 0.0346553484375 0.0713916796875 0.034458932812499996 0.0742072140625 0.1290374578125 0.084396890625 0.3317888484375 0.1039795625 0.4453500953125 0.1106173453125
4 0.684932259375 0.090535478125 0.684964865625 0.0916628625 0.7570982859375001 0.09587914374999999 0.6851592203125 0.0882399890625 0.684932259375 0.090535478125
4 0.6893886609375001 0.13115981875 0.7068289953125 0.132179228125 0.8563467640625 0.1267425125 0.998250915625 0.1212188578125 0.9983167671875 0.11555958125000002 0.68845970625 0.1261908296875 0.6893886609375001 0.13115981875
4 0.6660142890625 0.25730141406249996 0.72033004375 0.2805046953125 0.7320653328125 0.2811906359375 0.6665483171875 0.251695471875 0.6660142890625 0.25730141406249996
4 0.7901282484375 0.2594970875 0.7874332578125001 0.262857915625 0.9956233828125001 0.34702855781249997 0.9956822031250001 0.34197357031250003 0.7903461843749999 0.25951110625 0.7901282484375 0.2594970875
4 0.8921722203125 0.563648203125 0.7356772625 0.583824103125 0.7361158156250001 0.5874867703125 0.7376898828125 0.5875787765625 0.9116999531250001 0.5651303921874999 0.9117334515625 0.5647915796875 0.8921722203125 0.563648203125
4 0.7871774484375 0.9387506140624999 0.7871797125 0.9387277031249999 0.677209184375 0.9322998015625 0.6456934828125 0.93476444375 0.6455494015625 0.940047103125 0.6520848406249999 0.9404291062500001 0.69652634375 0.9360687109375 0.7871774484375 0.9387506140624999