4 0.6795528640625 0.7223819437500001 0.6788794265625 0.7064175921875 0.6831447921875 0.676484721875 0.6885328125 0.654533796875 0.6954921875 0.6357759265625 0.7033494796875 0.61701805625 0.7116559890625 0.6010537031250001 0.7215338546875001 0.5803 0.7298401046875 0.5587486109375 0.736575 0.53839398125 0.7412895828125 0.511653703125 0.7473510421875 0.46815138906250003 0.7486979171875 0.44420509218750004 0.75094296875 0.43781944375000004 0.7527388015625001 0.417065740625 0.7478 0.3899263890625 0.7424119796875 0.38234351875 0.7522898437500001 0.375159721875 0.7572289062500001 0.322078703125 0.7610453125000001 0.3340518515625 0.7666578125 0.330459721875 0.7662085937499999 0.323675 0.7628411453124999 0.319284721875 0.7664330734375 0.30651342656249997 0.76171875 0.299728703125 0.7706986984374999 0.27099305625 0.7361260421875 0.25742314843749997 0.7291666671875 0.2685981484375 0.7192888015625 0.2869574078125 0.71188046875 0.31090370312500004 0.7132273437500001 0.327666203125 0.6519395828125 0.33724444375 0.6456536453124999 0.22988518593750001 0.6618174484375 0.1512611109375 0.6597971359375 0.1444763890625 0.6649604171875 0.11813518593750001 0.6631645828125 0.11174953750000001 0.66226640625 0.10735972187500001 0.6593481765625 0.09498703750000001 0.65845 0.0901981484375 0.6544091140625 0.087803240625 0.6555315109375 0.08341296249999999 0.6557559890625 0.0758300921875 0.6523885421875 0.06984351875 0.6517151046875 0.058668518749999995 0.6438578125000001 0.057471296875 0.64138828125 0.068646296875 0.6364494796875 0.0730365734375 0.6348778640625 0.0826148140625 0.6362247390625 0.0897990734375 0.6393677078125 0.0929916671875 0.6326328125 0.0941888890625 0.6265713546875 0.0929916671875 0.6175916671875 0.0969828703125 0.6146731765625 0.107758796875 0.6175916671875 0.22749027812499997 0.6196119796875 0.286158796875 0.6041218749999999 0.32128055624999996 0.58414140625 0.35919537031250004 0.559446875 0.377953240625 0.520384375 0.4318328703125 0.5174658859375 0.4458013890625 0.5206088546875 0.4473976859375 0.5448544265625 0.42664444375 0.5565283859375 0.4274425921875 0.5724677078125 0.40908379687499996 0.5884070312499999 0.3615898140625 0.6200609375 0.30930694375 0.6335309890625 0.6118296296875 0.6014278640625 0.62779351875 0.5875088546875 0.6493453703125 0.5895294265625 0.657327778125 0.6045708328125 0.6577268515625 0.6198364578125 0.6489462968749999 0.6342044265625 0.6313856484375 0.6510416671875 0.9995370375 0.6997575515625 0.9969666671875 0.6815731765625 0.7343550921875 0.6788794265625 0.7343550921875 0.6795528640625 0.7223819437500001
4 0.36233828125 0.9993615734375 0.38748203124999997 0.9993615734375 0.48199531249999994 0.9758143515625 0.5893049484375 0.9474777781249999 0.6472252609375 0.9414912031249999 0.6478986984375 0.935903703125 0.5908765625 0.9414912031249999 0.36233828125 0.9993615734375
4 0.0004489578125 0.7124041671875 0.0002244796875 0.71719351875 0.1769036453125 0.67249351875 0.3196838546875 0.6357759265625 0.46538255156249997 0.5974615734375 0.6306125 0.5559546296875 0.6303880203125 0.5511652781249999 0.3910739578125 0.6130268515624999 0.2334770828125 0.654134721875 0.0004489578125 0.7124041671875
4 0.0006734375 0.4038953703125 0.18521015624999998 0.364383796875 0.41015625 0.31329814843750003 0.6187140624999999 0.266602778125 0.6175916671875 0.25941898124999996 0.30239765625000004 0.3340518515625 0.0004489578125 0.39950509218749997 0.0006734375 0.4038953703125
4 0.0006734375 0.2099296296875 0.0008979171875 0.2167143515625 0.1654544265625 0.18598333281249999 0.42093203125 0.140884259375 0.61422421875 0.10456574062499999 0.6169182296875 0.09857916718750001 0.55001796875 0.1113504625 0.2979078125 0.1580458328125 0.0006734375 0.2099296296875
4 0.0004489578125 0.17999675937499998 0 0.1851851859375 0.09967682343749999 0.1672254625 0.3434807296875 0.1205300921875 0.6411638015625 0.0646550921875 0.6425106765625 0.0590675921875 0.5201598953125 0.0826148140625 0.2220276046875 0.13888888906250002 0.0004489578125 0.17999675937499998
4 0.99923671875 0.10855694375 0.7832705734375 0.079821296875 0.6526130203125 0.059865740625 0.6521640625 0.06545324062499999 0.87576328125 0.0969828703125 0.99923671875 0.11414444374999999 0.99923671875 0.10855694375
4 0.9994611984375 0.13809074062499999 0.6597971359375 0.09219351875000001 0.66024609375 0.098978240625 0.8252515624999999 0.12092916718749999 0.9996856765625 0.143678240625 0.9994611984375 0.13809074062499999
4 0.7255747390625 0.274584721875 0.6478986984375 0.26261157343749997 0.6485721359375 0.2681990734375 0.7231052078125 0.2781768515625 0.7255747390625 0.274584721875
4 0.7684536453125 0.2793740734375 0.7666578125 0.283365278125 0.9994611984375 0.3128990734375 0.99923671875 0.308109721875 0.7684536453125 0.2793740734375
4 0.7493713546875 0.5575509265624999 0.749146875 0.5615421296875 0.9996856765625 0.584690278125 0.9996856765625 0.5806990734374999 0.7493713546875 0.5575509265624999
4 0.9996856765625 0.9518675921875 0.7401669265625 0.9319124999999999 0.6959411453125 0.933109721875 0.6966145828125 0.9394953703125 0.7469018234375 0.9371009265625 0.99923671875 0.9578546296875 0.9996856765625 0.9518675921875