4 0.59633671875 0.9986328703125 0.62797109375 0.9992541671874999 0.6277963546875001 0.9349365734375 0.6405552078125 0.6717625 0.64265234375 0.6695875 0.6464973953125 0.66834444375 0.6508669265625 0.65094444375 0.6430020828125 0.6459731484375 0.6384578125 0.6503231484375 0.6409046875 0.638516203125 0.6437010421875 0.618941203125 0.6464973953125 0.5487199078125 0.6678203125 0.16561018593750002 0.67323828125 0.0003106484375 0.6424776046875 0.000621296875 0.62674765625 0.3175490734375 0.6118916671875 0.3187921296875 0.6115421875 0.47010925937500003 0.6035026046875 0.5033555562500001 0.5993078125 0.5552449078125 0.5965114578125 0.63354444375 0.5856752609375 0.65964444375 0.5855005203125 0.7394976859375 0.5905690109374999 0.7503726859375 0.6050755203125 0.7643550921875 0.59633671875 0.9986328703125
4 0.5744895828125001 0 0.5725671875 0.3007703703125 0.5699455734375001 0.6099305562499999 0.5662752609374999 0.99894351875 0.57134375 0.9992541671874999 0.5723924484375 0.779890740625 0.5744895828125001 0.474459259375 0.5781598953125 0 0.5744895828125001 0
4 0.7454208328124999 0.9986328703125 0.7503145828125 0.9992541671874999 0.7457703125 0.8727939812500001 0.7282927078125 0.33650277812499996 0.7181557296875 0.0003106484375 0.71473828125 0.0012513890624999999 0.7186802078125 0.126771296875 0.7289919265625 0.47476990781249995 0.7454208328124999 0.9986328703125
4 0.64609375 0 0.6482263015624999 0.1707958328125 0.6526145828125001 0.4567486109375 0.6611786453125 0.9992541671874999 0.663975 0.99894351875 0.6545609375 0.41353842656250006 0.6484375 0 0.64609375 0
4 0.6162020828125 0.1420171296875 0.6190174484375001 0.3203203703125 0.6207770828125 0.321571759375 0.6200731765625 0.24336851875 0.61765703125 0.1348370375 0.6162020828125 0.1420171296875
4 0.6148630203125001 0.0773675921875 0.6187080734375 0.08047499999999999 0.6180088546875 0.00093194375 0.6145135421875 0.00093194375 0.6148630203125001 0.0773675921875
4 0.6181838546875 0.0932138890625 0.6146882812500001 0.09041759218749999 0.6152124999999999 0.129878240625 0.6185333328125 0.1214888890625 0.6181838546875 0.0932138890625
4 0.6457630203125 0.056931943750000005 0.6440033859375001 0.053178240625 0.5764122390625 0.240802778125 0.5771395828125 0.24837314843749997 0.6457630203125 0.056931943750000005
4 0.3617869796875 0.7913870375000001 0.31739375000000003 0.9051083328124999 0.27789427031249997 0.9992541671874999 0.2820888015625 0.9986328703125 0.29205130156250003 0.9803009265625 0.40827734375 0.689783796875 0.48762578124999995 0.48719861093750005 0.5729166671875 0.2622421296875 0.5723924484375 0.2541634265625 0.5386604171875 0.3371240734375 0.5141919265625 0.4029953703125 0.45371927031250003 0.5595949078125 0.3617869796875 0.7913870375000001
4 0.8532578125000001 0.46513796249999995 0.84469375 0.326559721875 0.8240703125 0.0003106484375 0.8210989578125 0.00093194375 0.8308864578125 0.1615708328125 0.8534325515625 0.5344268515625 0.8656669265625 0.7342157406250001 0.8828125 0.9995370375 0.8868148437500001 0.9986328703125 0.87895 0.8740365734375001 0.8532578125000001 0.46513796249999995
4 0.6218328125 0.3991490734375 0.6197213546875 0.399775 0.62112890625 0.46546527812500005 0.6228885421875 0.6393893515625 0.6246481765625 0.6418916671875 0.6235924484375001 0.5242740734375 0.6218328125 0.3991490734375
4 0.6257234375 0.7497425921875001 0.623553125 0.751671759375 0.62536171875 0.8680555562500001 0.6255208328124999 0.9995370375 0.6271700515624999 0.9985851859375 0.6271700515624999 0.8513375 0.6257234375 0.7497425921875001