4 0.6168586406250001 0.6683382124999999 0.6194033578125 0.666667434375 0.6234207734375 0.6662940984375 0.631762128125 0.6502014125 0.625319375 0.643601059375 0.6198909765625 0.6468657062500001 0.625049309375 0.635832 0.63238078125 0.6172620140625 0.6516740421875 0.5490561656249999 0.7628086656249999 0.178275328125 0.797173971875 0.0534940328125 0.8048726546875 0.016983481249999998 0.7869569000000001 0.0131111046875 0.7771284015625 0.011364146875 0.6871455531249999 0.318157521875 0.672464340625 0.316111290625 0.6363873640625 0.46433272968750006 0.620749040625 0.4951491 0.604431121875 0.545081446875 0.5832299171875001 0.6212043703125001 0.5665709828125001 0.6444024859375 0.5475417828125 0.72262419375 0.549881990625 0.7343959890625 0.5606287437499999 0.7512871265625 0.49799718593750003 0.9748158546875001 0.5305193359375 0.9731114406250001 0.542344828125 0.9234580984375 0.6168586406250001 0.6683382124999999
4 0.5818015640625 0 0.5754734 0.2839044953125 0.56797684375 0.59105595 0.5583192218749999 0.9716545109375 0.563403653125 0.971388046875 0.5677765328125 0.759691121875 0.57468565625 0.45627212031250003 0.5854776390625 0 0.5818015640625 0
4 0.77404091875 0.7799181875000001 0.777460246875 0.763702228125 0.7613898828125001 0.35590645 0.7486756359375 0.0129289953125 0.7453322265625 0.013697753125 0.75023335 0.141759725 0.7632163624999999 0.4967719 0.77404091875 0.7799181875000001
4 0.7563435734375 0.006459765625 0.755205625 0.006257503124999999 0.753229215625 0.013093892187500001 0.7466102359375 0.0444840078125 0.7466543078125001 0.044491842187500005 0.7529697171875 0.022460075 0.7563435734375 0.006459765625
4 0.7049350203125 0.1449686765625 0.70628546875 0.138564259375 0.7045416343750001 0.14140596562500002 0.6734884921875001 0.2262373609375 0.6705069875 0.24037696875 0.6706509609375 0.24040255937500002 0.671049459375 0.239335321875 0.7049350203125 0.1449686765625
4 0.734875796875 0.0029762953125 0.7325171921875 0.00264256875 0.7028186125 0.0737276234375 0.7036482546875 0.075214765625 0.7060762296875 0.0756463234375 0.7336076109375 0.0089905984375 0.734875796875 0.0029762953125
4 0.70378071875 0.11283819843750001 0.705909621875 0.0933079734375 0.702735040625 0.0903600796875 0.6987645234375 0.12710133437499999 0.6997407734375 0.1272748578125 0.7013910125 0.1241712328125 0.70378071875 0.11283819843750001
4 0.7368988109375 0.053948234375 0.7368360421875 0.053937078125 0.6589329484374999 0.23730175 0.6590817906249999 0.24154345625 0.6605552578125 0.24180535781249998 0.7367964203125 0.061556298437500004 0.7378692578125 0.056468432812500004 0.7368988109375 0.053948234375
4 0.49446359375000004 0.45011639375 0.6104456390624999 0.23959491875 0.6118066140625 0.233140571875 0.6102226015625 0.2328590234375 0.5676984546875 0.3060403296875 0.533501528125 0.369073875 0.449918465625 0.518698996875 0.32379759531249996 0.7399278390624999 0.262625428125 0.8485369687500001 0.212514328125 0.9327059328124999 0.21320636249999997 0.9328289375000001 0.2168767890625 0.9333924296875 0.2261581546875 0.920746675 0.385226878125 0.643568375 0.49446359375000004 0.45011639375
4 1 0.084124271875 0.9532732109375001 0.21072087343749998 0.8221160234375 0.5655750546875 0.75197781875 0.755775534375 0.7411717624999999 0.7853794656249999 0.735018796875 0.8145595437500001 0.735128784375 0.8145790953125 0.850160075 0.5011385515625 0.8987382515625001 0.36918177343749997 1 0.09294411875 1 0.084124271875
4 0.6149464578125 0.633354896875 0.616179690625 0.633574096875 0.6167293843749999 0.6309672046875 0.6191135015625 0.5206663093749999 0.621213825 0.3942138859375 0.61909639375 0.394787403125 0.6184744328125 0.4611880453125 0.6149464578125 0.633354896875
4 0.5658492765625 0.8045747000000001 0.57826711875 0.7412926671875 0.5758885609375 0.7427797843749999 0.574043115625 0.7515317046875001 0.5533173578125 0.8578740937499999 0.529146696875 0.973183378125 0.5294974031249999 0.9731649984375 0.5396916375 0.9286257734375001 0.5658492765625 0.8045747000000001