4 0.4069407 0.7118774906249999 0.40811579531250003 0.7017808234375 0.397856340625 0.6920792703124999 0.394641690625 0.6993313140625 0.3977902578125 0.717626815625 0.39899529375 0.7197181734375 0.40385638593750006 0.7201166812500001 0.4069407 0.7118774906249999
4 0.4377307859375 0.6788361421875 0.440914478125 0.6790971390625 0.4428169171875 0.6721597625 0.4481211328125 0.6676726609375 0.44939765468750004 0.6567045140625 0.42556709374999996 0.6274464546875 0.41677902656250004 0.6260946781250001 0.4149668734375 0.636413709375 0.42164561718750004 0.641746384375 0.43619178124999997 0.6777642984375001 0.4377307859375 0.6788361421875
4 0.5023915999999999 0.6794165296875 0.5031507562499999 0.6794787640625 0.5040440359375 0.6718035125 0.5013908578125 0.6610504515625 0.4966337375 0.6585029734375001 0.49531010625 0.6583866515625 0.49851458906249996 0.6726053015625 0.5023915999999999 0.6794165296875
4 0.538724934375 0.643058021875 0.5390865265625 0.6399511546875 0.5385607421875 0.637591665625 0.5317712593749999 0.63075074375 0.5267102921875 0.63166665 0.5330876625000001 0.642595884375 0.538724934375 0.643058021875
4 0.561601253125 0.5945819375 0.5620826609375 0.5904455703125 0.55503925 0.582075746875 0.5491536671875 0.5790055515625 0.54631309375 0.5834775640625 0.560559621875 0.5944965453125 0.561601253125 0.5945819375
4 0.5796604390625 0.5740336484374999 0.58008658125 0.5703721546875 0.574293575 0.5615587484375 0.5665830796875 0.5610212703124999 0.56636989375 0.5671347828125 0.572970834375 0.573485240625 0.5796604390625 0.5740336484374999
4 0.444853415625 0.4016361296875 0.439087378125 0.3941468796875 0.4388555140625 0.394127871875 0.43303741718750005 0.39731621875 0.4414423390625 0.4132217359375 0.44195927187499995 0.4132641140625 0.444851609375 0.4130628859375 0.4456128296875 0.406522321875 0.444853415625 0.4016361296875
4 0.48817536562499997 0.43121421875 0.48846883593749996 0.42869266875 0.487660675 0.421274525 0.479270190625 0.413495334375 0.4787381359375 0.4180668625 0.4784192671875 0.4241328765625 0.4827132625 0.43076644062499997 0.48817536562499997 0.43121421875
4 0.41168653125 0.44751338125 0.41964299374999997 0.4570656609375 0.4246155265625 0.4574733046875 0.41626259687499995 0.44555296875000006 0.41168653125 0.44751338125
4 0.384506596875 0.177687546875 0.3648862234375 0.1866771421875 0.3692003484375 0.1964526421875 0.379818803125 0.1973231328125 0.3784116875 0.1904739109375 0.383694075 0.18466892031249998 0.384506596875 0.177687546875
4 0.221759153125 0.637528728125 0.2290784421875 0.63812875625 0.2301415984375 0.6289938828125 0.222777053125 0.6148638609375 0.21725695625000002 0.6113699968749999 0.21541730937499998 0.6208880171875 0.215297659375 0.6219160703125 0.21795262499999998 0.633996653125 0.221759153125 0.637528728125
4 0.24510194218749998 0.58122346875 0.2457257796875 0.57586333125 0.24502550312500002 0.5736262234375 0.23628370156249998 0.5692743921875 0.235026721875 0.5691713453125 0.2415902328125 0.58093558125 0.24510194218749998 0.58122346875
4 0.6713374796875 0.715203671875 0.668464453125 0.7124114406250001 0.6570033984375 0.7105237718749999 0.6681174578125 0.7213252890625 0.6688907109375 0.7213886796875 0.6707189421875001 0.7205182796875 0.6713374796875 0.715203671875
4 0.689381403125 0.801742653125 0.6894206015625 0.8014937578125 0.68478325 0.7903706046875 0.6760893218749999 0.789139425 0.681885228125 0.7993292078125 0.6861801078124999 0.8014802140624999 0.689381403125 0.801742653125
4 0.31003687343749997 0.1309847796875 0.30859165312500003 0.1257308390625 0.29602559687499996 0.1234191640625 0.302823540625 0.13436573125 0.3095789296875 0.13491953125 0.31003687343749997 0.1309847796875
4 0.29871746250000003 0.25516759843750003 0.2990713328125 0.2521270671875 0.29402124218750003 0.24428608281250003 0.289036821875 0.24411165937499998 0.289002484375 0.2444066953125 0.2925131640625 0.2593991578125 0.297688803125 0.259823453125 0.29871746250000003 0.25516759843750003
4 0.316256353125 0.21256762187499997 0.32241787187500004 0.21307273750000003 0.3227025390625 0.2106268171875 0.3167832453125 0.1991534625 0.3081358765625 0.19966645 0.3080992171875 0.1999814234375 0.3137354015625 0.21090602343749998 0.316256353125 0.21256762187499997