4 0.419921875 0.7448190890624999 0.4228515625 0.7492969609375 0.42578125 0.7478043375000001 0.431640625 0.72989285625 0.4189453125 0.7194444921875001 0.416015625 0.726907609375 0.419921875 0.7448190890624999
4 0.4345703125 0.6537690609375 0.42578125 0.655261684375 0.4267578125 0.6657100484375 0.4345703125 0.6686952953125 0.4580078125 0.6985477640625 0.462890625 0.7000403875 0.462890625 0.691084646875 0.46875 0.68212890625 0.4658203125 0.6746657890625001 0.4345703125 0.6537690609375
4 0.5244140625 0.6985477640625 0.52734375 0.6970551406250001 0.5185546875 0.6806362828125 0.51171875 0.679143659375 0.5185546875 0.6925772703125 0.5244140625 0.6985477640625
4 0.5517578125 0.6627248015625 0.556640625 0.661232178125 0.5537109375 0.6537690609375 0.5458984375 0.6477985671875001 0.541015625 0.649291190625 0.5517578125 0.6627248015625
4 0.5546875 0.59854199375 0.5703125 0.61048298125 0.572265625 0.6074977359375 0.5634765625 0.5970493703125 0.5576171875 0.5940641234374999 0.5546875 0.59854199375
4 0.5830078125 0.591078878125 0.58984375 0.589586253125 0.5830078125 0.57615264375 0.57421875 0.5746600203125001 0.57421875 0.5806305125 0.5830078125 0.591078878125
4 0.4326171875 0.43883128749999994 0.4375 0.4373386640625 0.4326171875 0.4268903 0.4248046875 0.42091980625 0.419921875 0.42539767656249994 0.4326171875 0.43883128749999994
4 0.4775390625 0.45375752187499996 0.482421875 0.45226489843750006 0.4775390625 0.441816534375 0.466796875 0.4373386640625 0.4697265625 0.44778702812500004 0.4775390625 0.45375752187499996
4 0.419921875 0.4880878609375 0.4111328125 0.471669003125 0.40625 0.4731616265625 0.4150390625 0.4865952375 0.419921875 0.4880878609375
4 0.328125 0.21941564374999997 0.3330078125 0.2298640078125 0.34375 0.23135663125 0.341796875 0.222400890625 0.349609375 0.21344515 0.3486328125 0.2089672796875 0.328125 0.21941564374999997
4 0.2314453125 0.6537690609375 0.23046875 0.664217425 0.234375 0.6761584125 0.2421875 0.68212890625 0.24609375 0.679143659375 0.24609375 0.6701879187500001 0.2373046875 0.6567543078125 0.2314453125 0.6537690609375
4 0.255859375 0.62242396875 0.2529296875 0.6149608515625 0.2421875 0.61048298125 0.2509765625 0.62391659375 0.255859375 0.62242396875
4 0.697265625 0.726907609375 0.6923828125 0.7194444921875001 0.681640625 0.714966621875 0.6904296875 0.72840023125 0.697265625 0.726907609375
4 0.724609375 0.8075092749999999 0.7177734375 0.7940756625 0.708984375 0.7925830390625 0.7158203125 0.8030314031250001 0.724609375 0.8075092749999999
4 0.1591796875 0.04179345625 0.166015625 0.0403008328125 0.1611328125 0.032837715625 0.15234375 0.0283598453125 0.15234375 0.0343303390625 0.1591796875 0.04179345625
4 0.267578125 0.174636940625 0.2646484375 0.16418857656250002 0.251953125 0.1626959546875 0.2607421875 0.1761295640625 0.267578125 0.174636940625
4 0.2666015625 0.298524684375 0.271484375 0.29703206249999997 0.2705078125 0.2895689453125 0.2626953125 0.28359845 0.2578125 0.285091075 0.2666015625 0.298524684375
4 0.2802734375 0.2477754890625 0.2890625 0.252253359375 0.291015625 0.24926811249999997 0.2822265625 0.2358345015625 0.2734375 0.23732712500000003 0.2802734375 0.2477754890625