1 0.34348 0.45440800000000003 0.46518800000000005 0.15004 0.23603999999999997 0.06334 0.093476 0.420064 0.280636 0.488532 0.306832 0.460924 0.34348 0.45440800000000003
1 0 0.522972 0.010516000000000001 0.529184 0.032728 0.566188 0.050252 0.5690999999999999 0.044607999999999995 0.524492 0.07072 0.46490400000000004 0.10496799999999999 0.483652 0.091044 0.521404 0.106092 0.544616 0.07400799999999999 0.629324 0.10664 0.619888 0.13746 0.634912 0.125728 0.686536 0.092508 0.683268 0.06640399999999999 0.756364 0.2015 0.8103279999999999 0.31314000000000003 0.523196 0.066832 0.431396 0.023792 0.500776 0 0.496136 0 0.522972
1 0.5533 1 0.6631560000000001 0.838872 0.46099199999999996 0.684624 0.545256 0.556816 0.483024 0.500556 0.531396 0.428908 0.407524 0.329092 0.224196 0.787536 0.190656 0.8810079999999999 0.329716 0.9869519999999999 0.331468 0.98454 0.357152 0.949192 0.447388 1 0.5533 1
1 0.5363559999999999 0.415328 0.6457080000000001 0.22596 0.619196 0.206696 0.47724 0.158796 0.413064 0.314704 0.5363559999999999 0.415328
1 0.574096 0.5593600000000001 0.7476079999999999 0.33068 0.701072 0.274776 0.659 0.238072 0.510768 0.49616 0.574096 0.5593600000000001
1 0.760688 0.354912 0.700932 0.435472 0.84878 0.5969 0.8675280000000001 0.562648 0.8544919999999999 0.47584799999999994 0.8315480000000001 0.443224 0.760688 0.354912
1 0.792256 0.563196 0.77138 0.575036 0.73186 0.536504 0.7392920000000001 0.502624 0.680352 0.45366 0.595492 0.568768 0.754948 0.722668 0.8337479999999999 0.614212 0.792256 0.563196
1 0.554904 0.577328 0.480268 0.685128 0.656936 0.8085760000000001 0.681604 0.784764 0.6997880000000001 0.791836 0.739624 0.7336280000000001 0.554904 0.577328
1 0.25317599999999996 0 0.23215599999999997 0.029831999999999997 0.476272 0.121268 0.525664 0 0.25317599999999996 0
1 0 0.38854 0.08551600000000001 0.41919199999999995 0.228152 0.053928 0.21318399999999998 0.049187999999999996 0 0.34564 0 0.38854
1 1 0.40888 0.9983639999999999 0.414668 0.95672 0.510844 0.901572 0.607024 0.9008559999999999 0.63842 0.923208 0.65834 1 0.6277440000000001 1 0.40888
1 0.752812 1 0.9485760000000001 0.733236 0.884508 0.647408 0.835244 0.686492 0.753148 0.7741439999999999 0.70346 0.837468 0.62554 0.9514720000000001 0.592056 1 0.752812 1
1 1 0.247832 0.776552 0.091484 0.737952 0.139544 0.705928 0.2022 0.712952 0.23308 0.8199799999999999 0.374672 0.8955120000000001 0.456552 0.940184 0.42885999999999996 0.993712 0.304496 1 0.27554 1 0.247832
1 0.53808 0 0.49416000000000004 0.12199199999999999 0.694756 0.198996 0.709776 0.154672 0.7513639999999999 0.094052 0.6454679999999999 0.026932 0.590732 0 0.53808 0
1 0.6294959999999999 0 0.745512 0.075072 0.7583599999999999 0.070904 0.65902 0 0.6294959999999999 0