1 0.2700612421875 0.49519259375 0.30619565312499997 0.485053253125 0.421363228125 0.167079678125 0.4206714734375 0.164247821875 0.1944990671875 0.09887008281250001 0.07251367656249999 0.435855634375 0.083598946875 0.48123566562500003 0.2430181453125 0.525286990625 0.2454522328125 0.524637765625 0.2700612421875 0.49519259375
1 0.09070592968749999 0.6415565187500001 0.1088203390625 0.6419157296875 0.094450065625 0.599311034375 0.1089461109375 0.5376482015625 0.14690019062499998 0.55105401875 0.1403386546875 0.5897507421875 0.15994207031250002 0.6102104703125 0.14437695781249998 0.69715701875 0.175204009375 0.6833692625000001 0.2089980203125 0.6936357625 0.20734266875000001 0.7455198328125 0.173443678125 0.74703020625 0.1615960265625 0.8218345640625 0.2832984796875 0.8497392375 0.3097776765625 0.8426766562499999 0.36116695781249997 0.5701447921875 0.35849305781249996 0.5591985828125 0.098503659375 0.50559538125 0.06897315468750001 0.5791752625 0.044245392187499996 0.5780197015625 0.049490971875 0.6041298828125 0.0612339453125 0.6086892234375 0.09070592968749999 0.6415565187500001
1 0.7366158890625 0.8346549203125001 0.7350299515625001 0.828162525 0.529949171875 0.6779355406249999 0.6120490937499999 0.55171714375 0.5474604578125 0.49588869999999996 0.59463533125 0.42513487968749997 0.4663919359375 0.3260481984375 0.2925075296875 0.7791114203125 0.2609472453125 0.8714967031249999 0.40259128125 0.97510496875 0.4060673578125 0.9748618984374999 0.4064676515625 0.9743055187499999 0.431586759375 0.93940358125 0.48643446562500003 0.9692420828125 0.5783426359375 0.9628152375000001 0.6660441203125 0.939423334375 0.7366158890625 0.8346549203125001
1 0.5555313453124999 0.3581339140625 0.5878215375 0.1460022640625 0.5857841890625 0.1376619203125 0.557522840625 0.131549675 0.41446894062500006 0.145607478125 0.40881547500000004 0.1471153796875 0.4051824984375 0.31682742343750003 0.5545047359375 0.3584077328125 0.5555313453124999 0.3581339140625
1 0.5983083953125 0.4982071 0.7273340421875 0.23332266875 0.72665789375 0.2305547078125 0.67331835625 0.18777045781249999 0.6361830234375 0.1672595296875 0.6229662484375 0.170784734375 0.525271925 0.45243529843749997 0.5964084640625 0.49871385156250003 0.5983083953125 0.4982071
1 0.8706330359375001 0.47230620625 0.8879000015624999 0.4677007296875 0.89523625 0.44539452187500006 0.8652123328125001 0.3627436640625 0.8359423078124999 0.334526171875 0.7479865593749999 0.2595232234375 0.704231871875 0.347569609375 0.8706330359375001 0.47230620625
1 0.630657453125 0.4993677265625 0.63225676875 0.505914884375 0.8022509515625 0.6194667 0.8177468359375 0.615333609375 0.8717028328125 0.5062101109375 0.8712940359375001 0.5045366078125 0.822498790625 0.46254469687500005 0.803817175 0.47795802187499997 0.758206028125 0.4471517359375 0.7598700218750001 0.412467415625 0.6932750140625 0.37489143281250004 0.630657453125 0.4993677265625
1 0.7764878375 0.6743314796875 0.7959169359375 0.6734221375 0.8099344343749999 0.6112306984375 0.8077447203125001 0.602266609375 0.5859846234375 0.5355045734375 0.5832833765625 0.5362250546875 0.5536102406250001 0.6647231125 0.7611907484375 0.7061597328125 0.7625294953124999 0.7058026609375 0.7764878375 0.6743314796875
1 0.44172949375000004 0.01186463125 0.43924063437500005 0.0016759312500000002 0.294311984375 0.01369190625 0.16112043125 0.045948581249999995 0.1572606578125 0.0469780671875 0.1525181265625 0.055160521875 0.39604004531250003 0.1218809921875 0.409753303125 0.118223365625 0.44172949375000004 0.01186463125
1 0.09024714843750001 0.4935160140625 0.09729236875 0.49163689843749997 0.12562274843750001 0.0963245578125 0.1255727 0.096119675 0.10743881250000001 0.1009563796875 0.018202734374999998 0.3908199953125 0.02209211875 0.4743266515625 0.028196459375 0.4993161375 0.09024714843750001 0.4935160140625
1 1 0.33698433906249997 0.9581333781250001 0.2473629375 0.9576336046874999 0.2474962390625 0.9582840125000001 0.25163981562500004 0.9608686265624999 0.35783155 0.953253178125 0.4483070171875 0.9657505953125 0.4994679921875 0.989768121875 0.504991021875 0.993251921875 0.5040618171875 1 0.49617340781249997 1 0.33698433906249997
1 1 0.5737423453125 0.933595390625 0.524929259375 0.898226553125 0.5723432109375 0.8467883 0.6726046218749999 0.8190779734375001 0.7429801046875 0.7805200671875 0.8672118140625 0.765034171875 0.916243559375 0.9260971046875 0.8732845546875 1 0.6635020265625 1 0.5737423453125
1 0.9419879625 0.296956971875 0.9443570296875 0.2963250890625 0.9719208265624999 0.254352809375 0.968081859375 0.1783650484375 0.9407002625 0.06627234531250001 0.671727321875 0.0184319734375 0.6579885125 0.07746534375 0.656777765625 0.1469121171875 0.676995925 0.1717722671875 0.83798675 0.25503326406250004 0.9419879625 0.296956971875
1 0.4435981640625 0 0.4229099203125 0.08699511875 0.4233843234375 0.08893719375 0.6077093078125 0.1395540328125 0.63713675625 0.131705090625 0.6436574953124999 0.10169423749999999 0.678113296875 0.0384539890625 0.6780284140624999 0.0381065 0.6009475171875 0 0.4435981640625 0