4 0.6999085140625 0.25545927968750004 0.690662690625 0.17975470468750002 0.6783196046875 0.07969474062500001 0.6767825609375 0.08062523906249999 0.6882092578125001 0.1715197171875 0.7018564671874999 0.285856671875 0.6999085140625 0.25545927968750004
4 0.80455145 0.272490721875 0.8119835468750001 0.2326537078125 0.8192989109375001 0.1858360296875 0.81890509375 0.17969059375000002 0.8147290187499999 0.2082244359375 0.8024821937500001 0.276620946875 0.7834111171875 0.367323753125 0.7838498609375 0.36810228437500003 0.7846916187499999 0.3680581703125 0.80455145 0.272490721875
4 0.8116230312500001 0.2617704796875 0.811290128125 0.25657560625000003 0.7988249203125 0.312926528125 0.7930269234375 0.3385476578125 0.7933818687499999 0.3440865203125 0.7936835 0.3440707125 0.7991759843749999 0.3204055328125 0.8116230312500001 0.2617704796875
4 0.7679226234375001 0.8486677515625001 0.790836565625 0.6728428984375 0.811917003125 0.49619360468749996 0.8259779765624999 0.38795694375 0.8508825890624999 0.189405253125 0.8503058515624999 0.1804053953125 0.826247028125 0.3727529078125 0.8066165921874999 0.5271472796875 0.7853547546875 0.6993302124999999 0.7671914906249999 0.8405727296875 0.7677109546875001 0.8486788437499999 0.7679226234375001 0.8486677515625001
4 0.6563387921875 0.940741728125 0.6879661265625 0.8383855499999999 0.7319274921875001 0.6976846390625 0.7791219875000001 0.5455379890625001 0.81955536875 0.41326346562499994 0.8183793296875 0.4133250984375 0.7731674625 0.5591088421875 0.737136215625 0.6749308421875 0.6899741671874999 0.8252035296875 0.6550214343749999 0.9377319109375 0.6561439828125 0.9407519375 0.6563387921875 0.940741728125
4 0.76719286875 0.83422999375 0.77483738125 0.9596154421875 0.779507653125 0.9593706828125 0.753506378125 0.5536263984375001 0.7505102265625 0.5088274953125 0.7380710234375 0.31640940156249997 0.7264496 0.1448884296875 0.7182438296875 0.037010042187499995 0.717170440625 0.036098825 0.7166655109375 0.0361252875 0.7226543624999999 0.11924154843749998 0.7304208828125 0.23562743749999998 0.7405647656250001 0.394488609375 0.7502937562499999 0.55510975 0.7580852625000001 0.69154091875 0.76719286875 0.83422999375
4 0.86917889375 0.5797165765625001 0.8939651796874999 0.6920060765625 0.9471714812500001 0.9335774046875001 0.9462009468750001 0.9184324140625 0.900285771875 0.71245261875 0.8821175015625 0.6275881156249999 0.8574451765625 0.514315184375 0.8352233468750001 0.41237292812500004 0.8332990578125001 0.41181417812500004 0.86917889375 0.5797165765625001
4 0.7904615578125 0.8367741984375 0.7912458671875 0.8490131796875 0.7914743765625001 0.849001203125 0.8196088703125 0.7087143515625 0.84346225 0.5881368375 0.869980546875 0.4610376890625 0.897565965625 0.3252703359375 0.9266652015625001 0.1802735734375 0.9438752890625001 0.0992814390625 0.94356241875 0.09439915625 0.9167440375 0.2213108484375 0.8879341125 0.361302884375 0.86504119375 0.4734793265625 0.8325842890624999 0.6274439093749999 0.8101451187500001 0.73863135 0.7904615578125 0.8367741984375
4 0.742046953125 0.49712637031250007 0.7351305484374999 0.3891973703125 0.7344974234375 0.3886894359375 0.738449790625 0.4671137015625 0.7484990390624999 0.6239300484375 0.7485064375 0.6239296609375 0.7456493562500001 0.5698347984375001 0.742046953125 0.49712637031250007
4 0.7601726671875 0.7902856359375 0.7800818109375001 0.7158808484375 0.8003890421875001 0.638402065625 0.8212970109375 0.5603871203125 0.837805115625 0.49908571406249996 0.8373713890625 0.4923175046875 0.817590215625 0.569855890625 0.797810928125 0.6405187765625 0.7735228796875 0.733693478125 0.7170338828125 0.9438318234375 0.7186461109375 0.9437473296875 0.7601726671875 0.7902856359375
4 0.8035504390625 0 0.7986960796875 0.0207268703125 0.78524910625 0.070390325 0.7855345859375 0.07484519687499999 0.7857511640625 0.074833846875 0.8024059828125001 0.011572909374999999 0.8050080453125 0 0.8035504390625 0
4 0.8221967109375001 0 0.8220577765625 0.029034165625000004 0.822449459375 0.029013639062500002 0.8234149875 0.026114190625 0.823787534375 0 0.8221967109375001 0
4 0.8540187875 0 0.851392878125 0.02611766875 0.8519816078125 0.0353046625 0.8520980890625 0.0352985578125 0.8556147031249999 0 0.8540187875 0
4 0.8541814999999999 0 0.8501959515624999 0.0277425359375 0.8469122140625001 0.0540553296875 0.84723355 0.0590697109375 0.8473409843749999 0.05906407968750001 0.8482264703125001 0.05302106718750001 0.854082409375 0.0074030515625000005 0.8551529796875 0 0.8541814999999999 0
4 0.8382479390625001 0 0.8327381218750001 0.032134721875 0.82710798125 0.063116 0.8274175640625 0.0679469609375 0.8275452859374999 0.0679402671875 0.8372005781249999 0.0114272265625 0.8392747125 0 0.8382479390625001 0
4 0.8588461828125 0.362604146875 0.8595359609375001 0.362567996875 0.860564675 0.32364057343749997 0.8627824374999999 0.2547127765625 0.8667954234374999 0.18204616875 0.8705600640625001 0.13511153125 0.8743571140625 0.09089726249999999 0.8740964453125001 0.0868295953125 0.8733556515625001 0.08684345624999999 0.8665127578125 0.1675800234375 0.8611660296875 0.2660454796875 0.859126153125 0.318214753125 0.8582744671875 0.35368264374999997 0.8588461828125 0.362604146875
4 0.85494003125 0.2951452 0.8496560859375 0.1975401859375 0.8494675375 0.191788046875 0.8472772000000001 0.1576083140625 0.8469661796875 0.1582432171875 0.84802903125 0.18790595937500001 0.860324359375 0.37977190156249996 0.8604693328125 0.379764303125 0.8606078328125 0.3678721578125 0.85494003125 0.2951452
4 0.6656186843749999 0.891655215625 0.6776168765625 0.8540919812500001 0.7201725375 0.7194272796875001 0.7667181796875 0.5702303328125 0.79303143125 0.4862817921875 0.79301894375 0.48520932656250004 0.7927948781249999 0.4817128265625 0.761613903125 0.5811719875 0.72514588125 0.6973084390625 0.6791901796875 0.841953975 0.6650925421875 0.8864529515624999 0.6654265640625 0.891665284375 0.6656186843749999 0.891655215625
4 0.804689821875 0.398222859375 0.80383998125 0.3979286828125 0.8007579093749999 0.44414848124999995 0.8017885796875 0.44711728281249996 0.8022977265625 0.44709059843750004 0.8050089187499999 0.4032023171875 0.804689821875 0.398222859375
4 0.7667030625 0.4162848875 0.7577035203125 0.4368857015625 0.759641309375 0.436784146875 0.7723600734375 0.40747572656250003 0.7721425578125001 0.40408145624999997 0.7667030625 0.4162848875
4 0.7768515687499999 0.29836579531249996 0.7917399953125 0.2525703984375 0.8025812078125 0.2185322296875 0.8023270765625 0.214566559375 0.7881425828124999 0.258638753125 0.7728314234375 0.306266975 0.7582073078125 0.349610371875 0.7581108203125 0.353773734375 0.75834995 0.35376120312500003 0.7768515687499999 0.29836579531249996
4 0.8429623703125 0.090276309375 0.8373583109375 0.11169800781250001 0.8273647125 0.149472603125 0.8286786046874999 0.1494037453125 0.8378462593749999 0.1145528921875 0.843160609375 0.09336980624999999 0.8429623703125 0.090276309375
4 0.8246936500000001 0.1511803359375 0.8317660124999999 0.12546860937499998 0.8413337828125 0.0904328875 0.8404281656249999 0.0901715453125 0.8236412828124999 0.1504216609375 0.8237221421875001 0.15123124999999998 0.8246936500000001 0.1511803359375
4 0.8750554640624999 0.493224678125 0.8741232109375 0.49274724843750006 0.8760368203125 0.5085385109375 0.8750554640624999 0.493224678125
4 0.8782495421875 0.4509488703125 0.8786160671875001 0.4509296625 0.8782182015625001 0.44472104687499997 0.870241071875 0.406883859375 0.8695161140625001 0.406784309375 0.8695366921875 0.40710542343749995 0.8696366953125001 0.40853563125000003 0.8744475546875 0.4338515515625 0.8782495421875 0.4509488703125
4 0.770245884375 0.6416033156250001 0.8138808671875 0.4659076046875 0.8451036421874999 0.3405495265625 0.8847790312500001 0.18265444375 0.8847629046875 0.1798842984375 0.8846623796875001 0.17831561875 0.8841060609375001 0.17785386718750001 0.8840913609375001 0.1778546375 0.8469172531250001 0.3267553734375 0.8130675890625 0.46159897031249997 0.79512851875 0.5327684015624999 0.7696921484375 0.6349513328125 0.7701188546875 0.6416099734375 0.770245884375 0.6416033156250001
4 0.792965634375 0.4654155203125 0.779806484375 0.40126583125000004 0.8450789296875 0.38814916875 0.842611115625 0.366936903125 0.8360508234375 0.3678692515625 0.83407870625 0.3568883703125 0.82417825625 0.3590476984375 0.827039903125 0.3745227453125 0.7763373171875 0.38220145 0.76751751875 0.3361238171875 0.7335888984375 0.16966738750000002 0.7609821921875 0.157503384375 0.7589242765625 0.1344041078125 0.75346019375 0.1333137234375 0.755660409375 0.1556235140625 0.7326683625 0.1657121109375 0.7206036390625 0.0976913953125 0.7522323859375 0.0815563125 0.749953953125 0.0713175484375 0.7186542921875 0.0874424640625 0.71206841875 0.0554892921875 0.7054735734375 0.0558349125 0.6985314421875 0.0567996640625 0.70661086875 0.09230894375000001 0.6837246328125001 0.10257879218749999 0.6845031578125 0.11472750937500001 0.6850513671875 0.1162089734375 0.7096661578125001 0.10327861093749999 0.721353753125 0.1660440828125 0.7005823828125 0.1719713015625 0.6973617062499999 0.16116574687500002 0.693281878125 0.16862147968750002 0.7002522046874999 0.197547859375 0.7051394921874999 0.1924497125 0.701787928125 0.176407384375 0.7233514140625 0.1751670640625 0.75928363125 0.381539696875 0.7038489015625 0.3916215953125 0.70397298125 0.41265416562499996 0.7637656890625 0.4008820421875 0.776574484375 0.46832424687499996 0.720000215625 0.4722564328125 0.7227227218750001 0.4943831296875 0.78072665 0.4877825390625 0.8698039578125 0.9358254828125 0.8861561796874999 0.9349684999999999 0.8125390156250001 0.568195653125 0.7970252828125 0.48649126249999997 0.8601096437500001 0.48017762499999994 0.8590675062500001 0.46391530625 0.8576789828125 0.45397431250000003 0.8511574015625 0.45526303125 0.8468029593749999 0.4437465203125 0.839772121875 0.443206815625 0.8404446921875 0.46003177187500005 0.792965634375 0.4654155203125
4 0.6698540015625001 0 0.67110695 0.0082340921875 0.6667470468750001 0.007614987500000001 0.66712676875 0.0135404625 0.67342545625 0.01782778125 0.6998146328125 0.231409103125 0.704622153125 0.2311571515625 0.7032274671875001 0.20939338749999997 0.68775891875 0.088393265625 0.69229165 0.087541971875 0.69097550625 0.07209086249999999 0.6883698296875 0.0682198078125 0.6846922765625 0.06978267031249999 0.67670676875 0.01982805625 0.6834562734375 0.01899651875 0.6822126296875 0.0144330984375 0.6753530265625 0.0131053359375 0.67355801875 0 0.6698540015625001 0
4 0.37646668125 0.0450746375 0.3755566609375 0.0468006796875 0.426159065625 0.0542603109375 0.475949715625 0.06081346875 0.5119927140625 0.0651713203125 0.5605790749999999 0.070568578125 0.6132710203125 0.075421996875 0.663092465625 0.07913068281249999 0.66730508125 0.0794735953125 0.6713719578124999 0.07926045937500001 0.671300825 0.07815046249999999 0.60887106875 0.0730843578125 0.56954865 0.0695683234375 0.5161127125 0.0640189921875 0.45536324375000004 0.0568132578125 0.37646668125 0.0450746375
4 0.3903851703125 0 0.40159864062499995 0.0027264015625 0.4504163765625 0.014955056250000001 0.5053208609375 0.026604284375 0.547076575 0.035874921875 0.6034535421875 0.0455066671875 0.6368179703125 0.051284153124999995 0.6429069953125001 0.050965040625 0.6428986515624999 0.050834826562500005 0.6224571921875001 0.047388984375 0.5814545421874999 0.0401967828125 0.5298728859375 0.030241562500000003 0.4836181421875 0.0205829046875 0.43241081093749995 0.009160478125 0.39632035 0 0.3903851703125 0
4 0.5161635734375001 0 0.5075463 0.0030885125 0.48070180625000003 0.0120370203125 0.4621788578125 0.017868253125 0.41419986093750005 0.03398826875 0.3765621234375 0.0462671203125 0.342370071875 0.055108028125 0.3424105171875 0.0557391609375 0.34770769375 0.055461546875 0.3639575828125 0.051053737499999995 0.394527221875 0.041711940625 0.429797228125 0.0305507359375 0.4609940671875 0.020176578125 0.498945375 0.007651067187500001 0.5208994312499999 0 0.5161635734375001 0
4 1 0.06722700937500001 0.9782497906250001 0.064564465625 0.946142871875 0.061013796875000005 0.9126110078125 0.0603704828125 0.8797506875 0.054641490625 0.8673532187499999 0.053930009375 0.865509471875 0.062791121875 0.9058863578125 0.067243415625 0.9447805234375 0.06947552343749999 0.9788371187499999 0.0735646375 1 0.0724737890625 1 0.06722700937500001
4 0.5512527640625 0 0.536891528125 0.0035980265625 0.5107377843750001 0.0106736234375 0.4839675625 0.017239884375 0.46548209218750003 0.0214287984375 0.41764137031250004 0.03328938125 0.3800968734375 0.042228923437499996 0.3487044265625 0.0475705734375 0.36226765156249996 0.0468597546875 0.367551090625 0.0458935875 0.3980699953125 0.0392607984375 0.4332665578125 0.0312270109375 0.464377728125 0.023621871875 0.5022290500000001 0.014463806249999999 0.529295175 0.0074119187500000005 0.550760940625 0.0014695703125000002 0.556684690625 0 0.5512527640625 0