4 0 0.699485084375 0.080654178125 0.399953103125 0.13655015312500002 0.1924939484375 0.18743667656250002 0.0041183234375 0.1875719265625 0.002182596875 0.1783612484375 0.0020754203125 0.1620941875 0.0618375828125 0.1096352375 0.25516408125 0.0332418109375 0.537082465625 0 0.660441925 0 0.699485084375
4 0.0334528625 0.138606946875 0.0761155359375 0.42145328125 0.1167501 0.690785265625 0.1439089 0.8704361531249999 0.15997418593749999 0.9762412578124999 0.16019660156249999 0.9762516234374999 0.1620852421875 0.9492208265625001 0.1424940671875 0.81962445625 0.0951536609375 0.5073238859375 0.051972212500000003 0.2229775890625 0.017949590625 0.00020886250000000001 0.01718049375 0.00019991250000000001 0.0157423109375 0.022657656249999998 0.0334528625 0.138606946875
4 0.1074156640625 0.305777653125 0.12040175312500001 0.5071805875 0.133895965625 0.717171953125 0.1496559203125 0.975760284375 0.1522473234375 0.9758810796875 0.152400696875 0.9758549999999999 0.15425789843749999 0.9492741734375001 0.146871675 0.8401040578125001 0.1363191734375 0.6757884546875 0.12127318125 0.438488878125 0.1067743796875 0.21193607499999997 0.0932603875 0.0010851828125 0.088101478125 0.001025153125 0.09719246718749999 0.1401866171875 0.1074156640625 0.305777653125
4 0.21239939843750003 0.00575653125 0.208388515625 0.00584553125 0.22454266562499997 0.085699309375 0.2657248671875 0.2891853765625 0.31543709375 0.5327097937499999 0.350072096875 0.7016203937500001 0.3875936515625 0.8837683890625 0.38951338125 0.8929810765624999 0.3897693390625 0.8929930078125 0.3909913734375 0.8755028703125 0.3803617640625 0.825352840625 0.33909263749999996 0.625021225 0.281798371875 0.345767359375 0.2486715859375 0.181423815625 0.21239939843750003 0.00575653125
4 0.3517409921875 0.16076249843749998 0.36267859687500004 0.004220146875 0.36004145468750004 0.0041894609375 0.3569246765625 0.0563261359375 0.3517409921875 0.16076249843749998
4 0.2864709671875 0.7806423484375 0.2819265015625 0.8456841296875 0.2820351875 0.8456891953125 0.3365554046875 0.6345262046875 0.39186247500000004 0.42123194843749995 0.45537976249999995 0.17809274218749999 0.4940437375 0.027640199999999997 0.4946080234375 0.01956395625 0.485953496875 0.016001409375 0.47023312968750003 0.0752732203125 0.420048946875 0.2675590921875 0.3633220734375 0.48597508593749994 0.31038115781250003 0.689853359375 0.2864709671875 0.7806423484375
4 0.314751790625 0.015456235937500002 0.31471291562500003 0.016012615625 0.3396918390625 0.16634240625000002 0.37843277343750004 0.404603859375 0.41534273906249997 0.6299611656249999 0.45152487499999994 0.8502179312499999 0.47227896874999997 0.975138953125 0.476335284375 0.9753280343749999 0.47679571093749995 0.96873825 0.43631793906249994 0.724600084375 0.40152540156249994 0.5136331390625 0.3603386703125 0.2638169 0.31956999375 0.0148458671875 0.314751790625 0.015456235937500002
4 0.34465890625 0.011074585937500001 0.3554994046875 0.082493471875 0.3886010359375 0.294813228125 0.42713509375000003 0.5389649859375 0.47182326406249997 0.8260146859375 0.4973124453125 0.9872678374999999 0.5005638359375 0.9874193968749999 0.5021050671875 0.9872146515625 0.5025821328125 0.9803867421874999 0.4863898390625 0.8814366781249999 0.4479509421875 0.6360319249999999 0.404529790625 0.36028569374999997 0.36725233125 0.121857421875 0.34975778125 0.0107072 0.34465890625 0.011074585937500001
4 0.5240849187500001 0.5625645140625 0.5258838124999999 0.5536938265625 0.5680784109375 0.34546295 0.60749976875 0.15175865625 0.633699846875 0.0219765671875 0.6339992375 0.0176916015625 0.6302564875 0.017230856250000003 0.5874000625 0.2267314625 0.5399587625 0.46018188593750003 0.5265064421875 0.526000590625 0.5239521578125 0.562558325 0.5240849187500001 0.5625645140625
4 0.5556230359375001 0.7785762625 0.5556353328125 0.778576834375 0.5682034875 0.6703544859375 0.596685421875 0.426117065625 0.6252159328125 0.17933520625 0.6421890734375 0.034844984375 0.6437097890625 0.013080039062500002 0.63961364375 0.0127210390625 0.6307084625 0.08858229375 0.6041071046875001 0.3137635875 0.5752847 0.55792220625 0.5648941468750001 0.6458852609375 0.5556230359375001 0.7785762625
4 0.5487067046874999 0.01671800625 0.57181825625 0.22082354531249998 0.5928769859374999 0.41259475781250005 0.618863496875 0.64060261875 0.643808909375 0.8653634671875 0.65833376875 0.9900756390625001 0.6583550125000001 0.9900766296875 0.6678102078125 0.989440940625 0.6681604703125 0.9844278875000001 0.6423895734375 0.7629522359375 0.6165843343749999 0.53399975 0.5904292921875001 0.304477246875 0.5693453500000001 0.1176236171875 0.5582275453125 0.0161299578125 0.5487067046874999 0.01671800625