4 0.6783067703125 0.5611486109375 0.7216513015625 0.372234721875 0.75572578125 0.22504305625 0.77827890625 0.12708194374999998 0.7765309890625 0.12739259218750001 0.7562432296875 0.2164583328125 0.7096786453124999 0.415133796875 0.6737625 0.5695375 0.6311171875 0.7460226859375 0.60000703125 0.8759009265625 0.573790625 0.9871365734375 0.5774609374999999 0.9893115734375 0.6178341140625 0.8181083328125001 0.6783067703125 0.5611486109375
4 0.7875 0.2736111109375 0.801171875 0.2125 0.8 0.21134259218749998 0.7919270828125 0.24907407343750002 0.775 0.3178240734375 0.7497395828125 0.409027778125 0.7506510421875 0.4108796296875 0.77734375 0.3136574078125 0.7875 0.2736111109375
4 0.7941846359375 0.2909615734375 0.7927684890625 0.2911324078125 0.7803760421875 0.35328101875 0.7705885421875001 0.40113101875 0.7723364578125 0.40144166718749996 0.7809005203125 0.3607384265625 0.7941846359375 0.2909615734375
4 0.7835221359375 0.531009259375 0.7955817703125 0.4216379625 0.81867421875 0.20358101875 0.817121875 0.2023546296875 0.7955817703125 0.4064129625 0.778803125 0.562391203125 0.7607171875 0.7362893515625 0.7328369796875001 0.9921078703124999 0.7340604171875 0.9952148140625001 0.7656947921875 0.7093587968749999 0.7835221359375 0.531009259375
4 0.6711408859375 0.7410513890625 0.7008528640625 0.5835199078125 0.7288171875 0.4318916671875 0.7277684890625 0.4318916671875 0.69648359375 0.5978125000000001 0.6737625 0.7177481484375 0.64387578125 0.873415278125 0.6218539062499999 0.9899328703125001 0.6234270828125 0.9930398140625 0.6433515625 0.8867759265625 0.6711408859375 0.7410513890625
4 0.7320075515625 0.5480986109375 0.7643411453125 0.35763101875 0.7926549484375001 0.18767083281250002 0.8096083328124999 0.08047499999999999 0.8083848953125001 0.0786106484375 0.7949270828125 0.1615708328125 0.7756010421874999 0.27685787031250003 0.7487861984374999 0.4340666671875 0.7211716140625 0.592841203125 0.697265625 0.727546296875 0.6731770828125 0.86875 0.6516106765624999 0.9930398140625 0.6566791671875001 0.9952148140625001 0.6881388015625001 0.8100296296874999 0.7320075515625 0.5480986109375
4 0.8476651046875 0.67051944375 0.8509856765625001 0.5555555562500001 0.85395703125 0.4520879625 0.8522135421874999 0.4511574078125 0.8466164062500001 0.6214268515625 0.8436450515624999 0.7354587968749999 0.8368489578125 0.9916666671875 0.8391927078125001 0.99351851875 0.8448684890625 0.7565870375 0.8476651046875 0.67051944375
4 0.8333333328125001 0.6301268515625 0.8389263015624999 0.5008699078125 0.84416953125 0.3629134265625 0.8494127609375001 0.2156351859375 0.8537945312499999 0.1223546296875 0.8524658859375001 0.1223546296875 0.8462666671875001 0.25758148125 0.84049921875 0.39988796249999997 0.8360677078125001 0.5138888890625 0.8289638015625 0.67051944375 0.8248197921875 0.7834759265625 0.8171875 0.9986111109375001 0.8205747390625 0.99894351875 0.8293135421875 0.7525476859375 0.8333333328125001 0.6301268515625
4 0.7326622390625 0.679840740625 0.7426244796875 0.6086875 0.7566065109375 0.5111236109374999 0.7679669265625 0.4297166671875 0.7663940109375 0.4275416671875 0.7527614578125 0.523241203125 0.7372062500000001 0.635408796875 0.7253216140625 0.722408796875 0.7148348953125 0.7948050921875 0.6873950515625 0.9952148140625001 0.6891429687499999 0.9939722218749999 0.71833046875 0.78361898125 0.7326622390625 0.679840740625
4 0.7321377609375 0.7537907406250001 0.742275 0.6739375 0.7529361984375 0.5934625 0.7621994796875 0.5241736109375 0.7606263015625 0.5192023140625001 0.7504893234375001 0.60340555625 0.7400028640625 0.6764231484375001 0.7279432296875 0.7724333328124999 0.69875546875 0.9914865734375 0.7003286453124999 0.9911759265625 0.72200078125 0.8305370375000001 0.7321377609375 0.7537907406250001
4 0.9109341140625 0.033867592187500004 0.8786005203125 0.0344893515625 0.8533653640625 0.035612500000000005 0.8536458328125001 0.040277778125000004 0.8948546875 0.039771296875 0.93190703125 0.039771296875 0.9638911453125001 0.0388393515625 0.9997395828125001 0.0375 0.9995455734375 0.030449999999999998 0.9523559890625 0.032625 0.9109341140625 0.033867592187500004
4 0.815625 0 0.8141078125 0.001553703125 0.796875 0.0620370375 0.778125 0.1201388890625 0.7791666671875 0.122453703125 0.8009997390624999 0.05313194375 0.815625 0
4 0.8163799484375 0.0366643515625 0.8097385421875 0.072396296875 0.8118359375 0.06835694375 0.8176033859375 0.0388393515625 0.8249440109374999 0.00124305625 0.82337109375 0.001553703125 0.8163799484375 0.0366643515625
4 0.8541932296875 0.1110166671875 0.85339609375 0.0800736109375 0.8519346359375 0.0366120375 0.8523330734375 0.01724305625 0.8510044265625 0.018187962499999998 0.8506059890625 0.04464305625 0.8519346359375 0.0852703703125 0.8525989578125 0.1110166671875 0.8541932296875 0.1110166671875
4 0.8494101562499999 0.0517291671875 0.8507388015625 0.022203240625000002 0.8498085937500001 0.021022221875 0.84755 0.072278703125 0.846484375 0.1141203703125 0.8472841140625 0.114559721875 0.8480815109375 0.09755277812499999 0.8494101562499999 0.0517291671875
4 0.83984375 0.018896296875 0.8387807296875 0.0174791671875 0.8305432296875 0.0755856484375 0.8242984375000001 0.1166856484375 0.8256270828125001 0.116921759375 0.8343963546875001 0.054799537499999995 0.83984375 0.018896296875
4 0.8490114578125001 0.29903611093750004 0.8470184890624999 0.22581250000000003 0.8468856765625 0.1783351859375 0.8470184890624999 0.129440740625 0.84568984375 0.1296768515625 0.84555703125 0.2114041671875 0.8483471359375001 0.3106101859375 0.8506059890625 0.3630481484375 0.85326328125 0.40887175937500003 0.8547247390624999 0.40887175937500003 0.8524658859375001 0.36824444375 0.8490114578125001 0.29903611093750004
4 0.84183671875 0.20124722187500002 0.8409067703125 0.24281944375000003 0.8406408859375001 0.2964379625 0.8413052078125001 0.3776925921875 0.8422354171875 0.4272958328125 0.8435640624999999 0.425878703125 0.84183671875 0.3377740734375 0.8422354171875 0.2404574078125 0.8432981765625 0.1986490734375 0.84183671875 0.20124722187500002
4 0.6841541671875 0.7480990734375 0.7108856765625 0.5929606484375001 0.7267520828125 0.50159444375 0.7253723953125 0.5003680562499999 0.7072640625 0.6046111109375001 0.6862236984375001 0.7254106484375 0.6594921874999999 0.8759504625 0.6396591140625 0.9881652781250001 0.6410388015625 0.99123148125 0.6594921874999999 0.8882143515625 0.6841541671875 0.7480990734375
4 0.7752138015625001 0.43782175937499995 0.7657283859375 0.48350509218750004 0.7665908859375 0.487797221875 0.7765934890625 0.4384351859375 0.7752138015625001 0.43782175937499995
4 0.7431359375000001 0.43199675937500004 0.73692734375 0.4537648140625 0.73002890625 0.47859953749999995 0.7324434890625 0.476146759375 0.744515625 0.43230324062500003 0.7431359375000001 0.43199675937500004
4 0.7676255203125 0.2928009265625 0.7800427078125 0.250490740625 0.7790080734375 0.2489574078125 0.7641763015625 0.2989328703125 0.75 0.346759259375 0.7364101562500001 0.3902990734375 0.7364101562500001 0.3952046296875 0.7538286453125 0.33879074062500003 0.7676255203125 0.2928009265625
4 0.8295572921875 0.1296296296875 0.8286458328125 0.1296296296875 0.8247395828125 0.15532407343750002 0.818359375 0.196527778125 0.8196614578125001 0.196296296875 0.8255208328125001 0.1581018515625 0.8295572921875 0.1296296296875
4 0.8244791671874999 0.1300925921875 0.8235677078125001 0.1300925921875 0.8180989578125001 0.1946759265625 0.8190104171874999 0.1979166671875 0.821484375 0.1675925921875 0.8244791671874999 0.1300925921875
4 0.840234375 0.6692129625 0.8451822921875 0.53773148125 0.843359375 0.5365740734375 0.8404947921874999 0.615046296875 0.8352864578125001 0.7516203703125 0.8263020828125001 0.99351851875 0.8286458328125 0.9953703703125001 0.8365885421874999 0.7569444437499999 0.840234375 0.6692129625
4 0.8440104171874999 0.45069444374999995 0.8430989578125001 0.45046296249999995 0.8434895828125001 0.477777778125 0.84453125 0.5004629625 0.845703125 0.4995370375 0.8440104171874999 0.45069444374999995
4 0.8104744796875 0.373971296875 0.8260994796875 0.20833333281250002 0.8243635421875 0.2073046296875 0.81018515625 0.3600824078125 0.7971643234375 0.49845694375000005 0.7902197921874999 0.5715018515625 0.7759354171874999 0.72656851875 0.7722151046875 0.790816203125 0.7986111984375001 0.5025722218750001 0.8104744796875 0.373971296875
4 0.7901591140625001 0.529666203125 0.8526932296874999 0.5452 0.8561197921874999 0.5189041671875 0.849609375 0.5179398140625 0.8485242187500001 0.5054013890625 0.8420138015624999 0.5025078703125 0.8382161453125001 0.5189041671875 0.7918721359374999 0.508040740625 0.7963268234374999 0.44194675937500005 0.8615450515624999 0.4513888890625 0.8648002609375001 0.4301699078125 0.8583471359375 0.42885 0.859375 0.41763101875 0.8494380203125 0.4163620375 0.8480674484374999 0.4322004625 0.7980684890624999 0.42245370312499997 0.8018664062499999 0.37519305625 0.8136307296874999 0.2037648140625 0.8427562500000001 0.20132777812499997 0.8468966140624999 0.178433796875 0.8420138015624999 0.175540278125 0.8382161453125001 0.1977236109375 0.8138020828125001 0.19965277812499999 0.8203125 0.1302083328125 0.8544921875 0.1253856484375 0.8550346359375001 0.11477638906250001 0.8211690109375 0.1197004625 0.8233963546874999 0.086196296875 0.8102041671875 0.0834550921875 0.8084908859375 0.120309259375 0.7807359375 0.12274629687500001 0.7817924484375001 0.1359953703125 0.8084908859375 0.1318833328125 0.8030085937500001 0.19615 0.7817924484375001 0.1948300921875 0.7815927078125 0.1833578703125 0.7757674484375 0.18914490781249998 0.7747395828125 0.2192981484375 0.7807075515624999 0.2160495375 0.7817640625 0.1995004625 0.80249453125 0.20559212968749999 0.7821065109374999 0.4160574078125 0.7269966140624999 0.40702175937499996 0.72157109375 0.4272763890625 0.78125 0.436159721875 0.77559609375 0.5052995375 0.7210286453125 0.48996898125 0.7177734375 0.512152778125 0.774396875 0.5254018515625 0.7405598953125 0.9866898140625 0.7562361984375 0.9917152781249999 0.7833059890625 0.6134259265625001 0.7901591140625001 0.529666203125
4 0.6958911453125001 0.123028240625 0.697096875 0.1075958328125 0.6951677078125 0.10330925937499999 0.6913098953125 0.1041666671875 0.6915510421875 0.053583796875 0.69830234375 0.0540125 0.6978203125 0.049296759375 0.6913098953125 0.046725 0.6925153640625 0.00214351875 0.68841640625 0.0017148140624999998 0.6879341140624999 0.0411523140625 0.6828703125 0.0394375 0.6816648437499999 0.044152778125 0.6886572921874999 0.0510115734375 0.6799768234375 0.26706111093749996 0.6860049484374999 0.270490278125 0.6913098953125 0.123028240625 0.6958911453125001 0.123028240625
4 0.5571135421875 0.106046296875 0.6109776046875 0.104859259375 0.6617255203125 0.10288055625 0.6739671875 0.1024851859375 0.672965625 0.10090231406250001 0.6060807296874999 0.103078703125 0.56590546875 0.10406759218749999 0.5111513015625 0.1046611109375 0.44871796875000003 0.1044634265625 0.36714296874999997 0.101891203125 0.3665864578125 0.103672221875 0.41889244843749995 0.10525462968749999 0.47019687499999996 0.106046296875 0.5072559890624999 0.10624398125000001 0.5571135421875 0.106046296875
4 0.5421598953125 0.05313101875 0.5980877609374999 0.051454629687499996 0.67744609375 0.0492625 0.6767205734374999 0.047586110937499995 0.616803125 0.0495203703125 0.5761083328125001 0.05055185156250001 0.5248229171875 0.050938889062500006 0.47876041718750006 0.05055185156250001 0.4276927078125 0.049391203125 0.3843140625 0.0470699078125 0.35493567656249997 0.0456513890625 0.3548630203125 0.047327778125 0.39700859374999997 0.0491333328125 0.44582760468749993 0.051583796875 0.5005223953125 0.052228240625 0.5421598953125 0.05313101875
4 0.4579416671875 0.043072221875 0.4971854171875 0.0441041671875 0.5254033859375 0.0443620375 0.547890625 0.0442328703125 0.5729166671875 0.0447486109375 0.5976526046874999 0.043975 0.6248549484375 0.0441041671875 0.6486479171874999 0.0435879625 0.6483578125 0.041653703125000004 0.623984375 0.042040740625 0.5925747390625 0.0424273140625 0.5620356765625 0.0432013890625 0.5338903640625 0.0426856484375 0.50654296875 0.0426856484375 0.47876041718750006 0.042040740625 0.45968255156250004 0.0412666671875 0.40999296875 0.0402351859375 0.3711119796875 0.0390745375 0.3341893234375 0.0355925921875 0.33433437499999996 0.0373981484375 0.35790963593749997 0.0393324078125 0.3893192703125 0.0408800921875 0.42566145781250003 0.042298610937499995 0.4579416671875 0.043072221875
4 0.9975406250000001 0.11745555625 0.99840625 0.11333750000000001 0.9698109374999999 0.11145416718750001 0.9379822921875001 0.1097393515625 0.9047067703125 0.1110254625 0.8721546874999999 0.1071671296875 0.8598572921875001 0.1071671296875 0.8579281249999999 0.11616944375 0.8979552078124999 0.11831296250000001 0.9365354171875 0.11831296250000001 0.9702932296875 0.12045601875 0.9975406250000001 0.11745555625
4 0.45784765624999996 0.040881481250000004 0.4970916671875 0.0419129625 0.525309375 0.042170832812499996 0.5477966140625 0.0420421296875 0.57282265625 0.0425578703125 0.59755859375 0.041784259375 0.6247609375 0.0419129625 0.64855390625 0.041397221875 0.6482638015625 0.0394629625 0.623890625 0.039850000000000003 0.5924809890625 0.0402365734375 0.5619419265625 0.041010648437500005 0.5337966140625 0.04049444375 0.50644921875 0.04049444375 0.47866640625 0.039850000000000003 0.4595885421875 0.0390759265625 0.40989921875 0.038044443750000004 0.37101796875000004 0.036883796875 0.3340953125 0.0334018515625 0.3342403640625 0.0352074078125 0.35781588593749997 0.0371416671875 0.3892252609375 0.0386893515625 0.42556770781250003 0.0401078703125 0.45784765624999996 0.040881481250000004