4 0.07026015625000001 0.5586625 0.07934843750000001 0.8140689812499999 0.0851161453125 0.9986328703125 0.0963018234375 0.9992541671874999 0.0935052078125 0.917847221875 0.08738802031250001 0.7491300921875 0.0755033859375 0.4169773140625 0.0679880203125 0.206002778125 0.0608221359375 0.00093194375 0.0513841140625 0.00093194375 0.0538309890625 0.07519259218749999 0.06047265625 0.2718740734375 0.07026015625000001 0.5586625
4 0.1085361984375 0.703765740625 0.11570182343749999 0.8855333328125001 0.12024609374999999 0.99894351875 0.12636328125000001 0.99894351875 0.1198966140625 0.8348870375 0.1073127609375 0.518891203125 0.09577734375 0.2311708328125 0.08633958281250001 0.000621296875 0.0807466140625 0 0.0866890625 0.145103240625 0.09787473906250001 0.4312703703125 0.1085361984375 0.703765740625
4 0.136675 0.5238629625 0.1462877609375 0.7367013890624999 0.1572986984375 0.9992541671874999 0.163590625 0.99894351875 0.15694921875 0.86191898125 0.14943385468749998 0.6953763890625 0.13877239531250002 0.454884259375 0.1284606765625 0.2252671296875 0.1183234375 0 0.11325494843749999 0.000621296875 0.12024609374999999 0.1519388890625 0.1274119796875 0.3197240734375 0.136675 0.5238629625
4 0.3111018234375 0.5313199078124999 0.3222875 0.701590740625 0.33452187499999997 0.8852226859375 0.34238671875 0.9992541671874999 0.3479166671875 0.9995370375 0.3353955734375 0.8268083328125 0.3219380203125 0.62484444375 0.30341171875 0.3433384265625 0.2930997390625 0.17772824062499998 0.2812151046875 0.000621296875 0.2771953125 0.0003106484375 0.28226380156249997 0.0807856484375 0.29519713593749997 0.28585648125 0.3111018234375 0.5313199078124999
4 0.3270065109375 0.5219986109375 0.3439596359375 0.7603157406250001 0.36056354218750003 0.9986328703125 0.3642338546875 0.9986328703125 0.3561940109375 0.8855333328125001 0.3381921875 0.63789444375 0.32019010468750003 0.37938101875 0.3042854171875 0.15442453750000001 0.2932744796875 0.000621296875 0.2901286453125 0.0003106484375 0.2937989578125 0.0590356484375 0.3112765625 0.299527778125 0.3270065109375 0.5219986109375
4 0.39447005156250003 0.48222731406249997 0.41177291718750003 0.6913375 0.4361979171875 0.9995370375 0.44895833281249997 0.9995370375 0.43763984375 0.8612976859374999 0.4182395828125 0.6307481484374999 0.40006302031249996 0.41200601875 0.3797888015625 0.162503240625 0.36598151093750003 0.000621296875 0.35514531250000003 0 0.35986432343749997 0.060899999999999996 0.37594375 0.258202778125 0.39447005156250003 0.48222731406249997
4 0.4479515625 0.6391375 0.46770130156249995 0.8681333328124999 0.4792364578125 0.9992541671874999 0.48463541718750003 0.9995370375 0.4617588546875 0.738565740625 0.4427083328125 0.5192023140625001 0.42016223906250005 0.2594458328125 0.397965625 0.000621296875 0.393071875 0.0003106484375 0.4068791671875 0.15722083281250002 0.42785234375 0.404859721875 0.4479515625 0.6391375
4 0.45267057343749995 0.54033055625 0.4783627609375 0.8339546296875 0.49322916718750004 0.9995370375 0.4994791671875 0.9995370375 0.4891986984375 0.8914365734375 0.46700234375000005 0.6403800921875 0.441834375 0.358252778125 0.4203369796875 0.11434259218750001 0.4102 0.000621296875 0.40513151093750005 0.0003106484375 0.4112486984375 0.073328240625 0.43029921875 0.2905171296875 0.45267057343749995 0.54033055625
4 0.5968609375 0.6692768515624999 0.6150377609375 0.8367513890625 0.6325153640625001 0.9992541671874999 0.6377604171875 0.9995370375 0.6318161453125 0.94674351875 0.6118916671875 0.7606263890625 0.5882968749999999 0.5421949078125 0.5655760421875 0.332152778125 0.5446028640625 0.13671388906249998 0.5297468750000001 0.0003106484375 0.5253776046875 0 0.5480984375 0.2137708328125 0.5734408859375 0.4492916671875 0.5968609375 0.6692768515624999
4 0.612765625 0.5480986109375 0.6361856765625 0.76186944375 0.6627604171875 0.9995370375 0.6690104171875 0.9995370375 0.6557606765624999 0.8799402781250001 0.6311171875 0.6590231484375 0.6040268234374999 0.4151129625 0.5764122390625 0.1687175921875 0.5578859375 0.000621296875 0.5526427078125 0 0.5613815109375 0.07923194375 0.586025 0.3041884265625 0.612765625 0.5480986109375
4 0.65611015625 0.6400694437500001 0.6819770828125 0.87061898125 0.6970078125 0.9986328703125 0.70731953125 0.9992541671874999 0.6800544265624999 0.766840740625 0.6533138015625 0.5319412031249999 0.6262234375 0.2964203703125 0.6043763015625 0.1047101859375 0.5928411453125 0.000621296875 0.583403125 0 0.60734765625 0.2094208328125 0.62919453125 0.4061023140625 0.65611015625 0.6400694437500001