1 0.28996575 0.4975617375 0.5754979890625 0.3940463640625 0.5754979890625 0.324969534375 0.500485903125 0.082951553125 0.3570347859375 0.1329735765625 0.3137345109375 0.035625540625 0.1401841015625 0.090340478125 0.26725825625 0.4992756015625 0.28996575 0.4975617375
1 0.464724240625 0.816247509375 0.6725059359375 0.7578609203125 0.672505934375 0.716846721875 0.606427178125 0.40821182812499995 0.5522774187499999 0.412298821875 0.26350749375000004 0.4857587203125 0.3052056171875 0.8969345140625 0.3088330828125 0.8966607265625001 0.464724240625 0.816247509375
1 0.51594415625 0.964253353125 0.775772459375 0.8032187765625001 0.775772459375 0.8031160749999999 0.7366050203125 0.7687648890625 0.691524640625 0.7119312671875 0.627531146875 0.7167612234375 0.5025430046875 0.807669040625 0.4311511140625 0.87600624375 0.322967678125 0.9912630390625001 0.3742116859375 0.990070321875 0.5002785281250001 0.9703052921875001 0.51594415625 0.964253353125
1 0 0.6230213124999999 0.234405534375 0.5547291546875 0.2344055328125 0.5394368921875 0.132779534375 0.0855256359375 0.10402315468750001 0.087696046875 0 0.1245616375 0 0.6230213124999999
1 0.28447415 0.758549178125 0.261993321875 0.6054995625 0.032172871874999995 0.62284543125 0.0216179421875 0.6244736046875 0.06977775 0.9971561 0.17123811093750002 0.994794584375 0.2844741515625 0.9395042421875001 0.28447415 0.758549178125
1 0.7410442875000001 0 0.76049033125 0.12074683281250001 0.7702335375 0.1200114578125 0.9072025781249999 0.07096487968750001 0.9072025796875 0.062382162500000005 0.8826650046875001 0 0.7410442875000001 0
1 0.793177215625 0.424640453125 0.8299551875000001 0.525490709375 0.883487153125 0.5899093375 0.8863585859375 0.589692615625 0.945171 0.5462772265625 0.9541419078125 0.4061647984375 0.9541419078125 0.3952769890625 0.9048077546875 0.105077325 0.868086315625 0.1078489015625 0.7462130140625 0.13975451875 0.7462130140625 0.14751742968749998 0.7558855515625 0.2998236609375 0.793177215625 0.424640453125
1 0.9643476812499999 0.6570115234375 0.9684694468749999 0.5783635296875 0.9234309656249999 0.61528664375 0.9643476812499999 0.6570115234375
1 0.8537339484375 0.6632912078125 0.7857974390625 0.6339552578125 0.7981702484375 0.6752108156250001 0.7929011171875 0.74770846875 0.8764213734374999 0.8787568671875 0.8805311109374999 0.87844668125 0.9541375609375 0.8518322218750001 0.958154840625 0.7751779562500001 0.9273037499999999 0.7284361015624999 0.8537339484375 0.6632912078125
1 0.7218295718750001 0.7065270703125 0.7382209953125 0.7004882546875 0.7382209953125 0.576461103125 0.7260105953125 0.54877385 0.7382209953125 0.42661299062499997 0.7382209953125 0.42453223281249997 0.7310441171875001 0.3217073515625 0.689048153125 0.3250133609375 0.683632021875 0.4176457125 0.68363159375 0.5061569609375 0.71925280625 0.7067215546875001 0.7218295718750001 0.7065270703125
1 0.6944109546874999 0.30581800625 0.620297625 0.0158998890625 0.5841825515625 0.0255131265625 0.6587379343750001 0.3279089515625 0.6610293859375 0.3277360015625 0.69441095625 0.3155205859375 0.6944109546874999 0.30581800625