1 0.173964 0.063744 0.260936 0.48941999999999997 0.5964959999999999 0.397744 0.532972 0.085668 0.38536000000000004 0.124064 0.351972 0.023100000000000002 0.173964 0.063744
1 0.5044120000000001 0.832708 0.714576 0.768392 0.600736 0.414384 0.268144 0.506832 0.35331999999999997 0.917448 0.5044120000000001 0.832708
1 0.51954 1 0.7988959999999999 0.94062 0.76964 0.892108 0.7259559999999999 0.78562 0.541404 0.8416880000000001 0.459368 0.8815759999999999 0.3147 0.963548 0.233764 1 0.51954 1
1 0 0.532144 0.014168 0.599408 0.25740799999999997 0.565248 0.162492 0.072496 0 0.10551200000000001 0 0.532144
1 0.1855 1 0.331248 0.9291560000000001 0.2577 0.5897439999999999 0.022520000000000002 0.622192 0.097736 1 0.1855 1
1 0.772588 0 0.775188 0.145752 0.9289120000000001 0.12290000000000001 0.900728 0 0.772588 0
1 1 0.466324 0.93356 0.15138000000000001 0.776828 0.16996 0.794532 0.332496 0.8378439999999999 0.463624 0.879516 0.570544 0.9373480000000001 0.644556 1 0.6059680000000001 1 0.466324
1 1 0.6248 0.9496399999999999 0.659484 1 0.7192160000000001 1 0.6248
1 1 0.86944 0.951748 0.778324 0.8837999999999999 0.702948 0.8187200000000001 0.664156 0.827852 0.7071240000000001 0.81714 0.778868 0.890484 0.9225559999999999 1 0.8986560000000001 1 0.86944
1 0.683744 0.45498000000000005 0.700136 0.5420119999999999 0.773156 0.736992 0.805012 0.721804 0.783124 0.681548 0.786604 0.6352 0.750404 0.580444 0.739916 0.458476 0.713384 0.35676 0.672004 0.363452 0.683744 0.45498000000000005
1 0.620336 0.041136 0.6712480000000001 0.356596 0.70966 0.349132 0.6567719999999999 0.037604 0.620336 0.041136