1 0.89130218125 0.7367437 0.8113231921875 0.7818768031250001 0.7868236140625 0.9716230984375 0.7892226359375 0.9844465546875 0.8142323093750001 0.980608571875 0.9904902078125 0.9270873249999999 0.9950036734375001 0.89954259375 0.9962162125 0.6911245781249999 0.9326929640625 0.7145797953125 0.89130218125 0.7367437
1 0.8154731375000001 0.7952696734375 0.815027996875 0.7928902671875 0.6455296609375 0.8189014625000001 0.5877582718750001 0.99401034375 0.5947007359375001 0.993603996875 0.6101323203125 0.9912555265625 0.756207003125 0.968838921875 0.8154731375000001 0.7952696734375
1 0.5261255375 1 0.5665891359375 0.8834169281250001 0.5657454125 0.8789069796875 0.48295429843750004 0.88641335625 0.425125625 0.8953445406249999 0.36946896875 0.91351414375 0.34733445 1 0.5261255375 1
1 0.3435673375 1 0.35308085 0.9326837359375 0.35287348125 0.9315752859374999 0.2762837828125 0.9643850374999999 0.27111765 1 0.3435673375 1
1 0.675260778125 0.644317171875 0.7015421500000001 0.7847986140625001 0.711782059375 0.7832271984375 0.7636234109375 0.75217489375 0.8500938640625 0.23730174843750002 0.8497666703125001 0.2355528046875 0.7167563578125 0.1841924640625 0.69625000625 0.185356859375 0.68591801875 0.351990909375 0.6914806046875001 0.4921340890625 0.6919907765625 0.552923603125 0.675260778125 0.644317171875
1 0.9174362593750001 0.280589125 0.6550989234375 0.6726057609375 0.6636883703125 0.7185188140625 0.7213375125 0.7068001390624999 0.7724940671875 0.70552641875 0.8712562 0.6903703937500001 0.89683374375 0.65495336875 0.836458828125 0.6272951015625 0.931067421875 0.4950361375 0.941728325 0.31414222187499996 0.9094800859375001 0.0370584734375 0.880035765625 0.035858709375 0.8115086421875001 0.1716575765625 0.9174362593750001 0.280589125
1 0.9831116421875 0.4591846125 0.981169728125 0.4548231109375 0.9810168015625 0.45483835937499995 0.9624176484375001 0.585885478125 0.996808446875 0.5893283921875 0.997323540625 0.5007911734375 0.9971593015625 0.49991326875000003 0.9831116421875 0.4591846125
1 0.49073679062500003 0.866448815625 0.4920615828125 0.8662455140624999 0.5088758125 0.85781851875 0.5138825328125 0.815973621875 0.585484365625 0.7829521015625 0.6043327125 0.652212459375 0.602586446875 0.533551240625 0.588462809375 0.49279408125 0.53107173125 0.496057303125 0.536886728125 0.46243344375 0.5902487046875 0.4722040625 0.5958829296875 0.46101125937500004 0.5883159250000001 0.44043469999999996 0.5987521890624999 0.395227253125 0.6204054593749999 0.38781730625 0.6221321140625 0.16709329687500002 0.6206840546875 0.15935300624999998 0.4515079796875 0.1728708484375 0.43508143125 0.1753916640625 0.4290029921875 0.49414331093749997 0.4676080765625 0.4969654765625 0.46647079687500004 0.7367401359375 0.49073679062500003 0.866448815625
1 0.4935753765625 0.17228553124999998 0.4917184859375 0.1623599171875 0.3201301328125 0.11334489375000001 0.30812858906249996 0.1151866484375 0.2446408171875 0.4150246078125 0.4190563625 0.4671453671875 0.42277359062500003 0.46657492031250003 0.4935753765625 0.17228553124999998
1 0.33737356093750004 0.055379107812499995 0.32861258437499996 0.111028840625 0.35722533125 0.1176401796875 0.3595742625 0.13106361093750002 0.486166578125 0.1548113890625 0.6320887125 0.1672790609375 0.68268821875 0.15951406562499998 0.6855905390625 0.027935673437500003 0.486094571875 0.0198068359375 0.4092482515625 0.034875778125 0.33737356093750004 0.055379107812499995
1 0.30892945 0.0465344609375 0.29484092031250003 0.047855859375 0.2107327421875 0.08399388906250001 0.28636983125 0.0994684390625 0.30849059218749997 0.0960737890625 0.3092781140625 0.048398175 0.30892945 0.0465344609375
1 0.2246908546875 0.43654037343749996 0.22985120625 0.43574846562499997 0.3064878984375 0.1685792421875 0.3035762234375 0.153015503125 0.254447421875 0.1316036421875 0.2593976046875 0.11028659062499999 0.2306845828125 0.09193213125000001 0.0797371796875 0.1005566828125 0.003517878125 0.34377719375 0.2246908546875 0.43654037343749996
1 0 0.5241470234375 0.0255299375 0.624974065625 0.0813298953125 0.736961096875 0.4814146640625 0.747014784375 0.48345785625 0.7467012359375 0.46519552031250005 0.518751978125 0.45010184375 0.43807195937500004 0 0.41561724843750003 0 0.5241470234375
1 0.22522081093750002 0.8479669703124999 0.3221507015625 0.863601265625 0.3350992671875 0.828123553125 0.3336196359375 0.820214509375 0.053841953124999994 0.6984492203125 0.053434274999999996 0.69848745625 0.0764620953125 0.8601151359375001 0.191247084375 0.9108181484375001 0.20636775312500003 0.90849773125 0.22522081093750002 0.8479669703124999
1 0 0.1681936125 0.015191071875 0.169709328125 0.03653010625 0.166434640625 0.03376669375 0.1293098234375 0.0300466796875 0.1094252796875 0 0.122554053125 0 0.1681936125
1 0 0.23883414531249997 0.014009832812500001 0.23668419531249998 0.029755690624999998 0.2007480671875 0.029641996875 0.20014033593749997 0 0.1842359453125 0 0.23883414531249997