1 1 0.740876 0.99046 0.73838 0.9110440000000001 0.749268 0.8641 0.762044 0.772688 0.788952 0.6833400000000001 0.9835039999999999 0.90242 0.965916 1 0.770408 1 0.740876
1 1 0.7937879999999999 0.917788 0.96142 1 0.952096 1 0.7937879999999999
1 0.51244 1 0.6755880000000001 0.984972 0.759368 0.798784 0.6732560000000001 0.8141959999999999 0.582688 0.823696 0.5054879999999999 1 0.51244 1
1 0.41924400000000006 1 0.495284 0.8423719999999999 0.409984 0.849048 0.351612 0.857308 0.29406 0.8749480000000001 0.24496400000000002 1 0.41924400000000006 1
1 0.236304 1 0.28118 0.880804 0.198028 0.9030480000000001 0.16114 1 0.236304 1
1 0.151744 1 0.16766 0.9521919999999999 0.15722 0.949956 0.10276 0.9578720000000001 0.113376 0.9080920000000001 0.093964 0.9113640000000001 0.074684 1 0.151744 1
1 0.704224 0.546744 0.647912 0.659616 0.603936 0.76038 0.63678 0.7575040000000001 0.650864 0.7743960000000001 0.7186480000000001 0.756644 0.943948 0.28781599999999996 0.82926 0.20172400000000001 0.809164 0.197176 0.753488 0.353332 0.720408 0.488596 0.704224 0.546744
1 0.960356 0.709496 0.9880359999999999 0.656648 0.924212 0.6385959999999999 0.999036 0.49416000000000004 0.9621919999999999 0.064024 0.8947800000000001 0.013980000000000001 0.8341160000000001 0.194204 0.9547599999999999 0.285292 0.722224 0.770516 0.8214840000000001 0.734252 0.960356 0.709496
1 1 0.513968 0.9995520000000001 0.509084 0.93774 0.631108 1 0.652096 1 0.513968
1 0.8976599999999999 0 0.8969480000000001 0.002756 0.9612320000000001 0.053076 0.9561439999999999 0 0.8976599999999999 0
1 0.42380399999999996 0.817896 0.44098800000000005 0.780148 0.519184 0.773308 0.575936 0.656456 0.609432 0.5440039999999999 0.608016 0.500792 0.552216 0.48440000000000005 0.567736 0.45467599999999997 0.615824 0.481988 0.624524 0.473348 0.6233920000000001 0.451384 0.64676 0.412308 0.669644 0.41266800000000003 0.7390920000000001 0.197792 0.555912 0.14842 0.455264 0.44797200000000004 0.491312 0.463728 0.37624399999999997 0.8236359999999999 0.42380399999999996 0.817896
1 0.366976 0.078276 0.27401200000000003 0.37557999999999997 0.446828 0.44161599999999995 0.548532 0.14512799999999998 0.366976 0.078276
1 0.509528 0 0.433952 0.006232 0.41096000000000005 0.058672 0.437216 0.070556 0.436032 0.08405599999999999 0.553624 0.131284 0.741124 0.185008 0.793184 0.0055320000000000005 0.783176 0 0.509528 0
1 0.386212 0.063988 0.410288 0.00594 0.30088400000000004 0.016300000000000002 0.386212 0.063988
1 0.30366 0.057028 0.309632 0.035232 0.282116 0.01794 0.132188 0.03342 0.0445 0.282988 0.26316 0.368652 0.357592 0.0791 0.30366 0.057028
1 0 0.49424799999999997 0.010172 0.620072 0.384268 0.76226 0.478292 0.46802 0 0.27244799999999997 0 0.49424799999999997
1 0.28736 0.7352839999999999 0.010856000000000001 0.627892 0.027432 0.7903279999999999 0.151484 0.8393599999999999 0.17524800000000001 0.768732 0.270652 0.7785040000000001 0.28736 0.7352839999999999
1 0 0.046495999999999996 0.102708 0.09273200000000001 0.12423200000000001 0.03254 0 0.042664 0 0.046495999999999996
1 0 0.263784 0.037564 0.27571599999999996 0.081324 0.154484 0 0.12396 0 0.263784
1 0 0.115516 0.0837 0.14560800000000002 0.101692 0.099124 0 0.053444000000000005 0 0.115516