4 0 0.1936387078125 0.0848952671875 0.2191496984375 0.26713669375000004 0.270806165625 0.44294033437499997 0.31605263125 0.5765102484375 0.34713943281250004 0.723572071875 0.374553159375 0.7958493671875 0.384879896875 0.8888184046875001 0.3930997078125 0.9458000984374999 0.3939876390625 0.9575480390625 0.393646225 0.9703771234375 0.3929764140625 0.9703239265624999 0.3884103484375 0.9579068578125 0.388846765625 0.8515986249999999 0.385412890625 0.778243015625 0.3764093546875 0.650948678125 0.35591936875 0.5264961031250001 0.328062365625 0.40873566875 0.30095001875 0.2797614828125 0.265501434375 0.161381390625 0.23225499218749998 0.0422436890625 0.19898640781250002 0 0.1856128546875 0 0.1936387078125
4 0.5431457 0.2486076390625 0.4584997640625 0.2184217796875 0.379593040625 0.1884658703125 0.256940190625 0.1396782046875 0.1480535875 0.09576445156249999 0.0921196640625 0.0747419796875 0.07838298125 0.077625878125 0.1864131109375 0.1220846734375 0.2909568609375 0.16350706406249998 0.447665296875 0.22231338437499998 0.5840612468749999 0.268791140625 0.64154454375 0.2872093515625 0.7187618828125 0.30799309531249996 0.779510121875 0.32230039062500004 0.846130321875 0.33503251093749997 0.9072740265625001 0.3420634375 0.9508876953125001 0.34536619375 0.9651209171874999 0.344952553125 0.9650621671874999 0.33990985 0.908264678125 0.33671748749999997 0.8457637890624999 0.32791611718749997 0.7994598265625 0.3211951796875 0.6673059171875 0.2876242171875 0.5431457 0.2486076390625
4 0.5008112625 0.17412248749999998 0.41072542656250005 0.132189384375 0.3402639015625 0.1024354765625 0.330858734375 0.11024999687499999 0.443542021875 0.16037656875 0.5580189859375 0.2078880984375 0.6614698453125001 0.250091078125 0.7724685625000001 0.29082119375 0.8694312953125 0.321383184375 0.928639121875 0.3375851171875 0.9463347859375 0.340807515625 0.9494158640625001 0.3407179734375 0.9493631875 0.3361964484375 0.8903805984375 0.3227019 0.8140939218750001 0.2999598578125 0.69921889375 0.2561762703125 0.607565578125 0.221592221875 0.5008112625 0.17412248749999998
4 0 0.62855875625 0.07494706718750001 0.64893869375 0.21010366406249997 0.6793079578125 0.3070193984375 0.706520490625 0.361872796875 0.7049263625 0.36187048125 0.7047275953125001 0.236685775 0.677347728125 0.07924583125 0.6394234515624999 0 0.6181302750000001 0 0.62855875625
4 0 0.26438291875000003 0.07552565156249999 0.2415236546875 0.197961959375 0.202894915625 0.3320234375 0.158519046875 0.33202334843750003 0.1585113484375 0.3198593625 0.158864853125 0.284613203125 0.1708142265625 0.187209571875 0.20248172968749997 0.0814862515625 0.23586993281250002 0 0.26011978125 0 0.26438291875000003
4 0 0.20256108281250002 0.0195486671875 0.20199296718749998 0.11766886562500001 0.1952680640625 0.213906809375 0.1879642109375 0.28978336875 0.180820671875 0.38542432031249996 0.1732343859375 0.385376484375 0.16912834999999998 0.30333516562499996 0.1759383015625 0.2067936421875 0.1846245046875 0.0644179953125 0.19495368125 0 0.1989182125 0 0.20256108281250002
4 0 0.1247351265625 0.07712153125 0.1287518609375 0.21461218437500001 0.13484732500000002 0.3094062796875 0.138224275 0.37092756250000003 0.14018042343749998 0.377209246875 0.13999786875 0.37716662031250003 0.1363390125 0.2956264171875 0.13425246562499998 0.16728613125 0.1298771578125 0.06328444375 0.1251197578125 0 0.12128480625 0 0.1247351265625
4 0.4864417578125 0.10882977499999999 0.5789552375 0.1334179328125 0.6649884921875 0.1524302421875 0.7518272140625 0.1684494328125 0.7937396125 0.1736318921875 0.8481442234375001 0.1807696515625 0.8829669640625 0.183044965625 0.8919782875 0.1844571109375 0.9199170765625 0.183645165625 0.8812715890625 0.1798640859375 0.8016627640625 0.1711731578125 0.6984526578125 0.15562095781250002 0.6070571515625 0.1341707890625 0.48627723125 0.1064425578125 0.4864417578125 0.10882977499999999
4 0.49291237031249996 0.152932509375 0.49431422031250005 0.15679175781250002 0.61416778125 0.17550266406249998 0.7057192953125 0.18499764375 0.794536915625 0.19055564375 0.88862094375 0.194018803125 0.9346415609375001 0.1941628984375 0.9617894171874999 0.1933739390625 0.96174045 0.1891708609375 0.8661511328125 0.189952859375 0.7808121328125 0.18562924375 0.662475696875 0.1778535265625 0.5799669187500001 0.165940434375 0.49291237031249996 0.152932509375
4 0.510268865625 0.1585895921875 0.5094133671875001 0.1633650765625 0.5701617999999999 0.17710596875 0.6566882421875 0.1955741390625 0.7143995421875 0.20488535312499997 0.7998194578125 0.215630046875 0.8810758609375 0.22288425625000002 0.9488421578124999 0.22658715625 0.9590417625000001 0.22629073906250002 0.9589875859375001 0.221640634375 0.84379774375 0.2171303 0.766805678125 0.20852418749999999 0.672015209375 0.19555628281249998 0.5823448375 0.1764610109375 0.510268865625 0.1585895921875
4 0.484927721875 1 0.479413746875 0.8634735296875 0.47654232968750004 0.766347428125 0.4607299 0.49175731875000006 0.4373735734375 0.20432476406250002 0.4852215375 0.20463227343749998 0.48585808124999996 0.1935908875 0.48584033125000003 0.192067390625 0.4532742265625 0.1878025640625 0.4521189546875 0.17562006562500002 0.4770723484375 0.17715322656250002 0.4773809703125 0.16632510625000002 0.4329510890625 0.1614407203125 0.43019574374999997 0.12066878750000001 0.4686930203125 0.12992039375 0.468513225 0.1144876640625 0.428530003125 0.1081712671875 0.4276812890625 0.10057383281250001 0.42509191562500004 0.09577630468750001 0.42053955624999995 0.0964907859375 0.42044529218750004 0.08839963281249999 0.42322505 0.0877881890625 0.42288482031249996 0.08069353124999999 0.41287890312500003 0.0805032953125 0.4129777875 0.088991228125 0.41645492500000003 0.0887891078125 0.417010584375 0.0980455125 0.411772715625 0.09755495625 0.41286855781250004 0.11223022187500001 0.3815536890625 0.1170716734375 0.3745922203125 0.1168582890625 0.375842375 0.1310251484375 0.414787528125 0.124713025 0.4172686984375 0.163701903125 0.3786447109375 0.1660415515625 0.3789347390625 0.17897439531249998 0.41790083906250003 0.1744605125 0.433158409375 0.365180621875 0.448856403125 0.5991927625 0.4599432640625 0.7975810796875 0.46795195625 1 0.484927721875 1
4 0 0.620897828125 0.061166175 0.637377534375 0.1958762 0.6705167046875 0.33333595312500003 0.7012146203125 0.4797863484375 0.7321507875 0.618424465625 0.75160258125 0.66933290625 0.7571126984375 0.755885409375 0.7624604796875001 0.79782473125 0.76262180625 0.8613695343750001 0.76077509375 0.8933369750000001 0.7576526515625 0.9261605671875 0.75287035625 0.9589033296875 0.7463494703125 0.9591328046875001 0.742409525 0.92811769375 0.7493621765625 0.881101128125 0.755227984375 0.83775133125 0.7588583812499999 0.8032575265625 0.758960065625 0.6990647328125 0.75453526875 0.63302484375 0.748454190625 0.5276208375 0.732853646875 0.397515303125 0.7102082734375 0.23550841406249998 0.6723666625 0.1604226265625 0.6543215109375 0.09107405468749999 0.636153115625 0 0.611961315625 0 0.620897828125
4 0 0.56724171875 0.0047444265625 0.569364259375 0.053426915625 0.5928719203124999 0.13451601562499998 0.6306755234375 0.18489117500000002 0.6510076421875 0.227595271875 0.6705661546874999 0.271671284375 0.6899817734375 0.3162004921875 0.708779240625 0.3575202984375 0.7267672468749999 0.4012733125 0.7437406390625 0.4424733625 0.761027134375 0.4804515328125 0.7757916781249999 0.51555379375 0.788426640625 0.5660362328125 0.8077477734375 0.60239085625 0.8195388250000001 0.6507965046875 0.8365050703125 0.6940945968750001 0.8486218171875001 0.7097302953125 0.8527471671875 0.7204178171875 0.8524365703125 0.708744784375 0.8493842624999999 0.6574169765625 0.8343885437499999 0.6318233171875 0.8234790859375 0.5887751828125001 0.8090034765624999 0.5191788578125001 0.7834790671875 0.469734790625 0.765335603125 0.397906775 0.737091728125 0.3523873265625 0.7184922265625 0.29159518906250004 0.6921960687500001 0.1783865484375 0.642875559375 0.102428228125 0.60787165 0.030443178124999998 0.5737874125 0 0.5595162593749999 0 0.56724171875
4 0 0.43017519374999996 0.083841940625 0.3987304625 0.1958892578125 0.35196539531250004 0.3163776015625 0.3005139859375 0.3600708890625 0.28149745312499996 0.360067725 0.281225809375 0.3483686546875 0.281565803125 0.254661084375 0.3213271359375 0.15759351562499999 0.362640359375 0.07309568125 0.3947074796875 0 0.423959203125 0 0.43017519374999996
4 0.4738934578125 0.3572170328125 0.473833659375 0.3576664703125 0.49009638125 0.3571938484375 0.5634331343750001 0.3441724859375 0.6898470515625 0.316746403125 0.7750180249999999 0.2935284625 0.873555721875 0.261242240625 0.9575296015625 0.23087528124999998 0.957454728125 0.22444852499999998 0.9074958078125 0.243377834375 0.8389496453125 0.2679852375 0.7569027937499999 0.2939319671875 0.6476644625 0.32331194218750003 0.5684642328125 0.337943840625 0.4738934578125 0.3572170328125
4 0 0.481481115625 0.1391982203125 0.535828553125 0.2821170421875 0.58633415 0.41396244375 0.6302521984375 0.5482009062500001 0.6719201140625 0.6844165953125 0.7079732812499999 0.8028349468749999 0.728915 0.8979187156249999 0.7389707296875 0.9118580921874999 0.73898018125 0.9540414359374999 0.7377542671875 0.9540018546875 0.7343567875 0.8990347640625 0.73547220625 0.815489634375 0.7274683671875 0.7281281093749999 0.71129524375 0.6532457125 0.6933508296875 0.50558651875 0.6518309421875 0.3540093921875 0.6018596781250001 0.1575614671875 0.5291936421875 0 0.46506405468749995 0 0.481481115625
4 0.9093617734375 0.0867305265625 0.9492488625 0.1257923890625 0.9652802609375 0.1416715703125 0.967448625 0.1416085546875 0.967427665625 0.139809575 0.9500817937500001 0.123366815625 0.9210944515625 0.094368209375 0.89069453125 0.06407148124999999 0.86301185625 0.0351650390625 0.8593373703125 0.035015314062500004 0.8673444671875 0.0436757953125 0.9093617734375 0.0867305265625
4 0.8029684234375001 0.611216753125 0.766878215625 0.6187942203125 0.735587340625 0.625584984375 0.70034940625 0.6326073437499999 0.6649448546875 0.6400724171875 0.6386199265625 0.6456337703125 0.6040054546875 0.652138525 0.570762484375 0.658418003125 0.539576290625 0.6643608046875 0.5138131546875 0.6689992625000001 0.4867598125 0.6741339859375 0.48678478593749996 0.676277596875 0.49843988437500003 0.67593888125 0.5091948656249999 0.6740070078125 0.5451615828125 0.6671839015625001 0.58228986875 0.66026708125 0.6159279359375 0.6535069703125 0.6506468359375 0.6461542890625 0.6866323578125 0.6394247890625 0.7095912671875 0.6348310578125 0.748590459375 0.62636135625 0.7904561421875 0.6182525875 0.8316789140624999 0.6090029921875 0.8672500859375001 0.6010952015625 0.9122341859375 0.590398721875 0.9486148796875 0.58318904375 0.9647251062500001 0.579740021875 0.9646984062499999 0.577448275 0.9620831390625 0.57737219375 0.9352165921875001 0.5828928515625 0.8989597671875 0.59091303125 0.8756060140624999 0.5959873515624999 0.8428818921874999 0.6025976515625 0.8029684234375001 0.611216753125
4 0.668941890625 0.6207925624999999 0.6321772578125 0.6300306578125 0.6042953328125 0.6372379828125 0.5654144203125 0.6465434390625 0.5363273140625 0.6536098234375001 0.5136173234375 0.6592177968749999 0.484624946875 0.665430059375 0.48496747031250004 0.666948425 0.497123221875 0.666595159375 0.519616159375 0.66117808125 0.5493865890625 0.653955471875 0.59230089375 0.64331143125 0.653825165625 0.6279963015625001 0.6912063796875 0.618201240625 0.7123218703124999 0.6129573328125 0.73981480625 0.6062554078125 0.7716633015625 0.5973083078125 0.8049447515624999 0.5884500703125 0.8254186140625001 0.582264303125 0.8254151765625 0.5819693 0.8135697140625 0.582313546875 0.7956241953125 0.5864162671875001 0.7597425703125 0.5967018937499999 0.727144190625 0.6054039671875 0.6987404109375001 0.612314128125 0.668941890625 0.6207925624999999
4 0.9016797546875001 0.6322629265625 0.8824793140624999 0.6344343703125 0.8575374296874999 0.637008190625 0.83098786875 0.6396946859375 0.7967207515625 0.643747865625 0.7621783390625 0.6474069625000001 0.7266722359375 0.65072115625 0.696929825 0.6522853765625001 0.6667964734375 0.6560488531249999 0.6296826984375 0.659475715625 0.601525459375 0.6622748781250001 0.562299609375 0.665436853125 0.532948715625 0.6679067640625 0.51002851875 0.6699259890625 0.481861765625 0.6715018625 0.48188262968749995 0.6732927328125 0.5252708187499999 0.672031803125 0.5459424484375 0.6702989328125 0.5892570546875 0.6664379593749999 0.6513580359375 0.66084700625 0.6891152375 0.6569621390625 0.710428009375 0.6550555671875 0.7381712328125001 0.652698328125 0.7737034765625 0.649076703125 0.80599448125 0.64598783125 0.8409052828125001 0.64147663125 0.872552603125 0.63884578125 0.9060854468749999 0.6344316203125 0.9404657046875 0.6298502890625 0.96587669375 0.6266214296875 0.9660678140625001 0.6233400015624999 0.944741565625 0.6266602609375 0.9016797546875001 0.6322629265625