4 0 0.0361111109375 0.1395908859375 0.11982592656249999 0.3042661453125 0.2151416671875 0.4641544265625 0.302627778125 0.5863716140624999 0.3658949078125 0.72246484375 0.428921759375 0.7900583328125 0.4568356484375 0.8781403640625 0.48781296249999995 0.9369255203125 0.5038125 0.99973203125 0.5164078703125 0.9997395828125001 0.5125 0.9459252609375 0.5007490734375 0.8438648437499999 0.4711328703125 0.7749309890625 0.444240278125 0.656403125 0.3928375 0.5422794265624999 0.3349671296875 0.43446171875 0.2794754625 0.3176700515625 0.2130990734375 0.21063125 0.151484259375 0.1028645828125 0.0896606484375 0 0.0259259265625 0 0.0361111109375
4 0.134375 0 0.2359067703125 0.066721296875 0.3343291671875 0.1296976859375 0.48220494843750006 0.2208333328125 0.6114046875 0.2954791671875 0.6659773437500001 0.3257759265625 0.7396981765625 0.36254074062499997 0.7979091140625 0.38943333281250003 0.8620557296875001 0.4159856484375 0.9214153640625 0.4357296296875 0.9658395828125 0.448665740625 0.9997395828125001 0.45648148125 0.9983916671875 0.4510486109375 0.9229473953125 0.4306236109375 0.8624388015625 0.4088370375 0.8176317703124999 0.39249722187499997 0.691253125 0.3315629625 0.5732997390625 0.266884721875 0.4932598953125 0.2192263890625 0.41883671875 0.17299398125 0.3033854171875 0.0989199078125 0.2009549484375 0.032561573437500005 0.1481770828125 0 0.134375 0
4 0.7975260421875 0.3308824078125 0.8842677078125 0.3928375 0.9376914062499999 0.428240740625 0.9997395828125001 0.4625 0.99973203125 0.45921851875 0.9039906249999999 0.4010074078125 0.8355033859375001 0.3535495375 0.7341453125 0.272671759375 0.65321171875 0.2084875 0.56027890625 0.126633796875 0.48220494843750006 0.05570972187499999 0.4205729171875 0.003240740625 0.41015625 0.0078703703125 0.5082466140624999 0.094290278125 0.6085325515625 0.1787171296875 0.6992953125 0.2542893515625 0.7975260421875 0.3308824078125
4 0 0.641203703125 0.103209375 0.64031851875 0.23914921875 0.6328703703125 0.3589408859375 0.6328703703125 0.48695390625 0.6265731484375 0.48483463593750004 0.61104305625 0.44227421875 0.612808796875 0.2643229171875 0.6236111109375 0.10546875 0.629783796875 0 0.63101851875 0 0.641203703125
4 0 0.1925925921875 0.0980393234375 0.191653240625 0.2257583328125 0.1889296296875 0.3699447921875 0.1838236109375 0.4453890625 0.180759721875 0.44519765624999996 0.177015278125 0.3174786453125 0.1824620375 0.21560963593750002 0.1855254625 0.105315625 0.1879083328125 0 0.18842592656249998 0 0.1925925921875
4 0 0.1601851859375 0.15012265625000001 0.1586328703125 0.2464385421875 0.15693101874999998 0.32245703125 0.1542074078125 0.41934739531250004 0.1521648140625 0.4187729171875 0.1480800921875 0.33624375 0.1501226859375 0.2395450515625 0.1531861109375 0.09708177031250001 0.15522870312499998 0 0.15555555625 0 0.1601851859375
4 0 0.13148148125 0.11086848906249999 0.12493194375000001 0.2485447921875 0.11574074062499999 0.3433286453125 0.10859212968750001 0.41207109375 0.1031453703125 0.41264557343749997 0.0990606484375 0.3289674484375 0.106209259375 0.2006739578125 0.11608101875000001 0.09650729218750001 0.1228893515625 0 0.127777778125 0 0.13148148125
4 0.695465625 0.1395699078125 0.7820158859374999 0.14910138906249998 0.8237591140625 0.15114398125 0.8779489578125 0.1542074078125 0.9126072921875 0.1538671296875 0.9457338546875 0.15659027812499998 0.9993489578125001 0.1548884265625 0.9993489578125001 0.150803240625 0.9702434890625 0.1521648140625 0.9108838546875001 0.150803240625 0.8316098953125 0.1480800921875 0.72878359375 0.1402504625 0.6376377609375 0.1256129625 0.5171950515625 0.1068898140625 0.51738671875 0.10927268593749999 0.6096812500000001 0.1269745375 0.695465625 0.1395699078125
4 0.7416130203125 0.1729300921875 0.8310354171875 0.1732708328125 0.9254364578125 0.171228240625 0.9997395828125001 0.1671296296875 0.9997395828125001 0.1620370375 0.9024585937499999 0.1685050921875 0.81667421875 0.1691856484375 0.6974825515624999 0.16836435156250001 0.6135109375 0.16135601875 0.5248544265625 0.1535268515625 0.5267692703125 0.15727129687500002 0.6489354171875 0.1688453703125 0.7416130203125 0.1729300921875
4 0.68972109375 0.2073120375 0.7490809890625 0.21139722187499999 0.8363971359375 0.2144606484375 0.9189260421875 0.2144606484375 0.99973203125 0.2117375 0.9989658859375 0.206290740625 0.8806296874999999 0.212077778125 0.8021216140625 0.21037592656249998 0.7050398437500001 0.20595046250000001 0.6119791671875 0.1950574078125 0.5367263015625 0.1838236109375 0.5367263015625 0.1885893515625 0.5999156250000001 0.196759259375 0.68972109375 0.2073120375
4 0.5112846359375001 0.7476851859375 0.4986979171875 0.4723763890625 0.47873255156249994 0.18379629687500001 0.52647578125 0.1868828703125 0.52734375 0.1743828703125 0.4947916671875 0.168209721875 0.49378046875 0.15596898125 0.51866328125 0.1589504625 0.5190971359375001 0.1481481484375 0.47481796875000004 0.1406865734375 0.4725424484375 0.09978425937499999 0.51085078125 0.111265278125 0.51085078125 0.0958333328125 0.47102552031249995 0.0871990734375 0.4702669265625 0.0795578703125 0.4677388015625 0.0746134265625 0.46318776093749997 0.0750629625 0.46318776093749997 0.066972221875 0.46596875000000004 0.0665226859375 0.46571171875 0.0594134265625 0.4557291671875 0.0586421296875 0.4557291671875 0.0671296296875 0.45920130156249994 0.0671296296875 0.45964817656249995 0.0764115734375 0.4544270828125 0.07561712968749999 0.45535 0.09034537031249999 0.42404505156249994 0.0933643515625 0.41710078125 0.092746759375 0.41818359374999997 0.10697592656249999 0.4571197921875 0.10293055625 0.45914244843749996 0.1420351859375 0.4205729171875 0.1421296296875 0.4207119796875 0.15506990781250002 0.45964817656249995 0.15282268593749998 0.47265625 0.344290278125 0.4856005203125 0.57904398125 0.49435755156249994 0.77793194375 0.5005208328124999 0.9995370375 0.5174479171875 0.9995370375 0.5130208328125 0.8449074078125 0.5112846359375001 0.7476851859375
4 0.2255666671875 0.6474671296875 0.36328125 0.6853393515625 0.5099825515624999 0.7239199078125 0.6487437500000001 0.7506129625 0.6996783859375 0.7587828703125 0.7862286453125 0.7686546296875 0.8710554687500001 0.7734203703125 0.9235218749999999 0.7710375 0.9562653640625 0.7679740734375 0.9997395828125001 0.7615740734374999 0.9997395828125001 0.7574074078125 0.9581802078124999 0.7645699078125 0.9112669265625 0.7679740734375 0.8679916671875001 0.7693356484375 0.8335247390625 0.7676333328125 0.7293580734375 0.7577615734375 0.6632966140625001 0.7482296296875 0.5577895828125 0.7271240734375 0.42751744843750006 0.6976851859375001 0.2651908859375 0.6513888890625 0.1899510421875 0.6294254625 0.1204427078125 0.6076388890625 0.00019140625 0.5695125 0 0.578240740625 0.09057135468750001 0.6072986109375 0.2255666671875 0.6474671296875
4 0.07008281250000001 0.6086601859375 0.15414375 0.63453148125 0.2060354171875 0.6474671296875 0.25026796875 0.66074351875 0.2958408859375 0.6736791671875 0.341796875 0.685934259375 0.38449765625 0.6978486109375 0.42949609375 0.7084013890625 0.4720052078125 0.7196351859375001 0.5110677078125 0.7288263890625 0.54706640625 0.736315278125 0.5989583328125 0.7482296296875 0.6361059890625 0.7546976859375001 0.6857 0.7645699078125 0.7297411453125 0.77035694375 0.7825903640625 0.776484259375 0.8233763015625 0.7802287031249999 0.8664598953124999 0.7829518515625 0.9196921874999999 0.7839731484375 0.9480315109375 0.7849944437499999 0.9824984375 0.78193101875 0.9995403640625 0.7802287031249999 0.9991575515625 0.7771648140625 0.9922640625 0.7778458328125 0.9687117187500001 0.7802287031249999 0.9386489578124999 0.78193101875 0.9039906249999999 0.78193101875 0.8545880203125 0.7798884265625 0.8160999999999999 0.776484259375 0.7862286453125 0.7737611109375 0.74429375 0.7689949078125 0.6920190109375 0.76150601875 0.6655942703125 0.7543574078125 0.6215533859375 0.7461875 0.5501302078125 0.73086851875 0.49938723906250004 0.7199754625 0.42547499999999994 0.7022740734374999 0.3785614578125 0.690359259375 0.3157552078125 0.6729981484375 0.1987591140625 0.64031851875 0.12005963593749999 0.6164898140624999 0.0453815109375 0.5930009265625 0.0003830734375 0.57904398125 0.0007658859375 0.5868736109375 0.01953125 0.5923203703125 0.07008281250000001 0.6086601859375
4 0 0.372222221875 0.1007200515625 0.358115278125 0.2194393234375 0.337009721875 0.34735 0.31318101875000004 0.45994166718749996 0.29139444375 0.45879296875 0.2859476859375 0.38296562500000003 0.30160694375 0.28301171875 0.3199888890625 0.17999375 0.3390523140625 0.09114583281250001 0.3518518515625 0 0.36666666718749996 0 0.372222221875
4 0.7142309890625 0.2947986109375 0.8026960937500001 0.2934370375 0.9064796875000001 0.286628703125 0.9987744796875001 0.27777777812500004 0.9991575515625 0.27165046249999997 0.9440104171874999 0.27777777812500004 0.871246875 0.28458611093749997 0.7850796875 0.2893518515625 0.671721875 0.2907134265625 0.5912989578125 0.2852666671875 0.4947916671875 0.2805009265625 0.49364270781249997 0.2832245375 0.5847885421875 0.2900328703125 0.7142309890625 0.2947986109375
4 0.3172869796875 0.5878949078125 0.45170807343749997 0.6433824078125 0.5884268234375 0.6968273140625 0.7268687500000001 0.7448259265625 0.8467372390625 0.77614398125 0.9426700515625 0.7945259265625 0.9997395828125001 0.7995370375 0.9995403640625 0.7948666671875 0.94362734375 0.791122221875 0.859375 0.775803240625 0.7709098953125 0.7519745375 0.6948911453125 0.7274648140625 0.5447049484375001 0.67299398125 0.3901908859375 0.609722221875 0.18956796874999998 0.5198120375 0.0021700515625 0.4291666671875 0.006510417187500001 0.44768518593750006 0.1714408859375 0.5248458328125001 0.3172869796875 0.5878949078125
4 0.9991575515625 0.1392291671875 0.9993489578125001 0.13514444375 0.9811580734375 0.11608101875000001 0.9537760421874999 0.085784259375 0.9250536453124999 0.0541259265625 0.8982460937500001 0.0231481484375 0.8840763015625 0.0061273140625 0.8846507812500001 0.01089305625 0.9028416671875 0.0326796296875 0.9424786453125 0.07761435156249999 0.98020078125 0.11846388906250001 0.9991575515625 0.1392291671875
4 0.9836473953124999 0.000340278125 0.9993489578125001 0.019403703124999998 0.9995403640625 0.0159995375 0.98671875 0 0.9836473953124999 0.000340278125
4 0.6445888015625 0.6092263890625 0.6798486984375 0.6075875 0.7162609375 0.60676805625 0.7395372390625 0.6059490734375 0.77917578125 0.6039004625 0.8215799484374999 0.602671296875 0.8635231765625001 0.6002129625 0.8997049484374999 0.5981643515624999 0.9455658859374999 0.5948870375 0.9824390624999999 0.5936578703125 0.9992625 0.5928384265625 0.9997234374999999 0.5899703703125 0.969303125 0.5911995375 0.9324299484375 0.5932481484375 0.9086929687499999 0.5944773140625 0.87550703125 0.5957064812499999 0.8349466140624999 0.5977546296875 0.7983039062499999 0.59939351875 0.76650078125 0.6010324078125 0.7307799484374999 0.6022615734375 0.6948286453125 0.6039004625 0.6680955734375 0.6051296296875 0.6330658859375 0.6059490734375 0.5994192703125 0.60676805625 0.5678466140625 0.6075875 0.5418049484374999 0.607997221875 0.5093104171875 0.6088166671875 0.50718046875 0.6126393515624999 0.5365088546875 0.6121898140625001 0.5729166671875 0.611275 0.6104812500000001 0.61045555625 0.6445888015625 0.6092263890625
4 0.5722252609375 0.6186495375 0.6157817703124999 0.6178300921875 0.6782356765625 0.6166009265625 0.7162609375 0.615372221875 0.7376934890625 0.6149625000000001 0.76557890625 0.614552778125 0.7980734375 0.6129138890625 0.8319505203125 0.611684721875 0.8667497390625 0.6092263890625 0.8994744796875 0.60840694375 0.9315080734375 0.6075875 0.9695335937499999 0.6059490734375 0.9988015625 0.6043101859375 0.9985710937500001 0.6010324078125 0.9741427078125 0.60308101875 0.93542578125 0.6043101859375 0.9121497390625001 0.6051296296875 0.8828815109375 0.6055393515625 0.8531526046875 0.6075875 0.8231932296875 0.6075875 0.7865505203125001 0.6096361109374999 0.7533645828125 0.610865278125 0.7245575515625 0.611275 0.6941372390625 0.6129138890625 0.6568031249999999 0.6137333328125 0.6284567703125 0.614552778125 0.5890486984375001 0.6149625000000001 0.5595502609375 0.615372221875 0.5365044265625001 0.61578148125 0.5072364578124999 0.615372221875 0.5074669265625 0.61946898125 0.5420354171875 0.619059259375 0.5722252609375 0.6186495375
4 0.5723958328125 0.624278703125 0.61595234375 0.623459721875 0.67840625 0.62223055625 0.7164315109375 0.6210013890625 0.7378640625 0.6205916671875 0.7657494796875 0.62018194375 0.8015302078125 0.619059259375 0.8340247390625001 0.6182398140625 0.8692846359375 0.616191203125 0.9010877609374999 0.61578148125 0.9349648437500001 0.6137333328125 0.9697041671875001 0.611578240625 0.9989721359375 0.6099393515625 0.9987416671875 0.6066615734374999 0.97431328125 0.6087101859375 0.9308166671875 0.611275 0.9114583328125001 0.61209444375 0.8863385421875 0.6129138890625 0.8596054687500001 0.6137333328125 0.8250369796875001 0.615372221875 0.7902377609375 0.6166009265625 0.7545169265625 0.6174203703125001 0.7247281250000001 0.6169041671875 0.6943078125000001 0.61854305625 0.6569736984375 0.6193625 0.6286273437500001 0.62018194375 0.5892192703125 0.6205916671875 0.5597205734374999 0.6210013890625 0.536675 0.6214111109375 0.5074067703125 0.6210013890625 0.5076372390625 0.6250981484375 0.5422059890625001 0.6246884265625 0.5723958328125 0.624278703125