4 0.2676440875 0.6487638390625 0.2838882734375 0.6642451796875 0.28820592343749996 0.663943259375 0.28821278125 0.6627643 0.2793329015625 0.6478782140625 0.26339212343749996 0.6313100640625 0.2627694203125 0.6313536078124999 0.2582659515625 0.633042484375 0.2676440875 0.6487638390625
4 0.2302534375 0.7226828171874999 0.2299854984375 0.7226796796875 0.2299140875 0.7226846734375 0.230706840625 0.730084925 0.23644638593749998 0.73472280625 0.23937753750000001 0.7345178390625 0.2394115765625 0.72866706875 0.2367008265625 0.7242873796875 0.2302534375 0.7226828171874999
4 0.7109889171875 0.7468336250000001 0.7110722 0.73251848125 0.7039983359375 0.726482253125 0.70013835625 0.7271378234375 0.7012760109375 0.74052083125 0.7073109171875 0.747090815625 0.7109889171875 0.7468336250000001
4 0.7385904921875001 0.723037434375 0.7377922703124999 0.7155454125 0.7412000765625 0.7109106984375 0.7486401578125 0.7136057796874999 0.74866746875 0.7135208734375 0.7487044187499999 0.707169615625 0.742517996875 0.698867240625 0.7358919171875 0.696467021875 0.73505113125 0.6965747484375 0.7335780078125 0.7187141703125 0.7348709 0.7232975328125 0.7385904921875001 0.723037434375
4 0.6911333203125001 0.8122585015625001 0.6993049124999999 0.8116870890625 0.701254134375 0.8093304546875 0.7013059453125 0.80042511875 0.7009859703125 0.79885105 0.6826241140625 0.79314141875 0.68073014375 0.797994171875 0.6807277640625 0.7984032 0.6893210796875 0.8111534453125 0.6911333203125001 0.8122585015625001
4 0.35244206875 0.21744382187500003 0.356165878125 0.21152525 0.36570868437500004 0.20947874843749997 0.36582866875 0.207886934375 0.36583376093750003 0.20701161875000001 0.3611390921875 0.197693575 0.3622137890625 0.18116716875 0.357292784375 0.18602488749999999 0.3502440546875 0.2051074390625 0.350171359375 0.21760260625 0.35244206875 0.21744382187500003
4 0.256191478125 0.1851277109375 0.258193253125 0.1849877328125 0.2582168984375 0.1809234515625 0.255875959375 0.1787649984375 0.24453002656249997 0.1729628953125 0.2419483546875 0.1752418515625 0.244374834375 0.18213855625 0.256191478125 0.1851277109375
4 0.2741000546875 0.1354576265625 0.2741149671875 0.132894271875 0.270120709375 0.125679034375 0.25909719062500003 0.121898421875 0.262746971875 0.13213416718749998 0.268349746875 0.135859728125 0.2741000546875 0.1354576265625
4 0.2707720046875 0.09195814531249999 0.26110572187500003 0.0790333921875 0.2649782671875 0.0923632828125 0.2707720046875 0.09195814531249999
4 0.2400324671875 0.2456085046875 0.24274718125 0.24541867343749998 0.24378831406249998 0.244831453125 0.24382031406250002 0.2393310140625 0.24254794999999998 0.2369608453125 0.2301247515625 0.231112484375 0.2280228203125 0.23275726562500001 0.2279598015625 0.234307915625 0.23304657343750002 0.242319815625 0.2400324671875 0.2456085046875
4 0.547717278125 0.6223684921875 0.5477673328125 0.6137648687499999 0.535520759375 0.6074262187499999 0.534997628125 0.6074628 0.5370316671875 0.6146946578125 0.54589286875 0.6224960671875001 0.547717278125 0.6223684921875
4 0.5660956671874999 0.563734803125 0.5732965859375 0.579971340625 0.580766128125 0.57944901875 0.580806334375 0.57253813125 0.5770933265625 0.56749355 0.5804651046875 0.5540575546875 0.5752341265625 0.5506782703125 0.5657805484375 0.5546088265625 0.5660956671874999 0.563734803125
4 0.5997943734375 0.530311353125 0.596748778125 0.5245423625 0.585799571875 0.5208292265625001 0.5920847265625 0.531801615625 0.5997888375 0.5312628921875 0.5997943734375 0.530311353125
4 0.4163778921875 0.37844890000000003 0.41476193125 0.3713623359375 0.40529105625 0.366069503125 0.40529051562499996 0.36616235 0.4121382859375 0.383356703125 0.4163547515625 0.3824263953125 0.4163778921875 0.37844890000000003
4 0.43849785625 0.3348134984375 0.4385068953125 0.333259690625 0.4307098515625 0.322335684375 0.42374473593750006 0.3222959078125 0.4295407078125 0.3315596953125 0.4370375484375 0.3349156125 0.43849785625 0.3348134984375
4 0.3939810515625 0.43017165 0.3835003421875 0.4296988328125 0.383496446875 0.4303684953125 0.3867522578125 0.43682935624999997 0.3986172453125 0.43599967656249994 0.3939810515625 0.43017165
4 0.1256333875 0.5113156828125 0.1313479109375 0.510916084375 0.1313756609375 0.5061461484375 0.1272576609375 0.501820853125 0.1161230140625 0.49494119843749995 0.11155852031249999 0.49737018125 0.11812867499999999 0.5066788203125 0.1256333875 0.5113156828125