4 0.26171875 0.6522764375000001 0.2724609375 0.6686952953125 0.29296875 0.6880994 0.294921875 0.685114153125 0.2841796875 0.6686952953125 0.2666015625 0.6507838140625 0.26171875 0.6522764375000001
4 0.2431640625 0.7522822078125 0.248046875 0.750789584375 0.2412109375 0.7403412203124999 0.234375 0.738848596875 0.2353515625 0.7463117140625 0.2431640625 0.7522822078125
4 0.705078125 0.7895977937499999 0.712890625 0.8015387796875 0.71875 0.7866125453125 0.7099609375 0.77616418125 0.7060546875 0.77616418125 0.705078125 0.7895977937499999
4 0.75390625 0.7627305718749999 0.7451171875 0.7522822078125 0.7373046875 0.7492969609375 0.73828125 0.7716863125 0.7412109375 0.779149428125 0.744140625 0.7776568046875 0.7421875 0.7687010640625 0.7451171875 0.7642231953125 0.7529296875 0.7672084421875 0.75390625 0.7627305718749999
4 0.6875 0.8433322359375 0.693359375 0.8582584703125 0.69921875 0.8642289640625 0.70703125 0.8582584703125 0.70703125 0.8493027296875001 0.6904296875 0.8388543671875001 0.6875 0.8433322359375
4 0.3642578125 0.2059820328125 0.359375 0.210459903125 0.3515625 0.23135663125 0.3515625 0.24329761875 0.353515625 0.24329761875 0.3583984375 0.2358345015625 0.369140625 0.234341878125 0.36328125 0.222400890625 0.3642578125 0.2059820328125
4 0.244140625 0.189563175 0.2451171875 0.1970262921875 0.2578125 0.204489409375 0.259765625 0.20150416249999997 0.2568359375 0.1970262921875 0.2470703125 0.18807055156250002 0.244140625 0.189563175
4 0.2705078125 0.15523283593749998 0.275390625 0.1537402140625 0.2705078125 0.1432918484375 0.259765625 0.1388139796875 0.2626953125 0.1492623421875 0.2705078125 0.15523283593749998
4 0.259765625 0.10000576875 0.2685546875 0.11343938125 0.275390625 0.1119467578125 0.259765625 0.10000576875
4 0.2353515625 0.2597164765625 0.2431640625 0.2656869703125 0.248046875 0.264194346875 0.2451171875 0.2567312296875 0.2333984375 0.2477754890625 0.23046875 0.24926811249999997 0.2353515625 0.2597164765625
4 0.5517578125 0.6627248015625 0.5546875 0.661232178125 0.5537109375 0.6537690609375 0.537109375 0.6463059437500001 0.5400390625 0.6537690609375 0.5517578125 0.6627248015625
4 0.5751953125 0.591078878125 0.56640625 0.595556746875 0.568359375 0.6045124875 0.5791015625 0.6209313453124999 0.5859375 0.619438721875 0.5859375 0.613468228125 0.580078125 0.6074977359375 0.5810546875 0.5940641234374999 0.5751953125 0.591078878125
4 0.60546875 0.577645265625 0.6005859375 0.5671969031249999 0.58984375 0.56271903125 0.5966796875 0.57615264375 0.60546875 0.577645265625
4 0.421875 0.41047144218750004 0.4169921875 0.400023078125 0.40625 0.3955452078125 0.4169921875 0.411964065625 0.421875 0.41047144218750004
4 0.44140625 0.3686779875 0.4326171875 0.3522591296875 0.42578125 0.35076650625 0.4306640625 0.3612148703125 0.44140625 0.3686779875
4 0.404296875 0.46719113281249997 0.3974609375 0.45674276875 0.38671875 0.4552501453125 0.3896484375 0.4627132625 0.404296875 0.46719113281249997
4 0.1171875 0.5030140953125 0.1220703125 0.513462459375 0.1318359375 0.5224181984375 0.134765625 0.5209255765624999 0.13671875 0.5179403296875 0.1318359375 0.5104772125 0.1220703125 0.5015214718750001 0.1171875 0.5030140953125