1 0 0.7129733328125 0.015738646875 0.7776483640625 0.2701302953125 0.7967258890625 0.274148084375 0.8820364109375 0.30823104843750004 0.8787600046874999 0.36809752812499996 0.9017333171875 0.39289671249999997 0.8978103234375 0.39202271875 0.892083459375 0.299023 0.4109062703125 0.272524746875 0.3708204828125 0.20383547968750002 0.358021890625 0.1254670125 0.2653198015625 0 0.219941434375 0 0.7129733328125
1 0.0952828828125 1 0.16178295468749998 0.922044765625 0.2479465796875 0.888328321875 0.2437819953125 0.84484919375 0.24130722656249998 0.8286332312500001 0.0260253625 0.797437071875 0.025080078125 0.7975307843749999 0.0719846953125 1 0.0952828828125 1
1 0.6179880109375 1 0.6783900796875 0.9825792140624999 0.67814471875 0.9809714812499999 0.5101822375 0.9609187640625001 0.4700357390625 0.9769669640625 0.3107742765625 0.9057744281250001 0.245525746875 0.9107148578125001 0.17219345156250002 0.9592331265625 0.14069355625 1 0.6179880109375 1
1 0 0.23417844531249998 0.014051568750000002 0.2440490203125 0.07304436875 0.25016286875 0.1472927453125 0.23936073750000003 0.2414819546875 0.29406250156249997 0.3275224421875 0.303103134375 0.34573837812499997 0.326005996875 0.34636695 0.3259065625 0.36014930624999997 0.1796742453125 0.43294598281249996 0.1322852125 0.43096644375000004 0.1193142609375 0.397499140625 0.08815821562500001 0.3495193265625 0.0739540828125 0.30314268125 0.10770561875 0.2736088359375 0.05094941562500001 0.1864505140625 0.0647370234375 0 0.175060340625 0 0.23417844531249998
1 0.4583041125 0.16904060781250002 0.4700895328125 0.18605044531249998 0.47848604687499996 0.18472219843749998 0.521557575 0.131330478125 0.5481471875 0.1040541796875 0.5825490265625 0.13278183593749998 0.657245725 0.11182063125 0.7106593250000001 0.12454209999999999 0.697229084375 0.036540228125000004 0.4854197828125 0.0254397734375 0.3532144328125 0.0385463796875 0.4583041125 0.16904060781250002
1 0.4871335421875 0.2181458375 0.5335376578125001 0.2635499859375 0.5536023109375 0.3290990609375 0.569701428125 0.342805946875 0.5971626671875 0.33846184375 0.6353131578125 0.32257040625 0.6425569999999999 0.2965972296875 0.7009631359374999 0.2773699765625 0.7731677796875001 0.2641634328125 0.7723921359375 0.25908101562499997 0.7197701328125 0.12970723125 0.6720869 0.1265193328125 0.56518795 0.1592139796875 0.5453699000000001 0.1431914421875 0.4866249984375 0.214813596875 0.4871335421875 0.2181458375
1 0.8642327390625001 0.10288572031250001 0.8636396625 0.09899957499999999 0.7751742328125 0.10651421718750001 0.82421781875 0.3296144 0.8478194531250001 0.3288814484375 0.8607756234374999 0.32683190624999997 0.8526046953125 0.1789828515625 0.8642327390625001 0.10288572031250001
1 0.30927919375 0.4221002515625 0.4051116046875 0.699624559375 0.40644060781249997 0.6994143234375 0.422420128125 0.6873642234374999 0.41714686875 0.660347246875 0.4531391046875 0.592211690625 0.4331495078125 0.51913786875 0.4957502921875 0.464520975 0.4810086453125 0.3681174765625 0.460892728125 0.3306568578125 0.483390021875 0.30917800156249997 0.48083678281250003 0.2903406515625 0.47880155625 0.2770048 0.44695505156250004 0.247289965625 0.407721003125 0.2351771078125 0.392117765625 0.23764538906250002 0.33713526250000003 0.2673639203125 0.3060409953125 0.40088190468749996 0.30927919375 0.4221002515625
1 0.3977057328125 0.74482351875 0.4949595015625 0.7423883046875 0.56391833125 0.73147968125 0.5749019890625 0.6792654921875 0.60845125 0.6905146156249999 0.6186793515625 0.591323740625 0.61673194375 0.57856331875 0.5599785328125 0.56243896875 0.5526456468750001 0.530160346875 0.48710024843750005 0.5586116125 0.4873579265625 0.610880896875 0.3912033296875 0.7031757953125 0.3977057328125 0.74482351875
1 0.47291626718749996 0.9222144312499999 0.5584859015625 0.9317579031250001 0.5634406828125 0.9309741046875001 0.6042115765625 0.7561063875 0.6039407734375 0.7543319359375 0.5798246890625001 0.7415155625 0.5257409859375 0.7500710859375 0.428150540625 0.7764844296875 0.43131637968750003 0.8484395421875 0.43294439687499997 0.8591071593749999 0.47291626718749996 0.9222144312499999
1 0.703934125 0.755390853125 0.70296745625 0.749056740625 0.5961554 0.7715568578124999 0.5973657578125 0.8669988343749999 0.611207478125 0.9576969296875 0.665450334375 0.955987084375 0.720022578125 0.9473542796875 0.703934125 0.755390853125
1 0.931026259375 0.7022497999999999 0.8845857125000001 0.7194337546875 0.947510403125 0.8797141046875 0.951854921875 0.8790268453125 0.9606167484375 0.728592084375 0.9448868109375 0.7318365703125 0.931026259375 0.7022497999999999