1 0 0.520856 0.0007199999999999999 0.53008 0.013628000000000001 0.67762 0.261596 0.728968 0.25272 0.814076 0.28681999999999996 0.8151719999999999 0.36825199999999997 0.8597360000000001 0.348144 0.35006400000000004 0.328048 0.306936 0.26224400000000003 0.285488 0.19892 0.183572 0.013636 0.08688799999999999 0 0.0873 0 0.520856
1 0.045128 0.928812 0.138928 0.8349119999999999 0.227596 0.806752 0.2278 0.746884 0.01572 0.7015119999999999 0.045128 0.928812
1 0.46628800000000004 1 0.633664 0.9861359999999999 0.471176 0.93234 0.428336 0.9401719999999999 0.290296 0.8393520000000001 0.225672 0.831404 0.142876 0.864492 0.0757 0.9206960000000001 0.038276 0.9593320000000001 0.04404 1 0.46628800000000004 1
1 0.408064 0.008852 0.0571 0.03956 0.092584 0.103104 0.1429 0.13406800000000002 0.21422400000000003 0.156392 0.27513200000000004 0.246276 0.348464 0.29154800000000003 0.355112 0.320888 0.431112 0.194544 0.525244 0.182228 0.504204 0.1283 0.467272 0.094808 0.41104799999999997 0.105168 0.408064 0.008852
1 0.53316 0 0.43922800000000006 0.007488 0.538848 0.151112 0.551652 0.173116 0.604736 0.111344 0.63354 0.08298 0.664604 0.11154800000000001 0.740128 0.088616 0.7956559999999999 0.10144 0.79018 0 0.53316 0
1 0.629456 0.129584 0.5619959999999999 0.198056 0.604516 0.248744 0.617168 0.315644 0.6366080000000001 0.335708 0.698752 0.31530800000000003 0.7087760000000001 0.289948 0.7686919999999999 0.275184 0.842816 0.26734 0.803536 0.12931600000000001 0.756696 0.122532 0.647308 0.147064 0.629456 0.129584
1 0.8252560000000001 0 0.8291000000000001 0.079472 0.956408 0.08873600000000001 0.9476800000000001 0 0.8252560000000001 0
1 0.94704 0.354796 0.923252 0.20725600000000002 0.9270799999999999 0.126668 0.8387 0.14256 0.910712 0.359332 0.94704 0.354796
1 0.553272 0.23971599999999998 0.513992 0.209056 0.444036 0.217896 0.371612 0.338488 0.379996 0.65196 0.399888 0.646136 0.402928 0.618668 0.45695600000000003 0.567696 0.45979200000000003 0.49127599999999993 0.534844 0.462948 0.549524 0.366448 0.5416960000000001 0.323608 0.569216 0.31168 0.5746 0.279924 0.553272 0.23971599999999998
1 0.403432 0.686632 0.411144 0.728124 0.572536 0.707204 0.5833 0.6436919999999999 0.616644 0.651656 0.6243879999999999 0.538084 0.564928 0.526964 0.556696 0.49504000000000004 0.493148 0.530524 0.49505600000000005 0.583404 0.403432 0.686632
1 0.41291599999999995 0.748372 0.41313199999999994 0.828604 0.45178799999999997 0.897312 0.541892 0.9166320000000001 0.590808 0.745052 0.5591039999999999 0.7247 0.41291599999999995 0.748372
1 0.6078319999999999 0.7530840000000001 0.556808 0.931652 0.673976 0.9649279999999999 0.716244 0.764 0.6078319999999999 0.7530840000000001
1 1 0.7865759999999999 0.989808 0.7659119999999999 0.93212 0.77504 0.9213039999999999 0.7447 0.8736560000000001 0.759752 0.920812 0.925648 1 0.9035080000000001 1 0.7865759999999999