1 1 0.417696 0.9503159999999999 0.388256 0.833188 0.524324 0.808972 0.505216 0.707044 0.687044 0.763128 0.6984600000000001 0.7306 0.8240959999999999 0.9525520000000001 0.8922800000000001 1 0.470244 1 0.417696
1 1 0.053328 0.878304 0.042527999999999996 0.8302479999999999 0.092688 0.7641479999999999 0.117484 0.730708 0.14019600000000002 0.93812 0.261372 0.9221360000000001 0.28867600000000004 0.9701359999999999 0.317876 0.9586119999999999 0.368424 0.9907320000000001 0.39112399999999997 1 0.39145599999999997 1 0.053328
1 0.643056 0.402888 0.651616 0.45278799999999997 0.607324 0.473668 0.5430240000000001 0.52074 0.488608 0.5723 0.466052 0.6161679999999999 0.42446400000000006 0.709796 0.39296000000000003 0.7271880000000001 0.568608 0.782916 0.58114 0.762148 0.600936 0.764228 0.683764 0.672176 0.749848 0.568704 0.9082319999999999 0.269964 0.697476 0.14774400000000001 0.595712 0.20329999999999998 0.618172 0.25880000000000003 0.596192 0.284096 0.628028 0.335748 0.643056 0.402888
1 0.39471599999999996 0.460984 0.326064 0.451008 0.30358399999999996 0.507304 0.216068 0.49948800000000004 0.21240399999999998 0.508076 0.179068 0.510092 0.172784 0.537036 0.244456 0.544568 0.247112 0.532424 0.26938399999999996 0.530628 0.36412 0.541964 0.356696 0.6191679999999999 0.304784 0.620612 0.289412 0.63556 0.267148 0.70292 0.31698 0.721272 0.360448 0.7148 0.375788 0.7198599999999999 0.41584000000000004 0.699916 0.47584799999999994 0.555776 0.524232 0.509104 0.48061600000000004 0.47760400000000003 0.461468 0.495604 0.41034800000000005 0.489544 0.41006 0.47916 0.39471599999999996 0.460984
1 0.7945 0.084788 0.846152 0.03984 0.687684 0.017664 0.711688 0.03882 0.715068 0.0723 0.739464 0.096256 0.7945 0.084788
1 0.410748 0 0.391528 0.06452 0.60036 0.06714400000000001 0.6269 0.018176 0.472876 0 0.410748 0
1 0.326836 0.3386 0.41997999999999996 0.28628 0.400828 0.251828 0.42622 0.226892 0.456752 0.199048 0.49562799999999996 0.23626 0.52088 0.212688 0.521988 0.16932799999999998 0.581368 0.149344 0.59912 0.17743199999999998 0.67714 0.131116 0.701384 0.103988 0.651192 0.049712 0.631756 0.044219999999999995 0.607116 0.08165599999999999 0.38244 0.078748 0.30035599999999996 0.334436 0.326836 0.3386
1 0.45934400000000003 0.9163560000000001 0.539404 0.804688 0.34206 0.7453000000000001 0.269888 0.75566 0.213268 0.7428079999999999 0.185368 0.830972 0.45934400000000003 0.9163560000000001
1 0.686456 1 0.720696 0.9182919999999999 0.7526360000000001 0.9230280000000001 0.7720279999999999 0.8698560000000001 0.558372 0.8080640000000001 0.46617600000000003 0.9433 0.47193199999999996 0.9935919999999999 0.541644 1 0.686456 1
1 0.823508 1 0.8253920000000001 0.972772 0.729396 0.9406000000000001 0.7103360000000001 1 0.823508 1
1 0.937744 1 0.933048 0.9136960000000001 0.798792 0.8712880000000001 0.7853640000000001 0.933368 0.852116 0.95488 0.8470000000000001 1 0.937744 1
1 0.397708 0.9906240000000001 0.400112 0.9612 0.33178 0.941596 0.3266 0.8989520000000001 0.22650800000000001 0.866348 0.20812 0.9099640000000001 0.121144 0.8904719999999999 0.107828 0.958084 0.397708 0.9906240000000001