1 0.9770793859375001 0.4216078875 0.8551889109375 0.5366207234375 0.8311905046874999 0.5138986578125 0.72350411875 0.6764117203125 0.7799198796875 0.696711596875 0.743833596875 0.81512594375 0.9419548375 0.90675051875 0.9684860656250001 0.9044057890625 0.9962676265624999 0.7114674046875 0.9972619125 0.5405641703125 0.9795959390625001 0.4234898703125 0.9770793859375001 0.4216078875
1 0.7290975875 0.10397114375000001 0.69431724375 0.12026198749999999 0.9000371515625 0.27584458437500003 0.8827844609375 0.2997390921875 0.9303486937500001 0.3368776515625 0.9167315984375 0.38432908593750004 0.9474054453124999 0.411364678125 0.9579747171875 0.41043060625 0.9620095765625001 0.3069431546875 0.9264853921875 0.07152057187500001 0.89143480625 0.06233519375 0.8380889296875 0.0586048875 0.7970796140624999 0.0914519296875 0.7290975875 0.10397114375000001
1 0.603847115625 0.4434606453125 0.6296090125 0.48964697343749997 0.5952815890625 0.5211175515625001 0.5513912046875 0.5830462296875 0.51840524375 0.646816853125 0.5127101656249999 0.6950510359375001 0.5067299015625 0.7963353468750001 0.5015756953125 0.8017812640624999 0.504668221875 0.822275771875 0.5485388140625 0.8245130390625001 0.671716128125 0.8136270968750001 0.672917625 0.8073241875000001 0.6923072515625 0.8043181031250001 0.7377031359374999 0.6940994203125 0.76327266875 0.577061259375 0.8062446171875 0.2497629171875 0.8058559140625 0.24718694531250002 0.5646376078124999 0.182396896875 0.488457075 0.26205114687500003 0.52930166875 0.3101382875 0.5175629093749999 0.34022833124999996 0.5658769984375 0.382207915625 0.603847115625 0.4434606453125
1 0.35113348437499997 0.5053166546875001 0.3212565234375 0.5558508640625 0.235347109375 0.529940709375 0.23055620000000002 0.537600828125 0.19716334062500002 0.5326291203125 0.187410890625 0.55749225625 0.1874565453125 0.557794821875 0.25751521093749996 0.580077109375 0.26178088593750004 0.568718809375 0.2841510296875 0.5715999218750001 0.3767627765625 0.6024678921875 0.359044953125 0.6766491765625 0.307271503125 0.667244065625 0.28999555312499997 0.6787020265625 0.2588512140625 0.740133865625 0.30590633437500003 0.7685231453125 0.349963271875 0.7712360968749999 0.35189797968750003 0.7723202203125 0.40746899843750006 0.7674090640625 0.485926203125 0.63930669375 0.53889061875 0.6045072578124999 0.5384825953125 0.6018032390625 0.5011346718749999 0.5636222390625 0.4796980640625 0.57728674375 0.429716690625 0.5606861125 0.4308214453125 0.5504404796875 0.41801020156249996 0.5294131703125 0.35113348437499997 0.5053166546875001
1 0.6499339375 0.092262846875 0.6759195390625 0.11121907812500001 0.6968201125 0.10937196406250001 0.7316077078125 0.099102171875 0.7689153203125 0.053767796874999996 0.6132558484375 0.042883026562499996 0.63807440625 0.059329940625 0.6499339375 0.092262846875
1 0.3245550046875 0.1059045796875 0.3661489375 0.10222866562499999 0.48003390156250003 0.08817525781249999 0.5303484625 0.080395646875 0.5453750203125 0.0381363359375 0.46064914375 0.0322117265625 0.3330582953125 0.0434877203125 0.3245550046875 0.1059045796875
1 0.339954021875 0.40338355000000004 0.40985401875000005 0.342140246875 0.38078559843750004 0.31096248593750003 0.397753590625 0.282722975 0.41880999374999994 0.2508753078125 0.4678191765625 0.2819218171875 0.4850682984375 0.2550465 0.47289519375 0.21216345468750003 0.5242845875000001 0.1838909109375 0.550053353125 0.209000521875 0.611446703125 0.15208884375 0.6247270890625 0.1256507265625 0.62385730625 0.11988658593749998 0.5614548796875 0.075631175 0.5409583796875 0.07302894531250001 0.52853709375 0.11347610625 0.310107859375 0.143083175 0.3087438140625 0.406141790625 0.339954021875 0.40338355000000004
1 0.5348149828125 0.9664494390625 0.5917245078125 0.8924032796875 0.5907425515625 0.8858957484375001 0.392639834375 0.8040244109374999 0.3197656828125 0.8050912015625 0.26178645624999997 0.7851998906250001 0.23685780625000002 0.8687630640625 0.47918149843749996 0.971366115625 0.5348149828125 0.9664494390625
1 0.7586041171875 1 0.7762007140625 0.9462956234375 0.8084739984375 0.950483253125 0.822736921875 0.8984711796875 0.8224624703125001 0.8966523531249999 0.604673009375 0.8386484734374999 0.526741834375 0.9719781046874999 0.5309702093750001 1 0.7586041171875 1
1 0.8897115359375001 1 0.8876137312499999 0.9860976265625 0.7906397515625 0.9552892375 0.7812436109374999 1 0.8897115359375001 1
1 0.9361649890624999 1 0.99465611875 0.988461878125 0.9948908125000001 0.9481216 0.982619425 0.9020176718749999 0.8433825671875 0.8858402999999999 0.8432334140625001 0.9413927234375 0.8445205765624999 0.9499228859375 0.912527928125 0.9582280750000001 0.9165492296875 1 0.9361649890624999 1
1 0.41687723125 1 0.46996290781249994 0.9879538140624999 0.46983345937500004 0.9870959390625 0.46342182656249997 0.95897166875 0.39328197187499997 0.9626437875 0.375566371875 0.9235068734375 0.355045203125 0.9238337624999999 0.2711269515625 0.9312501390625 0.267508665625 0.9729716296875001 0.17987659375 0.9828752953125001 0.18182141406250002 1 0.41687723125 1