1 0.6618280000000001 1 0.87734 0.823868 0.9559240000000001 0.479516 0.407148 0.68678 0.412132 1 0.6618280000000001 1
1 1 0.510456 0.9713240000000001 0.507148 0.9306279999999999 0.67436 1 0.682748 1 0.510456
1 1 0.699044 0.9290240000000001 0.689604 0.8997040000000001 0.8127319999999999 1 0.7301960000000001 1 0.699044
1 0.40597200000000006 0.523836 0.410808 0.661152 0.9562200000000001 0.458352 0.9642200000000001 0.3089 0.947068 0.307096 0.40597200000000006 0.523836
1 0 0.6177159999999999 0.388084 0.648164 0.390524 0.5241399999999999 0 0.49493200000000004 0 0.6177159999999999
1 0 0.6694519999999999 0.024396 0.698572 0.38514 0.722036 0.39094799999999996 0.666772 0 0.638272 0 0.6694519999999999
1 0.39638 1 0.389904 0.740844 0.034227999999999995 0.71502 0.269216 1 0.39638 1
1 0 0.48216400000000004 0.394484 0.51396 0.678824 0.393552 0.674404 0.362256 0.096256 0.32654 0.09134400000000001 0.354928 0 0.349156 0 0.48216400000000004
1 0.584204 0 0.5842240000000001 0.001132 0.61204 0.194812 0.6998840000000001 0.376496 0.71894 0.3785 0.8755000000000001 0.30054 0.965772 0.28498 0.735 0 0.584204 0
1 0.333316 0 0.20158800000000002 0.1035 0.581588 0.127064 0.572468 0 0.333316 0
1 0.180728 0.118648 0.05461200000000001 0.227748 0.6109479999999999 0.260208 0.5806359999999999 0.145268 0.180728 0.118648
1 0.099704 0.266208 0.09870799999999999 0.31234799999999996 0.638744 0.34405600000000003 0.60744 0.275256 0.0333 0.23803200000000002 0.011236 0.25241199999999997 0.002196 0.259736 0.099704 0.266208
1 0 0.335144 0.075596 0.339784 0.079496 0.284316 0 0.27596 0 0.335144