1 0.853673778125 0.84305938125 0.9780191609375001 0.519737609375 0.9779256249999999 0.51573245 0.4061583390625 0.6372543203125 0.36913263281250003 0.9330371734374999 0.3694617890625 0.9471316921874999 0.5251060562500001 0.9706944046875 0.6577671375 0.9591269453125 0.853673778125 0.84305938125
1 0.984258078125 0.45162429218750005 0.984254340625 0.45146419531250004 0.957004725 0.44988515781249994 0.9183599578124999 0.5801863203125001 0.91931158125 0.620934978125 0.9512282546874999 0.6229641906250001 0.9744147703125 0.620942428125 0.984258078125 0.45162429218750005
1 0.9143946156249999 0.6351976625 0.8952752296875 0.7274682703125 0.895899584375 0.7542032468750001 0.8964797359375 0.7541526609375 0.9795228140625 0.66883445625 0.9806166421875 0.63124204375 0.91482033125 0.6351605421875 0.9143946156249999 0.6351976625
1 0.9318883234375 0.43771756406250006 0.9666473484375 0.3010066859375 0.966404415625 0.290604196875 0.9251624187499999 0.29420031562500004 0.37923495625000003 0.47096709062500003 0.37180298437500003 0.5155693953125 0.37384663906250004 0.6030789609375 0.3787979078125 0.60264723125 0.9318883234375 0.43771756406250006
1 0 0.6362049062499999 0.3577996734375 0.61852425625 0.3653335015625 0.6178673390625 0.375137975 0.6162691640625 0.3761656703125 0.56366348125 0.374524453125 0.4933862828125 0 0.5132687328125 0 0.6362049062499999
1 0 0.6726618656250001 0.012330996875 0.6919912015625 0.3548105921875 0.7295927859375 0.36469267968749997 0.7287311109375 0.377341025 0.6810453 0.37720170625 0.6750795625 0 0.63055158125 0 0.6726618656250001
1 0.2758702921875 0.9768199171875 0.3990022796875 0.938054071875 0.3986678828125 0.923735109375 0.356403109375 0.701377665625 0.28278786562499997 0.7077965890625 0.0005639656249999999 0.7759450484375 0.000599471875 0.777465490625 0.2756023390625 0.9768432812500001 0.2758702921875 0.9768199171875
1 0 0.4616781125 0.3813930421875 0.5009771 0.38585070312499997 0.5005884109375 0.6618663859375 0.3926167 0.6610007203125 0.355548803125 0.1117312515625 0.30929118906249997 0.0918113640625 0.3110281140625 0.08644315 0.33585822187500003 0 0.3284562109375 0 0.4616781125
1 0.5931773437500001 0 0.5184026765625 0.031469081249999996 0.5185247015625001 0.0366942359375 0.5834437515625 0.2019036171875 0.7051981671875 0.33384268437500003 0.710512946875 0.33337926093750003 0.7251085140625 0.328795878125 0.8625402515625 0.191798809375 0.9472384171874999 0.14044276718749998 0.9472247656249999 0.139858115625 0.7143375171875 0 0.5931773437500001 0
1 0.34097713281250003 0 0.3049835875 0.003766684375 0.180019925 0.12033868125 0.396118534375 0.11108513125 0.5578751937499999 0.0969806640625 0.55740965 0.0770459921875 0.546803575 0 0.34097713281250003 0
1 0.030230787500000002 0.23018989531249998 0.5631169375 0.2120135265625 0.5793196625 0.2106007203125 0.5792805984375 0.20892803437500002 0.55825480625 0.0983647140625 0.3008620421875 0.1049962484375 0.15177151093750002 0.1179962828125 0.0301931 0.22857609375000001 0.030230787500000002 0.23018989531249998
1 0 0.2394021640625 0.0842932203125 0.254612371875 0.075818125 0.3003806359375 0.5002394578125 0.3735636234375 0.59545888125 0.365260909375 0.5953208937500001 0.3593523359375 0.5843987375 0.319618628125 0.02326963125 0.21927109687500002 0 0.230712065625 0 0.2394021640625
1 0 0.362558684375 0.032202634375 0.3597507578125 0.05970526875 0.35631705468749997 0.059379203125 0.34235486875 0.05624755625 0.301059090625 0 0.3056362921875 0 0.362558684375