1 1 0.11094 0.9693720000000001 0.10172 0.9611560000000001 0.101068 0.941456 0.129672 0.924368 0.131 0.9451 0.176668 1 0.226512 1 0.11094
1 1 0.247396 0.9457720000000001 0.196384 0.96092 0.24764400000000003 0.95898 0.29464 0.953464 0.40637999999999996 0.9337799999999999 0.46292 1 0.523968 1 0.247396
1 1 0.555224 0.9627319999999999 0.5148240000000001 0.9529080000000001 0.571028 0.941416 0.5835239999999999 0.935196 0.625264 0.943132 0.6998599999999999 0.930372 0.7902440000000001 0.8978719999999999 0.847776 0.867964 0.844508 0.7865840000000001 1 0.80464 1 0.8956480000000001 0.968716 1 0.561264 1 0.555224
1 0.8771800000000001 0.342672 0.9031480000000001 0.356128 0.89168 0.40773200000000004 0.906152 0.4281 0.9160320000000001 0.461288 0.939648 0.388972 0.941568 0.302864 0.933628 0.22268400000000002 0.900032 0.10538 0.8152839999999999 0.170832 0.852756 0.182968 0.840952 0.22471199999999997 0.848204 0.257244 0.8771800000000001 0.342672
1 0.764392 1 0.809168 0.8898999999999999 0.7542760000000001 0.874816 0.721144 1 0.764392 1
1 0.703512 1 0.735868 0.870228 0.688536 0.858428 0.656468 1 0.703512 1
1 0.5063880000000001 1 0.531468 0.8890879999999999 0.5505 0.885144 0.658328 0.901168 0.678304 0.787448 0.6105959999999999 0.7733559999999999 0.556056 0.796068 0.501532 0.841128 0.457916 0.993644 0.47663200000000006 1 0.5063880000000001 1
1 0.642928 1 0.659 0.920888 0.547248 0.898608 0.520756 1 0.642928 1
1 0.344744 0.8034319999999999 0.30376400000000003 0.9566039999999999 0.348464 0.9677479999999999 0.374004 0.820504 0.344744 0.8034319999999999
1 0 0.69078 0.051239999999999994 0.753992 0.10773600000000001 0.706632 0.089644 0.67838 0.076824 0.6737879999999999 0 0.597064 0 0.69078
1 0 0.885056 0.10950800000000001 0.91236 0.170244 0.8143879999999999 0.075888 0.755948 0.04632 0.768128 0 0.712036 0 0.885056
1 0.447588 0.25092400000000004 0.533648 0.18021199999999998 0.58034 0.22257600000000002 0.498564 0.30972 0.53606 0.355376 0.650676 0.231736 0.671352 0.188012 0.74068 0.16200799999999999 0.767972 0.186968 0.894436 0.08862400000000001 0.574292 0.011595999999999999 0.44915200000000005 0.127028 0.42581199999999997 0.11422399999999999 0.36209199999999997 0.17374799999999999 0.447588 0.25092400000000004
1 0.20884399999999997 0.009856 0.14907600000000001 0.081536 0.10576 0.182456 0.210976 0.264548 0.339088 0.170804 0.20884399999999997 0.009856
1 0.104428 0.675088 0.12021200000000001 0.6901919999999999 0.22433200000000003 0.597452 0.410084 0.7094 0.4485 0.650548 0.291032 0.5707880000000001 0.24563600000000002 0.5064040000000001 0.168388 0.474576 0.033236 0.34452 0.014208000000000002 0.398428 0.11124799999999999 0.541324 0.15826 0.571204 0.189496 0.597144 0.104428 0.675088
1 0.13706000000000002 0.30896 0.16464399999999998 0.271152 0.090664 0.215 0.091016 0.252792 0.052604 0.311644 0.097612 0.287952 0.13706000000000002 0.30896
1 0.31579199999999996 0.230632 0.303296 0.219136 0.21756000000000003 0.27736 0.18834 0.327332 0.19656 0.333572 0.31579199999999996 0.230632
1 0.290248 0 0.250264 0.028560000000000002 0.351896 0.158636 0.397552 0.11555599999999999 0.30486 0 0.290248 0
1 0.33454 0 0.330436 0.0038640000000000002 0.413644 0.10141599999999999 0.476044 0.035976 0.442736 0 0.33454 0
1 0.11588000000000001 0 0.105996 0.035884 0.13822399999999999 0.06905599999999999 0.15989199999999998 0.03256 0.134532 0 0.11588000000000001 0