1 0.8662043109375 0.13854354687499998 0.9004698453125 0.1781778390625 0.9425188515625 0.2002473921875 0.9514735953125 0.1996203234375 0.9472694171875 0.1480436421875 0.9321661656250001 0.101608465625 0.8999683656249999 0.099699459375 0.891907340625 0.1009585234375 0.8821210031250001 0.133314684375 0.8662043109375 0.13854354687499998
1 0.8881562734375 0.4379523328125 0.890245575 0.46358379843749997 0.9363969234375 0.519333765625 0.9376224015625001 0.5192479515625 0.9617682578125001 0.35230012187500004 0.9568231078125 0.246017778125 0.9543803531249999 0.216050171875 0.9317566359375 0.18813515625 0.9313087 0.188166525 0.9387578859374999 0.2403244984375 0.93005579375 0.28703545625000004 0.908473525 0.3979973671875 0.8881562734375 0.4379523328125
1 0.970864334375 0.565632446875 0.9577607953125 0.577389853125 0.9456394921875001 0.6189501609375 0.94272191875 0.6945798640625 0.9171717859375 0.7846251625 0.8769233203125 0.8402080109375 0.8479671390625001 0.8347926328125 0.75833594375 0.9666530671875 0.7599551703125 0.9865176734375 0.76274451875 0.9867192765624999 0.7637143796875 0.9866513609374999 0.85734595625 0.9617508062500001 0.9749065281249999 0.66824570625 0.9799460812499999 0.5445661828125 0.977502921875 0.54473726875 0.970864334375 0.565632446875
1 0.7928085046875 0.23434911406249997 0.8070844359375 0.26535765312500004 0.85431956875 0.34529003281250004 0.8827638859375 0.3546586359375 0.88286663125 0.40730376250000006 0.9015507765624999 0.42522301249999994 0.9143026937500001 0.448672803125 0.9193411749999999 0.4483199765625 0.922263125 0.4181715671875 0.914793865625 0.32653900625 0.9087444796874999 0.2963186703125 0.8833074265624999 0.21839823749999998 0.8245235734374999 0.1077084375 0.7557624109375001 0.185047996875 0.7952053890624999 0.1913825171875 0.7928085046875 0.23434911406249997
1 0.7779831500000001 1 0.8253928859374999 0.9027933515625 0.82528951875 0.9015252500000001 0.772017671875 0.882228621875 0.732379946875 1 0.7779831500000001 1
1 0.7163453703125 1 0.745151028125 0.87989640625 0.744865625 0.8763951000000001 0.704705103125 0.8702455296875 0.6986660875 0.8706684203125 0.671472834375 0.9952126234374999 0.67186306875 1 0.7163453703125 1
1 0.558820578125 1 0.55017678125 0.92106094375 0.5670252453125 0.912654425 0.6686388671875 0.9027552171875 0.66175 0.8182428859374999 0.656852503125 0.787338115625 0.5877054078125 0.790048571875 0.5431581859375 0.825172846875 0.5059427171875 0.8819048828125 0.51219151875 1 0.558820578125 1
1 0.662602471875 1 0.6762686296875 0.9578965593750001 0.67516299375 0.94433265 0.575019278125 0.9102941546875 0.5705464671875 0.9106073703125 0.5358855703125001 1 0.662602471875 1
1 0.3572210390625 1 0.393664103125 0.8754199765624999 0.39311294218750004 0.868658353125 0.3674845 0.8476206234375001 0.310930375 0.9884872640625 0.33596104375 1 0.3572210390625 1
1 0.004163881249999999 0.744269028125 0.0517102453125 0.8073281031249999 0.0518025328125 0.8073216406249999 0.0983968765625 0.77220888125 0.0957953828125 0.7402938703124999 0.09220454375 0.7342796984375 0.07940785 0.7288748609375 0.0039906796875 0.64743065625 0.003893575 0.64743745625 0.0019012921875 0.73095315625 0.004163881249999999 0.744269028125
1 0.1001324015625 0.9593417546874999 0.106870809375 0.9588698875 0.16972357968750001 0.858806315625 0.169573721875 0.8569678656249999 0.07972690625 0.804425846875 0.04987835625 0.8186195906249999 0.006556815624999999 0.764843153125 0.0034242906250000005 0.8341020296874999 0.012253278125 0.9424156765625 0.1001324015625 0.9593417546874999
1 0.3874519359375 0.0952256171875 0.3188539328125 0.14657718749999998 0.31979434218749997 0.15811408437500002 0.3812275328125 0.2351782609375 0.47892159687499997 0.1703859375 0.5157664671875 0.2168780171875 0.418941821875 0.298623490625 0.44552122812499995 0.3465020640625 0.44782466093749995 0.3463407625 0.58220929375 0.2316360828125 0.6110319093750001 0.18903081875 0.6835349015625 0.168147003125 0.7050315578124999 0.19552215781249999 0.8466921296875001 0.10643411093749999 0.8466277375000001 0.105644153125 0.639636475 0.0335219265625 0.51942873125 0.02722210625 0.407545540625 0.1099980890625 0.3874519359375 0.0952256171875
1 0.1893017078125 0.3032242546875 0.1923300453125 0.30301219218750003 0.29127941874999996 0.1770429078125 0.29116181406249997 0.1756001296875 0.13052193437499998 0.06227596875 0.1250561390625 0.0626587203125 0.0865560703125 0.1460494234375 0.0699884515625 0.25393214531249997 0.0701695015625 0.2561532515625 0.1893017078125 0.3032242546875
1 0.0976076296875 0.573949528125 0.1430413671875 0.6068288125 0.1729098078125 0.6347591390625 0.08378110625 0.70722224375 0.098769475 0.7233311734375001 0.207720225 0.6372984984375 0.386454521875 0.7603410203125 0.3882051265625 0.7602184328125 0.41994624218750004 0.7170947765625 0.41843147812500003 0.698511703125 0.27579916875 0.6149179375 0.23378878281249998 0.5476522046875 0.15822930468750002 0.5108888921875 0.02992804375 0.372228390625 0.0080807703125 0.4248955859375 0.0976076296875 0.573949528125
1 0.057301674999999996 0.343852975 0.0973233 0.36146666875 0.09793322343750001 0.361423959375 0.12285704687500001 0.3223099375 0.12276608124999999 0.321193953125 0.046545709375 0.2713823921875 0.048876271875 0.30918995625 0.0182077609375 0.363163953125 0.0185192296875 0.3669850375 0.0206476796875 0.36683598906250003 0.057301674999999996 0.343852975
1 0.1538801703125 0.3779128421875 0.2736137078125 0.26800286562500003 0.273386234375 0.2652122328125 0.26957394687499997 0.261784753125 0.2539703390625 0.2628774171875 0.175463503125 0.321267590625 0.15146808125 0.361652196875 0.15279970625 0.377988503125 0.1538801703125 0.3779128421875
1 0.3184418140625 0.1842990765625 0.3492077484375 0.13772991875 0.34840588281249996 0.12789266562499998 0.23950868125000002 0.042282837499999996 0.22329225625000002 0.0434184171875 0.222615303125 0.0435791859375 0.1900790765625 0.080743715625 0.318375146875 0.1843037453125 0.3184418140625 0.1842990765625
1 0.3586055359375 0.12811531874999998 0.3731782703125 0.1270948421875 0.40991302812499997 0.055563906249999996 0.40984912187500006 0.05477989531250001 0.381792396875 0.0377408859375 0.33596648125 0.03827451875 0.26393658124999997 0.058578399999999996 0.2616735328125 0.0624486375 0.2617897125 0.06387391718749999 0.3586055359375 0.12811531874999998
1 0.0765068828125 0.11961432031250001 0.10039057968750001 0.0851525125 0.10021343281249999 0.08297928593750001 0.079898778125 0.05187788125 0.0594529859375 0.053309628124999994 0.048245203125000004 0.08351671875 0.048564803125 0.0874375609375 0.075449196875 0.1196883859375 0.0765068828125 0.11961432031250001