1 1 0.7062 0.81232 0.40669199999999994 0.79742 0.41962 0.574452 0.63722 0.83822 0.856596 1 0.71886 1 0.7062
1 0.8022560000000001 0.397928 0.723224 0.250884 0.51996 0.5460119999999999 0.5001439999999999 0.5612320000000001 0.502756 0.598888 0.559964 0.635004 0.8022560000000001 0.397928
1 0.45356399999999997 0.579964 0.2213 0.671824 0.378128 0.722784 0.543608 0.856428 0.6453960000000001 0.725236 0.45356399999999997 0.579964
1 0.676824 0.7509520000000001 0.585844 0.8636440000000001 0.6882240000000001 0.9549480000000001 0.825848 0.8877840000000001 0.8221719999999999 0.867072 0.676824 0.7509520000000001
1 0.594916 1 0.672176 0.96542 0.5679960000000001 0.873464 0.5511280000000001 0.891792 0.368628 0.73768 0.22326000000000001 0.688848 0.223612 0.875572 0.296548 0.8909 0.371032 0.915972 0.46946000000000004 1 0.594916 1
1 0.881804 0.459512 0.982844 0.378008 0.9116759999999999 0.20935600000000001 0.774372 0.286836 0.881804 0.459512
1 1 0.40211199999999997 0.8981680000000001 0.48178 0.9187799999999999 0.54842 1 0.680012 1 0.40211199999999997
1 1 0.732872 0.854832 0.8697800000000001 0.861216 0.88026 1 0.8127319999999999 1 0.732872
1 0.818572 0.022528 0.7887679999999999 0.048383999999999996 0.798408 0.117148 0.740588 0.21438000000000001 0.773724 0.266208 0.904232 0.193392 0.818572 0.022528
1 0.498316 0 0.466556 0.10444400000000001 0.671236 0.267652 0.7636160000000001 0.12589999999999998 0.770092 0.088492 0.756892 0 0.498316 0
1 0.40068400000000004 0 0.24136799999999997 0.070408 0.43175600000000003 0.135624 0.47474800000000006 0 0.40068400000000004 0
1 0.212304 0.09143599999999999 0.176284 0.10076 0.13147999999999999 0.187436 0.376868 0.28082799999999997 0.426752 0.16337200000000002 0.212304 0.09143599999999999
1 0 0.204732 0.082468 0.227192 0.08792 0.22868 0.139276 0.123996 0 0.18766 0 0.204732
1 0 0.278876 0.019632 0.287432 0.057536 0.27574 0.077844 0.24234399999999998 0 0.221196 0 0.278876
1 0.50122 0.521856 0.653628 0.29081199999999996 0.45918000000000003 0.130312 0.441324 0.16255999999999998 0.42607999999999996 0.23246000000000003 0.29266800000000004 0.433716 0.446124 0.541568 0.50122 0.521856
1 0.08027999999999999 0.308488 0.274008 0.42896 0.357624 0.297276 0.121648 0.214444 0.08027999999999999 0.308488
1 0 0.5919760000000001 0.047832 0.697392 0.174728 0.6456959999999999 0.122936 0.566688 0.14976 0.38374 0.046228000000000005 0.312408 0 0.37616 0 0.5919760000000001
1 0.143564 0.566036 0.196668 0.641444 0.414276 0.553428 0.176936 0.38751199999999997 0.143564 0.566036
1 0.193136 0.681964 0.060919999999999995 0.728668 0.14616400000000002 0.914676 0.154444 0.8779239999999999 0.21207199999999998 0.876468 0.193136 0.681964
1 0.432764 1 0.361856 0.9411799999999999 0.226064 0.896856 0.179812 0.903472 0.165392 0.943088 0.191132 1 0.432764 1