1 0.9088480171875 0.898897434375 0.9208496796875 0.8534140375 0.7858663421875 0.533793665625 0.769664940625 0.5432550703125 0.5240941375 0.708884828125 0.734012359375 0.964925734375 0.772830596875 0.97645265 0.9088480171875 0.898897434375
1 0.785167878125 0.5085924453125 0.7861470140625 0.5048817609375 0.7314614953125 0.3482916140625 0.4943736703125 0.5907717984375 0.4745319171875 0.6659672390625 0.49934840312500006 0.6882089203125 0.5150913796875 0.69288373125 0.785167878125 0.5085924453125
1 0.5629302953125 0.8007973359375 0.567615340625 0.7830421515625 0.3981855421875 0.60226773125 0.165809165625 0.64648216875 0.3143789546875 0.7310171140625 0.438235128125 0.8706260875 0.4822006421875 0.883681465625 0.5629302953125 0.8007973359375
1 0.63100989375 1 0.7151162453125 0.9656518171874999 0.7151373484375 0.9655718390624999 0.7128214625 0.9449941421875 0.578027740625 0.8261702234375001 0.5718156703124999 0.8243255749999999 0.4741171421875 0.9285245156249999 0.5467747578125 1 0.63100989375 1
1 0.46732562031249997 1 0.45153024999999997 0.96275695 0.4297390046875 0.9697620875 0.32373244843750004 0.7320737484375 0.21207492656250002 0.608504021875 0.14363555781249998 0.7747954015625 0.20303532500000002 0.828635090625 0.26022776406250003 0.8919957109375 0.3062310578125 0.9964085031250001 0.31832584375 1 0.46732562031249997 1
1 0.79886783125 0.4234933984375 0.8913288703125 0.6072763078125 0.909571278125 0.6126933125 0.98402245 0.564564353125 0.9856128515625 0.558537115625 0.98666794375 0.5222759671875 0.9340986250000001 0.3695330765625 0.79886783125 0.4234933984375
1 0.8797607828125 0.63081235 0.887419384375 0.700203634375 0.929094684375 0.8098074234375 0.9844002125 0.60021285 0.984992290625 0.5798644187499999 0.9837926390625 0.5795081859375 0.8797607828125 0.63081235
1 0.7724654296875 1 0.8863980421875001 0.9777973828125001 0.906944490625 0.8999313171875001 0.9072418828125001 0.89836226875 0.7409291390625 0.9933227046875001 0.7432943859375001 1 0.7724654296875 1
1 0.815527121875 0.3922900671875 0.8274742296875001 0.39583771093750003 0.9547250281249999 0.35423345624999997 0.95519323125 0.352459075 0.8939506749999999 0.16536329375 0.8614002187500001 0.18481414062499998 0.8619150453125 0.25542564375 0.8011215890625 0.32974514374999997 0.79623513125 0.3482636421875 0.815527121875 0.3922900671875
1 0.7236352078125 0.3633856890625 0.830918321875 0.284264396875 0.8384266546875001 0.269674446875 0.853071740625 0.21417311562500002 0.8605516453125001 0.16275561249999998 0.7249298171875 0.09872801875000001 0.616024625 0.0559592703125 0.5613459578125 0.13390639531249998 0.6908704593749999 0.35365633124999996 0.7236352078125 0.3633856890625
1 0.5001456109375 0.140128178125 0.5334745328125 0.1500250625 0.565113040625 0.057102871875 0.5691728109375 0.041717326562500004 0.5478027453125 0.0351047953125 0.459253325 0.029430290625 0.3452756171875 0.06835298437500001 0.5001456109375 0.140128178125
1 0.4300591515625 0.2859142265625 0.49886962187500006 0.19690904375 0.5017488953125 0.1859972921875 0.3180482 0.055643959374999996 0.31115362343749997 0.0535966421875 0.278540459375 0.0518572765625 0.2148340546875 0.121854896875 0.42741360000000006 0.285128640625 0.4300591515625 0.2859142265625
1 0.23302520312500002 0.079631428125 0.2331477953125 0.079166828125 0.0829609640625 0.07977674375 0.0781829640625 0.097884209375 0.1407467796875 0.14824553437500002 0.15023172499999998 0.15106205 0.23269576718749999 0.0808225984375 0.23302520312500002 0.079631428125
1 0.0834745203125 0.1878497234375 0.1161889921875 0.1847509125 0.1421849375 0.15815319218749999 0.1427652828125 0.155953828125 0.0720934375 0.12096204375 0.072047 0.121138021875 0.06216468125 0.160468703125 0.058460582812499995 0.1764021421875 0.068602753125 0.1834336140625 0.0834745203125 0.1878497234375
1 0.48291257343750005 0.574958840625 0.5250692781249999 0.5679713609375 0.6785352625 0.3812225421875 0.6850138671875 0.356670196875 0.51468675 0.16520373125 0.494707434375 0.1942415328125 0.4743283296875 0.26173315937499997 0.3281638921875 0.4386928125 0.4606929375 0.5683608109375 0.48291257343750005 0.574958840625
1 0.396589934375 0.26934329375 0.1745909140625 0.1586126046875 0.1268472453125 0.22797647968749998 0.121355421875 0.2487891625 0.289194525 0.3862387234375 0.3960238453125 0.27148863125 0.396589934375 0.26934329375
1 0 0.5664513999999999 0.0783526015625 0.5703367296875 0.0707814125 0.4795821125 0.1843640015625 0.3320258265625 0.1852348484375 0.32872553125000004 0.1290043640625 0.226865865625 0.125423975 0.22580268593750003 0.054296053125 0.2615361 0.0181355375 0.325449425 0 0.39417872656249997 0 0.5664513999999999
1 0.367571590625 0.5956165 0.3678682421875 0.5944922625 0.2242798921875 0.327230528125 0.12496046718750001 0.4636698390625 0.12226597187499999 0.473881321875 0.136812075 0.5562934234375 0.1774970515625 0.5683746578125 0.367571590625 0.5956165
1 0 0.6609591609375001 0.027997003124999996 0.824827990625 0.0330553609375 0.8263300499999999 0.0467471390625 0.8003679984375 0.10221871093749998 0.8163771687500001 0.10354593125 0.811347328125 0.133824890625 0.623609496875 0 0.6280885609375 0 0.6609591609375001
1 0.0549240328125 0.9185490109375 0.1961920875 0.9604979765625 0.29989718125 0.9756865390625 0.3004328921875 0.9736563281249999 0.23946397187500001 0.907710221875 0.10970718593749999 0.8441520734375001 0.0627520078125 0.8439254 0.045306026562500004 0.8771612781250001 0.0438673140625 0.88261365 0.0549240328125 0.9185490109375