1 0.964430190625 0.7195350359375 0.9674741171875001 0.7201228937499999 0.9813524031249999 0.63314660625 0.9898252171875 0.573248646875 0.9231033046875 0.3784172640625 0.8254141687500001 0.430194209375 0.8252097453125 0.43163936718749996 0.8837417171874999 0.5434576921875001 0.9622519125 0.7088774421874999 0.964430190625 0.7195350359375
1 0.7677006859375 0.793688996875 0.9092610265625 0.7381868484375 0.9118684015625 0.7197541921874999 0.9161240875000001 0.655049115625 0.888362321875 0.5474863625 0.7730218015625 0.644293684375 0.7711593125 0.6574604078124999 0.7637832812500001 0.792932446875 0.7677006859375 0.793688996875
1 0.8901517406250001 0.8620395671875001 0.89476625625 0.816084378125 0.8852015703125 0.770574703125 0.8824588609375 0.7700450156249999 0.79782404375 0.8381569593749999 0.797314775 0.8417571984375 0.809726646875 0.9329071640625 0.812027271875 0.9333514718749999 0.8858351687500001 0.8925552781249999 0.8901517406250001 0.8620395671875001
1 0.436280103125 0.6535803171875 0.5714393296875 0.8963651031250001 0.5761746546875 0.8972796140625 0.7523590171875 0.880838965625 0.7535498921875 0.8724201546874999 0.7374625015625 0.6748604703125001 0.7043233375 0.6402771015625001 0.6990524796875001 0.5170315578125 0.6819275499999999 0.5137243015624999 0.4390715765625 0.63384619375 0.436280103125 0.6535803171875
1 0.184744596875 0.298975109375 0.3046843453125 0.49530621718749995 0.2655624953125 0.5114563703125 0.3701561484375 0.66952686875 0.4141853875 0.678030028125 0.47956741562499994 0.628950459375 0.48812369687499996 0.5684624359375 0.30529016875 0.2820730796875 0.34913253593750004 0.21845210937499998 0.258033796875 0.09727428593750001 0.179443659375 0.1487756828125 0.25309498750000003 0.2502488578125 0.184744596875 0.298975109375
1 0.5008452906249999 0.7819814953125 0.5014676359375 0.777581865625 0.43560320468749997 0.6555606390625 0.4186246859375 0.6522816578125 0.295880509375 0.7208957500000001 0.366666725 0.8473410921875001 0.3682054390625 0.84763825625 0.5008452906249999 0.7819814953125
1 0.5223740265625 1 0.5637160234375 0.96690628125 0.566194525 0.949384696875 0.5233658109375 0.83225931875 0.2946964890625 0.9134301593749999 0.3590007125 1 0.5223740265625 1
1 0.937112325 0.3502307796875 0.9398299890624999 0.33101844687500004 0.8014330125000001 0.093140246875 0.78537130625 0.09079876406250001 0.742184628125 0.11122877499999999 0.86228174375 0.3949562015625 0.8653039296875 0.3955398625 0.937112325 0.3502307796875
1 0.71394338125 0.42791040625 0.75686930625 0.3656760625 0.7576411078125 0.3602198640625 0.7196581656250001 0.24123971875 0.7140880078125 0.1338442234375 0.6393721828125 0.150557453125 0.6389655015625 0.1534324546875 0.7083820125 0.426836365625 0.71394338125 0.42791040625
1 0.51285875 0.07174648125000001 0.55553126875 0.1588063515625 0.560620178125 0.1597891484375 0.676689921875 0.10081123750000001 0.676942259375 0.09902735 0.655673190625 0.064973909375 0.577970384375 0.0485797671875 0.465644803125 0.032825009375000005 0.46553637812500004 0.033591521875 0.4850169609375 0.069784721875 0.51285875 0.07174648125000001
1 0.6569690640625 0.0745344671875 0.7135703 0.14336795156249998 0.7345407328125 0.2238919390625 0.7958748671875 0.292097525 0.797440821875 0.29239994999999996 0.7974796171875 0.2921256796875 0.7384383718749999 0.15959755625 0.6879480828125 0.0822534265625 0.6839164546875 0.07451593749999999 0.6822541890625 0.0741949109375 0.6569690640625 0.0745344671875
1 0.9898343578125001 0.5112032046875 0.992250603125 0.51166984375 0.9922913765624999 0.5115535234374999 0.9932056656249999 0.4591739453125 0.9775503953125 0.40534407968749997 0.9898343578125001 0.5112032046875
1 0 0.48766782031250006 0.186399896875 0.45625237656250006 0.1705419453125 0.25042015625 0.24740609375 0.2246972828125 0.24763911875 0.22304991406250002 0.24063823125 0.17683330625 0.22166132656249998 0.1731683859375 0.04598314375 0.222993765625 0.018485185937500002 0.280813965625 0 0.411493665625 0 0.48766782031250006
1 0.705296890625 1 0.7085695484375 0.9768641734375001 0.7019092671875 0.9360018234374999 0.5927138203125 0.9435067281249999 0.5582476984375 1 0.705296890625 1
1 0.47263962499999995 0.5913874859375 0.5656142656250001 0.5601211921875 0.5658223546875 0.558650125 0.4969071625 0.36217290156250004 0.48804447968750003 0.308996478125 0.3799016046875 0.3422045890625 0.3790788546875 0.3480209546875 0.44910914999999996 0.5868431562499999 0.47263962499999995 0.5913874859375
1 0.30532009375 0.061985107812499995 0.4118105359375 0.212254259375 0.38391553125 0.2534415671875 0.41410106406249997 0.2973443953125 0.41601239999999995 0.297713521875 0.47902636249999997 0.25064880624999997 0.479559028125 0.24688316718749997 0.443057825 0.14911654218749998 0.38574131718750004 0.054146121874999995 0.374077096875 0.02615801875 0.36269704375 0.025362248437500002 0.30556977343749997 0.06022001875000001 0.30532009375 0.061985107812499995
1 0.5052118171875 0.219242234375 0.52844505 0.31808984375 0.5710005140625001 0.3031112625 0.6149499781250001 0.3894044609375 0.647572421875 0.3779223109375 0.68959708125 0.49270831875 0.697394446875 0.4942141875 0.7247102062499999 0.4693933390625 0.73077225 0.426538146875 0.7179711265625001 0.3970098921875 0.6793077640625 0.3983342828125 0.662151228125 0.35875774374999997 0.692132703125 0.3411864421875 0.62435883125 0.1773070859375 0.5052118171875 0.219242234375
1 0.8485866937500001 0.50401770625 0.79117883125 0.42449095156250005 0.7568279171875 0.501093775 0.813909975 0.5925342421875001 0.8146599953125 0.592679090625 0.8469145703125 0.5158386765625 0.8485866937500001 0.50401770625
1 0.72654115 0.646740453125 0.7670299515625 0.6085385859375 0.7675542296875 0.6048322359375 0.7627211453125 0.506539275 0.7610882875 0.5062239296875 0.73716170625 0.5176152859375 0.7202266859375 0.6373362124999999 0.725467790625 0.6465331609375 0.72654115 0.646740453125
1 0.23578222968749998 0.7083370453125 0.2744621546875 0.677894378125 0.288194146875 0.6444071234375001 0.288252365625 0.643995546875 0.18201855 0.49396457343750005 0.17833191718750002 0.49325259218750006 0.10894767187500001 0.5406151609375 0.10892885625 0.5407481765625 0.2340885015625 0.7080099421875 0.23578222968749998 0.7083370453125
1 0.0839310078125 0.7090220109375001 0.0851713828125 0.709261559375 0.1442019328125 0.6620773140625 0.144322825 0.6612226671875 0.108674625 0.540336509375 0.10020011250000001 0.53869986875 0.026492890624999998 0.5640568390625 0.038189671875 0.63672609375 0.05996420625 0.650071340625 0.0839310078125 0.7090220109375001
1 0.1616632546875 0.8474572359374999 0.1978488453125 0.8222970984375 0.2094331328125 0.74040280625 0.18890320625 0.6979113609375001 0.18081064375 0.6963484828125 0.0703396828125 0.7619507249999999 0.113102715625 0.8473372375 0.116483690625 0.8479901890624999 0.1616632546875 0.8474572359374999
1 0.278833446875 0.9188325546874999 0.2850581984375 0.9200347109375 0.35728788749999996 0.8527729140625 0.35825555468750003 0.84593205 0.2539334984375 0.740905453125 0.2192810984375 0.7685759609375 0.22851840625 0.7799614781249999 0.23590892812500003 0.830339234375 0.21629884062500002 0.86684248125 0.278833446875 0.9188325546874999
1 0.1793271609375 0.9754333359375 0.228833553125 0.9829470375 0.2340559421875 0.9709382234374999 0.23571740624999998 0.9591926265625 0.180102221875 0.8668145546874999 0.177306596875 0.8662746484375001 0.150137646875 0.8791054125000001 0.118130703125 0.8754154156249999 0.16304171875 0.97228820625 0.1793271609375 0.9754333359375
1 0.5919046171875 0.5275458234375 0.5936031500000001 0.527873853125 0.66791286875 0.48879149218749995 0.6680675640625 0.4876978875 0.6374071 0.39599432343749996 0.6063750515625 0.40439606406250006 0.565374040625 0.335820578125 0.5640587640625 0.335566565625 0.52214145 0.3521677109375 0.5919046171875 0.5275458234375
1 0.469952715625 0.08857458124999999 0.489455446875 0.0757699828125 0.48953172812499995 0.07523071249999999 0.45563642968750007 0.031861203125 0.41633809218750006 0.0291131953125 0.46162923593749994 0.08696710468749999 0.469952715625 0.08857458124999999
1 0.5498373390625 0.1658992796875 0.5501535203125 0.16366405781249999 0.5129205578125 0.09207404062499999 0.5117730859375 0.0918524359375 0.47474346093750003 0.1089894234375 0.510115678125 0.1832058109375 0.5132756515625 0.18381608124999999 0.5498373390625 0.1658992796875
1 0.16987711875 0.1209198546875 0.0336990421875 0.1906164125 0.032454434375 0.20310475156250002 0.034170450000000005 0.2034361578125 0.0352895484375 0.2036390125 0.1698389328125 0.12118980625 0.16987711875 0.1209198546875
1 0 0.6320474953125 0.0283049046875 0.7456654312500001 0.0297379859375 0.74594219375 0.06219447031250001 0.724828440625 0.062463984375 0.7229231296874999 0.022982265625 0.6550770421875 0.002487921875 0.5419874859375 0.0023646078125 0.5419636718749999 0 0.5476933859375 0 0.6320474953125