1 1 0.44222400000000006 0.9197919999999999 0.258048 0.8254720000000001 0.324092 0.89216 0.42758399999999996 0.98186 0.580436 1 0.6443559999999999 1 0.44222400000000006
1 0.7917799999999999 0.572968 0.837932 0.715872 0.951236 0.599952 0.9266759999999999 0.520872 0.86296 0.43262799999999996 0.7917799999999999 0.572968
1 0.84336 0.74288 0.8699920000000001 0.8359120000000001 0.9396319999999999 0.781372 0.936132 0.704876 0.9193279999999999 0.658876 0.84336 0.74288
1 0.703508 0.444152 0.46448 0.61152 0.6529119999999999 0.8531280000000001 0.8274800000000001 0.813692 0.7729199999999999 0.60928 0.734152 0.57866 0.703508 0.444152
1 0.22644799999999998 0.49706799999999995 0.33578800000000003 0.666972 0.471712 0.5640959999999999 0.289476 0.268084 0.34089200000000003 0.20127199999999998 0.258308 0.09158 0.172128 0.15 0.23856000000000002 0.24211999999999997 0.163232 0.296788 0.26844 0.477292 0.22644799999999998 0.49706799999999995
1 0.332824 0.7287359999999999 0.428592 0.8407519999999999 0.546812 0.748348 0.447816 0.6289640000000001 0.332824 0.7287359999999999
1 0.553268 1 0.632368 0.873288 0.553404 0.768764 0.360764 0.936384 0.45370799999999994 1 0.553268 1
1 0.7344280000000001 0 0.692208 0.026524 0.8265 0.292564 0.908156 0.227684 0.750596 0 0.7344280000000001 0
1 0.5788960000000001 0.10394 0.74368 0.344776 0.764084 0.261172 0.6856359999999999 0.160136 0.643112 0.060904 0.5788960000000001 0.10394
1 0.40871599999999997 0 0.43377600000000005 0.034184 0.46130000000000004 0.032244 0.517908 0.11583600000000001 0.6268279999999999 0.037648 0.595372 0 0.40871599999999997 0
1 0.615864 0 0.675288 0.071108 0.700368 0.153672 0.7676999999999999 0.22783199999999998 0.700616 0.088032 0.64672 0.008312 0.642136 0 0.615864 0
1 1 0.349264 0.95184 0.28182 1 0.381936 1 0.349264
1 0 0.566312 0.019588 0.5976239999999999 0.228768 0.46463200000000004 0.12524 0.281032 0.184416 0.228044 0.15223599999999998 0.179332 0 0.302736 0 0.566312
1 0.647884 1 0.776192 0.9054439999999999 0.762616 0.847556 0.653564 0.881556 0.59582 1 0.647884 1
1 0.455388 0.271292 0.359392 0.340436 0.49613199999999996 0.5604720000000001 0.594196 0.48603199999999996 0.47749199999999997 0.31936 0.455388 0.271292
1 0.449572 0.246484 0.40523600000000004 0.144668 0.34177599999999997 0.04854 0.325232 0.013911999999999999 0.262308 0.056044000000000004 0.37914400000000004 0.209152 0.35472800000000004 0.25128 0.388588 0.296888 0.449572 0.246484
1 0.459384 0.197252 0.499064 0.286924 0.537828 0.25978 0.595468 0.3311 0.625184 0.310292 0.689292 0.415596 0.730372 0.35602 0.6969000000000001 0.308216 0.659556 0.320884 0.636036 0.287292 0.6621319999999999 0.261316 0.5679160000000001 0.121256 0.459384 0.197252
1 0.755576 0.405764 0.8049519999999999 0.498276 0.849388 0.413248 0.797176 0.330428 0.755576 0.405764
1 0.726252 0.443632 0.75986 0.55488 0.775888 0.5667679999999999 0.796168 0.51598 0.744596 0.42308399999999996 0.726252 0.443632
1 0.208876 0.51322 0.13600399999999999 0.560396 0.25504 0.73314 0.29548 0.7029 0.31046399999999996 0.6693 0.208876 0.51322
1 0.113652 0.577972 0.044272 0.624628 0.076456 0.692592 0.101136 0.70034 0.14172 0.752796 0.185384 0.6914119999999999 0.113652 0.577972
1 0.211748 0.715316 0.11291199999999998 0.813404 0.171456 0.886016 0.217972 0.8727 0.25337200000000004 0.832508 0.248712 0.762604 0.211748 0.715316
1 0.325876 0.9223039999999999 0.411796 0.8525159999999999 0.314736 0.741404 0.27726799999999996 0.76764 0.285412 0.779268 0.287872 0.829532 0.26461999999999997 0.865068 0.325876 0.9223039999999999
1 0.308788 1 0.313996 0.9768359999999999 0.23890799999999998 0.888848 0.21306799999999998 0.906944 0.181152 0.908108 0.244404 1 0.308788 1
1 0.5399 0.29298799999999997 0.5015240000000001 0.317932 0.6045320000000001 0.478792 0.670684 0.42477200000000004 0.622344 0.339236 0.593792 0.353456 0.5399 0.29298799999999997
1 0.355932 0 0.35483600000000004 0.0008240000000000001 0.40796 0.066444 0.43282800000000005 0.049032 0.393204 0 0.355932 0
1 0.47103599999999995 0.151404 0.507376 0.12476000000000001 0.458584 0.058496000000000006 0.42408799999999996 0.082652 0.47103599999999995 0.151404
1 0 0.260056 0.130232 0.152112 0 0.24502000000000002 0 0.260056
1 0 0.652688 0.103052 0.79686 0.126636 0.764432 0.062652 0.7123039999999999 0 0.612144 0 0.652688