1 0.192024675 0.8945834906250001 0.5246870875 0.8169179812499999 0.526065565625 0.8087520828124999 0.49077444843749995 0.7713058859374999 0.470362065625 0.70605056875 0.5064780984375 0.5884103109375001 0.538849403125 0.5150607859375 0.5867612703125 0.44920037187500006 0.5869359765625 0.4481654328125 0.31968534531250004 0.5277774765625 0.26314715624999996 0.5577459578124999 0.19009494843750002 0.619473171875 0.0430746796875 0.71258830625 0.1822661734375 0.893548565625 0.192024675 0.8945834906250001
1 0.5190328828124999 0.576994825 0.47754161406250006 0.6860364890625 0.488753715625 0.727874421875 0.53423558125 0.7662728828125001 0.57213385625 0.7702921359375 0.9399849984375 0.7319968968749999 0.9472456703125 0.701757584375 0.9717488187500001 0.5566048203125 0.706536778125 0.44058888593749995 0.6817655984375001 0.42209573437500003 0.6571843265624999 0.39677946249999996 0.6187968390624999 0.41335771250000003 0.5512273734375001 0.48315374375 0.5190328828124999 0.576994825
1 0 0.744435134375 0.0061317453125 0.7450854296875 0.1141062625 0.6494468171875 0.203560303125 0.547039690625 0.29678136875 0.47956530312499995 0.447841890625 0.401958296875 0.5088763468749999 0.36235818750000004 0.5089971828125 0.361642378125 0.442714990625 0.350938853125 0.326613590625 0.35405433125 0 0.3937231203125 0 0.744435134375
1 0.5954540546875 0.9738014015625 0.57558865625 0.9156793359375 0.5417185296875 0.875303325 0.209424875 0.8816004625 0.20937399375000001 0.8819018812499999 0.2297968875 0.9268162578125001 0.29971088125 0.9529045515625001 0.3407829546875 0.947516778125 0.3402954421875 0.968048615625 0.35521826875 0.97361704375 0.44716658750000005 0.9833685078125001 0.5915129343750001 0.978327821875 0.5948888218749999 0.9771497515625001 0.5954540546875 0.9738014015625
1 0.7509026546875 0.8910020953125001 0.9132067890625001 0.7918961265625 0.9135000890624999 0.7901586609375 0.588001334375 0.79494534375 0.5877669062499999 0.7963340546875 0.6594358640625 0.9061688109375 0.6766170734375 0.9079909421875 0.7049264515625 0.892838596875 0.7509026546875 0.8910020953125001
1 0.4997340125 0 0.4862905921875 0.026628345312500003 0.6017284171874999 0.09571119375 0.7939303625 0.1718037171875 0.79517776875 0.1719360109375 0.83612490625 0.12420115312499999 0.8400543062500001 0.1009240078125 0.7555287078124999 0.00480859375 0.7101876093749999 0 0.4997340125 0
1 0.30055150625 0 0.2108356 0.0565505546875 0.20941212031249998 0.0649830234375 0.3177269375 0.13330066406250002 0.35961804375 0.1533745578125 0.45258427343749996 0.23461278437500002 0.5433591921875001 0.2718476734375 0.602487978125 0.278118503125 0.683686246875 0.272577390625 0.7417891109375 0.2277299953125 0.741871621875 0.22724120625 0.670973153125 0.194348665625 0.5513612390625 0.1302306875 0.44002563749999996 0.0319949859375 0.39103848124999996 0.022542829687499998 0.3563093609375 0 0.30055150625 0
1 0.34146862499999997 0 0.3503617734375 0.0048322999999999994 0.37667347812499996 0.0120131640625 0.4059329625 0.0151162421875 0.4061147296875 0.0140394765625 0.40089145625 0 0.34146862499999997 0
1 0.05575967187500001 0.40848014218750006 0.0677998453125 0.4097570484375 0.43332909375 0.34328350625000004 0.5417485453124999 0.336739178125 0.600654640625 0.3444387453125 0.6543730765625 0.326541696875 0.6848455062500001 0.2900272078125 0.7086780015625 0.21945390156250003 0.7104886359375 0.208727984375 0.6053155390625 0.2505186734375 0.4826946703125 0.24672147031249997 0.345983071875 0.20412776093749999 0.1480602296875 0.1689295921875 0.059338509375 0.30057134531249996 0.05575967187500001 0.40848014218750006
1 0.9645067218750001 0.2278312015625 0.9648647171875 0.2257104921875 0.836042646875 0.1250494234375 0.7991225671875 0.212990721875 0.798936509375 0.21409290312499998 0.8603655890624999 0.30071921874999996 0.8627096953125 0.3009678203125 0.9645067218750001 0.2278312015625
1 0.889259375 0.3750061203125 0.8944238953125 0.3755538359375 0.9883477140625001 0.3655423453125 0.989881525 0.31282868124999996 0.8896023218750001 0.3729745625 0.889259375 0.3750061203125