1 0.320984 0.563424 0.27102 0.604376 0.210972 0.679652 0.084024 0.8009040000000001 0.259652 0.949984 0.587136 0.79838 0.5376960000000001 0.764376 0.504744 0.7052120000000001 0.517352 0.5833079999999999 0.5349440000000001 0.5052399999999999 0.570008 0.42979200000000006 0.320984 0.563424
1 1 0.489792 0.990708 0.484896 0.701688 0.43114800000000003 0.672968 0.418752 0.642824 0.39972799999999997 0.608996 0.424184 0.55904 0.506436 0.54954 0.604108 0.534488 0.7184999999999999 0.555388 0.756416 0.6191 0.7884599999999999 1 0.6610280000000001 1 0.489792
1 0 0.72068 0.055876 0.769256 0.166204 0.671256 0.25051999999999996 0.572192 0.34018000000000004 0.508296 0.48692 0.436564 0.546708 0.398764 0.479488 0.385216 0.364124 0.38368 0 0.41372 0 0.72068
1 0.683612 1 0.674916 0.9411160000000001 0.7003440000000001 0.9201280000000001 0.6565920000000001 0.8713200000000001 0.608708 0.845856 0.298196 0.965536 0.335464 1 0.41162 1 0.448152 0.980984 0.455828 1 0.683612 1
1 0.772716 0.911224 0.8030760000000001 0.878368 0.8461080000000001 0.861912 0.9664720000000001 0.715184 0.655292 0.825308 0.772716 0.911224
1 0.43921599999999994 0 0.418532 0.062916 0.544128 0.114644 0.748236 0.162804 0.79148 0.094464 0.678144 0 0.43921599999999994 0
1 0.7321 0.1793 0.6513639999999999 0.164772 0.5126999999999999 0.132208 0.369716 0.06536800000000001 0.318992 0.067956 0.244348 0.04436 0.15176 0.148804 0.28816 0.190172 0.335864 0.19932 0.454972 0.254384 0.580076 0.271568 0.6918759999999999 0.23589600000000002 0.7321 0.1793
1 0.276752 0 0.25181200000000004 0.027511999999999998 0.28244400000000003 0.039776 0.34264 0.049012 0.321472 0.007272000000000001 0.31472 0 0.276752 0
1 0.69628 0.25768 0.5842120000000001 0.289528 0.46115199999999995 0.274124 0.32764000000000004 0.219108 0.131804 0.165568 0.02984 0.286996 0.015408 0.396536 0.402176 0.364688 0.5119360000000001 0.36854 0.570488 0.38173599999999996 0.6262800000000001 0.36918799999999996 0.6604639999999999 0.33606400000000003 0.69628 0.25768
1 0.803488 0.101308 0.7662880000000001 0.187472 0.828544 0.281088 0.9330640000000001 0.21394799999999997 0.803488 0.101308
1 1 0.282852 0.997568 0.280796 0.8782120000000001 0.345808 1 0.34509599999999996 1 0.282852