1 1 0.328912 0.9208080000000001 0.23656799999999997 0.847836 0.287908 0.755384 0.403648 0.657352 0.327772 0.6426040000000001 0.35762 0.6794520000000001 0.379696 0.666416 0.40649199999999996 0.62642 0.398548 0.5422640000000001 0.606468 0.544292 0.644652 0.516696 0.669604 0.504888 0.7148399999999999 0.43497199999999997 0.8544959999999999 0.446396 0.87264 0.528124 0.916516 0.634572 0.986464 0.651104 1 0.862832 1 1 0.570928 1 0.328912
1 0.620608 1 0.572756 0.9634919999999999 0.503644 0.922996 0.404296 0.873396 0.510576 0.63514 0.50408 0.608492 0.229908 0.517244 0.336308 0.123148 0.274396 0.11601999999999998 0.213544 0.10563199999999999 0.141756 0.084472 0.131396 0.12079599999999999 0.101844 0.11624399999999999 0 0.429692 0 0.8211320000000001 0.194408 0.8730359999999999 0.175644 0.9174559999999999 0.429692 1 0.620608 1
1 0.18266 0 0.170524 0.071448 0.337888 0.102732 0.34322400000000003 0.090756 0.402576 0.103544 0.447096 0 0.18266 0
1 0.140892 0 0.12331600000000001 0.056828000000000004 0.160752 0.070436 0.17377199999999998 0 0.140892 0
1 0 0.8570880000000001 0.16539600000000002 0.9112399999999999 0.172232 0.89686 0.163096 0.8938919999999999 0.162344 0.88066 0 0.83658 0 0.8570880000000001
1 0.31123599999999996 0.480164 0.3567 0.493492 0.39513600000000004 0.38185600000000003 0.436292 0.170788 0.372096 0.148488 0.343728 0.271336 0.2995 0.42078 0.327144 0.431208 0.31123599999999996 0.480164
1 0.498672 0.29642 0.5342279999999999 0.29137599999999997 0.55666 0.215672 0.501796 0.193516 0.376008 0.5495599999999999 0.519876 0.6020800000000001 0.662164 0.275212 0.573452 0.22618 0.548248 0.3082 0.596568 0.326064 0.615156 0.344372 0.577224 0.436688 0.45891200000000004 0.405464 0.475244 0.3552 0.476708 0.319596 0.498672 0.29642
1 0.527968 0 0.472128 0.14490799999999998 0.561684 0.191324 0.623944 0.044128 0.612212 0.013616 0.566516 0 0.527968 0
1 0.688716 0.055791999999999994 0.703368 0.041792 0.653564 0.028496 0.57262 0.202096 0.672868 0.255596 0.7663960000000001 0.138764 0.6868879999999999 0.07252 0.688716 0.055791999999999994
1 0.84154 0.14514 0.789264 0.206092 0.768112 0.193448 0.737896 0.24424800000000002 0.791748 0.27618 0.7277359999999999 0.364352 0.750224 0.381764 0.8256560000000001 0.282868 0.8164999999999999 0.24886 0.83156 0.202516 0.8587279999999999 0.207736 0.8828480000000001 0.182376 0.84154 0.14514
1 0.8648239999999999 0.095696 0.8503999999999999 0.11121600000000001 0.898936 0.15729200000000002 0.930964 0.11646399999999998 0.8648239999999999 0.095696