1 1 0.307733325 0.9469816171875 0.2473720875 0.9362046390625001 0.2463703015625 0.8707313109375001 0.2925998671875 0.7815169734375 0.40737858437499996 0.68113374375 0.330292028125 0.667233809375 0.359997646875 0.7047779000000001 0.38252246093750003 0.69250354375 0.40919300625000005 0.6522185140625 0.400777275 0.5739968953125001 0.6079210234375 0.577139934375 0.6461653265625 0.55023088125 0.67082115 0.539723365625 0.7159637046875 0.473774075 0.8549429421875001 0.48574299062500004 0.8732369703125 0.5688667125 0.9181035328125 0.6669895296874999 0.9824572093749999 0.91533695625 0.9752310375000001 1 0.68511268125 1 0.307733325
1 0.29310819062500004 0.8523989296875 0.280977490625 0.8980828578125 0.522238421875 0.9602566250000001 0.56818805625 0.964527925 0.69304050625 0.957092203125 0.6946315171874999 0.9298920265625 0.680603128125 0.9208798968749999 0.60634643125 0.8843126937499999 0.500851025 0.8403909703125001 0.571492921875 0.5950235140625 0.56120339375 0.5686634828125 0.2766790609375 0.49324833437500004 0.32485707812500003 0.09147907499999999 0.262560328125 0.08797433437499999 0.20084007656249997 0.0811355234375 0.1286073015625 0.0645599578125 0.1267034265625 0.0643829828125 0.121749490625 0.10119469375000001 0.09184725 0.09836806718749999 0.051127621874999994 0.3341733078125 0.0491184546875 0.5063851374999999 0.093214103125 0.8117671359375 0.29310819062500004 0.8523989296875
1 0.2271521671875 0 0.226578125 0.00981394375 0.37720647343749997 0.06399846718749999 0.3858134671875 0.05309670625 0.43583279218750004 0.0727753125 0.4409603578125 0.07325195 0.4974252703125 0 0.2271521671875 0
1 0.18378151874999998 0 0.18313259843750002 0.002240590625 0.182543003125 0.0123203875 0.21562259843749998 0.021008296875 0.21853093124999998 0.02127864375 0.22209893749999998 0 0.18378151874999998 0
1 0.17514660312500002 0.854444059375 0.1793394546875 0.8462477015625 0.17956258593750002 0.8424330109374999 0.17192947812499998 0.839910828125 0.1715548140625 0.8267401124999999 0.0508388234375 0.7933288703125 0.052340446875 0.8167613687499999 0.16177370625 0.853200965625 0.17514660312500002 0.854444059375
1 0.37293010312499997 0.45965908125 0.3999233921875 0.46534602031250005 0.42025082343750003 0.4672355796875 0.44367709375000003 0.3550376296875 0.44495985468750004 0.3352917765625 0.4563454375 0.1406420609375 0.39099750625 0.1235525578125 0.378520790625 0.2484839 0.3552174078125 0.391827615625 0.35465295937499997 0.40147753750000004 0.38247248125 0.409523378125 0.37293010312499997 0.45965908125
1 0.4833774875 0.3980923375 0.4962378375 0.3467893984375 0.4951922765625 0.311378665625 0.5156276171874999 0.2863963609375 0.5510045859375 0.27812919062499997 0.568197021875 0.2010596046875 0.5114928609375 0.1841527765625 0.44001399062499996 0.44136562812499996 0.43339398593749995 0.5545422765625 0.544585128125 0.583638603125 0.5593560484375 0.58501165 0.67767929375 0.25247814062499996 0.6778195625000001 0.25008009375 0.5858156828125 0.2099266890625 0.5662838890625 0.29350901406249996 0.6161079703125 0.3067651375 0.6360829875 0.32319523437500003 0.6044874734375 0.41814916875 0.4833774875 0.3980923375
1 0.5992076875000001 0 0.519525025 0.11546873124999998 0.5958096109375 0.1831023859375 0.5973956609375 0.18324981875 0.6889542750000001 0.05971928125 0.6893095375 0.053645675000000004 0.685230871875 0.0257417390625 0.6435734640625 0.0004930640625 0.6417536968750001 0 0.5992076875000001 0
1 0.636778246875 0.20109642499999997 0.6359018203125 0.216079934375 0.7369344140625 0.2541204921875 0.7394835453125 0.25435745 0.8169694234374999 0.128026246875 0.8170104874999999 0.1273242140625 0.7295890625 0.0720774171875 0.729262734375 0.055299009375 0.7420607359375 0.039589928125 0.7106454703125 0.035411853125 0.6904955390625 0.0335387921875 0.636778246875 0.20109642499999997
1 0.8382695421875 0.29149672187500003 0.7825651046875 0.384141284375 0.8039883359375001 0.398060940625 0.8075369312499999 0.39839080312499997 0.8727586265625 0.2956034578125 0.8604412281249999 0.2624203734375 0.8711582171875 0.21512580625000002 0.898778865625 0.21827817968750002 0.9184162125 0.19380171875000002 0.9186505640625 0.18979518281250002 0.8761215609375 0.1574910609375 0.8756153140625 0.1574440015625 0.829249390625 0.22187427187500003 0.8069444625 0.2108741296875 0.7815064046875 0.2637488796875 0.8382695421875 0.29149672187500003
1 0.98391810625 0.14867298281250002 0.9839629046875 0.1479070734375 0.9190944953125 0.119245984375 0.9047150921875 0.1324951921875 0.9046511484374999 0.133588390625 0.9446018828125 0.177968203125 0.9564341328125 0.179068084375 0.98391810625 0.14867298281250002