1 0.55714 0 0.546656 0.0050279999999999995 0.462236 0.03514 0.28566400000000003 0.075664 0.18224800000000002 0.12687600000000002 0.26394 0.236512 0.191 0.315164 0.057564000000000004 0.39028399999999996 0.14418 0.508596 0.286652 0.371576 0.3598 0.42469999999999997 0.42148399999999997 0.344408 0.55074 0.082992 0.604132 0 0.55714 0
1 0.6824600000000001 0.337432 0.651764 0.241872 0.5450999999999999 0.14583200000000002 0.43366800000000005 0.385092 0.32777599999999996 0.495624 0.116824 0.66862 0.248448 0.835952 0.36322 0.8522719999999999 0.4937 0.891224 0.632872 0.840372 0.52 0.711152 0.711608 0.531348 0.59334 0.42698 0.6824600000000001 0.337432
1 0.713828 1 0.830884 0.867968 0.6562 0.859256 0.500492 0.914324 0.428656 1 0.713828 1
1 0.397108 1 0.472824 0.919124 0.277984 0.866792 0.240808 0.92458 0.321428 1 0.397108 1
1 0.07989199999999999 0.688428 0.026304 0.73144 0.203764 0.89972 0.217484 0.8844799999999999 0.07989199999999999 0.688428
1 0.9632479999999999 0.324948 0.8673759999999999 0.20042 0.708136 0.3372 0.774 0.44320000000000004 0.9632479999999999 0.324948
1 1 0.37941199999999997 0.9719200000000001 0.341248 0.7847839999999999 0.457156 0.8490119999999999 0.531968 1 0.44206 1 0.37941199999999997
1 1 0.461536 0.875272 0.5428759999999999 0.951924 0.641608 1 0.61616 1 0.461536
1 0 0.40540000000000004 0.189948 0.295116 0.23932000000000003 0.235568 0.16724 0.138832 0 0.319984 0 0.40540000000000004
1 0 0.519684 0.088812 0.64552 0.178276 0.5838720000000001 0.042672 0.40446400000000005 0 0.43182400000000004 0 0.519684
1 0.166684 0.533104 0.19797599999999999 0.576136 0.301048 0.497024 0.346544 0.448848 0.289344 0.401588 0.166684 0.533104
1 0.674436 0 0.662104 0.140816 0.7077880000000001 0.3093 0.770992 0.25796399999999997 0.7489600000000001 0.221144 0.818144 0.156092 0.677208 0 0.674436 0
1 0.553544 0.136456 0.647316 0.22088800000000003 0.6312719999999999 0.127912 0.6381 0.002468 0.5834520000000001 0.067876 0.553544 0.136456
1 0 0.6758919999999999 0.017988 0.700604 0.067584 0.666736 0 0.575256 0 0.6758919999999999
1 0.7186480000000001 0.516464 0.73436 0.496652 0.8600160000000001 0.614036 0.8553200000000001 0.631036 0.905608 0.674192 0.922728 0.6598919999999999 0.742696 0.442608 0.6901919999999999 0.357128 0.622296 0.425464 0.7186480000000001 0.516464
1 0.6883600000000001 0.68446 0.599124 0.77178 0.656676 0.8257239999999999 0.761504 0.758804 0.6883600000000001 0.68446
1 0.841324 0.8328 0.867 0.8325720000000001 0.9703160000000001 0.715472 0.940544 0.680176 0.804176 0.763268 0.841324 0.8328
1 1 0.288096 0.891296 0.187996 1 0.34076399999999996 1 0.288096