1 0.46276055625 0 0.3607628375 0.014748528124999999 0.2503824234375 0.057573098437500005 0.313179565625 0.17401021562500002 0.2284142125 0.24679626406250002 0.084522415625 0.311104675 0.150278653125 0.43570182187500006 0.151808640625 0.43582846093749994 0.3136390515625 0.3110874125 0.3771902421875 0.370248515625 0.4511141703125 0.2949011265625 0.6211622718750001 0.043737335937499996 0.657928534375 0 0.46276055625 0
1 0.06266290937499999 0.5416387046875 0.050137224999999994 0.6112971296875 0.0909959203125 0.7445632437499999 0.1926388421875 0.7829259078125 0.2982994046875 0.8453311890625 0.3041942953125 0.8458191171875 0.45128070625000005 0.8240934624999999 0.3960001859375 0.6760771203125 0.6474331656250001 0.5383442828125 0.5772593796875001 0.4134913171875 0.6960559515625 0.34394621875000003 0.6969668765625 0.3388803421875 0.7053608687499999 0.24452854375 0.6543039140625 0.1510700140625 0.6252751171875001 0.1486672578125 0.44342633749999993 0.3414257625 0.3000647578125 0.42842293593749997 0.06266290937499999 0.5416387046875
1 0.7413183828125 0.89106150625 0.6050198390625 0.84991990625 0.551750375 0.8455107140625 0.41437800312500006 0.8601272312500001 0.3168091515625 0.9269222484374999 0.4892371625 0.9691319453125 0.635040925 0.9606398421875 0.7411953984374999 0.8917454546875 0.7413183828125 0.89106150625
1 0.224571871875 0.9500510562500001 0.23971389531249998 0.9503173484375 0.2856469734375 0.94874509375 0.3755278453125 0.8674550765625 0.375879065625 0.865501853125 0.199820559375 0.8227653765625 0.189872659375 0.821941975 0.1462323203125 0.8747781968749999 0.14495485 0.8818825312499999 0.20683270937499998 0.948582759375 0.224571871875 0.9500510562500001
1 0 0.6921896984375 0.0877480453125 0.84690166875 0.0878039 0.8469062921875 0.10498681562500001 0.8351193109375 0.1056000953125 0.8317087015625001 0.044604378125 0.62011244375 0.0437983125 0.6200457234375001 0 0.6420919015625 0 0.6921896984375
1 0.7282893453125 0.417051171875 0.9508860140625 0.35077626875 0.951341575 0.3482427828125 0.9181933421874999 0.21088470781250002 0.9098361171875 0.21019296718749997 0.7185184859375 0.2960252203125 0.7138901718749999 0.3217644046875 0.7259129703125 0.41685447656249996 0.7282893453125 0.417051171875
1 0.7755102890625001 0.461862865625 0.83476705 0.5351037125 0.839275975 0.5354769234375001 0.9791883578125 0.45251089687499996 0.982530328125 0.370493075 0.9650322546875 0.34506849375000004 0.7755102890625001 0.461862865625
1 0.9401008765625001 0.6225740625 0.953752534375 0.5692743265625 0.958835821875 0.54100490625 0.9677650999999999 0.46354890312499997 0.839316625 0.5476092234375 0.8372408046875 0.5591533671875 0.8981181953125 0.644837075 0.8993772390625001 0.6449412875 0.9401008765625001 0.6225740625
1 0.22397961406250003 0.22838742500000003 0.2687232640625 0.1763459953125 0.27171352656250003 0.15971640781250002 0.2157065578125 0.080032275 0.204155284375 0.079076159375 0.032682615625 0.25997499375 0.027837134375 0.34324194375 0.031208096875 0.3435209625 0.22397961406250003 0.22838742500000003
1 0 0.4796364546875 0.057138354687500004 0.5815606484375 0.0574126984375 0.58158335625 0.14805232968749998 0.526157846875 0.14988704375 0.5159545421875 0.042701460937500005 0.339767840625 0.0410331109375 0.3396297484375 0 0.3630322359375 0 0.4796364546875
1 0.28783366093749996 0.45064801093750007 0.3401056515625 0.41322585 0.341275803125 0.40671835156249997 0.304734821875 0.3595030328125 0.2946549796875 0.35866870781250004 0.14859036875 0.4645036125 0.167721959375 0.51155495625 0.16899528749999998 0.5116603515625 0.28783366093749996 0.45064801093750007
1 0.7475394046875 0 0.7170969703125001 0.12121511250000001 0.7344615343750001 0.295657409375 0.7346526953125 0.2956732328125 0.8045883 0.2533778578125 0.7890103015625 0.2135437 0.8488994890624999 0.1712152890625 0.85472253125 0.1388319203125 0.7657220078125 0 0.7475394046875 0
1 0.7198706453125 0 0.6521414 0.045688687500000005 0.603620665625 0.1036007671875 0.6635764875 0.20588175937500003 0.66781554375 0.2062326328125 0.67947451875 0.11732755937499999 0.721716615625 0.0015332484375 0.72199231875 0 0.7198706453125 0
1 0.7267667859375 0.483593490625 0.801269890625 0.64037955625 0.79101851875 0.65468413125 0.8155883921875 0.70133305 0.820637990625 0.7017510125 0.8279096906250001 0.661311296875 0.753297190625 0.4356989109375 0.7348869437500001 0.33583838125 0.6486267328124999 0.375350028125 0.7054091421875001 0.49650655156249995 0.7267667859375 0.483593490625
1 0.6842945 0.756672284375 0.6850305984375 0.7525786625 0.63062139375 0.6740611671875001 0.5294776875 0.748779665625 0.5280802453125 0.756551184375 0.5668124453125001 0.8073956734375001 0.57720809375 0.8082561374999999 0.6842945 0.756672284375
1 0.7908824703125 0.8308665281250001 0.8998819703125 0.7125688046875001 0.9013644624999999 0.7043242921874999 0.8846251125 0.6835887390625001 0.8650646390625001 0.6819696890625 0.7333389953125 0.765276775 0.7646281218750001 0.831685053125 0.7708580859375 0.8322007156250001 0.7908824703125 0.8308665281250001
1 0.9843085234375 0.3268530375 0.9864270703125 0.2748601796875 0.9258349640624999 0.188828971875 0.9843085234375 0.3268530375