1 0.5280273921874999 0.5195987359375 0.5216189390625 0.49275125624999994 0.45298800625 0.5034078234375 0.4911078171875 0.7873588812500001 0.494924925 0.8033502078125 0.5047509546875 0.8018244859375001 0.577441784375 0.789889125 0.5280273921874999 0.5195987359375
1 0.47090466875 0.7188255828125001 0.3886532109375 0.73159705625 0.2108232046875 0.79874866875 0.2340990546875 0.872732796875 0.2463145109375 0.8708360609374999 0.49370281406250005 0.7783459171875 0.49080438906249996 0.7662033046875 0.47090466875 0.7188255828125001
1 0.22136746718750003 0.8634773046875001 0.22479141406249997 0.859410640625 0.2071778953125 0.7856208312499999 0.19490956406249998 0.758481071875 0.106556796875 0.70301496875 0.10501185625000001 0.7032548578125 0.0985522734375 0.804467925 0.21866915312500002 0.8638962828125001 0.22136746718750003 0.8634773046875001
1 0.6760782062499999 0.20768333437500003 0.6981470421875 0.2871986671875 0.9074280796874999 0.25470286249999996 0.905848065625 0.2480835796875 0.7337673062500001 0.115677109375 0.650446184375 0.11532963125 0.4915271875 0.13719278125 0.5207577984375 0.232258628125 0.6760782062499999 0.20768333437500003
1 0.0573557625 0.5776468734375 0.06989938125 0.5536622546875 0.062394229687500004 0.522220284375 0.013404157812500001 0.4606710203125 0.015121110937500001 0.5196789015625 0.037138325 0.5807861062499999 0.0573557625 0.5776468734375
1 0.664902265625 1 0.681464571875 0.9974283125 0.6483733609375 0.8587964796875 0.239184815625 0.8372595531249999 0.21546063124999998 0.847835153125 0.2551872375 0.8933375375000001 0.375749253125 0.9200749781249999 0.41315490156249995 0.9157352390625 0.46963637968749994 0.95777996875 0.52497525 0.9343457374999999 0.54891706875 0.9844177078125 0.55177201875 1 0.664902265625 1
1 0.7889124 1 0.8272250421875 0.9940510609375 0.836953953125 0.9757234374999999 0.824037584375 0.9216117890625 0.8163235468750001 0.9043429062499999 0.745478503125 0.78266705625 0.6823629359375001 0.797617046875 0.6581162968750001 0.792904828125 0.6222582671875 0.810060490625 0.7048609875 0.9505332187500001 0.7299945390625 1 0.7889124 1
1 1 0.7350234703125 0.996687275 0.732476159375 0.796046746875 0.7598032109374999 0.788117259375 0.7610344484375 0.8487701484375 0.931334578125 0.8495616203124999 0.9312116843749999 1 0.769180815625 1 0.7350234703125
1 0.689954425 1 0.6806545749999999 0.9610393484375 0.6783033359374999 0.9612758937500001 0.6162778328125 0.9824150609375 0.6165298796875 0.98347098125 0.6247127156250001 1 0.689954425 1
1 0.49147934375 1 0.483145403125 0.9650859140625 0.4829562171875 0.9647565281249999 0.41796893593749995 0.9237941968750001 0.37454630624999996 0.9319741015625 0.28419459375 0.919202965625 0.355479946875 1 0.3697732984375 1 0.388355246875 0.986102321875 0.40650320000000006 0.9984515765624999 0.41766709999999996 1 0.49147934375 1
1 0.5447157078125 0.0879797171875 0.5406270109375 0.0708505890625 0.5285195390624999 0.0307827578125 0.5024128671875 0.0292622171875 0.51831685625 0.0920787609375 0.5447157078125 0.0879797171875
1 0.48790488125 0.10161480781250001 0.495852171875 0.10038080468749999 0.510716125 0.094456675 0.503325746875 0.0597617703125 0.4959557796875 0.028886134375 0.47617432031250007 0.0277339953125 0.47065033593749994 0.029328871875000002 0.48790488125 0.10161480781250001