1 0.43689999999999996 0.770516 0.5232680000000001 0.7617200000000001 0.496408 0.4641 0.424608 0.471284 0.43689999999999996 0.770516
1 0.137832 0.7809 0.42129200000000006 0.772996 0.414776 0.69356 0.13895200000000002 0.702128 0.137832 0.7809
1 0.071316 0.606764 0.015571999999999999 0.69422 0.09815199999999999 0.79474 0.120152 0.7851239999999999 0.126424 0.691416 0.071316 0.606764
1 0.8203480000000001 0.114452 0.738596 0.10345200000000002 0.574996 0.104528 0.5713320000000001 0.20135200000000003 0.73232 0.19716 0.726044 0.290868 0.954144 0.278124 0.8203480000000001 0.114452
1 0 0.477132 0.019880000000000002 0.48011600000000004 0.044956 0.457304 0.046092 0.433356 0.005104 0.319164 0.019124 0.257876 0 0.27352 0 0.477132
1 0.301516 0.855812 0.35404 0.893108 0.410496 0.863424 0.430268 0.91228 0.435468 0.962752 0.47050000000000003 0.9581200000000001 0.485364 0.942108 0.562524 0.92866 0.5434319999999999 0.773104 0.135792 0.793224 0.11154800000000001 0.8064920000000001 0.14726 0.849048 0.26424400000000003 0.864092 0.301516 0.855812
1 0.6714439999999999 1 0.70182 0.974512 0.702476 0.9120520000000001 0.68798 0.78094 0.620828 0.7789119999999999 0.5996279999999999 0.7684040000000001 0.5576679999999999 0.775312 0.5751839999999999 0.926884 0.578496 1 0.6714439999999999 1
1 0.9410959999999999 0.77904 0.922472 0.76106 0.70948 0.7770520000000001 0.7385200000000001 0.9507920000000001 0.9410959999999999 0.77904
1 0.5644440000000001 1 0.563264 0.942192 0.49374 0.9563079999999999 0.5021880000000001 0.991672 0.52834 0.978572 0.550664 1 0.5644440000000001 1
1 0.32046399999999997 0.96904 0.380444 0.9540879999999999 0.359132 0.9118280000000001 0.297236 0.8717879999999999 0.25319600000000003 0.8804399999999999 0.163808 0.8687720000000001 0.234192 0.9547599999999999 0.26292 0.934188 0.280136 0.9462759999999999 0.30391599999999996 0.9493159999999999 0.32046399999999997 0.96904
1 0.6089439999999999 0.07668 0.637308 0.07824 0.63522 0.0005239999999999999 0.610464 0.0032640000000000004 0.6089439999999999 0.07668
1 0.577364 0.006804 0.573528 0.082164 0.600824 0.07842 0.6035079999999999 0.00572 0.577364 0.006804