1 0 0.65987960625 0.0964829859375 0.6050787625 0.11380503125000001 0.5514105796875 0.027867754687500003 0.249486965625 0 0.3632811546875 0 0.65987960625
1 0 0.7688240703125 0.19192823125 0.8440602859374999 0.1976013953125 0.8453337515625 0.20090050312500002 0.8351122609375 0.0682652796875 0.6081316671875 0.055406606250000004 0.60524525625 0 0.645342184375 0 0.7688240703125
1 0.6711335125 0.2974904375 0.692211178125 0.2321863703125 0.54654871875 0.1562867515625 0.143599425 0.1279080703125 0.0927064953125 0.17400954531249999 0.103535825 0.336176709375 0.12635059843750002 0.34129798437500003 0.6711335125 0.2974904375
1 0.260835990625 0 0.1841776765625 0.066038990625 0.187495196875 0.06678368125 0.5088323781249999 0.0703040203125 0.5374322421875 0.0148567 0.5422274203125 0 0.260835990625 0
1 0.5769805859375 0 0.555137265625 0.0281414546875 0.5514007546874999 0.0397181328125 0.7806917859375 0.1524456359375 0.7965593546874999 0.156007459375 0.7973100578125 0.1536815875 0.80033589375 0.12224990312499999 0.7328237890625 0.0277780953125 0.7145830531249999 0.020011140625 0.63026639375 0 0.5769805859375 0
1 0.759728640625 0.17269723125 0.7431741453125 0.17015675624999999 0.6729225734375001 0.470538940625 0.683889996875 0.47300081718750003 0.9594495578125001 0.506042409375 0.980746921875 0.22498360156250002 0.9726399765625 0.22048984531250002 0.759728640625 0.17269723125
1 0.7398068734375001 0.849127471875 0.8233005500000001 0.7713771953124999 0.8515842593749999 0.7770353296875 0.8916104953125 0.70171816875 0.910967778125 0.6417442984374999 0.9148027796875 0.545264678125 0.6596710906250001 0.50730946875 0.5745264531250001 0.5217214390625 0.643966903125 0.6936770765625 0.7262093593750001 0.8460752125000001 0.7398068734375001 0.849127471875
1 0.553984615625 0.9335203968749999 0.6294802359375 0.8614720640625 0.6308080546875 0.8573581375 0.6097426328125 0.5807123828125 0.597870328125 0.578047384375 0.4907292109375 0.615346609375 0.488571903125 0.6220305078125 0.5525979890625 0.9332091374999999 0.553984615625 0.9335203968749999
1 0.471367521875 0.6607974453125001 0.454173434375 0.6427964187499999 0.444342675 0.6405896875 0.316406690625 0.69793086875 0.355532996875 0.8329341250000001 0.3510759265625 0.9764737531250001 0.3890601703125 0.9864746640625001 0.5781482765625 0.9809727625000001 0.5850351484375 0.9596354500000001 0.471367521875 0.6607974453125001
1 0.47240773281250004 0.3494499890625 0.5234396140625 0.42834481562500004 0.561132684375 0.4095767421875 0.53929558125 0.3119189703125 0.66317605 0.257893840625 0.668907653125 0.24013585 0.67291048125 0.21584320781250002 0.642551975 0.22000045468749999 0.3534737015625 0.3775419578125 0.3567194 0.393009309375 0.3614449671875 0.39407006718750004 0.47240773281250004 0.3494499890625
1 0.4565605796875 0.42357404374999996 0.45249214374999996 0.3539117859375 0.443103165625 0.351804225 0.3421574609375 0.36210534375000003 0.34108601875 0.36542495 0.34665165781249996 0.420228428125 0.3512927234375 0.42127021875 0.4558445046875 0.4257926296875 0.4565605796875 0.42357404374999996
1 0.6019630015625 0.42233860156249997 0.646177653125 0.3524774703125 0.6692769890625 0.33783905000000003 0.6695509609375 0.33699021406249996 0.66899790625 0.31866716093749997 0.556978003125 0.31509225 0.552402959375 0.32926691875 0.527671225 0.4084550453125 0.558375903125 0.41534738437499996 0.6019630015625 0.42233860156249997
1 0.5277397125000001 0.460046165625 0.5282787640625 0.4583760484375 0.5185322359375 0.4262726578125 0.47185990625 0.44611507968749997 0.47097000468749994 0.44887222656250003 0.47899851250000003 0.4859665234375 0.4816362296875 0.48655861875 0.5277397125000001 0.460046165625
1 0.4658280765625 0.48876606875000006 0.4666433328125 0.4862401875 0.4559726390625 0.46192580781250003 0.449462534375 0.44516807187499996 0.41515715000000003 0.45617590625000004 0.42922288750000004 0.504272340625 0.430511353125 0.5045615640625 0.4658280765625 0.48876606875000006
1 0.3599568234375 0.48997085625 0.3835431796875 0.5038448765625 0.38879615625 0.505024021875 0.38998798125 0.5013314390625 0.4009619546875 0.45238903593749996 0.3950205890625 0.451055365625 0.3588059140625 0.45342379375 0.35829431093749997 0.45500887187499994 0.3599568234375 0.48997085625
1 0.1297407796875 0.5713404453125001 0.1307872109375 0.571575340625 0.2256859328125 0.5311634 0.1925066671875 0.42797947968749994 0.2520337453125 0.400954509375 0.2743151828125 0.4543348390625 0.2948789734375 0.4401527625 0.2951641875 0.4392690984375 0.26289598125 0.37147016875 0.2867189328125 0.343105553125 0.2771853375 0.34096552812500003 0.10454154062500001 0.4108496828125 0.10173393281250001 0.4195483734375 0.1297407796875 0.5713404453125001
1 0.2516720234375 0.700454125 0.2732067234375 0.6812096796875 0.2577295578125 0.649965096875 0.24829521250000003 0.6280849203125001 0.127767765625 0.669318175 0.19280966875 0.941273715625 0.19670800625 0.94503441875 0.2895057859375 0.9658649125000001 0.29016182968750004 0.9638323203124999 0.2861487421875 0.9383510640624999 0.28847837187500003 0.888130528125 0.23813811875000002 0.73088910625 0.2591548859375 0.7205141265624999 0.2516720234375 0.700454125