1 0 0.781504 0.16051200000000002 0.6768 0.024352 0.332164 0 0.381516 0 0.781504
1 0.180328 0.700584 0.008008 0.8089600000000001 0.32797200000000004 0.9689479999999999 0.180328 0.700584
1 0.108816 0.46188399999999996 0.633812 0.19559200000000002 0.631288 0.128912 0.461688 0.118536 0.06616 0.253096 0.034788 0.314668 0.108816 0.46188399999999996
1 0.197608 0 0.10002 0.183664 0.41048 0.078756 0.41603599999999996 0 0.197608 0
1 0.461556 0 0.450484 0.077848 0.7442840000000001 0.0922 0.7269720000000001 0.057528 0.614072 0 0.461556 0
1 1 0.201816 0.892944 0.146656 0.698036 0.1173 0.678148 0.421968 1 0.45992 1 0.201816
1 1 0.48800800000000005 0.73854 0.449696 0.65238 0.463584 0.7300880000000001 0.63322 0.82622 0.79396 0.915936 0.7104079999999999 0.9449799999999999 0.716084 1 0.6081000000000001 1 0.48800800000000005
1 0.6498 0.56416 0.55594 0.6349560000000001 0.777436 0.91358 0.8138719999999999 0.824168 0.6498 0.56416
1 0.76414 1 0.7813760000000001 0.953604 0.55202 0.6725 0.523656 0.656528 0.412688 0.7459800000000001 0.494212 0.863556 0.535936 1 0.76414 1
1 0.33166 0.40358 0.44816399999999995 0.35434 0.5041 0.429448 0.542092 0.409804 0.5154 0.31536 0.643648 0.256872 0.6488 0.21691600000000003 0.6177279999999999 0.222052 0.326944 0.385972 0.33166 0.40358
1 0.43795599999999996 0.371056 0.343024 0.42306 0.382044 0.471836 0.48474000000000006 0.434436 0.43795599999999996 0.371056
1 0.6356080000000001 0.278628 0.532816 0.328144 0.55452 0.422848 0.628036 0.397952 0.632276 0.317992 0.645788 0.29446 0.6356080000000001 0.278628
1 0.541124 0.43122800000000006 0.49790799999999996 0.456352 0.5157879999999999 0.495876 0.558456 0.46287200000000006 0.541124 0.43122800000000006
1 0.466488 0.523984 0.502984 0.506084 0.48863200000000007 0.48052 0.48027600000000004 0.46409599999999995 0.44685600000000003 0.475964 0.466488 0.523984
1 0.42380000000000007 0.479424 0.38668800000000003 0.498532 0.4107 0.529016 0.447032 0.53232 0.42380000000000007 0.479424
1 0.283416 0.611676 0.22480799999999998 0.5088199999999999 0.276548 0.47891199999999995 0.3119 0.5319 0.328984 0.516276 0.279808 0.44863600000000003 0.30131600000000003 0.409408 0.13036399999999998 0.49719199999999997 0.199444 0.657096 0.283416 0.611676
1 0.47762399999999994 1 0.458348 0.9578200000000001 0.447804 0.909864 0.357328 0.7740400000000001 0.375624 0.759028 0.363024 0.7419640000000001 0.379564 0.718456 0.356128 0.692828 0.34111600000000003 0.674532 0.231512 0.7433919999999999 0.366036 0.98378 0.396544 1 0.47762399999999994 1