1 0.662092 0.432592 0.48760000000000003 0.6345959999999999 0.55732 0.64984 0.6089 0.616012 0.658192 0.655112 0.70418 0.599344 0.751736 0.562952 0.799076 0.45876 0.778192 0.442068 0.753916 0.466684 0.725804 0.439256 0.68018 0.427752 0.662092 0.432592
1 0.630412 0.432584 0.5055080000000001 0.393 0.403412 0.375008 0.29338000000000003 0.364656 0.21659199999999998 0.38424 0.18944 0.49182 0.264224 0.540144 0.247532 0.571588 0.46805599999999997 0.6328400000000001 0.639224 0.43101200000000006 0.630412 0.432584
1 0.5249520000000001 0.84884 0.64512 0.670804 0.606036 0.635612 0.55218 0.6684479999999999 0.179504 0.577932 0.30914 0.8457000000000001 0.375496 0.754408 0.5249520000000001 0.84884
1 0.32684 1 0.270024 0.82704 0.153308 0.5765279999999999 0.058504 0.5492600000000001 0.033128000000000005 0.5316919999999999 0 0.540576 0 0.584184 0.009715999999999999 0.604616 0 0.622304 0 0.717132 0.316184 1 0.32684 1
1 0.9929600000000001 0.690368 0.939752 0.682596 0.8824 0.6806 0.818744 0.696164 0.777364 0.7550239999999999 0.753448 0.744048 0.766296 0.692244 0.809772 0.6416120000000001 0.759552 0.584772 0.6745840000000001 0.670928 0.571512 0.8358399999999999 0.49150400000000005 0.9317399999999999 0.45964 0.9706480000000001 0.48081199999999996 0.9928800000000001 0.5968600000000001 0.980128 0.5724199999999999 0.94862 0.6324639999999999 0.9171279999999999 0.679544 0.9246639999999999 0.720448 0.899176 0.773764 0.940844 0.9929600000000001 0.690368
1 1 0.283644 0.7531920000000001 0.06044000000000001 0.7143200000000001 0.12472399999999999 0.787352 0.182036 0.8313879999999999 0.248088 0.847348 0.372304 1 0.393972 1 0.283644
1 0.607228 0 0.572804 0.012092 0.61712 0.12592799999999998 0.663268 0.136848 0.73196 0.037096000000000004 0.687704 0 0.607228 0
1 0.531436 0.018148 0.451236 0.195204 0.48996399999999996 0.24486400000000003 0.544336 0.253684 0.5785359999999999 0.21687599999999999 0.595696 0.17318 0.531436 0.018148
1 0.200164 0.282836 0.203424 0.31323599999999996 0.444908 0.307804 0.45833599999999997 0.277644 0.42386799999999997 0.203308 0.510844 0.01756 0.497776 0.012132 0.25722 0.0353 0.11284400000000001 0.19682 0.200164 0.282836
1 0 0.40414000000000005 0.001944 0.403272 0.005272000000000001 0.392536 0.166832 0.367952 0.179904 0.3417 0.1609 0.276004 0.092596 0.21344400000000002 0 0.312896 0 0.40414000000000005
1 1 0.407472 0.856092 0.390744 0.9215920000000001 0.484576 0.96068 0.488084 1 0.468452 1 0.407472
1 0.463676 1 0.4559 0.99474 0.441496 0.9638159999999999 0.5049319999999999 0.8910199999999999 0.377292 0.809892 0.312512 0.899436 0.348904 1 0.463676 1