1 0.506532303125 0.6129006546875 0.5065692546875 0.6150054390624999 0.5694149187499999 0.6489296234374999 0.6273914796875 0.63172219375 0.6666900874999999 0.683385059375 0.666711284375 0.6833870265625 0.7241607234375 0.643633125 0.7787868984374999 0.6228061281249999 0.847975753125 0.5378796984374999 0.8479525062500001 0.5365556625 0.831857509375 0.515244165625 0.80261136875 0.5316348609375 0.7813498937500001 0.49727348125 0.7480118796874999 0.4779712296875 0.7165085609374999 0.47504726562500005 0.506532303125 0.6129006546875
1 0.2619916578125 0.3591595703125 0.229142703125 0.4608364625 0.3015224703125 0.5211374671875 0.283149753125 0.5493834890625 0.498787659375 0.646038425 0.5015621203125 0.646295934375 0.6781152203125 0.48093024843750004 0.6780368890624999 0.476468578125 0.6740097281249999 0.4765004140625 0.5509618609375 0.4164014890625 0.449628865625 0.38146221874999997 0.35853443125 0.3576024375 0.32200638125 0.35421210468750003 0.2619916578125 0.3591595703125
1 0.4212896578125 0.7722431984375 0.5892291125 0.8439879046875 0.6624085203125001 0.65497388125 0.662311540625 0.64945000625 0.617706178125 0.62143885 0.5730258625 0.6616948234375 0.188591571875 0.6261132640625 0.3774753515625 0.8710612703124999 0.378679328125 0.8711730171875001 0.4212896578125 0.7722431984375
1 0.04216855625 0.5561469203125 0.053481292187499994 0.578177671875 0.04506268125 0.5942996421875 0.052262151562500005 0.6892090343749999 0.36192191406249996 0.9946932078125 0.36056887187500003 0.9176254078125 0.3318953421875 0.8431559890625 0.19561341875 0.573434209375 0.0982951203125 0.5307140828125 0.07146646875 0.509001228125 0.038857779687499996 0.5125014890624999 0.04216855625 0.5561469203125
1 1 0.7573304953125 0.983563128125 0.7514847421875 0.92785604375 0.738364346875 0.8621111265625 0.7410539468749999 0.8086411609375 0.7900994125 0.7876445125 0.774785303125 0.8116285875000001 0.7270228859375 0.8653388703125 0.6863701390625 0.8393265062499999 0.6402731625 0.8048407703124999 0.6370723859375 0.7265375374999999 0.6884552562499999 0.5893218734375 0.8283779015625001 0.489880396875 0.9058325328124999 0.47620414218749996 0.9166813406250001 0.4770118515625 0.962687640625 0.5819334046875 0.9724258828125001 0.565379071875 0.9379904984375 0.631094909375 0.91914090625 0.6755261078125 0.9356339828125 0.7211822828125001 0.918878059375 0.76420328125 0.9697069734375001 1 0.79460646875 1 0.7573304953125
1 1 0.30189716875 0.7803235109375 0.1065244125 0.7772542171875 0.10623953593749999 0.7412477625 0.16655622812499998 0.7413000296875001 0.1695333515625 0.8138136953125 0.22557356875 0.8586585171875001 0.2912684421875 0.8760785375 0.41480208437500005 1 0.4322701078125 1 0.30189716875
1 0.6482688453125001 0.16558481875 0.7007891859375001 0.1704594703125 0.7523893546875 0.080556965625 0.7523619171875 0.07899413749999999 0.711810965625 0.047151765624999994 0.6717647859375 0.040890457812499996 0.6243317484375 0.040072037500000005 0.5920861890625 0.0513982484375 0.5921145890624999 0.0530158359375 0.6482688453125001 0.16558481875
1 0.5603079656250001 0.2724529875 0.5802147703125 0.2743006296875 0.6112440296874999 0.24220610781250002 0.624820034375 0.20605177812500003 0.624606903125 0.193912025 0.558814028125 0.041947493749999995 0.5577430046875 0.0418480875 0.48335192187500003 0.2110613046875 0.4833822453125 0.21209879687500002 0.5233214015625001 0.26394109062500004 0.5603079656250001 0.2724529875
1 0.275526096875 0.3048947 0.2846149515625 0.32925261250000004 0.3230170421875 0.332816884375 0.5079767625 0.31909393750000004 0.50699703125 0.2632895171875 0.470732375 0.21353839687499998 0.5015788156250001 0.0383613546875 0.42293817968749997 0.026975214062500003 0.2635820265625 0.051670365625000006 0.1675315296875 0.22211961875 0.275526096875 0.3048947
1 0.033484975 0.3463608296875 0.078105721875 0.3505022828125 0.187003090625 0.3593747875 0.201898934375 0.340343525 0.2012619 0.3040588125 0.1976736078125 0.26873425625 0.1469447421875 0.199538540625 0.13295268124999998 0.198239875 0.032520221875 0.2675075015625 0.031363046875 0.2737628015625 0.033484975 0.3463608296875
1 1 0.47462237656250006 0.8989687890625 0.43333415625000005 0.9576214046875 0.54342195625 0.98130791875 0.552473753125 1 0.55420865 1 0.47462237656250006
1 0.47794342343749996 1 0.4735945609375 0.982121296875 0.5484759984375 0.933809115625 0.5484300484375 0.9311917781249999 0.43984440312500006 0.815410053125 0.358934046875 0.8802044625000001 0.3755157265625 0.9873721281250001 0.4149602828125 1 0.47794342343749996 1