4 0.8355359828125 0.5280328703125 0.8361970281250001 0.5192966984375 0.8291193281250001 0.5200705250000001 0.8122771265625 0.5327880484375 0.82303106875 0.5340681765624999 0.8181318359375 0.554111075 0.8208517765625001 0.5542061921875 0.8355359828125 0.5280328703125
4 0.8300804640624999 0.49659875624999994 0.8370837390625001 0.466254003125 0.8374027390625001 0.46203821874999995 0.8343041781249999 0.45507952031250004 0.8150924203125 0.4836096078125 0.8150133890625 0.48465406875 0.823312690625 0.484130428125 0.8288453375 0.49655556250000005 0.8300804640624999 0.49659875624999994
4 0.94686691875 0.337768109375 0.94477286875 0.335094675 0.9352950390625001 0.3792246875 0.9364374124999999 0.38915481875 0.9408833890625001 0.389310296875 0.9441958406250001 0.373068240625 0.94686691875 0.337768109375
4 0.191221 0.550975834375 0.1937882765625 0.5170474984375 0.1927096453125 0.51618624375 0.1827669125 0.536604840625 0.18809315 0.540857671875 0.188776090625 0.550890334375 0.191221 0.550975834375
4 0.1703037671875 0.5752952312499999 0.170618546875 0.5753062390625 0.170903346875 0.5715423984375 0.167313784375 0.5487553562499999 0.163725721875 0.5447994515625 0.1604744765625 0.568077196875 0.165057971875 0.5658045031250001 0.1703037671875 0.5752952312499999
4 0.232907253125 0.3456489734375 0.23735269531249997 0.3338936296875 0.237920425 0.3263907015625 0.232632384375 0.3303052109375 0.20955311718749997 0.3706905984375 0.2091698359375 0.3757559265625 0.2094577234375 0.377823075 0.2156003890625 0.3780378875 0.232907253125 0.3456489734375
4 0.382325634375 0.8561042125 0.3832191625 0.8442956234375 0.37920655625 0.8441553 0.3640326375 0.8571184828125 0.365508409375 0.864666659375 0.37075693906249996 0.8672589875 0.37638305 0.8674557359374999 0.382325634375 0.8561042125
4 0.3873140765625 0.8318273546875 0.391890628125 0.8319873984375 0.39598841875 0.8201758234375 0.3967941390625 0.8095276734375 0.3961452125 0.8084697359374999 0.395742428125 0.80845565 0.3783786328125 0.8225994171875 0.37904876249999997 0.8270068734375 0.3871113796875 0.823576525 0.3873140765625 0.8318273546875
4 0.44137680156250003 0.8729808968749999 0.4425346140625 0.8662229890625 0.4435840015625 0.8523546265625 0.44285570625000004 0.8500648890625 0.4352491578125 0.8592288890625 0.431945353125 0.870894346875 0.434485884375 0.8788817046874999 0.4385878765625 0.879025153125 0.44137680156250003 0.8729808968749999
6 0.744878225 0.43768221093750004 0.7470405265625 0.40928812812500004 0.7435026375 0.40579002343750004 0.7391199703125 0.41878565156249997 0.73346243125 0.42556959843750003 0.7250691312499999 0.4304737375 0.7207291171875 0.425357334375 0.7197836234375 0.41617056249999995 0.7272314328125 0.4020796546875 0.7266153203125 0.3899178 0.7342064953125 0.3833953625 0.7393486375 0.3901300640625 0.74628105 0.38955779687500003 0.7459943171875 0.37442085468749997 0.7596150625 0.340027353125 0.758053459375 0.31867872343750003 0.7503615703125 0.2995206578125 0.7549302515625 0.2759814703125 0.7556316640625 0.2519192625 0.7397324890625 0.227121775 0.736380615625 0.2130801140625 0.72401933125 0.19178072968749998 0.7134056625 0.1812864203125 0.693739934375 0.18164641718750002 0.6725126046875001 0.16065779062500002 0.661240178125 0.156113653125 0.657558921875 0.145047075 0.6576015734375 0.12693504375 0.651986684375 0.11560695781250001 0.6224087 0.0814104375 0.572463578125 0.071636125 0.537615503125 0.085040996875 0.5114474578125 0.10867867812500001 0.4820282546875 0.143955196875 0.47363495312500004 0.14885933906249998 0.4401624671875 0.1941564 0.4258829609375 0.234500078125 0.42423605625 0.24937551406249997 0.4277312953125 0.2709856484375 0.41789251875 0.3421262328125 0.4111034734375 0.3502669640625 0.40266752187500005 0.3732831359375 0.36839290625 0.4169619015625 0.34864187812499997 0.45354596562499994 0.3492153390625 0.4838198546875 0.34592153125 0.513570725 0.338760453125 0.542798578125 0.33083989687500004 0.5522961046875 0.3101860265625 0.561581365625 0.294716946875 0.5594892953125 0.27447775937499996 0.52957540625 0.2635347125 0.5220561796875 0.24773625312499997 0.5229391953125 0.23481691875 0.53327049375 0.22128147812500001 0.5314399328125 0.21338798906249998 0.5225689625000001 0.21098395 0.554339975 0.22374592187500003 0.5800873625 0.23082170156249998 0.587083571875 0.23855623750000002 0.58812960625 0.2477090171875 0.602955796875 0.2486118609375 0.6302545984375 0.252765859375 0.645914559375 0.2744232890625 0.689608603125 0.2795654296875 0.6963433046875 0.2853663328125 0.6971278296875 0.289892365625 0.6917006734375 0.3018235546875 0.6902946390625 0.3138128078125 0.7326811390625 0.33193234843749997 0.772877078125 0.34019925 0.7832093171875 0.429345103125 0.7863267953124999 0.4528484953125 0.762053325 0.46185790937500004 0.7693110437499999 0.4795900015625 0.768689534375 0.49769412968750004 0.7469809078125 0.519952253125 0.7409322421875 0.5383857578125 0.7162485265625 0.5441866625 0.717033053125 0.5543702328125 0.7048219484375 0.5636083109375 0.6834240765625 0.5755395 0.6820180421875001 0.5803522625 0.691727828125 0.58421953125 0.6922508453125 0.6011921484375 0.6718990078125 0.6052454328125 0.661878465625 0.62750355625 0.6558298 0.6603172859375 0.6164829125 0.6658314578125 0.60213049375 0.6760150281249999 0.58991939375 0.6844083296875 0.585015253125 0.6937471234375 0.5892978796875 0.7040740578125 0.5846552515625 0.7221781828125 0.5629466234375 0.73250511875 0.55830399375 0.7446223234375 0.5463544 0.751926765625 0.5246950171875 0.7715924953125 0.5243350171875 0.78527776875 0.5103804671875001 0.78565748125 0.5053622921875001 0.7844111109374999 0.48832321562500003 0.7787962234375 0.4769951328125 0.767853178125 0.46947590625 0.7620949218749999 0.45057934531250005 0.7488888609375 0.4457737 0.744878225 0.43768221093750004
0 0.71045153125 0.9827081828124999 0.7130628406249999 0.94819793125 0.703614721875 0.9293202953125 0.6651785828125 0.8581572906250001 0.63325235625 0.7903261781250001 0.6162536609375 0.789731725 0.4610910875 0.963809575 0.45386495625 0.9870141984374999 0.4546759546875 0.9985794609375 0.4728038671875 0.999213403125 0.5829447640625001 0.996012425 0.71045153125 0.9827081828124999
5 0.921249371875 0.0481862921875 0.9296729765625 0.07159033125 0.9435583765625 0.09776613281249999 0.946103521875 0.12137515937500001 0.9567794468749999 0.1565495453125 0.970293346875 0.22717163906249999 0.9720051671875 0.25673416875 0.9687956890624999 0.2657327546875 0.974940340625 0.2934291109375 0.9752520171875 0.2934400109375 0.9922337718750001 0.172118021875 0.9930926484375 0.1607673796875 0.9920501906249999 0.15531961562500002 0.9937168453125 0.1434126078125 0.9886717171875 0.137664090625 0.9806647749999999 0.1112833 0.98037194375 0.099444625 0.960562921875 0.0320042734375 0.9610415015625 0.0216198046875 0.9550589593750001 0.015608446875000001 0.916877021875 0.014273203125 0.9152638328125 0.014329457812499998 0.9112829437500001 0.0218738328125 0.920956540625 0.036347615625 0.921249371875 0.0481862921875