4 0.8359375 0.5239108234375001 0.8466796875 0.5224181984375 0.84765625 0.5448075515624999 0.849609375 0.5448075515624999 0.857421875 0.5119698359375 0.8564453125 0.50450671875 0.8486328125 0.507491965625 0.8359375 0.5239108234375001
4 0.8447265625 0.471669003125 0.853515625 0.4851026140625 0.85546875 0.4492796515625 0.8505859375 0.441816534375 0.8359375 0.4731616265625 0.8447265625 0.471669003125
4 0.94140625 0.3627074921875 0.94140625 0.3746484796875 0.9453125 0.3746484796875 0.958984375 0.3328550234375 0.958984375 0.32389928281249997 0.9560546875 0.3194214140625 0.94140625 0.3627074921875
4 0.205078125 0.547792796875 0.2109375 0.5507780453125 0.2138671875 0.5642116546875 0.216796875 0.56271903125 0.216796875 0.5358518109375 0.21484375 0.5268960703125 0.2119140625 0.525403446875 0.205078125 0.547792796875
4 0.1904296875 0.57615264375 0.1953125 0.589586253125 0.1953125 0.5597337859375 0.1923828125 0.5552559140625 0.185546875 0.577645265625 0.1904296875 0.57615264375
4 0.224609375 0.38360422031249997 0.2275390625 0.3910673375 0.232421875 0.3895747140625 0.2421875 0.35375175312499996 0.2451171875 0.3313624 0.23828125 0.3388255171875 0.224609375 0.38360422031249997
4 0.412109375 0.8612437171874999 0.4150390625 0.868706834375 0.42578125 0.8731847046875 0.431640625 0.855273225 0.4306640625 0.8478101078125 0.4248046875 0.8478101078125 0.412109375 0.8612437171874999
4 0.4248046875 0.8298986265625 0.4326171875 0.826913378125 0.43359375 0.8373617421875 0.4375 0.8373617421875 0.443359375 0.8164650140624999 0.4404296875 0.81198714375 0.423828125 0.8254207546875 0.4248046875 0.8298986265625
4 0.482421875 0.8612437171874999 0.482421875 0.8731847046875 0.490234375 0.8851256921875 0.4921875 0.8731847046875 0.490234375 0.855273225 0.4873046875 0.8507953531249999 0.482421875 0.8612437171874999
6 0.5107421875 0.7403412203124999 0.5205078125 0.7463117140625 0.5380859375 0.7433264671875001 0.5537109375 0.7194444921875001 0.5751953125 0.7104887515625 0.5908203125 0.6836215296875 0.5966796875 0.6836215296875 0.60546875 0.6701879187500001 0.6123046875 0.6477985671875001 0.6240234375 0.6448133203124999 0.6298828125 0.6537690609375 0.6337890625 0.6537690609375 0.6484375 0.631379709375 0.6513671875 0.6209313453124999 0.6728515625 0.6119756046875 0.701171875 0.5686895265625 0.705078125 0.553763290625 0.7138671875 0.54032968125 0.7216796875 0.5343591875 0.7314453125 0.5373444328125 0.7412109375 0.5313739390625 0.7568359375 0.507491965625 0.7666015625 0.5015214718750001 0.77734375 0.4880878609375 0.7822265625 0.465698509375 0.8017578125 0.4627132625 0.814453125 0.44629440468750003 0.810546875 0.42539767656249994 0.8037109375 0.4149493125 0.7919921875 0.40897881875 0.7841796875 0.3910673375 0.7705078125 0.388082090625 0.765625 0.3806189734375 0.7646484375 0.3522591296875 0.7607421875 0.34927388125 0.7578125 0.3627074921875 0.7529296875 0.3701706109375 0.7451171875 0.3761411046875 0.740234375 0.3716632328125 0.73828125 0.3627074921875 0.744140625 0.3477812578125 0.7421875 0.335840271875 0.7490234375 0.3283771546875 0.7548828125 0.3343476484375 0.76171875 0.3328550234375 0.759765625 0.317928790625 0.76953125 0.282105828125 0.765625 0.26120909999999997 0.755859375 0.24329761875 0.7578125 0.21941564374999997 0.755859375 0.19553366875 0.7373046875 0.1731443171875 0.732421875 0.15971070625 0.7177734375 0.14030660156250002 0.7060546875 0.1313508625 0.6865234375 0.1343361078125 0.6630859375 0.11642462656250001 0.6513671875 0.11343938125 0.646484375 0.10299101718749999 0.64453125 0.085079534375 0.6376953125 0.074631171875 0.6044921875 0.044778703125 0.5537109375 0.04179345625 0.5205078125 0.0597049359375 0.4970703125 0.086572159375 0.4716796875 0.1253803671875 0.4638671875 0.1313508625 0.435546875 0.180607434375 0.42578125 0.222400890625 0.42578125 0.23732712500000003 0.431640625 0.25822385312499996 0.4296875 0.329869778125 0.423828125 0.3388255171875 0.41796875 0.3627074921875 0.388671875 0.41047144218750004 0.373046875 0.4492796515625 0.376953125 0.4791321203125 0.376953125 0.5089845890625 0.373046875 0.53883705625 0.3662109375 0.549285421875 0.3466796875 0.561226409375 0.3310546875 0.561226409375 0.3076171875 0.5343591875 0.2958984375 0.52838869375 0.2802734375 0.5313739390625 0.2685546875 0.543314928125 0.2548828125 0.543314928125 0.2412109375 0.5313739390625 0.23828125 0.5328665640625 0.240234375 0.5507780453125 0.24609375 0.5657042796875 0.2626953125 0.591078878125 0.2705078125 0.5970493703125 0.2783203125 0.5970493703125 0.2890625 0.61048298125 0.29296875 0.637350203125 0.298828125 0.6522764375000001 0.3251953125 0.6925772703125 0.3310546875 0.6985477640625 0.3369140625 0.6985477640625 0.3408203125 0.6925772703125 0.3525390625 0.6895920234374999 0.369140625 0.72989285625 0.3916015625 0.7672084421875 0.4130859375 0.7881051703125 0.42578125 0.7895977937499999 0.4404296875 0.779149428125 0.4521484375 0.785119921875 0.4833984375 0.77616418125 0.5107421875 0.7403412203124999
0 0.681640625 0.798553534375 0.6748046875 0.7881051703125 0.4990234375 0.95527899375 0.490234375 0.9776683453125001 0.490234375 0.9925945781250001 0.4951171875 1 0.76171875 0.9985650734375 0.76171875 0.9925945781250001 0.7421875 0.9448306296875 0.708984375 0.8701994578125 0.681640625 0.798553534375
5 0.8994140625 0 0.896484375 0.0074631171875 0.908203125 0.0223893515625 0.91015625 0.0343303390625 0.921875 0.058212314062500006 0.939453125 0.085079534375 0.9453125 0.108961509375 0.9609375 0.14478447187500001 0.984375 0.21643039687500001 0.990234375 0.246282865625 0.98828125 0.25523860625 1 0.288076321875 1 0.156725459375 0.99609375 0.14478447187500001 0.99609375 0.132843484375 0.990234375 0.126872990625 0.978515625 0.10000576875 0.9765625 0.08806478281249999 0.947265625 0.0194041046875 0.9462890625 0.008955740625 0.9365234375 0 0.8994140625 0