1 1 0.09271599999999999 0.998172 0.088856 0.550476 0.005976 0.730692 0.406804 0.976548 0.512568 0.9990840000000001 0.503148 1 0.49896 1 0.09271599999999999
1 0.770544 1 0.71846 0.945532 0.653868 0.844636 0.583808 0.715064 0.41903199999999996 0.810028 0.328476 0.8711080000000001 0.13986400000000002 0.932452 0.47709999999999997 1 0.770544 1
1 0.21680000000000002 0.515352 0.424104 0.372056 0.259064 0.30746799999999996 0.12752 0.27161599999999997 0.07084399999999999 0.307532 0.21680000000000002 0.515352
1 0 0.67378 0.204644 0.528172 0.051412 0.30099200000000004 0.10938 0.258424 0.043387999999999996 0.24284 0 0.469536 0 0.67378
1 0.343268 0.461252 0.178084 0.579604 0.33782 0.8301320000000001 0.482944 0.736872 0.343268 0.461252
1 0.158464 0.588216 0.08379600000000001 0.6385799999999999 0.24398 0.872628 0.319276 0.8403320000000001 0.158464 0.588216
1 0 0.905784 0.093052 0.924736 0.22196 0.879392 0.070052 0.652472 0 0.69906 0 0.905784
1 0.803712 0.592164 0.7789159999999999 0.527988 0.673984 0.485504 0.456892 0.63656 0.506332 0.737276 0.588132 0.678636 0.643072 0.665848 0.803712 0.592164
1 0.431604 0.383176 0.362292 0.441484 0.43002799999999997 0.583024 0.605224 0.448672 0.431604 0.383176
1 0.617528 0.463488 0.436456 0.592556 0.450204 0.6283559999999999 0.628836 0.49053199999999997 0.617528 0.463488
1 0.092764 0 0.063484 0.174964 0.397312 0.282644 0.45162 0.251792 0.328756 0 0.092764 0
1 0.345904 0 0.49260000000000004 0.310832 0.704016 0.387816 0.531596 0.0036839999999999998 0.5132760000000001 0 0.345904 0
1 0.974856 0.641996 0.880344 0.60982 0.8574360000000001 0.5998479999999999 0.712456 0.671052 0.608196 0.70324 0.686864 0.852428 0.960596 0.708244 0.974856 0.641996
1 0.903668 1 0.961744 0.723652 0.846768 0.789644 0.871192 0.8344239999999999 0.729688 0.9090680000000001 0.811536 1 0.903668 1