1 0.5688014484374999 0 0.6891023015625 0.3716534375 0.9194231734375 0.48254069218750006 0.9207961765625001 0.4824366515625 0.943281815625 0.47369744843749995 0.94467098125 0.4694929015625 0.9737059046875001 0.21609557656249997 0.9727883953124999 0.05838884531250001 0.972326425 0.052292290625 0.7256014625 0 0.5688014484374999 0
1 0.1961681 0.9760341374999999 0.1963735703125 0.9787457140625 0.5218776578125001 0.9844534453125 0.5455778859375 0.9826575515625 0.8211541890625 0.932483446875 0.820945434375 0.92972853125 0.7640786609375 0.8876304203125001 0.6845867296875 0.7997686484375001 0.595217684375 0.6846202546875 0.44751668593750005 0.8078303921875 0.367734515625 0.8843073578125 0.1961681 0.9760341374999999
1 0.21549334843749998 0.5170724578125 0.2178482796875 0.5168940109375 0.42172563125 0.35673135 0.4216677515625 0.355967534375 0.2582600625 0.30570547812500004 0.131453240625 0.2819099390625 0.1258046296875 0.282337965625 0.07136669375 0.3219403875 0.0714179546875 0.3226168640625 0.21549334843749998 0.5170724578125
1 0.076460109375 0.703156996875 0.22605958906249998 0.546318734375 0.2237557109375 0.5159147125 0.0370827140625 0.332473496875 0.0840522078125 0.2816105140625 0.0157489390625 0.276588253125 0.025715420312499997 0.506090046875 0.0722413328125 0.703476678125 0.076460109375 0.703156996875
1 0.48830254687499997 0.718218 0.3918051078125 0.4816666921875 0.2162329421875 0.560308478125 0.353746890625 0.8263466140625001 0.3981597234375 0.8229812109375001 0.4934780296875 0.7865182390625 0.48830254687499997 0.718218
1 0.3709763140625 0.8039801828125 0.3698569234375 0.7892077359375 0.15828696874999998 0.6126963703125 0.15131992656249998 0.6132243015625 0.097029690625 0.681814825 0.3147285078125 0.8512469046875 0.317478915625 0.8510384921874999 0.3709763140625 0.8039801828125
1 0.24998065937499997 0.9033719921875001 0.247193634375 0.8665919453125 0.111052515625 0.6676202609375 0.10808731406250001 0.66784495 0.0407963921875 0.7104311984375 0.0430106359375 0.8071166 0.059467609374999994 0.9194674234375 0.1393864453125 0.9382015125000001 0.1399370703125 0.9381597890625001 0.24998065937499997 0.9033719921875001
1 0.5481966140625001 0.7348093078125 0.615822628125 0.6701301 0.6683151171875 0.6501241671875 0.816120875 0.5557867234375 0.8160788640625001 0.55523231875 0.7820727171875 0.49536376249999997 0.6717169484375 0.46726170624999996 0.48267036562500004 0.6429671 0.483319840625 0.6515381296875 0.5410199609374999 0.7353531234374999 0.5481966140625001 0.7348093078125
1 0.6118568140625 0.44574345937500004 0.43337000468750003 0.3839779859375 0.3738066859375 0.44219416093749997 0.4599942875 0.57378066875 0.476482471875 0.5725312687499999 0.612413153125 0.453085390625 0.6118568140625 0.44574345937500004
1 0.6442278156250001 0.45637163437500006 0.6178509015625 0.4583703578125 0.45080873125 0.5682130921875 0.4616491515625 0.6034359453125 0.4639049328125 0.6032650109375 0.6468474578125 0.4731291421875 0.6459635703125 0.4614645609375 0.6442278156250001 0.45637163437500006
1 0.36927258749999997 0.276578803125 0.4242357890625 0.2450636859375 0.42403709218749996 0.242441521875 0.3224770453125 0.0011510984375 0.07964204687500001 0.0195520359375 0.046875532812499995 0.164046515625 0.047677276562499996 0.1746270234375 0.3689417046875 0.276603875 0.36927258749999997 0.276578803125
1 0.44776570156249995 0 0.28707228749999997 0.044700764062499995 0.2873320015625 0.048128178125 0.4959718609375 0.306113875 0.6706626859375 0.31957178750000004 0.7133367390625 0.3163381421875 0.7133328140625 0.3162863421875 0.46785073437499997 0 0.44776570156249995 0
1 0.7109234890625 0.824359853125 0.7223971812500001 0.823490428125 0.9829299890625001 0.6732169359375 0.994319478125 0.6114350187500001 0.9939017484375 0.6059222859375 0.899807409375 0.5779714359375 0.8766078234375 0.56892361875 0.7336942265624999 0.6461017328125 0.6343193359375 0.681173128125 0.6350496828125001 0.6908114453125 0.7109234890625 0.824359853125
1 0.8535447953125 0.9608886171875 0.8862215359375 0.9584125234374999 0.9505969265624999 0.9409843765625 0.9609905859375001 0.6680338234375001 0.9603480484375 0.659554321875 0.95838236875 0.659703271875 0.8595470031250001 0.7516057078125 0.891018809375 0.7886472 0.7799685859375 0.88539815625 0.7819036781250001 0.9109353296875 0.8535447953125 0.9608886171875