1 0.42389200000000005 0.23342800000000002 0.427504 0.558228 0.652636 0.543344 0.654744 0.20703200000000002 0.42389200000000005 0.23342800000000002
1 0.425828 0.5798840000000001 0.42794800000000005 0.8374280000000001 0.6515679999999999 0.83328 0.6527000000000001 0.572088 0.425828 0.5798840000000001
1 0.39273199999999997 0 0.41615599999999997 0.200868 0.660048 0.179044 0.661228 0.024588 0.47973600000000005 0 0.39273199999999997 0
1 0.24296 0 0.24846 0.615164 0.329884 0.522616 0.387824 0.38298 0.390752 0.323184 0.37284799999999996 0 0.24296 0
1 0.068268 0 0.010276 0.45033200000000007 0.014968 0.660344 0.17498 0.66094 0.18066 0.630264 0.226616 0.614832 0.21407600000000002 0.071212 0.169416 0.067672 0.16432 0 0.068268 0
1 1 0.072512 0.678884 0.03528 0.6909959999999999 0.22170399999999998 1 0.213164 1 0.072512
1 0.742768 0.5738000000000001 0.7420519999999999 0.25761599999999996 0.6763239999999999 0.25795599999999996 0.675952 0.8544959999999999 0.9497880000000001 0.8533 0.9966440000000001 0.558852 0.742768 0.5738000000000001
1 1 0.242088 0.783228 0.246984 0.761004 0.24933200000000003 0.758408 0.54042 0.988528 0.528976 1 0.443632 1 0.242088
1 0.40819599999999995 0.831916 0.407952 0.38580800000000004 0.356176 0.539992 0.252192 0.63758 0.199512 0.661652 0.15123999999999999 0.839592 0.40819599999999995 0.831916
1 0.147824 0.8541639999999999 0.13825199999999999 0.94176 0.464692 0.9849 0.459232 0.858244 0.147824 0.8541639999999999
1 0.931908 1 0.9475680000000001 0.888564 0.677192 0.8943519999999999 0.674132 1 0.931908 1
1 0.170432 0.6835600000000001 0.1532 0.6893480000000001 0.012352 0.688712 0.029183999999999998 0.929168 0.109128 0.9445080000000001 0.170432 0.6835600000000001
1 0.653636 1 0.653216 0.967608 0.593044 0.96736 0.5926359999999999 0.872892 0.492776 0.86296 0.48581599999999997 1 0.653636 1