1 0.634358915625 0.2466491828125 0.40287112187499996 0.24609556562499998 0.4211253421875 0.5659593140625 0.49806997343750004 0.56974323125 0.648548196875 0.5565687140625 0.6378801484375 0.28439519999999996 0.634358915625 0.2466491828125
1 0.6625138796875001 0.598917890625 0.6617299578125 0.590514615625 0.4379936875 0.5850039265625 0.4179098078125 0.78379634375 0.42354266718750005 0.8441780375000001 0.624138478125 0.8523376546874999 0.6338476859375 0.8514876046875001 0.6625138796875001 0.598917890625
1 0.6079279953125 0.0642423546875 0.6076954406249999 0.061749475 0.4428570140625 0.0279490671875 0.33982562656250004 0.0279490671875 0.3449105859375 0.0862816734375 0.3573236453125 0.21934402031250003 0.6029717625 0.19783728125 0.6079279953125 0.0642423546875
1 0.2325475515625 0.64794781875 0.30081650312499997 0.55360586875 0.3486047046875 0.4068028703125 0.3474018375 0.34959875625 0.34654205312499997 0.340382253125 0.3075524984375 0.0305766671875 0.2045284859375 0.039596523437499996 0.1780657296875 0.043004151562499995 0.1889004875 0.18042621718750002 0.2325146953125 0.64795069375 0.2325475515625 0.64794781875
1 0 0.696073271875 0.001235028125 0.7093122109375 0.073326628125 0.718415825 0.1012566203125 0.7159705265625 0.10855273437499999 0.6919456375 0.155996678125 0.682221109375 0.2030054625 0.1473432984375 0.20236613124999997 0.1404899671875 0.159528309375 0.13177657812500002 0.161934159375 0.0639395796875 0.0877968953125 0.054857096875 0.065407809375 0.056031054687500005 0 0.3239342703125 0 0.696073271875
1 0.63456605625 0.2014030625 0.8411138062499999 0.22095397343749998 0.9372516578125 0.2125370078125 0.9457715890625 0.1359394640625 0.9442819765625 0.103942821875 0.9428053578125001 0.088114140625 0.6754581390625 0.02358751875 0.6348017031250001 0.0221677640625 0.6292207828125 0.1441041703125 0.63456605625 0.2014030625
1 0.8121719093750001 0.8578582734375001 0.8803886609375 0.8518858296875 0.9618537937499999 0.5782464109375 0.9617394499999999 0.5770207109375 0.7084324625 0.5623461328125 0.7499178546875 0.24704853125 0.684686284375 0.2397230671875 0.629357453125 0.6511109 0.646900340625 0.8391626656250001 0.8121719093750001 0.8578582734375001
1 0.9738688421875 0.48231157031249994 0.975893884375 0.409167903125 0.961313184375 0.25286943281249996 0.9572228703125001 0.21392895625000002 0.80094930625 0.2276108640625 0.7418236515625 0.2401277484375 0.720137565625 0.2465948734375 0.7477129515625001 0.533754725 0.7600964968749999 0.5326705328125 0.7731536328125 0.5304437953125001 0.9738688421875 0.48231157031249994
1 0.12341197968749999 0.8604856625 0.3509555484375 0.8621230796875 0.358924446875 0.8614253968750001 0.42211202031250006 0.4440137203125 0.42174358749999996 0.4400642859375 0.41221889218749996 0.44089818125 0.35297354687500004 0.5640027046875 0.2363105828125 0.6591441328125 0.181117671875 0.6816022640625 0.1203154953125 0.827292753125 0.12341197968749999 0.8604856625
1 0.490850409375 1 0.48696441406249996 0.9205405843750001 0.484423446875 0.8933025765625 0.1739075359375 0.8874459203124999 0.164832184375 0.9749957421875 0.346405859375 1 0.490850409375 1
1 0.8599128109375 0.9792964124999999 0.9501699109375 0.9671346453125 0.9735809203124999 0.8889769812500001 0.972838025 0.8810134796875 0.7145454078125 0.8663485109375 0.7099528359375 0.8667505953125 0.6926865421875 0.9585210843749999 0.69399328125 0.9725287328125001 0.8218673703125001 0.982627328125 0.8599128109375 0.9792964124999999
1 0.0936661171875 0.9945646921875 0.0940601796875 0.9945301921875 0.18886818125 0.735882475 0.18832404687499998 0.730049596875 0.1736896953125 0.73497090625 0.047371445312499996 0.7348544390625 0.035858571875 0.735862403125 0.026434715625 0.8641729765624999 0.0375448671875 0.9832687421875 0.0936661171875 0.9945646921875
1 0.621614540625 1 0.67404855 0.9916859203125 0.6724125265625001 0.9741484921874999 0.6163289921875 0.9718857171874999 0.623526328125 0.8767480546875 0.5296932484375 0.86378270625 0.5250845843749999 0.8641861984375 0.5075914375 0.9985272234375 0.5077547671875 1 0.621614540625 1