1 0.899132 0.679352 0.98146 0.5737599999999999 0.842 0.41296799999999995 0.649348 0.261164 0.46165200000000006 0.627464 0.569196 0.731552 0.923612 0.87138 0.921456 0.777752 0.9005639999999999 0.716008 0.899132 0.679352
1 0.161948 0 0.049524 0.160224 0.47728000000000004 0.45175200000000004 0.643776 0.18775599999999998 0.42367999999999995 0.00652 0.29516 0 0.161948 0
1 0.47987599999999997 0.493872 0.013464 0.183368 0.009096 0.34727199999999997 0.3262 0.701376 0.40715599999999996 0.6350520000000001 0.47987599999999997 0.493872
1 0 0.767432 0.14972000000000002 0.94062 0.22579600000000002 0.819892 0.32656 0.7298600000000001 0.088896 0.469372 0.004804 0.5477879999999999 0 0.760752 0 0.767432
1 1 0.018512 0.834284 0.012724 0.773828 0.074336 0.662624 0.230444 0.839448 0.36949200000000004 0.9925 0.5294 1 0.32978 1 0.018512
1 0.717788 0.087296 0.784176 0.010976 0.612052 0.009032 0.717788 0.087296
1 0.467156 0.003972 0.6675519999999999 0.16689199999999998 0.709 0.10596799999999999 0.5891759999999999 0.004164 0.467156 0.003972
1 0.025979999999999996 0 0.014928 0.141388 0.12431600000000001 0 0.025979999999999996 0
1 0.00033600000000000004 0.520516 0.073308 0.44984799999999997 0.009408 0.377112 0.00033600000000000004 0.520516
1 0.17421999999999999 0.9767239999999999 0.717108 0.999752 0.716216 0.9088800000000001 0.32626 0.777304 0.17421999999999999 0.9767239999999999
1 0.925512 1 0.919844 0.940396 0.741584 0.881292 0.736208 0.9963520000000001 0.840708 1 0.925512 1