1 1 0.5144902124999999 0.8423385718749999 0.37752342968749997 0.6429383859375 0.2621510046875 0.6289870734375 0.264303346875 0.512628315625 0.6267456640625 0.5209964421875 0.6634317078125 0.625143371875 0.7389579656249999 0.9890522890625 0.8230207484375001 0.9912279249999999 0.822685103125 0.975068578125 0.7301926390625 0.945357178125 0.671663103125 0.9383978140625 0.6351982656249999 1 0.5213030562500001 1 0.5144902124999999
1 0.4478999640625 0.44758179687500005 0.6198109125 0.1753343359375 0.61973714375 0.175010940625 0.4288235 0.007589887500000001 0.11446837968750001 0.0560871046875 0.0486085703125 0.1505473359375 0.0518068046875 0.1645684671875 0.4463452421875 0.44782165156250003 0.4478999640625 0.44758179687500005
1 0.45177591875 0.6772460375 0.481844053125 0.6337263859375 0.5076537359375 0.48014975781249997 0.5075732515625 0.47979691874999997 0.020994340625 0.3002330546875 0.0317732390625 0.4543784890625 0.3822897765625 0.6879660296875 0.45177591875 0.6772460375
1 0.10421120625 0.8243757984375 0.19904968750000002 0.9496957328125 0.20065037812500003 0.9494487859375 0.280619634375 0.8358273031250001 0.38112325 0.7565833671875 0.37885368750000004 0.7466335625 0.1639713984375 0.477357221875 0.15228660624999998 0.479159896875 0.0732806828125 0.5443440421875 0.07195826718750001 0.564251759375 0.0817119140625 0.72824828125 0.10421120625 0.8243757984375
1 0.6678764484374999 0.19189760312499998 0.673511659375 0.21660248906250001 0.8184837343750001 0.359593765625 0.9517316250000001 0.5345544765625 0.9527106578125 0.5344034343749999 0.96533778125 0.44162869687499995 0.9647616359375 0.252270046875 0.9269391046875001 0.0118757484375 0.9264423546874999 0.009697989062499999 0.8930153093750001 0.0051954109375000005 0.8425366578125001 0.004901734374999999 0.7836511703125 0.05559005625 0.6678764484374999 0.19189760312499998
1 0.7132810828125 0.0724400515625 0.7165155859375 0.071941046875 0.7374848765625 0.0042905609375 0.671331615625 0.00390569375 0.5845104609375 0.0300893625 0.7132810828125 0.0724400515625
1 0.6521881375 0.1618173359375 0.6523281734374999 0.16179573125 0.6900606046875 0.10236860156250001 0.6891429234374999 0.09834545781250001 0.57584206875 0.0033501515624999997 0.4608158953125 0.0026809484375 0.45511120624999996 0.003561040625 0.6521881375 0.1618173359375
1 0.015832053125000002 0.1688458796875 0.064335609375 0.067327396875 0.0636831546875 0.0644670203125 0.030254940624999997 0.0694206734375 0.0053093140625 0.0759267328125 0.00966705625 0.138245340625 0.0144400203125 0.16906063437500002 0.015832053125000002 0.1688458796875
1 0.0477619640625 0.523704578125 0.102715528125 0.484929584375 0.09899025156249999 0.4685978875 0.046949428125 0.39839223281249997 0.034845510937500004 0.4983140328125 0.0350909171875 0.5018234890625 0.041668106249999996 0.524644709375 0.0477619640625 0.523704578125
1 0.79736275 0.9121681265625 0.4011395234375 0.7825729906250001 0.272662846875 0.9785459453125 0.6292784609375001 0.9968541375 0.8103091843750001 0.9689255765624999 0.79736275 0.9121681265625
1 1 0.89700276875 0.8172276890625 0.8922458484375 0.8355686203125 0.9650286687499999 0.9228965515625 0.9515561312499999 1 0.9181270671874999 1 0.89700276875