1 0.8782 0.720088 0.971112 0.62368 0.8492240000000001 0.44919200000000004 0.673496 0.278084 0.44854000000000005 0.62276 0.544612 0.7375160000000001 0.8824719999999999 0.9136240000000001 0.8901160000000001 0.820284 0.875792 0.756696 0.8782 0.720088
1 0.187672 0 0.087508 0.11499600000000001 0.48244800000000004 0.44964000000000004 0.675628 0.20449199999999998 0.47568 0.001248 0.46772400000000003 0 0.187672 0
1 0.480628 0.491804 0.049228 0.13424799999999998 0.027748000000000002 0.296796 0.30610400000000004 0.682104 0.393544 0.624608 0.480628 0.491804
1 0 0.749924 0.10558399999999998 0.901592 0.19386 0.78948 0.303484 0.710472 0.094348 0.42656799999999995 0.0025239999999999998 0.495764 0 0.5154799999999999 0 0.749924
1 1 0.066724 0.8833840000000001 0.050336000000000006 0.8168240000000001 0.10529200000000001 0.689908 0.24891999999999997 0.8512320000000001 0.40568799999999994 0.9867279999999999 0.58072 1 0.488068 1 0.066724
1 0.759736 0.11232 0.833736 0.043359999999999996 0.66276 0.023432 0.759736 0.11232
1 0.519184 0.0032559999999999998 0.7014560000000001 0.186232 0.749044 0.129976 0.6405160000000001 0.016204 0.519184 0.0032559999999999998
1 0.072192 0 0.055071999999999996 0.092652 0.143696 0 0.072192 0
1 0.000928 0.46817200000000003 0.080884 0.40552 0.024944 0.326504 0.000928 0.46817200000000003
1 0.665556 1 0.672292 0.9292400000000001 0.298224 0.7576240000000001 0.126176 0.9400600000000001 0.53068 1 0.665556 1
1 0.871332 1 0.8715120000000001 0.9818680000000001 0.700404 0.904456 0.685828 1 0.871332 1