1 0.929033690625 0.784733715625 0.9234147875 0.71067223125 0.899183371875 0.6511814796875 0.8958493484375 0.615084196875 0.96755589375 0.5131734171875 0.9651160265625001 0.4967407046875 0.8245522015625 0.356078134375 0.6226530953125 0.2198457875 0.45248145781250004 0.5949056140625 0.566185778125 0.690059840625 0.8951435406250001 0.7920439125 0.929033690625 0.784733715625
1 0 0.2330247 0.45814344843750004 0.44351933125 0.460983803125 0.442906659375 0.57855903125 0.184612271875 0.5733880078125 0.14978501093750002 0.3447066140625 0.0181273171875 0.2910734625 0.024164065625 0.07342281875 0.0711119015625 0 0.21356463906249998 0 0.2330247
1 0 0.493439034375 0.3861979828125 0.692249659375 0.42124550312500003 0.6846898140625 0.46128536093749994 0.61718181875 0.4688056359375 0.5426873062500001 0.45635640625 0.45884074375 0 0.34823326250000003 0 0.493439034375
1 0.32891425937499996 0.783841228125 0.328678665625 0.782254490625 0.10923288281250002 0.5271991546875 0.020435154687500002 0.60779965 0.0068576093749999996 0.766279334375 0.019298682812500002 0.8500709750000001 0.13741003125 0.9957176828125001 0.142077640625 0.99560904375 0.22340655312500002 0.8759133984374999 0.32891425937499996 0.783841228125
1 0.66842290625 0 0.65083905 0.040352803124999996 0.6024591046875 0.22585763124999997 0.81880945 0.2852014109375 0.9571914406250001 0.345327840625 0.966301715625 0.34336272968750003 0.9356202 0.1367202296875 0.8818207671874999 0 0.66842290625 0
1 0.5221177625 0 0.6351676421875 0.033456940625 0.6358100953125 0.0333183625 0.6510941484375 0 0.5221177625 0
1 0.427498603125 0 0.3646698296875 0.027311926562499998 0.595591834375 0.0955691640625 0.5980748874999999 0.0950335625 0.62041971875 0.025486659374999998 0.6198196203124999 0.021444945312499998 0.55330465625 0 0.427498603125 0
1 0 0.1582596578125 0.0480217421875 0.10761372031250001 0.047459375 0.1038261328125 0 0.0987650828125 0 0.1582596578125
1 0 0.595382953125 0.0464969421875 0.5384048171875 0.044392996875 0.524234575 0 0.4859391515625 0 0.595382953125
1 0.7524237015625 0.9145442328125 0.742136915625 0.8452618875000001 0.3411300796875 0.8085060796875 0.2406086546875 0.9933157093749999 0.452435871875 0.988385375 0.7536165921875 0.9234198749999999 0.7524237015625 0.9145442328125
1 0.9596300140625 0.8175573843749999 0.77025036875 0.8125174734374999 0.7943869375 0.9209286125 0.8570446140625 0.9074131812499999 0.8978910843750001 0.8968972609374999 0.9579644046875 0.8792458218749999 0.960647278125 0.8216434484375 0.9603011734375 0.8193124015625 0.9596300140625 0.8175573843749999