1 0.5906520000000001 0.523244 0.6485879999999999 0.306048 0.296164 0.20937199999999997 0.229344 0.524968 0.253548 0.547884 0.249396 0.599864 0.49715999999999994 0.678396 0.5906520000000001 0.523244
1 0.89534 0.488768 0.955832 0.302368 0.908332 0.179784 0.746356 0.11905600000000001 0.644104 0.408616 0.89534 0.488768
1 0.651984 0.446124 0.603512 0.554612 0.524132 0.677232 0.74574 0.786912 0.839812 0.621456 0.879372 0.516212 0.651984 0.446124
1 0.558132 1 0.671932 0.9565319999999999 0.7180799999999999 0.80996 0.519288 0.735232 0.44836 0.869196 0.40957600000000005 1 0.558132 1
1 1 0.68834 0.8607799999999999 0.667176 0.842628 0.755976 0.775496 0.793388 0.7418319999999999 0.8791800000000001 0.760024 0.933124 1 0.8417999999999999 1 0.68834
1 1 0.54958 0.930316 0.545252 0.8909800000000001 0.627344 1 0.658604 1 0.54958
1 0.237828 0.631472 0.20336400000000002 0.7507240000000001 0.42728 0.8350519999999999 0.487216 0.7223919999999999 0.237828 0.631472
1 0.375832 1 0.41281999999999996 0.8705959999999999 0.21634000000000003 0.786376 0.172848 0.904584 0.34092 1 0.375832 1
1 0.44775600000000004 0 0.441788 0.173672 0.639636 0.182412 0.644452 0.029252 0.85828 0.042268 0.844276 0 0.44775600000000004 0
1 0 0.20743999999999999 0.036848 0.210024 0.027336 0.144272 0 0.153964 0 0.20743999999999999
1 0.045508 0.134776 0.050956 0.161632 0.251456 0.12614799999999998 0.26776 0.063976 0.045508 0.134776
1 0 0.318912 0.023219999999999998 0.32313200000000003 0.241324 0.320176 0.251116 0.160876 0.056524 0.192772 0.055611999999999995 0.237804 0 0.23416 0 0.318912
1 0.19566 0.5314639999999999 0.242268 0.38616 0.22258 0.355836 0.025892 0.35820799999999997 0.018296 0.5037320000000001 0.19566 0.5314639999999999
1 0.07822799999999999 0.783288 0.144792 0.77204 0.20066 0.604624 0.165916 0.556708 0.0009440000000000001 0.543212 0.07822799999999999 0.783288