1 0.5173243953125 0.6325812890625 0.519366315625 0.632390978125 0.6108726171875001 0.47073609375 0.657090509375 0.28582670625 0.6552520171875 0.24641780624999998 0.335907784375 0.181181034375 0.31072904375 0.1835277421875 0.2488982015625 0.4977555140625 0.27341680625000003 0.5190613140625 0.26986619375 0.5715222734375 0.5173243953125 0.6325812890625
1 0.9526523843750001 0.303707515625 0.9484792750000001 0.21425510625 0.9283488953125 0.146159075 0.7707999703125 0.0641540328125 0.644303784375 0.33476979687499997 0.8690979765625 0.43858504375 0.895046834375 0.43616655781249997 0.9526523843750001 0.303707515625
1 0.8608563874999999 0.5926445 0.90408304375 0.5059633703124999 0.9033591046874999 0.49044538906249996 0.6893613046875 0.3968071375 0.6306907265625 0.49809405937499995 0.539769846875 0.6096048828125 0.7436223734375 0.7398319984375 0.755518196875 0.738723284375 0.8608563874999999 0.5926445
1 0.7484464843749999 0.832699515625 0.7474848374999999 0.81208620625 0.5699419812500001 0.7038064937499999 0.47903967343750004 0.8193896734375 0.4205834984375 0.9385312359375 0.5366077234375 0.9625954171875 0.689124953125 0.9483805046875 0.7484464843749999 0.832699515625
1 1 0.6083211703125 0.9069633171874999 0.600961603125 0.8795177078125 0.6035195890625 0.8569908375 0.689772234375 0.7877804890625 0.73254099375 0.7593807609375001 0.79739055 0.7628845265625 0.872495340625 0.76334546875 0.8741616406249999 0.764644578125 0.8740405609374999 1 0.7681161578125 1 0.6083211703125
1 1 0.471590234375 0.9354758515625001 0.47697818124999997 0.90334408125 0.551354665625 0.9040082375 0.5655911640625 1 0.57904654375 1 0.471590234375
1 0.49369203125 0.6814132015625 0.49350656718749997 0.6774376921874999 0.22941897187500002 0.6603821546875001 0.22876738749999997 0.7078118015625 0.23237025312499998 0.7850408296875 0.3583690625 0.79452015625 0.47066586250000003 0.7840538687499999 0.49369203125 0.6814132015625
1 0.427286515625 0.8709906203125 0.4271490765625 0.86804456875 0.26372419687500004 0.7658520703125 0.25943089375 0.766252215625 0.196494871875 0.8658885218749999 0.19744615000000001 0.8862795796875 0.3140312515625 0.9823874859374999 0.35466367499999996 0.980020915625 0.36880471875 0.9782069796874999 0.427286515625 0.8709906203125
1 0.4950678609375 0 0.41967440624999997 0.0215540234375 0.46219333437500004 0.186956996875 0.48175275156249997 0.18513402031249998 0.65577466875 0.14357562968749998 0.6184188890625 0 0.4950678609375 0
1 0.026636282812500002 0.21350340625 0.0161171046875 0.16210706875 0.001951578125 0.16771819062499999 0.002601021875 0.22353133125000002 0.0269980234375 0.22125748281250002 0.026636282812500002 0.21350340625
1 0.25721270937499996 0.0817534921875 0.0325547515625 0.138742275 0.033746279687500005 0.164283203125 0.1208946890625 0.156160796875 0.23713029218749998 0.1425351140625 0.2574184734375 0.0861641609375 0.25721270937499996 0.0817534921875
1 0.20585068906249998 0.331365040625 0.255391603125 0.17713472187499998 0.25516914062499996 0.1723661234375 0.17964034375 0.1775932875 0.060726703125 0.188676278125 0.0487940453125 0.23118937968750003 0.0025976484375 0.22324130000000003 0.0036657765624999996 0.3150361203125 0.200512440625 0.33186257656249996 0.20585068906249998 0.331365040625
1 0.2509020140625 0.416941925 0.24946595624999998 0.3861594203125 0.23969447968750002 0.3686960390625 0.04190804375 0.35299687031250004 0.024839514062500002 0.496433528125 0.20061805625 0.5400174140625 0.201348403125 0.5399493453125 0.2509020140625 0.416941925
1 0.20631452968750003 0.6037375468749999 0.2062345515625 0.6020231828125 0.17168166093749998 0.55825784375 0.0084046828125 0.5619967906250001 0.008671860937500001 0.5677239015625 0.0840361234375 0.7903507249999999 0.10771622343750001 0.78814369375 0.1518180921875 0.7760413453125 0.20631452968750003 0.6037375468749999