1 0.7299439999999999 1 0.987412 0.68926 0.867752 0.618668 0.847776 0.6239399999999999 0.83782 0.671332 0.805688 0.698816 0.779772 0.692624 0.7231799999999999 0.658104 0.6783680000000001 0.637352 0.626804 0.620012 0.615316 0.633704 0.6065 0.645756 0.6180760000000001 0.681396 0.650952 0.734908 0.676688 0.795392 0.6810240000000001 0.8288439999999999 0.68256 0.862544 0.681644 0.908444 0.673756 0.9471959999999999 0.6078520000000001 0.959304 0.559604 0.93956 0.5413439999999999 0.92424 0.42424 0.9633879999999999 0.30465200000000003 0.982308 0.326508 1 0.7299439999999999 1
1 0 0.610868 0.100548 0.6554800000000001 0.161756 0.56554 0.48054800000000003 0.817484 0.543628 0.8133760000000001 0.555124 0.799688 0.48988 0.690496 0.318744 0.53912 0.29725199999999996 0.5029359999999999 0.23043200000000003 0.44816399999999995 0.04132 0.34910800000000003 0.08308 0.29470399999999997 0.082548 0.26444 0.09730799999999999 0.22367599999999999 0.09596 0.20828799999999997 0 0.32156799999999996 0 0.610868
1 0 0.727968 0.033960000000000004 0.756464 0.09173200000000001 0.667532 0 0.62544 0 0.727968
1 1 0.319688 0.8767799999999999 0.31901199999999996 0.812248 0.338752 0.822452 0.479544 0.80542 0.47821199999999997 0.780656 0.46909999999999996 0.64056 0.350252 0.652568 0.3344 0.651124 0.309856 0.63864 0.27993199999999996 0.640832 0.232516 0.607512 0.198072 0.5759000000000001 0.183216 0.513216 0.18376399999999998 0.48938800000000005 0.27396 0.46068 0.340616 0.59038 0.41314799999999996 0.683308 0.49241999999999997 0.723924 0.51354 0.7471840000000001 0.553796 0.885844 0.607924 0.987736 0.668792 0.9756 0.610644 0.976424 0.5555920000000001 1 0.549432 1 0.319688
1 0.041443999999999995 0.761448 0.14843599999999998 0.8564080000000001 0.266348 0.842568 0.08868000000000001 0.705156 0.041443999999999995 0.761448
1 0.091136 0.692956 0.28389600000000004 0.84174 0.38642 0.8292439999999999 0.129488 0.631804 0.091136 0.692956
1 0.136388 0.622036 0.39800800000000003 0.824708 0.46668000000000004 0.820108 0.165384 0.5828439999999999 0.136388 0.622036
1 0.379632 0.356868 0.41433600000000004 0.35876800000000003 0.446268 0.353152 0.352528 0.288752 0.343816 0.269776 0.27871999999999997 0.307192 0.318548 0.335428 0.379632 0.356868
1 0.474076 0.364816 0.44545599999999996 0.368028 0.42844 0.39912000000000003 0.440384 0.438956 0.49652799999999997 0.492552 0.529512 0.51504 0.570808 0.560064 0.570972 0.586128 0.620404 0.595196 0.784536 0.6745840000000001 0.801568 0.675916 0.8162520000000001 0.65842 0.823868 0.6246240000000001 0.8400679999999999 0.608404 0.73 0.558824 0.70912 0.529636 0.575084 0.423648 0.519648 0.386208 0.474076 0.364816
1 0.798056 0.361848 0.6655 0.345252 0.660636 0.354136 0.782868 0.454108 0.8035840000000001 0.457228 0.798056 0.361848
1 0.334408 0 0.328336 0.036412 0.33852000000000004 0.031996000000000004 0.330056 0.128596 0.338004 0.146932 0.35232 0.12524 0.3432 0.0774 0.387776 0.055176 0.413176 0.063524 0.47826 0.10646800000000001 0.504064 0.07108 0.511 0 0.334408 0
1 0.268268 0 0.183044 0.099872 0.223712 0.10547599999999999 0.267824 0.06989999999999999 0.29891999999999996 0.08691600000000001 0.31830400000000003 0.10706800000000001 0.313408 0.051108 0.322992 0 0.268268 0
1 1 0.270736 0.943096 0.22298800000000002 0.885588 0.23436400000000002 0.866288 0.26354 0.8704319999999999 0.27868400000000004 0.8846679999999999 0.28026 0.888636 0.309516 1 0.309716 1 0.270736
1 0.8864000000000001 0.219488 0.92852 0.20945999999999998 0.8852800000000001 0.17447600000000002 0.8864000000000001 0.219488
1 0.786904 0.089332 0.754312 0.176064 0.7962480000000001 0.220328 0.8409639999999999 0.23192400000000002 0.871132 0.22223600000000002 0.862336 0.153924 0.786904 0.089332
1 0.10362 0.31194 0.083508 0.355992 0.21995599999999998 0.42511200000000005 0.10362 0.31194
1 0.709168 0.215964 0.728648 0.245272 0.7976840000000001 0.28505199999999997 0.8368840000000001 0.273868 0.86126 0.24636 0.796076 0.23443999999999998 0.7547240000000001 0.204928 0.7147560000000001 0.142872 0.706852 0.149204 0.711608 0.171344 0.709168 0.215964
1 0.747764 0.15760400000000002 0.7765 0.083196 0.657264 0.073888 0.682612 0.09775199999999999 0.7230800000000001 0.125228 0.73812 0.152104 0.747764 0.15760400000000002