1 0.9735953234375 0.677654225 0.848122578125 0.6119498234375 0.8288200359375001 0.6180892640625 0.823864590625 0.6662324390625 0.7947962609375 0.6952471046875 0.7683959437500001 0.69008766875 0.7085580828125 0.6576728843749999 0.661861825 0.63863476875 0.60881106875 0.623313465625 0.59882125625 0.6375802484374999 0.5913159484375 0.65008435 0.6065341 0.6854972796875 0.6447824093750001 0.7380246078125 0.6766616140624999 0.797870221875 0.6844567203125 0.8313803515625 0.6894950578125 0.8652565718749999 0.6933679859375 0.9115215546875 0.6895673234374999 0.9508772734375001 0.625334403125 0.9658094640625 0.5753285296875 0.9479292750000001 0.555585434375 0.933258759375 0.4631359296875 0.9697224 0.46285513125 0.9750738265625 0.541151971875 0.9800852000000001 0.772355746875 0.97066436875 0.9735056890625 0.6793624703125001 0.9735953234375 0.677654225
1 0.1751065828125 0.54844609375 0.5055632703125 0.747629365625 0.5438878859375 0.7500823249999999 0.5809117171875 0.7427487625 0.58991215625 0.7295013703125 0.590080515625 0.726292790625 0.5155375 0.628400784375 0.3298933421875 0.50147256875 0.30496778281250003 0.468553453125 0.232889659375 0.4232779796875 0.034147368750000004 0.3504646 0.07087605625 0.2911301171875 0.06750314843750001 0.26127976406250003 0.078464 0.21901715 0.07566960625 0.20398260000000001 0.035947223437499995 0.26193688437499996 0.0248306015625 0.47379610781250003 0.0324499546875 0.6191820328125 0.12223014531250001 0.645497153125 0.1751065828125 0.54844609375
1 0.054320407812500006 0.7062209625 0.10489088124999998 0.621181846875 0.1048912390625 0.621175009375 0.0307789578125 0.5872974875 0.0365710359375 0.69781694375 0.0462404625 0.7057038078125 0.054320407812500006 0.7062209625
1 1 0.3625001921875 0.9166874406250001 0.34086589843750004 0.8486274234375 0.3443794359375 0.8097824515625 0.4826841296875 0.79407431875 0.477299165625 0.773708509375 0.462546221875 0.681692128125 0.3141490203125 0.69855464375 0.3017440328125 0.7056442578125 0.277714240625 0.7041088625 0.24583593750000002 0.7225338359375 0.20061243750000002 0.70277834375 0.15935745625 0.6778921625 0.137413825 0.634055221875 0.1267210546875 0.616393796875 0.1255906375 0.5644930609375 0.20414751718750002 0.5237440125 0.2507205671875 0.522718165625 0.27027104375 0.6123796015625 0.3627579046875 0.6732645640625 0.46161499375000004 0.7045384046875001 0.49177001249999996 0.712741259375 0.5362114046875 0.8257034859375001 0.621815396875 0.9004735671875 0.7040087078124999 0.9015845171875 0.7040798140625 0.9099649140625001 0.64604485625 0.9297234671875 0.5931241828125 0.9542258406249999 0.5928553984375 1 0.464723615625 1 0.3625001921875
1 0.1667851484375 0.8120669546875 0.2778909703125 0.7900085171875 0.27794003749999996 0.7890733671875 0.0944490875 0.6680169046875 0.0932696515625 0.667941415625 0.051078146874999994 0.7248069218750001 0.050880559375 0.7285725203125 0.1595387421875 0.81160315 0.1667851484375 0.8120669546875
1 0.4131611265625 0.781549359375 0.125477428125 0.617214365625 0.10354121406250001 0.68299955625 0.2934948640625 0.791991925 0.379373559375 0.797488575 0.412765328125 0.7890924375 0.4131611265625 0.781549359375
1 0.4968313453125 0.7705034656249999 0.49686328281250003 0.7698947796875 0.1617818359375 0.5729520921875 0.1396886921875 0.61532410625 0.1396669296875 0.6157388593750001 0.405848375 0.7694321937499999 0.4788009 0.77410150625 0.4968313453125 0.7705034656249999
1 0.40710834531250006 0.3357760875 0.464578071875 0.339454425 0.4645945578125 0.3391402625 0.39351849843750003 0.264104340625 0.3877888140625 0.24331782031250002 0.3180420734375 0.26286732968750004 0.35303091875 0.3007969203125 0.40710834531250006 0.3357760875
1 0.4670458578125 0.3572310875 0.4509418828125 0.3835872109375 0.45029823125 0.3958538359375 0.45823497656249995 0.4279247625 0.5118282140625 0.4827519734375 0.543785096875 0.505977915625 0.5829114375 0.5518984140625001 0.581710784375 0.5779239203125 0.6308939703124999 0.588137871875 0.762143625 0.6560090125 0.8207551359374999 0.6597604296874999 0.8243261828125 0.655857746875 0.833747490625 0.6222954796875 0.8503153484375 0.6069956546874999 0.8503553515625001 0.606233315625 0.7428969359375001 0.554398321875 0.7234504375 0.524767471875 0.5943533609375 0.4158044453125 0.540625009375 0.3771236109375 0.4959651015625 0.354696315625 0.4670458578125 0.3572310875
1 0.8320192875 0.387998859375 0.8332261437499999 0.3649987421875 0.70699175 0.32760867656250003 0.700595203125 0.335579696875 0.8032208187500001 0.453969465625 0.8135237249999999 0.4573046578125 0.823403453125 0.45793700781249996 0.8320192875 0.387998859375
1 0.3932669140625 0 0.3822592453125 0.093716075 0.3895805125 0.1123054171875 0.3898859859375 0.11232496875 0.404678834375 0.09178325625 0.396929415625 0.0432793 0.442268803125 0.023879215625 0.46749143125000003 0.0338708921875 0.53149278125 0.0810620515625 0.5583951 0.0472716921875 0.5608912875 0.02770393125 0.5623449609375 0 0.3932669140625 0
1 0.2882655515625 0 0.224310375 0.0432343078125 0.22396650468749998 0.0497877578125 0.2559627296875 0.06330023125 0.30844643125000004 0.040368117187500004 0.3337866875 0.06485272343750001 0.343391859375 0.0827298984375 0.3481652703125 0.0830354203125 0.3577047640625 0.03402524375 0.3747024796875 0 0.2882655515625 0
1 1 0.2512765671875 0.9821712265625001 0.2352669578125 0.9253300953125001 0.2420358765625 0.9072843453124999 0.269816815625 0.9120289906249999 0.28538792343749997 0.9262783859375 0.288130571875 0.930835040625 0.3144928265625 1 0.3189197171875 1 0.2512765671875
1 0.928210475 0.17966289062500002 0.9298036640625 0.2236082875 0.9347830015625 0.22392699062500002 0.9662321296874999 0.220422221875 0.9665178171875001 0.2149776234375 0.928732178125 0.1796962828125 0.928210475 0.17966289062500002
1 0.8710137703124999 0.230806309375 0.8996995734375 0.2267532140625 0.9004092874999999 0.21999234374999999 0.903872478125 0.15399130156250002 0.851222740625 0.0856929625 0.8456803234375 0.0853382234375 0.796107265625 0.161646071875 0.8268790296875 0.212309296875 0.8663506625 0.230507846875 0.8710137703124999 0.230806309375
1 0.119383984375 0.311193925 0.2447566578125 0.38018908125 0.2506375171875 0.38056548437500004 0.1387115046875 0.2679331046875 0.119383984375 0.311193925
1 0.7486946421875 0.22522030937499998 0.7711230203125 0.25363864375 0.8191454874999999 0.2775932625 0.8698071890625 0.2808358546875 0.88173536875 0.276634896875 0.90201338125 0.2491776234375 0.90209774375 0.2475698375 0.837042809375 0.2391780640625 0.7928438078125 0.211714578125 0.7466258203125 0.1514745421875 0.7394267484375 0.1582566453125 0.7464658796875 0.1802527140625 0.7486946421875 0.22522030937499998
1 0.8045752546875 0.1435645828125 0.8080465406249999 0.1437867625 0.8125169109374999 0.1023580421875 0.8143587109375 0.067257259375 0.80782568125 0.06683911406250001 0.6986876859375 0.07825944375 0.7293974359375001 0.0972868671875 0.7756705484374999 0.11715691718750001 0.7971897765625 0.14102475781249998 0.8045752546875 0.1435645828125