1 0.7492906968749999 0.8555237484375 0.7539831375 0.8554145296875 0.8001779875 0.1745982375 0.7999609734375001 0.1652744015625 0.7090973875000001 0.167389275 0.676592846875 0.1722554125 0.59899485 0.207236590625 0.590067321875 0.40198828124999997 0.600277584375 0.8406628203125001 0.7492906968749999 0.8555237484375
1 0.9657715015624999 0.3726498359375 0.96567926875 0.36868718125 0.8553739703125001 0.1141151875 0.75535070625 0.11996797031249999 0.7618054078125 0.397288225 0.799370578125 0.39641388593750004 0.9624487078125 0.3870917984375 0.9657715015624999 0.3726498359375
1 0.9599344171874999 0.745302828125 0.9916516046874999 0.6022443125 0.9998435562499999 0.42635982187500004 0.99941968125 0.40814839843749995 0.8482022421875 0.431636678125 0.8343248859375001 0.43297584375 0.8427415093749999 0.794588284375 0.8469520515625 0.8016733171875 0.8483702687499999 0.8016403078125001 0.9599344171874999 0.745302828125
1 0.45212699218749997 0 0.5177289968750001 0.17321557031249998 0.5195777968749999 0.173172540625 0.7378002718750001 0.11347414687499999 0.7369776140625001 0.0781293515625 0.708688896875 0 0.45212699218749997 0
1 0.041844853125 0.4843782265625 0.048930579687499996 0.48421330312500005 0.0845880765625 0.4535560328125 0.0835630203125 0.409515465625 0.00652858125 0.26433303750000003 0.0015710328125 0.27003749843749997 0.0017694874999999999 0.304149034375 0.009203028125 0.37487444999999997 0.041844853125 0.4843782265625
1 0.20846860937499997 0.3507751953125 0.23412381875000002 0.3369659328125 0.248811971875 0.34983619374999997 0.26727614375000003 0.34940643437499996 0.3051010765625 0.325145259375 0.302918559375 0.2313753671875 0.2965230015625 0.20859991875 0.230166459375 0.1058080234375 0.1690919203125 0.1586725109375 0.1970176140625 0.24306131562500002 0.2033306421875 0.350894784375 0.20846860937499997 0.3507751953125
1 0.28178961406249997 0.160514190625 0.28937408593749997 0.241048575 0.2916921703125 0.240994621875 0.3611510046875 0.2323633484375 0.36433601875 0.1547137046875 0.3846505671875 0.09015865468749999 0.42548037968749997 0.057925135937500004 0.4253249921875 0.051249007812500004 0.41840290781249995 0.009189478125 0.39159318125000003 0.0060124062499999995 0.273917678125 0.0694711109375 0.2693192515625 0.0738824375 0.27015226718749996 0.1096721390625 0.28178961406249997 0.160514190625
1 0.047773101562499996 0.50924934375 0.0170851671875 0.5176871000000001 0.00464941875 0.578051859375 0.007184515625 0.6869700187500001 0.0425581171875 0.690670975 0.0713360015625 0.6900011625 0.0710390234375 0.6772417578125001 0.047773101562499996 0.50924934375
1 0.0980592625 0.7114573140625 0.0852754703125 0.7117548593749999 0.030577103124999998 0.7293593828125 0.1749006765625 0.8419177984375 0.17457659375 0.8279939031250001 0.0980592625 0.7114573140625
1 0.2861129140625 0.9866514515624999 0.284392015625 0.9127146609375 0.2727923421875 0.7433217984375 0.1596057203125 0.6875174671875001 0.1801571515625 0.8923398421875 0.2174101984375 0.988250525 0.2861129140625 0.9866514515624999
1 0.429506896875 0.9024275625 0.39600053125 0.7534085078125 0.27492060625 0.747243134375 0.3470045328125 0.9508492921875 0.40360515937499997 0.9495318968750001 0.4305039640625 0.9452656546875 0.429506896875 0.9024275625
1 0.36591425312500003 0.319050353125 0.372820646875 0.6157771953125 0.547836284375 0.6117036609375 0.5544213234375001 0.2928494265625 0.5537390265625 0.2635351390625 0.36591425312500003 0.319050353125
1 0.5614970921875 0.8864648359375 0.56515489375 0.8863797 0.6320195484375 0.8371500812500001 0.6353975078125 0.81728614375 0.6334425515625 0.7332932734375001 0.597525725 0.6244154171875 0.5579107765625 0.625337465625 0.41889461875 0.66902941875 0.41897195 0.6699767546875 0.433595525 0.7134755562499999 0.5614970921875 0.8864648359375
1 0.0628413 0.5053831140625 0.140111321875 0.6727308875 0.2043493375 0.672838696875 0.222532803125 0.6724154703125 0.22218555 0.6574960296875 0.1617835328125 0.4990524515625 0.1849585359375 0.48323804218750005 0.1659765765625 0.42642617187500004 0.156221784375 0.42665321718750004 0.0628413 0.5053831140625
1 0.21454739374999998 0.47476249531250003 0.21744549375000002 0.5037353203125 0.22004296406249998 0.5036748640625001 0.2984345421875 0.4764526375 0.28646523749999997 0.437263659375 0.33242465781249997 0.42466663125000004 0.3323284390625 0.42053267187500004 0.32770384531249996 0.40289691875000005 0.28067485468750003 0.3847328734375 0.282216946875 0.36747865625 0.27751289687499997 0.3675881453125 0.2132655828125 0.4196906953125 0.21454739374999998 0.47476249531250003
1 0.2631356859375 0.6184493390625 0.28057093593750004 0.6748621499999999 0.3720762890625 0.6970679 0.3731491765625 0.6970429296875 0.3706211484375 0.5884285218749999 0.35923470625 0.525177015625 0.3172700296875 0.5078120562499999 0.2589964765625 0.5187322390625 0.3083641359375 0.5942610203124999 0.2631356859375 0.6184493390625