1 0.8551880000000001 0.8482519999999999 0.728496 0.1598 0.6086 0.196224 0.539972 0.2415 0.667496 0.8573280000000001 0.8551880000000001 0.8482519999999999
1 1 0.34920399999999996 0.834216 0.123188 0.737868 0.14964 0.803688 0.420048 1 0.366436 1 0.34920399999999996
1 1 0.39790800000000004 0.820508 0.454724 0.80636 0.45830399999999993 0.876136 0.7894840000000001 0.9009280000000001 0.816692 1 0.744128 1 0.39790800000000004
1 0.43644800000000006 0 0.52366 0.19138 0.749044 0.10969999999999999 0.701 0 0.43644800000000006 0
1 0 0.47508 0.070556 0.436832 0.03 0.251916 0 0.273472 0 0.47508
1 0.221528 0.347244 0.300748 0.30643600000000004 0.29392399999999996 0.20252799999999999 0.249444 0.09750400000000001 0.176596 0.14708000000000002 0.186416 0.232064 0.169028 0.34184000000000003 0.20340799999999998 0.326912 0.221528 0.347244
1 0.383644 0 0.27904 0.076 0.27046800000000004 0.087252 0.3048 0.164476 0.328272 0.24289200000000002 0.39792 0.22578800000000002 0.38580000000000003 0.149176 0.393304 0.083428 0.42828799999999995 0.046284 0.410948 0 0.383644 0
1 0 0.655052 0.019932 0.682976 0.090764 0.676736 0.028388000000000004 0.500972 0 0.515076 0 0.655052
1 0.10659199999999999 0.705432 0.037452 0.707092 0.152836 0.8728199999999999 0.10659199999999999 0.705432
1 0.235472 0.981948 0.303024 0.9596640000000001 0.238584 0.723428 0.11835199999999998 0.698564 0.178528 0.8943519999999999 0.235472 0.981948
1 0.266168 0.74526 0.331024 0.954396 0.42098800000000003 0.937604 0.387008 0.747908 0.266168 0.74526
1 0.34546 0.342624 0.407984 0.633848 0.589116 0.592692 0.518252 0.24388 0.34546 0.342624
1 0.409064 0.669912 0.4203 0.715344 0.534576 0.9003 0.60762 0.8556039999999999 0.625488 0.785676 0.588004 0.630348 0.409064 0.669912
1 0.063456 0.493912 0.126632 0.670772 0.213996 0.682672 0.16228 0.500836 0.186592 0.488196 0.170784 0.42263599999999996 0.063456 0.493912
1 0.33784800000000004 0.433572 0.33168000000000003 0.411256 0.284072 0.387224 0.285476 0.366104 0.213424 0.41677600000000004 0.223548 0.49986800000000003 0.304052 0.481576 0.29112 0.440724 0.33784800000000004 0.433572
1 0.34706800000000004 0.522344 0.305832 0.50708 0.24734799999999998 0.5211 0.29393600000000003 0.594444 0.24799600000000002 0.62112 0.263412 0.6769160000000001 0.37258800000000003 0.698088 0.34706800000000004 0.522344