1 0.5997239999999999 0.987332 0.879672 0.345736 0.7599 0.308888 0.677692 0.308044 0.439044 0.8898999999999999 0.5997239999999999 0.987332
1 0.89312 0.342552 0.796476 0.603536 0.999544 0.672372 0.9877879999999999 0.3745 0.89312 0.342552
1 1 0.853224 0.9924120000000001 0.7010959999999999 0.791032 0.641692 0.7773 0.636748 0.6499520000000001 0.950324 0.655292 0.9867480000000001 1 0.973376 1 0.853224
1 0.92472 0.315688 0.9747999999999999 0.041415999999999994 0.790804 0.013944000000000002 0.731456 0.022796 0.692192 0.257372 0.92472 0.315688
1 0 0.190104 0.1793 0.207492 0.24908000000000002 0.031508 0 0.038900000000000004 0 0.190104
1 0.354556 0.21764 0.44305199999999995 0.22810800000000003 0.4955 0.138148 0.517352 0.026208 0.429232 0.026572000000000002 0.389856 0.10251600000000001 0.314056 0.183804 0.3509 0.190652 0.354556 0.21764
1 0.568708 0.21558799999999997 0.601504 0.145292 0.6444880000000001 0.09498 0.694264 0.08375200000000001 0.709644 0.019492000000000002 0.553912 0.024928 0.540512 0.029464 0.5257959999999999 0.112684 0.501404 0.19082 0.568708 0.21558799999999997
1 0 0.383416 0.0619 0.41768 0.10847199999999999 0.23708 0 0.22265600000000002 0 0.383416
1 0.058972000000000004 0.45031999999999994 0.000724 0.41303599999999996 0.0037080000000000004 0.6149519999999999 0.058972000000000004 0.45031999999999994
1 0.011196000000000001 0.751628 0.07966 0.770932 0.158336 0.539048 0.07256399999999999 0.45119999999999993 0.012967999999999999 0.647168 0.011196000000000001 0.751628
1 0.16899599999999998 0.572572 0.105816 0.7822199999999999 0.18979200000000002 0.818608 0.2677 0.64234 0.16899599999999998 0.572572
1 0.459884 0.283112 0.348868 0.559512 0.5220480000000001 0.62668 0.658356 0.297872 0.459884 0.283112
1 0.329596 0.590012 0.313504 0.63396 0.30482 0.8512000000000001 0.390372 0.854992 0.444284 0.8070080000000001 0.500068 0.657276 0.329596 0.590012
1 0.240496 1 0.1318 0.827412 0.017604 0.77988 0.01866 1 0.240496 1
1 0.141492 0.25084399999999996 0.094968 0.43279199999999995 0.160744 0.49150799999999994 0.219548 0.31184 0.24677600000000002 0.314956 0.270328 0.251768 0.141492 0.25084399999999996
1 0.402712 0.354256 0.41007999999999994 0.33230400000000004 0.384052 0.28576 0.397024 0.269036 0.308956 0.270756 0.270884 0.3453 0.347852 0.37515200000000004 0.35997599999999996 0.334052 0.402712 0.354256
1 0.36072000000000004 0.43300400000000006 0.33506800000000003 0.397292 0.278744 0.376212 0.27635200000000004 0.463068 0.223352 0.459496 0.204928 0.514372 0.28359999999999996 0.592976 0.36072000000000004 0.43300400000000006