1 0.6586648484375 0.9654720078125001 0.6595224015625 0.9653078609374999 0.9095350234374999 0.3096348296875 0.9091316453125 0.3081049109375 0.790797265625 0.2742181875 0.7772550765624999 0.2744417078125 0.7053986390625 0.2881960046875 0.5081603171875 0.8415829625000001 0.5193919359375 0.88418185 0.6586648484375 0.9654720078125001
1 1 0.39470577812499996 0.9378357749999999 0.292787328125 0.8368109859375 0.29541863125 0.8857373671875 0.56828073125 1 0.5654550781250001 1 0.39470577812499996
1 1 0.5956619828124999 0.823128353125 0.60548864375 0.8116596062499999 0.6054332421875 0.808719953125 0.6059959312500001 0.8009844546875 0.8966124796875 0.8207442531250001 0.9715567374999999 0.8214216421874999 0.971427075 0.857747684375 0.9637936874999999 1 0.9051287734375 1 0.5956619828124999
1 0.654262353125 0.2432056796875 0.8745084140625 0.2352212984375 0.87812594375 0.234528853125 0.8613616453124999 0.0200484140625 0.6231230484375 0.014503350000000002 0.6388623296875 0.1847970203125 0.654262353125 0.2432056796875
1 0.1320853171875 0.0826281390625 0.1311598375 0.07911801562500001 0.0073332546875000005 0.13992684375 0.016427403125 0.313453534375 0.1495982234375 0.26871932187500003 0.1320853171875 0.0826281390625
1 0.39184835156250003 0.25500456250000003 0.415586303125 0.250460796875 0.43753230781249997 0.1584112796875 0.4244448390625 0.05343262343750001 0.4225791765625 0.0463566015625 0.3376594765625 0.060365931250000004 0.32319069843750003 0.1403444234375 0.2748608953125 0.231226621875 0.31297819375 0.23210576249999998 0.32506044375 0.257760665625 0.39184835156250003 0.25500456250000003
1 0.46005353125 0.02414541875 0.449128021875 0.10715020156249999 0.428282234375 0.1858290859375 0.496039434375 0.2108594984375 0.49610337343750005 0.210847259375 0.5256063671875 0.14010970625000002 0.5660815890625 0.089487825 0.6149657281249999 0.078249125 0.6264568765625 0.018769285937499998 0.6253457609375 0.014555084375 0.6088236609375001 0.014170528125000002 0.4912565890625 0.018172731249999997 0.46005353125 0.02414541875
1 0.049904534375 0.5156824828125 0.0917426265625 0.33305221875 0.0911084 0.3306467484375 0.016939081249999998 0.3232169109375 0.0264186078125 0.5040970703125 0.0485898796875 0.515934125 0.049904534375 0.5156824828125
1 0.041202575000000005 0.5124345359375 0.0462902671875 0.6182892078125 0.0616112921875 0.6763982484375 0.0624702640625 0.6762338296875 0.10103632031250001 0.5549646859374999 0.100676159375 0.55359868125 0.041202575000000005 0.5124345359375
1 0.1791454328125 0.8539661453124999 0.21425090156249998 0.62307638125 0.21266075468749998 0.617045328125 0.11438705625000001 0.5394983234375 0.09064616875 0.7398057437500001 0.10701160000000001 0.83999125 0.1080551109375 0.8438606859375 0.171887659375 0.8553553812500001 0.1791454328125 0.8539661453124999
1 0.339649540625 0.7012708828124999 0.3371989265625 0.6919762781250001 0.2292945171875 0.642745503125 0.22781274375 0.6430291359375 0.2185255015625 0.8596397265625001 0.30863947812500003 0.8808090390625001 0.30907472343750003 0.8807257281249999 0.339649540625 0.7012708828124999
1 0.6348867031250001 0.297619403125 0.6336257468750001 0.2928368875 0.44021195 0.303075321875 0.3787812234375 0.5549625875 0.39079415 0.6005247828125 0.5423981609374999 0.6392257906250001 0.5479013484374999 0.63817240625 0.6348867031250001 0.297619403125
1 0.5024402375 0.8695278500000001 0.5495887781250001 0.8196862046875 0.5827432124999999 0.6839280921875 0.5774843984375 0.6639826515625 0.41858049687500004 0.61095933125 0.407490871875 0.6130820359375 0.3981182890625 0.6524576468750001 0.41604208125 0.8704563406249999 0.4985601578125 0.8702705500000001 0.5024402375 0.8695278500000001
1 0.36263416875 1 0.2627006625 0.895702003125 0.13951490625000001 0.8649041359374999 0.1391454234375 0.864974859375 0.1729796453125 1 0.36263416875 1
1 0.24362077656249997 0.3875051671875 0.25623141875 0.330692915625 0.254475721875 0.324033971875 0.1286936640625 0.3276413171875 0.10936951718750001 0.5099103203124999 0.180553840625 0.56327885625 0.184550109375 0.5625139171875 0.215913403125 0.38538815625 0.24362077656249997 0.3875051671875
1 0.3415792921875 0.41628931874999997 0.347959103125 0.3776023515625 0.393106021875 0.3959990765625 0.3963193390625 0.38030066875 0.3927779609375 0.3668690578125 0.36579087499999996 0.32845181874999996 0.3765827578125 0.31124038125000003 0.28906989843750003 0.31656873750000003 0.2606400109375 0.3924752296875 0.3359231359375 0.417371984375 0.3415792921875 0.41628931874999997
1 0.247224971875 0.5914291406250001 0.3256978703125 0.643596240625 0.3309035453125 0.6425998046875 0.3684300203125 0.47322955625 0.368325021875 0.4728313203125 0.3356564125 0.4426879890625 0.2764958984375 0.43291745312499996 0.2937614984375 0.5193467296875001 0.2417580796875 0.52624865 0.2386851953125 0.559039778125 0.247224971875 0.5914291406250001