1 0 0.645228 0.191376 0.9304560000000001 0.33188 0.863832 0.270856 0.73776 0.238268 0.625624 0.26754 0.617472 0.265988 0.577124 0.36071200000000003 0.562904 0.37118 0.598064 0.46296400000000004 0.5684440000000001 0.455668 0.48644 0.509012 0.494336 0.600904 0.48451199999999994 0.707044 0.47004 0.6849999999999999 0.30112 0.319264 0.32594 0.18394 0.294692 0.17110399999999998 0.31494 0.062183999999999996 0.343704 0.025752000000000004 0.330196 0 0.33723200000000003 0 0.645228
1 0.481504 0.5824320000000001 0.361004 0.617348 0.341788 0.583948 0.283632 0.600824 0.28268 0.636236 0.261772 0.6420600000000001 0.281428 0.7215239999999999 0.317968 0.790428 0.45437200000000005 0.704216 0.495064 0.695812 0.627712 0.689956 0.654432 0.702564 0.752976 0.6915600000000001 0.7182000000000001 0.49149200000000004 0.6054160000000001 0.5096160000000001 0.513272 0.5080199999999999 0.487868 0.526812 0.481504 0.5824320000000001
1 1 0.55118 0.9226279999999999 0.312208 0.8032 0.298388 0.705392 0.30558 0.77808 0.687048 0.803304 0.704804 0.866544 0.712648 0.9433640000000001 0.6964319999999999 0.998504 0.684904 0.9808479999999999 0.623132 1 0.61866 1 0.55118
1 0.5229199999999999 0.7076520000000001 0.465672 0.717292 0.377264 0.7727839999999999 0.323212 0.809244 0.363936 0.91258 0.40168 0.957492 0.4321 0.9510439999999999 0.480628 0.948116 0.5457080000000001 0.943956 0.570376 0.9289759999999999 0.622484 0.8847200000000001 0.67442 0.843892 0.691064 0.788788 0.660612 0.7190920000000001 0.6175360000000001 0.709236 0.5229199999999999 0.7076520000000001
1 0.407648 1 0.404936 0.996688 0.34971199999999997 0.922176 0.337124 0.882648 0.285632 0.9008200000000001 0.240868 0.930188 0.199648 0.9464 0.236612 1 0.407648 1
1 0.540076 1 0.5412399999999999 0.9974719999999999 0.595336 0.968436 0.651852 0.9294879999999999 0.658212 0.8738680000000001 0.592844 0.9303760000000001 0.5444519999999999 0.958052 0.476156 0.9660360000000001 0.409568 0.9728680000000001 0.426468 1 0.540076 1
1 0.715268 0.7939879999999999 0.6942440000000001 0.848736 0.69352 0.89062 0.739636 0.900076 0.761988 0.914804 0.814152 0.880448 0.816448 0.777072 0.9039999999999999 0.774312 0.892324 0.727548 0.796144 0.71874 0.696288 0.733936 0.715268 0.7939879999999999
1 0.692884 0.9142279999999999 0.6751159999999999 0.9725720000000001 0.74816 0.927444 0.692884 0.9142279999999999
1 1 0.71364 0.919928 0.727968 0.92004 0.783364 0.834432 0.7939160000000001 0.832016 0.8750199999999999 1 0.7646 1 0.71364
1 0.638108 0.148136 0.7466280000000001 0.11632800000000001 0.71878 0.00016800000000000002 0.442092 0.052683999999999995 0.45758 0.171384 0.638108 0.148136
1 0.74224 0 0.7588 0.079144 0.766136 0.132976 0.798504 0.134324 0.840596 0.27896 0.9481680000000001 0.282564 0.759124 0 0.74224 0
1 0.784532 0.155336 0.750868 0.16066 0.7418 0.138628 0.614048 0.170156 0.458852 0.19536 0.476288 0.28626 0.7259559999999999 0.271012 0.8211679999999999 0.27715999999999996 0.784532 0.155336
1 0.35509599999999997 0.299288 0.440716 0.29121199999999997 0.41258 0.016292 0.350252 0.036808 0.258272 0.100504 0.27038799999999996 0.228932 0.293468 0.272972 0.30215200000000003 0.29443600000000003 0.35509599999999997 0.299288
1 0.017936 0.222876 0.246312 0.177284 0.242152 0.076608 0.017936 0.222876
1 0.352972 0 0.24876800000000002 0.068004 0.256444 0.079384 0.347896 0.023496 0.40450400000000003 0.0018679999999999999 0.404244 0 0.352972 0