1 0.12188418125 0.193415178125 0.0111015765625 0.47091086562499995 0.0810898359375 0.810436984375 0.143955859375 0.8241201234375 0.23547924375 0.8290590375000001 0.22511087187499998 0.6858327359375 0.23569199843750002 0.5689735703125 0.2653495640625 0.5758460875 0.2784452953125 0.5387398812499999 0.3700432375 0.5719349499999999 0.36695389375 0.6086973609374999 0.46140681250000004 0.6265895234375 0.48424144687500004 0.5491626140625 0.530104509375 0.5821855515625 0.617535640625 0.61796580625 0.7196470515625 0.6564785125 0.7266070453125 0.6285752765625 0.7535609265625001 0.4905369390625 0.41743435937499995 0.3383060375 0.3051228625 0.24442640937500001 0.2861206015625 0.256434915625 0.1763303765625 0.2294486671875 0.1479265703125 0.199583534375 0.12188418125 0.193415178125
1 0.3348573953125 0.5431141046875 0.273504228125 0.543836503125 0.261594921875 0.5772409046875 0.2438866828125 0.5772639374999999 0.237193690625 0.6115406171875 0.2339162875 0.6579678312499999 0.24760344218750002 0.7320739703125 0.24968263125 0.7325265171875001 0.406163840625 0.6870661703125001 0.4480363609375 0.68979601875 0.5778475015625 0.719165584375 0.59971684375 0.7381852234374999 0.6974065640625 0.7535526328125 0.7005195640624999 0.7376100937500001 0.7247626765625 0.56830744375 0.5094289437499999 0.5214388578125 0.49354484843749996 0.527285328125 0.47014154374999995 0.5784698234375 0.3430328921875 0.5799179 0.3348573953125 0.5431141046875
1 0.7301866687499999 0.7617196015625 0.781065959375 0.7813317734375 0.79652048125 0.7846955359375001 0.8685547874999999 0.7874535390624999 0.9255868578124999 0.7897447125 0.9276680374999999 0.7266655281250001 0.94762263125 0.7270156828125 0.9665589828125001 0.6689811984375 0.968580003125 0.6586309890625001 0.967853853125 0.4165382359375 0.8840406953125 0.3850319484375 0.760559209375 0.3581555171875 0.759336875 0.35794530625 0.7112536656249999 0.7387387734375 0.7301866687499999 0.7617196015625
1 0.291633371875 0.73301386875 0.289161803125 0.845344375 0.306271078125 0.90409708125 0.33632615 0.9134191765624999 0.38146539062499996 0.9348523562500001 0.4060646640625 0.946431103125 0.47451420312500003 0.9613295265625 0.5343314234375 0.9486029453124999 0.5970181234374999 0.9379262765625 0.6222015328125 0.9094116765625 0.6325847703125 0.85623621875 0.63209351875 0.8197907750000001 0.59677618125 0.7896584109375 0.511548934375 0.7413661671875 0.45593919843749997 0.7215980828124999 0.35457356406249996 0.727280909375 0.291633371875 0.73301386875
1 0.22355118593749998 0.859035175 0.17109692031249998 0.86441679375 0.1271811390625 0.859683146875 0.13897220625 0.9248835328125 0.19793230781249999 0.9552492609375 0.28649348125 0.97452509375 0.2868586375 0.972655028125 0.27296943906250004 0.9080450796875 0.27756851875 0.866809209375 0.22355118593749998 0.859035175
1 0.3269878125 0.9623427703124999 0.43202355312499996 0.995058309375 0.43370108281249997 0.995423434375 0.435252709375 0.9956226312500001 0.43693683906249997 0.9939276593749999 0.49881888593749996 0.98263854375 0.5665808593749999 0.9627473890625 0.58010258125 0.936669346875 0.580714721875 0.9335344062500001 0.5547521546875 0.9278835078125001 0.5102012484375 0.946121515625 0.454229440625 0.9578199515625 0.386462490625 0.9451165703125 0.32073435625 0.931835615625 0.3269878125 0.9623427703124999
1 0.62039354375 0.9304963671875001 0.6628541828125 0.9550619906250001 0.67407275 0.9681544234375 0.69560729375 0.9728415375000001 0.7380908484375001 0.960816653125 0.7599200859375 0.8610725265625 0.8394377593750001 0.8859971046874999 0.84342711875 0.865566484375 0.8421376265625 0.8382135156249999 0.7515093562499999 0.797590109375 0.652796221875 0.7790797671874999 0.6596098171875 0.8437931624999999 0.6290399843750001 0.8900151140625001 0.62039354375 0.9304963671875001
1 0.620300440625 1 0.654493584375 0.9733219656250001 0.6547689812499999 0.971911575 0.6211629609375 0.9645970374999999 0.6030387937499999 0.962445725 0.5959768265625 1 0.620300440625 1
1 0.938638934375 0.8692892671875001 0.9466028171875 0.82850400625 0.8911497687500001 0.816434340625 0.8733358093750001 0.8166702812500001 0.8641186078124999 0.8712288734375001 0.777328778125 0.8676960234375001 0.7615441890625 0.9458077046875 0.7634131140625 0.9462144859375 0.938638934375 0.8692892671875001
1 0.7464666171875 0.21191510624999998 0.7956503796875001 0.21766339375000002 0.804924809375 0.1701664578125 0.8166459250000001 0.1005146921875 0.5398038859375001 0.04066105625 0.5269252328125 0.08660230937499999 0.513177328125 0.15700915937499998 0.5807694140625 0.1758501875 0.7464666171875 0.21191510624999998
1 1 0.3449307828125 0.8140245374999999 0.09556195468749999 0.7972751859375 0.0959803296875 0.8195784828124999 0.175192665625 0.8308522703125 0.2291684703125 0.8630622078125001 0.2297225609375 0.9144085125 0.371032946875 0.9294894578124999 0.3743154 1 0.374948275 1 0.3449307828125
1 0.665993584375 0.2067309859375 0.511413746875 0.23067747500000002 0.5074713625 0.250867528125 0.5148994015625 0.319095953125 0.519432315625 0.3200825671875 0.7711636421875 0.30502099843749997 0.8670045937499999 0.31081234687500003 0.8673568968750001 0.3090081 0.8436766062500001 0.20270635937499998 0.813549225 0.19614896875 0.80645579375 0.197219784375 0.8054995937499999 0.1943969203125 0.7607746453125 0.1846622875 0.665993584375 0.2067309859375
1 0.356602478125 0.25091484999999997 0.362820134375 0.2736441921875 0.392468225 0.28130591250000003 0.420728065625 0.2874568234375 0.4869267609375 0.29198072812500003 0.5009494015625 0.22016687343750002 0.5028286609375 0.017522318749999998 0.496778925 0.016205559375 0.43891167031249995 0.025510882812500003 0.3408582609375 0.07388284218749999 0.33863860625000003 0.20342600156250001 0.356602478125 0.25091484999999997
1 0.33373053124999996 0.0775056125 0.0706678703125 0.1063232453125 0.0703601625 0.1078991046875 0.15295814375 0.13048702968749998 0.29538145781249997 0.16148625625 0.33300213749999996 0.08123591875 0.33373053124999996 0.0775056125
1 0.3433968953125 0.04937273125 0.346899315625 0.050135053124999995 0.4409428453125 0.010263059375 0.4021778203125 0.0093607921875 0.3381552546875 0.038813909375 0.3433968953125 0.04937273125