0 0.0639884765625 0.9283900390625 0.1208111328125 0.9631150390625 0.15460732421875 0.9990234375 0 0.9990234375 0 0.9406431640625 0.0639884765625 0.9283900390625
0 0.02768505859375 0.78159814453125 0.146065625 0.8542048828125 0.1097623046875 0.9457525390625 0.07345888671875 0.9220763671875 0 0.93236064453125 0 0.79062587890625 0.02768505859375 0.78159814453125
0 0.04741513671875 0.77923056640625 0 0.7499080078125 0 0.72169755859375 0.0403123046875 0.65611474609375 0.0947673828125 0.6269142578125 0.128703125 0.67347724609375 0.1144974609375 0.7539759765625 0.04741513671875 0.77923056640625
0 0.606566015625 0.98876416015625 0.64089638671875 0.9240494140625 0.722184375 0.8936650390625 0.72178974609375 0.83171259765625 0.77032578125 0.78396572265625 0.87016005859375 0.7669978515625 0.9990234375 0.80474033203125 0.9990234375 0.9990234375 0.61431279296875 0.9990234375 0.606566015625 0.98876416015625
0 0.44280625 0.948909375 0.33389609375 0.907870703125 0.32758251953125 0.8179015625 0.36704267578125 0.7579220703125 0.44754140625 0.75950048828125 0.5706572265625 0.75634365234375 0.50120732421875 0.8999787109375 0.44280625 0.948909375
0 0.283387109375 0.73898115234375 0.2281427734375 0.61902216796875 0.397032421875 0.5037984375 0.47753115234375 0.56062109375 0.58012763671875 0.5858755859375 0.64642080078125 0.7058345703125 0.48068798828125 0.75002998046875 0.40808125 0.74529482421875 0.283387109375 0.73898115234375
0 0.80899677734375 0.3648986328125 0.8673978515625 0.387785546875 0.88870634765625 0.45644619140625 0.8500353515625 0.49432802734375 0.8097859375 0.52747451171875 0.75138486328125 0.52826376953125 0.6929837890625 0.4895927734375 0.73165478515625 0.40830478515625 0.7584876953125 0.38068271484375 0.80899677734375 0.3648986328125
0 0.64494130859375 0.35414296875 0.60775400390625 0.1668291015625 0.63667744140625 0.1089822265625 0.7675216796875 0.11035947265625 0.80470908203125 0.17922490234375 0.836387109375 0.34450185546875 0.73584365234375 0.3610294921875 0.64494130859375 0.35414296875
0 0.4851150390625 0.1421119140625 0.51956962890625 0.28895439453125 0.454762109375 0.31356484375 0.384212109375 0.3275107421875 0.32924873046875 0.29469677734375 0.33006904296875 0.17410556640625 0.419487109375 0.13636943359375 0.4851150390625 0.1421119140625
0 0.62890361328125 0 0.787244140625 0 0.76977607421875 0.04367001953125 0.76239296875 0.10027412109375 0.647544140625 0.09125029296875 0.6352388671875 0.0264427734375 0.62890361328125 0
0 0.0150578125 0.418564453125 0.0687236328125 0.48012236328125 0.14448720703125 0.532209765625 0.026106640625 0.6206005859375 0 0.61723203125 0 0.42071552734375 0.0150578125 0.418564453125
0 0.21551552734375 0.24651806640625 0.31022001953125 0.309654296875 0.288122265625 0.3980451171875 0.19341787109375 0.43750537109375 0.1097623046875 0.42803486328125 0.043469140625 0.33490888671875 0.1097623046875 0.27492939453125 0.1713201171875 0.2623021484375 0.21551552734375 0.24651806640625
0 0.2652615234375 0.040388671875 0.19717255859375 0.057616015625 0.191430078125 0.00757470703125 0.1894205078125 0 0.30137373046875 0 0.2652615234375 0.040388671875
0 0.85923515625 0 0.9990234375 0 0.9990234375 0.05755751953125 0.9254373046875 0.048797265625 0.90492861328125 0.032390234375 0.85923515625 0