0 0.007902734375 0.45479169921875 0.01240078125 0.4759708984375 0.00458896484375 0.48935986328125 0 0.492279296875 0 0.4535185546875 0.007902734375 0.45479169921875
0 0.23872685546875 0.94742890625 0.2997365234375 0.9990234375 0.18040263671875 0.9990234375 0.23872685546875 0.94742890625
0 0.01491435546875 0.96671123046875 0.0796478515625 0.99356875 0.07712578125 0.9990234375 0 0.9990234375 0 0.9764552734375 0.01491435546875 0.96671123046875
0 0.09066630859375 0.7897271484375 0.03832861328125 0.7470306640625 0.03763994140625 0.6857404296875 0.10581669921875 0.68023115234375 0.10375068359375 0.62307294921875 0.16504091796875 0.604479296875 0.21875595703125 0.5803763671875 0.24079287109375 0.5053130859375 0.3027716796875 0.53285927734375 0.33720439453125 0.62100693359375 0.30139443359375 0.707088671875 0.25663193359375 0.71810712890625 0.20153955078125 0.7897271484375 0.09066630859375 0.7897271484375
0 0.1694419921875 0.41669130859375 0.1770009765625 0.42588095703125 0.18512001953125 0.4359060546875 0.19910078125 0.4383982421875 0.2091638671875 0.43755009765625 0.2192255859375 0.43558701171875 0.22398076171875 0.437811328125 0.22930126953125 0.4453310546875 0.22847646484375 0.4570392578125 0.2240130859375 0.465128125 0.21759580078125 0.47572802734375 0.21648251953125 0.47991044921875 0.2162109375 0.4866005859375 0.22097587890625 0.49718720703125 0.224616796875 0.5027578125 0.22518642578125 0.511676953125 0.2240791015625 0.5208767578125 0.21905634765625 0.5286875 0.2184982421875 0.5295244140625 0.21738427734375 0.5331494140625 0.21851103515625 0.54039541015625 0.21851630859375 0.5448552734375 0.21712314453125 0.548759375 0.2129357421875 0.55378173828125 0.21126103515625 0.556013671875 0.2067951171875 0.56187255859375 0.201493359375 0.57024111328125 0.1953484375 0.57470830078125 0.193115234375 0.5774984375 0.18892978515625 0.5841931640625 0.18194453125 0.58726767578125 0.177471875 0.58755166015625 0.169364453125 0.58728251953125 0.1593013671875 0.5881306640625 0.15539482421875 0.59426767578125 0.15092978515625 0.60096279296875 0.14283056640625 0.60766220703125 0.13053466796875 0.61157919921875 0.1210296875 0.6115904296875 0.109562890625 0.6074228515625 0.09977216796875 0.60213837890625 0.0910962890625 0.5940650390625 0.0880076171875 0.582640234375 0.08828515625 0.58096748046875 0.09302880859375 0.5734357421875 0.0927392578125 0.56507373046875 0.08993515625 0.55782978515625 0.0896490234375 0.5522552734375 0.0896443359375 0.54835283203125 0.09103125 0.53915263671875 0.09744521484375 0.52576533203125 0.10414599609375 0.51851005859375 0.11253076171875 0.516827734375 0.12455244140625 0.51737099609375 0.133773828125 0.51401513671875 0.1396306640625 0.5023009765625 0.13569873046875 0.48697470703125 0.12926298828125 0.48196494140625 0.12841337890625 0.4727673828125 0.12840478515625 0.4655201171875 0.1336953125 0.44767421875 0.13703837890625 0.4379142578125 0.13535087890625 0.4292751953125 0.13393984375 0.4181271484375 0.1372806640625 0.40641591796875 0.1411892578125 0.4019513671875 0.15404716796875 0.40054248046875 0.15852177734375 0.401930859375 0.1652380859375 0.4077765625 0.1694419921875 0.41669130859375
0 0.81874560546875 0.99305224609375 0.85042373046875 0.9286630859375 0.92583134765625 0.93830419921875 0.96956083984375 0.89629638671875 0.98505556640625 0.9668833984375 0.97319638671875 0.9990234375 0.82420654296875 0.9990234375 0.81874560546875 0.99305224609375
0 0.44749033203125 0.9890373046875 0.4228798828125 0.8405541015625 0.3695572265625 0.80691982421875 0.39991005859375 0.7519564453125 0.57628515625 0.73719013671875 0.673906640625 0.81922509765625 0.7231275390625 0.9225890625 0.69523935546875 0.9990234375 0.48872353515625 0.9990234375 0.44749033203125 0.9890373046875
0 0.89458046875 0.605934375 0.955286328125 0.8873140625 0.92583134765625 0.93623828125 0.838372265625 0.91902197265625 0.7477380859375 0.93899599609375 0.6960560546875 0.8184046875 0.62796708984375 0.77656689453125 0.63699091796875 0.65925703125 0.7707078125 0.58132392578125 0.89458046875 0.605934375
0 0.96336298828125 0.57813828125 0.97086337890625 0.59302294921875 0.99400810546875 0.59501025390625 0.9990234375 0.59835380859375 0.9990234375 0.74105439453125 0.98298544921875 0.7391353515625 0.9760533203125 0.72625625 0.96405166015625 0.72964208984375 0.951655859375 0.726198828125 0.93237353515625 0.72413291015625 0.9210107421875 0.6976197265625 0.91560419921875 0.671694140625 0.9072048828125 0.66111181640625 0.9099931640625 0.654976171875 0.9144462890625 0.6382462890625 0.90241708984375 0.6139482421875 0.921355078125 0.6008638671875 0.9535314453125 0.5936009765625 0.96336298828125 0.57813828125
0 0.9167298828125 0.464834375 0.947903125 0.58132392578125 0.9109875 0.605934375 0.76824677734375 0.5755814453125 0.7395345703125 0.58870703125 0.7707078125 0.527180859375 0.83387470703125 0.4968279296875 0.9167298828125 0.464834375
0 0.4950783203125 0.28098408203125 0.55154794921875 0.22795771484375 0.60250830078125 0.24517412109375 0.6392822265625 0.255103125 0.67173720703125 0.27736416015625 0.675873046875 0.30905390625 0.6658248046875 0.3224455078125 0.65577529296875 0.33472216796875 0.65244833984375 0.358140625 0.659193359375 0.3882369140625 0.65809365234375 0.4038478515625 0.6596666015625 0.42904462890625 0.6311279296875 0.4512685546875 0.6054310546875 0.47025361328125 0.5865982421875 0.4641412109375 0.55223662109375 0.510305859375 0.515737890625 0.5013533203125 0.5033421875 0.45452490234375 0.46890947265625 0.43799716796875 0.5015455078125 0.40737822265625 0.47803359375 0.38287666015625 0.47304140625 0.3526041015625 0.4991994140625 0.3148380859375 0.4950783203125 0.28098408203125
0 0.96405166015625 0.40287578125 0.88623369140625 0.3835935546875 0.8394052734375 0.3526041015625 0.7946427734375 0.2988890625 0.82150029296875 0.16322421875 0.890365625 0.13912138671875 0.99435244140625 0.180440625 0.9990234375 0.1844970703125 0.9990234375 0.4409701171875 0.96405166015625 0.40287578125
0 0.34138818359375 0.43209736328125 0.34893193359375 0.42846474609375 0.356756640625 0.42594677734375 0.36738173828125 0.42760673828125 0.37493447265625 0.4315001953125 0.38137021484375 0.4365099609375 0.3894873046875 0.44486259765625 0.39900244140625 0.4534923828125 0.404612109375 0.46909541015625 0.40630458984375 0.481915625 0.39709111328125 0.491961328125 0.39318427734375 0.49781953125 0.39235283203125 0.50395283203125 0.3932013671875 0.51231416015625 0.3879 0.5209615234375 0.38007578125 0.523758203125 0.3652625 0.52656318359375 0.35967626953125 0.5307509765625 0.35269267578125 0.535219140625 0.344870703125 0.5399669921875 0.3356501953125 0.54415908203125 0.32726708984375 0.54723525390625 0.31720341796875 0.54752587890625 0.31496328125 0.54446240234375 0.311874609375 0.5330375 0.31354208984375 0.5246732421875 0.3168826171875 0.51268330078125 0.3191111328125 0.5059908203125 0.3244134765625 0.4981796875 0.324125 0.49065400390625 0.3271912109375 0.48312431640625 0.3313802734375 0.47949560546875 0.33445009765625 0.47503212890625 0.33779326171875 0.46527216796875 0.33890625 0.4608109375 0.33889931640625 0.45495732421875 0.3338576171875 0.4468796875 0.3338560546875 0.44548603515625 0.3327298828125 0.4387974609375 0.3335619140625 0.43322158203125 0.34138818359375 0.43209736328125
0 0.27258408203125 0.4043044921875 0.28432353515625 0.4026181640625 0.293274609375 0.4070673828125 0.2994380859375 0.41820986328125 0.30783935546875 0.4304646484375 0.321274609375 0.4443859375 0.325199609375 0.45385859375 0.33248134765625 0.46499970703125 0.329137890625 0.47448095703125 0.3235513671875 0.47838994140625 0.3162927734375 0.48676083984375 0.3191021484375 0.49846474609375 0.31519765625 0.50627421875 0.3051427734375 0.51409091796875 0.2950787109375 0.51410283203125 0.285009375 0.5096548828125 0.271018359375 0.4985216796875 0.26039248046875 0.496304296875 0.2408123046875 0.4868501953125 0.23745361328125 0.48350927734375 0.233524609375 0.47069169921875 0.23406064453125 0.45117900390625 0.23349033203125 0.44170244140625 0.228454296875 0.4383634765625 0.2295626953125 0.42999990234375 0.231228125 0.4199630859375 0.2429609375 0.41270185546875 0.25413857421875 0.40878623046875 0.27258408203125 0.4043044921875
0 0.46890947265625 0.14531923828125 0.47648466796875 0.2479287109375 0.44411796875 0.2940685546875 0.36974326171875 0.32023740234375 0.32016025390625 0.283738671875 0.2864162109375 0.22658046875 0.33393330078125 0.1425646484375 0.3745638671875 0.09986806640625 0.46890947265625 0.14531923828125