0 0.5034703125 0.99067802734375 0.5135017578125 0.9990234375 0.4647962890625 0.9990234375 0.5034703125 0.99067802734375
0 0.530541796875 0.932433203125 0.63800751953125 0.8918259765625 0.67615380859375 0.9065921875 0.6654892578125 0.94801982421875 0.72045263671875 0.97960322265625 0.7127626953125 0.9990234375 0.5253126953125 0.9990234375 0.51454501953125 0.9886271484375 0.530541796875 0.932433203125
0 0.8681154296875 0.9709896484375 0.8857529296875 0.914795703125 0.95507236328125 0.879520703125 0.9990234375 0.90369375 0.9990234375 0.97177958984375 0.9915779296875 0.9800134765625 0.9046208984375 0.99560009765625 0.8681154296875 0.9709896484375
0 0.7532666015625 0.791743359375 0.7622904296875 0.8393236328125 0.758598828125 0.90782275390625 0.73521884765625 0.93858583984375 0.7110185546875 0.92299921875 0.65974677734375 0.87746982421875 0.68066572265625 0.808970703125 0.7286560546875 0.7773873046875 0.7532666015625 0.791743359375
0 0.86606455078125 0.737600390625 0.917336328125 0.7962552734375 0.9571232421875 0.86926630859375 0.89190556640625 0.90700244140625 0.829558984375 0.89469716796875 0.81315205078125 0.861883203125 0.77459560546875 0.835221875 0.7454732421875 0.764671875 0.84842705078125 0.694121875 0.86606455078125 0.737600390625
0 0.9478943359375 0.993959375 0.9990234375 0.9808763671875 0.9990234375 0.9990234375 0.94703349609375 0.9990234375 0.9478943359375 0.993959375
0 0.98050322265625 0.64777216796875 0.9312822265625 0.6116767578125 0.9743505859375 0.5415369140625 0.9990234375 0.5475322265625 0.9990234375 0.638056640625 0.98050322265625 0.64777216796875
0 0.83571162109375 0.1321828125 0.865244140625 0.13341337890625 0.882471484375 0.14571865234375 0.90571025390625 0.169455859375 0.91520068359375 0.1571798828125 0.903530859375 0.13739970703125 0.90112060546875 0.11674013671875 0.91664921875 0.09646962890625 0.93397919921875 0.094219140625 0.958196875 0.1103 0.97833427734375 0.118080859375 0.99456455078125 0.13144130859375 0.9990234375 0.134989453125 0.9990234375 0.3992513671875 0.9965 0.41233203125 0.9753189453125 0.4040755859375 0.96357890625 0.4052044921875 0.956862890625 0.3996375 0.9462291015625 0.39073037109375 0.933743359375 0.42791865234375 0.8960072265625 0.42791865234375 0.87960029296875 0.39305380859375 0.89474951171875 0.35622724609375 0.89139150390625 0.35344375 0.891943359375 0.3473107421875 0.8767291015625 0.33644970703125 0.8599119140625 0.32783603515625 0.85663056640625 0.3126595703125 0.8650509765625 0.30107119140625 0.8538607421875 0.29439462890625 0.84938583984375 0.29272744140625 0.84323427734375 0.2916197265625 0.82980888671875 0.28606083984375 0.82029599609375 0.2793822265625 0.814691015625 0.267681640625 0.81412197265625 0.25932001953125 0.8152255859375 0.24705400390625 0.819683984375 0.234783984375 0.83085107421875 0.22194853515625 0.8392251953125 0.2113462890625 0.84201357421875 0.20521064453125 0.84423544921875 0.19294326171875 0.83974599609375 0.17901142578125 0.81848427734375 0.1608951171875 0.81848427734375 0.14941015625 0.83571162109375 0.1321828125
0 0.99224638671875 0.0625943359375 0.92901103515625 0.06956728515625 0.9061123046875 0.0370521484375 0.90162880859375 0.0281376953125 0.868581640625 0.0129255859375 0.8695236328125 0 0.9990234375 0 0.9990234375 0.06177529296875 0.99224638671875 0.0625943359375
0 0.02446416015625 0.93830419921875 0.06819365234375 0.89629638671875 0.08368837890625 0.9668833984375 0.07182919921875 0.9990234375 0 0.9990234375 0 0.9351763671875 0.02446416015625 0.93830419921875
0 0.053919140625 0.8873140625 0.02446416015625 0.93623828125 0 0.9314224609375 0 0.6373916015625 0.053919140625 0.8873140625
0 0.149110546875 0.75271201171875 0.11812109375 0.75477802734375 0.1243189453125 0.71552470703125 0.1480775390625 0.681436328125 0.1546197265625 0.63357490234375 0.20558017578125 0.65389013671875 0.2093677734375 0.7203453125 0.193184375 0.743415234375 0.149110546875 0.75271201171875
0 0.06199580078125 0.57813828125 0.06949619140625 0.59302294921875 0.09264091796875 0.59501025390625 0.1112345703125 0.6074060546875 0.13499306640625 0.622212109375 0.1394693359375 0.6383955078125 0.133855859375 0.64479296875 0.13331982421875 0.6643056640625 0.1327884765625 0.68772080078125 0.1305619140625 0.6960857421875 0.12218447265625 0.70390048828125 0.1177234375 0.71394052734375 0.11674375 0.7337740234375 0.1000716796875 0.74134345703125 0.08161826171875 0.7391353515625 0.0746861328125 0.72625625 0.06268447265625 0.72964208984375 0.050288671875 0.726198828125 0.03100634765625 0.72413291015625 0.0196435546875 0.6976197265625 0.01423701171875 0.671694140625 0.0058376953125 0.66111181640625 0.0086259765625 0.654976171875 0.0130791015625 0.6382462890625 0.00104990234375 0.6139482421875 0.019987890625 0.6008638671875 0.0521642578125 0.5936009765625 0.06199580078125 0.57813828125
0 0.0153626953125 0.464834375 0.0465359375 0.58132392578125 0.0096203125 0.605934375 0 0.603888671875 0 0.47076650390625 0.0153626953125 0.464834375
0 0.13809208984375 0.5409509765625 0.12707353515625 0.448326953125 0.178033984375 0.3987439453125 0.21969755859375 0.42353544921875 0.2668703125 0.4648546875 0.2362251953125 0.5165037109375 0.206957421875 0.5474931640625 0.13809208984375 0.5409509765625
0 0.09298525390625 0.180440625 0.19766064453125 0.27134296875 0.1012490234375 0.44488369140625 0.06268447265625 0.40287578125 0 0.387343359375 0 0.14349287109375 0.09298525390625 0.180440625
0 0.3340140625 0.81296923828125 0.27892177734375 0.69452080078125 0.33814599609375 0.5554126953125 0.51168681640625 0.650446875 0.650794921875 0.70829384765625 0.6576814453125 0.81847841796875 0.5984572265625 0.8983623046875 0.5447421875 0.91075810546875 0.48138603515625 0.84464736328125 0.3340140625 0.81296923828125
0 0.563225 0.433419140625 0.62059765625 0.435715625 0.66424033203125 0.4624232421875 0.67431630859375 0.47244609375 0.6799365234375 0.49696884765625 0.69114658203125 0.52037001953125 0.69676552734375 0.54377783203125 0.695677734375 0.56942353515625 0.69461162109375 0.59978173828125 0.6486720703125 0.61372763671875 0.62862099609375 0.60072236328125 0.572711328125 0.61865419921875 0.536912109375 0.6053169921875 0.5268263671875 0.57073876953125 0.50891220703125 0.55180546875 0.49770478515625 0.5306341796875 0.5021591796875 0.51501923828125 0.5233685546875 0.4837748046875 0.52069765625 0.4656546875 0.5330619140625 0.457984375 0.563225 0.433419140625
0 0.81766396484375 0.280255859375 0.88493251953125 0.369263671875 0.828328515625 0.456220703125 0.793053515625 0.50831279296875 0.73152734375 0.50749248046875 0.7200423828125 0.45868173828125 0.687638671875 0.4709869140625 0.66302822265625 0.42873896484375 0.68640810546875 0.37131455078125 0.6576958984375 0.315530859375 0.724144140625 0.25441484375 0.77910751953125 0.28640849609375 0.81766396484375 0.280255859375
0 0.5202875 0.43612216796875 0.48624296875 0.30650703125 0.50880263671875 0.281896484375 0.54038603515625 0.30076455078125 0.582223828125 0.2724625 0.58386455078125 0.1887869140625 0.62488193359375 0.13095234375 0.723733984375 0.1793529296875 0.78197880859375 0.22119072265625 0.7192220703125 0.2499029296875 0.654004296875 0.3126595703125 0.67738427734375 0.37090439453125 0.652363671875 0.42873896484375 0.6125767578125 0.41971513671875 0.5202875 0.43612216796875
0 0.529721484375 0.0616328125 0.62488193359375 0.1268505859375 0.57278984375 0.1850953125 0.57114912109375 0.26548955078125 0.53546396484375 0.28722880859375 0.4813208984375 0.26918115234375 0.4288185546875 0.27205234375 0.371394140625 0.30896806640625 0.31273916015625 0.19411923828125 0.33858017578125 0.13751513671875 0.380828125 0.07270751953125 0.46696484375 0.052608984375 0.529721484375 0.0616328125
0 0.80987392578125 0.01172041015625 0.770620703125 0.1577150390625 0.73549931640625 0.178374609375 0.6721431640625 0.13877705078125 0.58571708984375 0.0819630859375 0.6208384765625 0.02755947265625 0.6505736328125 0 0.77874765625 0 0.80987392578125 0.01172041015625