0 0.016087890625 0.1847384765625 0.02200673828125 0.200175390625 0.02276259765625 0.21561845703125 0.01466162109375 0.2259240234375 0 0.23249833984375 0 0.17237353515625 0.016087890625 0.1847384765625
0 0.02620400390625 0.00822451171875 0.033605859375 0.03027841796875 0.02994423828125 0.05234560546875 0.016684765625 0.066334375 0.0004740234375 0.07959130859375 0.01524892578125 0.09943017578125 0.024865234375 0.12295234375 0.02414951171875 0.1413388671875 0.00720478515625 0.15753837890625 0 0.15709794921875 0 0 0.0183953125 0 0.02620400390625 0.00822451171875
0 0.5369974609375 0.98255498046875 0.5326822265625 0.9990234375 0.42382197265625 0.9990234375 0.433871484375 0.968875 0.498763671875 0.97062880859375 0.5369974609375 0.98255498046875
0 0.2083271484375 0.9418658203125 0.25568095703125 0.83593369140625 0.30338544921875 0.82470908203125 0.43492373046875 0.87907822265625 0.41783662109375 0.9990234375 0.22692060546875 0.9990234375 0.2083271484375 0.9418658203125
0 0.9990234375 0.99088369140625 0.9990234375 0.9990234375 0.98702607421875 0.9990234375 0.9990234375 0.99088369140625
0 0.86782548828125 0.7649625 0.91756728515625 0.7963701171875 0.92784814453125 0.816811328125 0.91683544921875 0.8443578125 0.91291025390625 0.8608826171875 0.89951201171875 0.87269853515625 0.880605078125 0.89632119140625 0.87982919921875 0.90733544921875 0.86722080078125 0.919937109375 0.8435689453125 0.93412529296875 0.82545 0.9569603515625 0.813625 0.964841015625 0.78994306640625 0.953855859375 0.7843998046875 0.9365556640625 0.7796576171875 0.92948134765625 0.76860380859375 0.922414453125 0.7670099609375 0.90904296875 0.7559533203125 0.899616015625 0.7464671875 0.8838939453125 0.75197021484375 0.86736728515625 0.77561650390625 0.84845908203125 0.78507275390625 0.8390078125 0.7905787109375 0.8248412109375 0.79608544921875 0.811461328125 0.811055078125 0.79413671875 0.81972333984375 0.785473046875 0.83706826171875 0.77522578125 0.86782548828125 0.7649625
0 0.78639775390625 0.626212109375 0.8140271484375 0.63955263671875 0.84602470703125 0.61994775390625 0.9229173828125 0.65122314453125 0.95055244140625 0.66928369140625 0.99706923828125 0.642481640625 0.9990234375 0.64373544921875 0.9990234375 0.74113095703125 0.9782455078125 0.73611767578125 0.96009013671875 0.72827265625 0.95299794921875 0.73536103515625 0.9690607421875 0.7550455078125 0.9714509765625 0.774709375 0.94143388671875 0.78551064453125 0.9277849609375 0.7637111328125 0.89544609375 0.7708296875 0.88425849609375 0.76271064453125 0.87408623046875 0.74692607421875 0.855959765625 0.73862314453125 0.8259859375 0.74416552734375 0.81901552734375 0.7542921875 0.78639404296875 0.744470703125 0.79992041015625 0.719023046875 0.76534794921875 0.721670703125 0.740794140625 0.7048337890625 0.7235123046875 0.6767021484375 0.72743095703125 0.654670703125 0.7464064453125 0.63257548828125 0.78639775390625 0.626212109375
0 0.9856306640625 0.58802783203125 0.9990234375 0.5513572265625 0.9990234375 0.60710234375 0.9856306640625 0.58802783203125
0 0.9283388671875 0.24156884765625 0.9416115234375 0.238611328125 0.9711158203125 0.24004716796875 0.98588466796875 0.2547380859375 0.9888611328125 0.276797265625 0.9990234375 0.28578271484375 0.9990234375 0.33585234375 0.9933634765625 0.341509375 0.986017578125 0.36652255859375 0.9990234375 0.389154296875 0.9990234375 0.424713671875 0.99789560546875 0.43122578125 0.992023046875 0.45476640625 0.97579833984375 0.45625654296875 0.953664453125 0.4503994140625 0.94037080078125 0.43570673828125 0.92561953125 0.43572431640625 0.9153146484375 0.45338681640625 0.89023916015625 0.45488740234375 0.88138486328125 0.45195625 0.86808076171875 0.4284384765625 0.8665654296875 0.3946107421875 0.86062470703125 0.36078828125 0.8605931640625 0.33431298828125 0.86498359375 0.30489072265625 0.87824052734375 0.28869560546875 0.8900275390625 0.27691484375 0.90770634765625 0.25777275390625 0.9283388671875 0.24156884765625
0 0.7625720703125 0.0873267578125 0.77436435546875 0.07995849609375 0.82011787109375 0.10049599609375 0.84668935546875 0.11664375 0.8718015625 0.146030859375 0.89985517578125 0.16806025390625 0.90579765625 0.20335361328125 0.90140380859375 0.22983408203125 0.90732177734375 0.244535546875 0.898504296875 0.2724921875 0.874925 0.29164130859375 0.86315537109375 0.31813056640625 0.86170830078125 0.34166591796875 0.84993349609375 0.36374267578125 0.79683759765625 0.37116005859375 0.76290439453125 0.366787890625 0.73486123046875 0.35358349609375 0.70827744140625 0.32713984375 0.68907109375 0.302158203125 0.700840625 0.2756689453125 0.6801748046875 0.2639267578125 0.66540078125 0.2448232421875 0.6697859375 0.2109884765625 0.6889154296875 0.171252734375 0.69625087890625 0.137414453125 0.716874609375 0.11385634765625 0.73309931640625 0.1123662109375 0.74343046875 0.11676650390625 0.7508130859375 0.12264111328125 0.7625720703125 0.0873267578125
0 0.91925546875 0.045956640625 0.9384443359375 0.0562296875 0.95174326171875 0.0753349609375 0.97387021484375 0.07530869140625 0.994546484375 0.0958759765625 0.98720576171875 0.12530166015625 0.96508759765625 0.1326822265625 0.95036962890625 0.1606458984375 0.93266279296875 0.15625439453125 0.9193779296875 0.14891591796875 0.8869111328125 0.13718779296875 0.88099482421875 0.12395712890625 0.87804111328125 0.1210189453125 0.8588591796875 0.11662919921875 0.847044140625 0.10487646484375 0.835230859375 0.09459453125 0.83522041015625 0.08576953125 0.8602888671875 0.07838544921875 0.87060947265625 0.07396064453125 0.88092490234375 0.0651232421875 0.89123154296875 0.048931640625 0.91925546875 0.045956640625
0 0.84093671875 0.08594658203125 0.82839814453125 0.08596142578125 0.815116796875 0.08156474609375 0.8084646484375 0.069805859375 0.8091794921875 0.05068388671875 0.80990830078125 0.04332880859375 0.81652890625 0.02861240234375 0.82241806640625 0.019044921875 0.82535869140625 0.0109517578125 0.83714921875 0.00211259765625 0.836820703125 0 0.92312685546875 0 0.9300857421875 0.00494375 0.9352556640625 0.01082099609375 0.9374990234375 0.036558203125 0.92497177734375 0.04613369140625 0.90284404296875 0.04542451171875 0.89031064453125 0.04985205078125 0.88147216796875 0.06015849609375 0.87042705078125 0.07561552734375 0.84093671875 0.08594658203125
0 0.6153873046875 0.7892560546875 0.64852919921875 0.79393662109375 0.667475390625 0.80335419921875 0.67539306640625 0.82694482421875 0.70222138671875 0.83005966796875 0.7196083984375 0.85521240234375 0.69755869140625 0.88985205078125 0.67554267578125 0.95281181640625 0.609301953125 0.97963740234375 0.5666962890625 0.9781146484375 0.54296396484375 0.92464931640625 0.55078623046875 0.8679998046875 0.57600302734375 0.84279638671875 0.5948744140625 0.78928046875 0.6153873046875 0.7892560546875
0 0.322677734375 0.82304287109375 0.31636396484375 0.68834765625 0.42580380859375 0.61468623046875 0.52261591796875 0.656076953125 0.5148990234375 0.8272521484375 0.41878837890625 0.86232900390625 0.322677734375 0.82304287109375
0 0.10331650390625 0.4690791015625 0.12004482421875 0.44753798828125 0.1762759765625 0.4443560546875 0.236388671875 0.46736337890625 0.24083515625 0.5156421875 0.261155078125 0.5265208984375 0.28148623046875 0.54674482421875 0.2893244140625 0.57009873046875 0.28310751953125 0.59658447265625 0.29407353515625 0.6230498046875 0.30660166015625 0.64951328125 0.28164912109375 0.683808984375 0.239519140625 0.7227978515625 0.19008720703125 0.75709833984375 0.14027802734375 0.7599044921875 0.10985908203125 0.7167216796875 0.0329427734375 0.71851376953125 0.04730185546875 0.65449404296875 0.00768740234375 0.65397236328125 0 0.6455642578125 0 0.50991689453125 0.0195716796875 0.4876876953125 0.08301318359375 0.47221826171875 0.10331650390625 0.4690791015625
0 0.451330859375 0.3576796875 0.49268046875 0.337003515625 0.50216806640625 0.32249755859375 0.51221552734375 0.3085484375 0.52281533203125 0.28902373046875 0.5334205078125 0.273958984375 0.54907099609375 0.27003798828125 0.56863046875 0.26220986328125 0.585413671875 0.27055224609375 0.60891884765625 0.28947890625 0.62793916015625 0.29837607421875 0.636898828125 0.31007265625 0.63356337890625 0.32624375 0.63191259765625 0.34854521484375 0.63361376953125 0.36861279296875 0.640898046875 0.3819837890625 0.6437068359375 0.3931302734375 0.63702138671875 0.41320771484375 0.6264162109375 0.4282724609375 0.621398828125 0.4405431640625 0.61919091796875 0.4645177734375 0.61417412109375 0.47734599609375 0.590712109375 0.49465595703125 0.5487822265625 0.49749326171875 0.53033359375 0.4991876953125 0.527528125 0.4908287109375 0.52528505859375 0.4852564453125 0.50235498046875 0.47970888671875 0.49397490234375 0.48529365234375 0.4732892578125 0.486433203125 0.45482734375 0.4769779296875 0.44531318359375 0.469184375 0.4329896484375 0.44968701171875 0.42232880859375 0.4179228515625 0.418958203125 0.40454716796875 0.41334921875 0.38950166015625 0.415560546875 0.368314453125 0.4261703125 0.3571521484375 0.451330859375 0.3576796875
0 0.1828 0.2036615234375 0.19016162109375 0.1918859375 0.20488671875 0.1698056640625 0.22552978515625 0.16242685546875 0.25504453125 0.17268779296875 0.274245703125 0.1932568359375 0.3067107421875 0.2035142578125 0.33176513671875 0.18436337890625 0.3716041015625 0.19314111328125 0.39228388671875 0.2166501953125 0.38642705078125 0.25342841796875 0.37465224609375 0.275505078125 0.36584521484375 0.31228681640625 0.35552275390625 0.3152408203125 0.33783525390625 0.32702861328125 0.3658958984375 0.35494140625 0.36447841796875 0.40348115234375 0.3394205078125 0.41969033203125 0.29223037109375 0.43151318359375 0.273051953125 0.43006513671875 0.2228958984375 0.42865390625 0.19633310546875 0.4198603515625 0.19039580078125 0.3889794921875 0.2021583984375 0.3566068359375 0.20065009765625 0.3286625 0.2109392578125 0.29776240234375 0.21238642578125 0.2742271484375 0.2049880859375 0.25511484375 0.18724638671875 0.22130634765625 0.1828 0.2036615234375
0 0.41764326171875 0.23897490234375 0.44613857421875 0.222773828125 0.4735255859375 0.2149365234375 0.48918466796875 0.21826279296875 0.507651171875 0.2316205078125 0.52053583984375 0.25278974609375 0.5093755859375 0.27120009765625 0.49261884765625 0.2851572265625 0.4820103515625 0.2974345703125 0.46916474609375 0.30915712890625 0.46750732421875 0.32588369140625 0.46472099609375 0.333691796875 0.452424609375 0.3370513671875 0.449066015625 0.33371044921875 0.44738603515625 0.33148251953125 0.44737138671875 0.3192177734375 0.4445666015625 0.31141630859375 0.42891220703125 0.3119923828125 0.4277986328125 0.31589609375 0.4238955078125 0.3248205078125 0.4132796875 0.33096552734375 0.40321904296875 0.33376494140625 0.3976259765625 0.33209912109375 0.38643115234375 0.3215201171875 0.36795869140625 0.30314501953125 0.3696201171875 0.28976337890625 0.37575048828125 0.2730314453125 0.392509765625 0.261304296875 0.41764326171875 0.23897490234375
0 0.5575380859375 0.0949248046875 0.563424609375 0.0831509765625 0.5825837890625 0.0684197265625 0.595858203125 0.0669330078125 0.6253642578125 0.0698396484375 0.65930966796875 0.0845078125 0.67997900390625 0.09919169921875 0.67115791015625 0.124206640625 0.68150654296875 0.1433154296875 0.684491796875 0.17272890625 0.67715107421875 0.20215458984375 0.65799189453125 0.21688583984375 0.6299662109375 0.2183900390625 0.6107826171875 0.2125294921875 0.60338076171875 0.19047548828125 0.597441796875 0.158123828125 0.5812048828125 0.14931806640625 0.5620037109375 0.1287490234375 0.5575380859375 0.0949248046875
0 0.3263716796875 0.07550009765625 0.34017275390625 0.070763671875 0.34529443359375 0.06525087890625 0.348051171875 0.0613142578125 0.3527783203125 0.055801953125 0.35553828125 0.05461865234375 0.36382421875 0.05618212890625 0.36658603515625 0.05657216796875 0.36934501953125 0.05460224609375 0.37210263671875 0.05145234375 0.3776197265625 0.04672568359375 0.38629599609375 0.04474873046875 0.3937919921875 0.04552646484375 0.40839990234375 0.05573583984375 0.42300068359375 0.06004521484375 0.44114443359375 0.05805693359375 0.4454771484375 0.0525451171875 0.44586455078125 0.04664462890625 0.4434912109375 0.04114072265625 0.43835732421875 0.03642685546875 0.436381640625 0.03367578125 0.4348 0.0305310546875 0.43478740234375 0.01991103515625 0.43557353515625 0.01755009765625 0.4399015625 0.0081048828125 0.44265546875 0.001808203125 0.4438064453125 0 0.51103564453125 0 0.5124791015625 0.0025119140625 0.51484833984375 0.00447578125 0.51800654296875 0.006438671875 0.5184080078125 0.01233828125 0.51999384765625 0.019023046875 0.52118291015625 0.0237416015625 0.52315859375 0.02649267578125 0.523562890625 0.03475224609375 0.52396201171875 0.03868505859375 0.52317685546875 0.04183271484375 0.52278935546875 0.047733203125 0.522009765625 0.05560078125 0.522021484375 0.0654341796875 0.5228173828125 0.071333203125 0.523617578125 0.08077236328125 0.52401767578125 0.08549189453125 0.51891279296875 0.1051646484375 0.51971767578125 0.118537109375 0.51499287109375 0.12601611328125 0.5114453125 0.1283802734375 0.509473828125 0.1291693359375 0.5078955078125 0.12877783203125 0.5059193359375 0.12563349609375 0.503154296875 0.12249013671875 0.50038916015625 0.11934677734375 0.496835546875 0.11659765625 0.49012900390625 0.1162123046875 0.486582421875 0.11936318359375 0.48185380859375 0.1236955078125 0.47870400390625 0.12881259765625 0.47791650390625 0.12999345703125 0.475554296875 0.1339296875 0.47437275390625 0.13550439453125 0.4660873046875 0.13433427734375 0.46135302734375 0.13394658203125 0.46016826171875 0.13276796875 0.4538560546875 0.13238212890625 0.44991083984375 0.13199345703125 0.4428111328125 0.13278857421875 0.4372935546875 0.13712177734375 0.43019619140625 0.13988359375 0.4254685546875 0.1450025390625 0.42546904296875 0.1453958984375 0.42428935546875 0.1485439453125 0.41800107421875 0.1682181640625 0.41485087890625 0.1729419921875 0.40894443359375 0.181995703125 0.40776513671875 0.185537109375 0.4057984375 0.19025947265625 0.40461640625 0.19144091796875 0.401462890625 0.193411328125 0.38766171875 0.19814775390625 0.38608427734375 0.19854296875 0.3781951171875 0.19894560546875 0.37267109375 0.19777216796875 0.36754140625 0.19659833984375 0.3592517578125 0.1918880859375 0.357671484375 0.18992333984375 0.355300390625 0.1863861328125 0.35568974609375 0.182058984375 0.35055830078125 0.17931171875 0.3458169921875 0.1730240234375 0.34817919921875 0.169087890625 0.35093359375 0.1631845703125 0.3552560546875 0.1490193359375 0.35524853515625 0.1427259765625 0.34971923828125 0.13722587890625 0.3422208984375 0.1344814453125 0.33433134765625 0.1344908203125 0.32447353515625 0.138042578125 0.32289609375 0.13843779296875 0.31382080078125 0.13648193359375 0.30079873046875 0.13295732421875 0.30000322265625 0.12745166015625 0.306697265625 0.1172169921875 0.3106359375 0.11209892578125 0.3141796875 0.10658798828125 0.314959375 0.09872041015625 0.3149546875 0.09478701171875 0.31495419921875 0.09439375 0.317696875 0.07865703125 0.3263716796875 0.07550009765625
0 0.7729912109375 0.0106462890625 0.7737533203125 0.0312373046875 0.77008642578125 0.048891796875 0.75534912109375 0.060676171875 0.72584658203125 0.06071123046875 0.7059236328125 0.0533806640625 0.69335966796875 0.03206826171875 0.697030078125 0.01735546875 0.70808037109375 0.0063109375 0.70661181640625 0 0.77739453125 0 0.7729912109375 0.0106462890625
0 0.67415419921875 0.0078220703125 0.675651171875 0.02620595703125 0.662400390625 0.0475490234375 0.64691591796875 0.05124453125 0.62035927734375 0.0475990234375 0.6004388671875 0.04247470703125 0.586415625 0.0344017578125 0.5856623046875 0.02116494140625 0.58121591796875 0.00352001953125 0.57939501953125 0 0.67349111328125 0 0.67415419921875 0.0078220703125