0 0.0048375 0.9357919921875 0 0.9404009765625 0 0.928851171875 0.0048375 0.9357919921875
0 0.29476083984375 0.88861923828125 0.2685919921875 0.93200439453125 0.19766064453125 0.89068515625 0.23209326171875 0.85074326171875 0.27892177734375 0.8672708984375 0.29476083984375 0.88861923828125
0 0.0261857421875 0.907212890625 0 0.82261259765625 0 0.82006220703125 0.035826953125 0.7997828125 0.09160791015625 0.8025375 0.15014345703125 0.87828935546875 0.1040037109375 0.9299384765625 0.0261857421875 0.907212890625
0 0.79610087890625 0.9733236328125 0.877198046875 0.9990234375 0.76093271484375 0.9990234375 0.79610087890625 0.9733236328125
0 0.468990234375 0.97056904296875 0.51926201171875 0.86451630859375 0.59088203125 0.787387109375 0.68040703125 0.8218197265625 0.7685546875 0.8548751953125 0.78852568359375 0.97125771484375 0.74430615234375 0.9990234375 0.48650068359375 0.9990234375 0.468990234375 0.97056904296875
0 0.304401953125 0.91547666015625 0.3126658203125 0.83490419921875 0.3588056640625 0.72954013671875 0.43593486328125 0.74606787109375 0.484140625 0.78256650390625 0.50962080078125 0.85762978515625 0.46967890625 0.93957958984375 0.40494541015625 0.95128671875 0.304401953125 0.91547666015625
0 0.47174482421875 0.7419359375 0.4235390625 0.63381728515625 0.4772541015625 0.6441470703125 0.56471318359375 0.6289966796875 0.63771044921875 0.5993845703125 0.7182830078125 0.64690166015625 0.7017552734375 0.75433173828125 0.57228837890625 0.772925390625 0.47174482421875 0.7419359375
0 0.9283224609375 0.710946484375 0.8821826171875 0.73711533203125 0.857391015625 0.73573798828125 0.85532509765625 0.69097548828125 0.8367314453125 0.666183984375 0.83122216796875 0.578036328125 0.86909814453125 0.5546220703125 0.96068916015625 0.53671708984375 0.9990234375 0.57414931640625 0.9990234375 0.6804607421875 0.9283224609375 0.710946484375
0 0.23209326171875 0.75157705078125 0.25688486328125 0.832149609375 0.17493505859375 0.87966669921875 0.1467001953125 0.85694111328125 0.12879521484375 0.79633955078125 0.183198828125 0.73849267578125 0.23209326171875 0.75157705078125
0 0.274101171875 0.800471484375 0.19559462890625 0.7171443359375 0.229338671875 0.621421484375 0.3291935546875 0.59662998046875 0.36018291015625 0.66411806640625 0.37602197265625 0.70819189453125 0.3291935546875 0.75226572265625 0.274101171875 0.800471484375
0 0.00513251953125 0.606260546875 0.0157623046875 0.6118228515625 0.0252751953125 0.61850146484375 0.04093447265625 0.62182783203125 0.04373203125 0.62349697265625 0.0521359375 0.637981640625 0.0560708984375 0.6558166015625 0.057762109375 0.667521875 0.0560966796875 0.67755859375 0.05051865234375 0.68871494140625 0.0477263671875 0.6915056640625 0.0393376953125 0.6898431640625 0.0348607421875 0.686503515625 0.0287072265625 0.6837234375 0.01025302734375 0.6809578125 0.0052216796875 0.6815212890625 0.00075 0.68264150390625 0 0.681994921875 0 0.6073734375 0.00513251953125 0.606260546875
0 0 0.4660328125 0 0.2270259765625 0.01275703125 0.22957744140625 0.0953955078125 0.20616318359375 0.21108935546875 0.2543689453125 0.29235048828125 0.37144013671875 0.22486240234375 0.52018935546875 0.1091685546875 0.62624208984375 0.07473583984375 0.55737666015625 0 0.4660328125
0 0.2837423828125 0.487133984375 0.27134658203125 0.43892822265625 0.30164736328125 0.3728173828125 0.2513755859375 0.2826037109375 0.31610908203125 0.290867578125 0.36982412109375 0.29431083984375 0.3863517578125 0.3900337890625 0.40012490234375 0.4795587890625 0.34572119140625 0.48231337890625 0.2837423828125 0.487133984375
0 0 0.2190705078125 0 0.0392759765625 0.0639884765625 0.0270228515625 0.1208111328125 0.0617478515625 0.1713201171875 0.115413671875 0.146065625 0.1974908203125 0.004008984375 0.22274541015625 0 0.2190705078125
0 0.1097623046875 0.0443853515625 0.07345888671875 0.0207091796875 0 0.03099345703125 0 0 0.12736337890625 0 0.1097623046875 0.0443853515625
0 0.4607263671875 0.63794921875 0.40494541015625 0.55806533203125 0.41183193359375 0.4196458984375 0.470367578125 0.43617353515625 0.57986357421875 0.40931611328125 0.63564453125 0.39829765625 0.66456796875 0.43892822265625 0.63839912109375 0.58698876953125 0.55438330078125 0.62417607421875 0.4607263671875 0.63794921875
0 0.7688990234375 0.59318671875 0.6642236328125 0.49952978515625 0.68901513671875 0.40725009765625 0.8281232421875 0.4100046875 0.93830791015625 0.456833203125 0.89147939453125 0.53396240234375 0.7688990234375 0.59318671875
0 0.40176767578125 0.41057587890625 0.3717779296875 0.268519140625 0.4459630859375 0.1611875 0.56118681640625 0.21801015625 0.6164310546875 0.31587138671875 0.5769708984375 0.4026837890625 0.47753115234375 0.4310951171875 0.40176767578125 0.41057587890625
0 0.953815625 0.1276462890625 0.934480078125 0.1907826171875 0.91514462890625 0.27562197265625 0.8054453125 0.25904873046875 0.7233681640625 0.2626001953125 0.70758408203125 0.19551787109375 0.68035654296875 0.16829033203125 0.650366796875 0.14540341796875 0.606566015625 0.08739697265625 0.64089638671875 0.0226822265625 0.7015787109375 0 0.9990234375 0 0.9990234375 0.09847998046875 0.953815625 0.1276462890625
0 0.44280625 0.0475421875 0.33389609375 0.006503515625 0.33343974609375 0 0.49955009765625 0 0.44280625 0.0475421875
0 0.9352693359375 0.23695107421875 0.94671279296875 0.15842529296875 0.96407529296875 0.1276462890625 0.9990234375 0.10907021484375 0.9990234375 0.30044619140625 0.990908203125 0.290222265625 0.9352693359375 0.23695107421875