0 0.14114619140625 0.9986451171875 0.14216171875 0.9990234375 0.08565888671875 0.9990234375 0.10246591796875 0.9876205078125 0.14114619140625 0.9986451171875
0 0.1940294921875 0.97969736328125 0.195141796875 0.97467861328125 0.200164453125 0.9668677734375 0.2057443359375 0.95738388671875 0.21243837890625 0.9445537109375 0.22696728515625 0.93784658203125 0.236471484375 0.93727783203125 0.2554865234375 0.9417150390625 0.2627615234375 0.94728125 0.27506728515625 0.9517265625 0.28848857421875 0.95394052734375 0.29688251953125 0.960062890625 0.30304462890625 0.97009033203125 0.2969169921875 0.98905224609375 0.30455498046875 0.9990234375 0.1848603515625 0.9990234375 0.184546484375 0.9981056640625 0.1940294921875 0.97969736328125
0 0.692847265625 0.95528271484375 0.6661888671875 0.90547353515625 0.670748828125 0.88618125 0.71284111328125 0.9037197265625 0.76300107421875 0.8809197265625 0.83631171875 0.9458119140625 0.8552916015625 0.9990234375 0.6875068359375 0.9990234375 0.692847265625 0.95528271484375
0 0.49290908203125 0.97176884765625 0.475370703125 0.9261689453125 0.52167216796875 0.9026673828125 0.5669212890625 0.93143046875 0.55534599609375 0.984396484375 0.52588896484375 0.9990234375 0.5012369140625 0.9990234375 0.49290908203125 0.97176884765625
0 0.63988125 0.7823537109375 0.58796748046875 0.876359765625 0.52833671875 0.897055078125 0.4680044921875 0.92231044921875 0.4350322265625 0.8710982421875 0.46414609375 0.74797841796875 0.563413671875 0.74236611328125 0.63988125 0.7823537109375
0 0.01620009765625 0.7963701171875 0.02648095703125 0.816811328125 0.01546826171875 0.8443578125 0.01154306640625 0.8608826171875 0 0.8710625 0 0.78614111328125 0.01620009765625 0.7963701171875
0 0.398903125 0.80795986328125 0.37224462890625 0.91143662109375 0.30735244140625 0.95002119140625 0.2386017578125 0.9352888671875 0.21334638671875 0.9023166015625 0.15511884765625 0.8269013671875 0.16950029296875 0.80164599609375 0.26596171875 0.80269833984375 0.33295859375 0.77007685546875 0.398903125 0.80795986328125
0 0.0215501953125 0.65122314453125 0.04918525390625 0.66928369140625 0.09570205078125 0.642481640625 0.12017841796875 0.6581859375 0.139951953125 0.699855859375 0.13446298828125 0.72818251953125 0.10607822265625 0.74316298828125 0.0768783203125 0.73611767578125 0.05872294921875 0.72827265625 0.05163076171875 0.73536103515625 0.0676935546875 0.7550455078125 0.0700837890625 0.774709375 0.04006669921875 0.78551064453125 0.0264177734375 0.7637111328125 0 0.76952626953125 0 0.6424578125 0.0215501953125 0.65122314453125
0 0.1845833984375 0.7935783203125 0.15371572265625 0.68694462890625 0.0842634765625 0.58802783203125 0.113728125 0.5073509765625 0.20983876953125 0.482095703125 0.25193095703125 0.49963408203125 0.27578330078125 0.480692578125 0.30875546875 0.51015712890625 0.3473400390625 0.546637109375 0.41117998046875 0.58381865234375 0.33050322265625 0.75709833984375 0.26876787109375 0.7942798828125 0.1845833984375 0.7935783203125
0 0.0269716796875 0.24156884765625 0.0402443359375 0.238611328125 0.0697486328125 0.24004716796875 0.08451748046875 0.2547380859375 0.0874939453125 0.276797265625 0.10078408203125 0.2885482421875 0.12144814453125 0.29881962890625 0.10967685546875 0.3238380859375 0.0919962890625 0.341509375 0.084650390625 0.36652255859375 0.102388671875 0.3973892578125 0.09652841796875 0.43122578125 0.090655859375 0.45476640625 0.07443115234375 0.45625654296875 0.052297265625 0.4503994140625 0.03900361328125 0.43570673828125 0.02425234375 0.43572431640625 0.0139474609375 0.45338681640625 0 0.454221484375 0 0.26463662109375 0.00633916015625 0.25777275390625 0.0269716796875 0.24156884765625
0 0.00443046875 0.20335361328125 0.00003662109375 0.22983408203125 0.00595458984375 0.244535546875 0 0.26341513671875 0 0.17704013671875 0.00443046875 0.20335361328125
0 0.01788828125 0.045956640625 0.0370771484375 0.0562296875 0.05037607421875 0.0753349609375 0.07250302734375 0.07530869140625 0.093179296875 0.0958759765625 0.08583857421875 0.12530166015625 0.06372041015625 0.1326822265625 0.04900244140625 0.1606458984375 0.03129560546875 0.15625439453125 0.0180107421875 0.14891591796875 0 0.14240986328125 0 0.0478556640625 0.01788828125 0.045956640625
0 0.0287185546875 0.00494375 0.0338884765625 0.01082099609375 0.0361318359375 0.036558203125 0.02360458984375 0.04613369140625 0.00147685546875 0.04542451171875 0 0.04594619140625 0 0 0.02175966796875 0 0.0287185546875 0.00494375
0 0.51737177734375 0.48367578125 0.53137412109375 0.47409853515625 0.537259765625 0.46158935546875 0.53872265625 0.4512916015625 0.5306033203125 0.4461533203125 0.5210115234375 0.443223046875 0.5099279296875 0.426321484375 0.50992353515625 0.4226443359375 0.5231935546875 0.41748056640625 0.529828125 0.41453095703125 0.53276357421875 0.40202529296875 0.536435546875 0.388783203125 0.54453740234375 0.3792130859375 0.54970302734375 0.38141318359375 0.5548685546875 0.38361328125 0.56667744140625 0.39021806640625 0.57922041015625 0.3938802734375 0.5924939453125 0.391658203125 0.6042958984375 0.39237958984375 0.611685546875 0.40413759765625 0.62569833984375 0.403385546875 0.63087529296875 0.41514619140625 0.636793359375 0.42984765625 0.64196416015625 0.43646025390625 0.64566162109375 0.44454560546875 0.64715078125 0.456310546875 0.66264833984375 0.46364638671875 0.6744529296875 0.4665740234375 0.69510380859375 0.4658140625 0.72165791015625 0.4672533203125 0.73346416015625 0.4716517578125 0.74159228515625 0.4841443359375 0.73865166015625 0.4922375 0.7408748046875 0.5010599609375 0.75120859375 0.50766650390625 0.74827236328125 0.51943681640625 0.74311904296875 0.5275326171875 0.73353681640625 0.5326919921875 0.72838701171875 0.5437294921875 0.728402734375 0.55696708984375 0.7284115234375 0.56432138671875 0.72326083984375 0.5746234375 0.71515986328125 0.58492900390625 0.69747314453125 0.59745234375 0.67756162109375 0.59968232421875 0.6554302734375 0.59603154296875 0.63403388671875 0.59017353515625 0.62665732421875 0.58944697265625 0.6163236328125 0.5828404296875 0.60672998046875 0.5784392578125 0.5971408203125 0.577715234375 0.58829609375 0.58287373046875 0.579433984375 0.57332373046875 0.577945703125 0.562294140625 0.56540712890625 0.56230908203125 0.55213271484375 0.563795703125 0.543275 0.5579228515625 0.5344154296875 0.55057919921875 0.5233572265625 0.5550048828125 0.51155185546875 0.551341796875 0.50417177734375 0.5476734375 0.49605244140625 0.54253515625 0.4886671875 0.534454296875 0.48275087890625 0.5212236328125 0.4805259765625 0.51093037109375 0.4886234375 0.4976830078125 0.50262490234375 0.48737041015625 0.51737177734375 0.48367578125
0 0.31196318359375 0.1765125 0.3289193359375 0.1698734375 0.35030517578125 0.16690634765625 0.36653154296875 0.16688701171875 0.37833349609375 0.1676083984375 0.386459765625 0.178630078125 0.40489365234375 0.17419560546875 0.4225943359375 0.17343916015625 0.434398828125 0.176366796875 0.4388154296875 0.16900732421875 0.46167470703125 0.16456748046875 0.49412841796875 0.16526435546875 0.511831640625 0.16671416015625 0.53397001953125 0.17624833984375 0.5376673828125 0.18433359375 0.5398853515625 0.18874345703125 0.54359677734375 0.2085955078125 0.545841015625 0.2350681640625 0.54659521484375 0.24904033203125 0.54292138671875 0.2608115234375 0.539244921875 0.27037646484375 0.5363130859375 0.285823828125 0.55107578125 0.295366796875 0.55330595703125 0.31007265625 0.5599650390625 0.32771494140625 0.5747171875 0.3284328125 0.58874404296875 0.3394474609375 0.58434580078125 0.36225087890625 0.571080078125 0.371091796875 0.5526462890625 0.37552626953125 0.54307021484375 0.38583359375 0.52315947265625 0.3887990234375 0.5047185546875 0.38735009765625 0.49661064453125 0.39177236328125 0.49663515625 0.41236416015625 0.49444345703125 0.4300169921875 0.48635732421875 0.4528248046875 0.47678125 0.46313212890625 0.46426103515625 0.478591015625 0.4532107421875 0.489635546875 0.42813701171875 0.49260703125 0.415587890625 0.483796875 0.39934228515625 0.46763681640625 0.384565625 0.44632705078125 0.37350654296875 0.4500173828125 0.368363671875 0.46693828125 0.3713349609375 0.4845849609375 0.363248828125 0.5073927734375 0.35146708984375 0.5235861328125 0.33968095703125 0.53610234375 0.3293322265625 0.51699365234375 0.32119716796875 0.49861767578125 0.30127421875 0.491287109375 0.28872509765625 0.482476953125 0.27322490234375 0.47293486328125 0.26585185546875 0.47514990234375 0.252587109375 0.484726171875 0.22824921875 0.4862259765625 0.21422939453125 0.4810947265625 0.201670703125 0.464194921875 0.20091474609375 0.44875185546875 0.20530859375 0.4222712890625 0.20971298828125 0.40461591796875 0.226662109375 0.39209345703125 0.24360771484375 0.37662939453125 0.25687158203125 0.36631767578125 0.26866474609375 0.35968486328125 0.28931044921875 0.3545123046875 0.3247091796875 0.35079306640625 0.3306017578125 0.3441671875 0.330573828125 0.32063359375 0.31949462890625 0.3074091796875 0.3084197265625 0.29786181640625 0.3024982421875 0.28021865234375 0.30026630859375 0.2640419921875 0.2972923828125 0.2441890625 0.2921076171875 0.2258095703125 0.295776171875 0.20962587890625 0.3031404296875 0.20005654296875 0.31196318359375 0.1765125
0 0.6543541015625 0.20305185546875 0.6602642578125 0.1971447265625 0.668546875 0.1959548828125 0.67525400390625 0.19673359375 0.68906494140625 0.20025712890625 0.694986328125 0.20379013671875 0.6981455078125 0.20653974609375 0.70209208984375 0.2081083984375 0.7052494140625 0.2092845703125 0.71826904296875 0.21084248046875 0.72379453125 0.2131958984375 0.72656064453125 0.2171259765625 0.73208798828125 0.221052734375 0.73879931640625 0.22537138671875 0.74117041015625 0.22890859375 0.74472392578125 0.23165771484375 0.75577734375 0.23833125 0.76051201171875 0.2391123046875 0.7687951171875 0.23831572265625 0.77116201171875 0.23831298828125 0.77707822265625 0.23751923828125 0.7916740234375 0.23750185546875 0.80153310546875 0.235130078125 0.81336708984375 0.23472265625 0.8192828125 0.23353564453125 0.8322955078125 0.22919345703125 0.84017900390625 0.224070703125 0.84570029296875 0.2228841796875 0.85871484375 0.22011533203125 0.8701556640625 0.22088837890625 0.875681640625 0.22363515625 0.88436533203125 0.22795146484375 0.8863423828125 0.231882421875 0.885166015625 0.23778388671875 0.8847845703125 0.24879775390625 0.8839984375 0.25115869140625 0.881634375 0.253521484375 0.87926943359375 0.25509765625 0.874934375 0.25864287109375 0.87257119140625 0.26179228515625 0.87139296875 0.26612041015625 0.87218564453125 0.26926611328125 0.87494931640625 0.2712294921875 0.87811123046875 0.27633916015625 0.880090625 0.28223681640625 0.8812806640625 0.28774208984375 0.88167978515625 0.29167490234375 0.881683984375 0.29521494140625 0.883269921875 0.3018998046875 0.88406591796875 0.307798828125 0.88328671875 0.316059765625 0.88132373046875 0.32392880859375 0.88014267578125 0.325896875 0.8789615234375 0.3278650390625 0.87738505859375 0.329046875 0.86792646484375 0.33653154296875 0.8651673828125 0.33850146484375 0.86399052734375 0.3440095703125 0.865180078125 0.349121484375 0.86243037109375 0.35895810546875 0.86085673828125 0.3625 0.85888857421875 0.3660423828125 0.85573974609375 0.37194619140625 0.85377060546875 0.37470185546875 0.8510125 0.37745849609375 0.84983095703125 0.379033203125 0.84785947265625 0.379822265625 0.84549404296875 0.381005078125 0.8427345703125 0.382581640625 0.83682060546875 0.38534208984375 0.8328791015625 0.38810009765625 0.83051416015625 0.38967626953125 0.82262685546875 0.39165234375 0.8167111328125 0.39283935546875 0.8104087890625 0.40071357421875 0.80844013671875 0.40386259765625 0.8072595703125 0.4062240234375 0.80371435546875 0.4105548828125 0.800563671875 0.4148853515625 0.79623046875 0.42000390625 0.7922904296875 0.42394189453125 0.78717578125 0.4353546875 0.78283974609375 0.43811318359375 0.77337509765625 0.44048447265625 0.7690357421875 0.4404896484375 0.7607521484375 0.44089287109375 0.75444189453125 0.44208037109375 0.7469482421875 0.4432693359375 0.743793359375 0.444059765625 0.73945732421875 0.44681826171875 0.73906337890625 0.44721201171875 0.72605390625 0.45430751953125 0.71817421875 0.462576953125 0.7150220703125 0.46572734375 0.707131640625 0.46495009765625 0.7023978515625 0.46495576171875 0.6964796875 0.46417607421875 0.6909537109375 0.46142939453125 0.6858212890625 0.45789541015625 0.6814796875 0.45593388671875 0.67634814453125 0.45318671875 0.6743701171875 0.44846904296875 0.672392578125 0.4441447265625 0.6684421875 0.43942939453125 0.6660720703125 0.43667890625 0.6621216796875 0.43196357421875 0.6569859375 0.42567626953125 0.65501162109375 0.4241052734375 0.65460458984375 0.4134857421875 0.6546041015625 0.4130923828125 0.65696015625 0.40404287109375 0.6569541015625 0.39892958984375 0.6553724609375 0.395784765625 0.65220302734375 0.3843818359375 0.6494365234375 0.3800583984375 0.64785771484375 0.3792736328125 0.6344416015625 0.37614287109375 0.6293125 0.3753623046875 0.6265478515625 0.3726123046875 0.622598828125 0.369076953125 0.61864794921875 0.363968359375 0.61745751953125 0.3580697265625 0.61744951171875 0.3513830078125 0.6174275390625 0.3328962890625 0.61820390625 0.322275390625 0.62489873046875 0.31282734375 0.63475419921875 0.30730888671875 0.64145380859375 0.30179423828125 0.6489423828125 0.29627861328125 0.65287919921875 0.2895873046875 0.65287451171875 0.28565390625 0.65050478515625 0.28329677734375 0.6402478515625 0.282915625 0.6359095703125 0.283707421875 0.62564931640625 0.28057294921875 0.62052158203125 0.2809724609375 0.6169642578125 0.27507666015625 0.61617060546875 0.27114423828125 0.6197125 0.2640599609375 0.62247197265625 0.2624833984375 0.6236474609375 0.25579521484375 0.62364140625 0.25068193359375 0.62363720703125 0.24714189453125 0.6232375 0.24281572265625 0.62244482421875 0.239669921875 0.62125673828125 0.23573798828125 0.6212525390625 0.232198046875 0.62282529296875 0.22786943359375 0.6255791015625 0.2215728515625 0.6283330078125 0.215276171875 0.64054775390625 0.20346162109375 0.6543541015625 0.20305185546875
0 0.9988560546875 0.3610220703125 0.987055859375 0.36177158203125 0.97230107421875 0.3588474609375 0.9686044921875 0.35149755859375 0.972280078125 0.341197265625 0.973739453125 0.3279578125 0.9693 0.3161962890625 0.96118330078125 0.3132642578125 0.9456892578125 0.30887021484375 0.94568046875 0.30151591796875 0.94272587890625 0.2978423828125 0.93608251953125 0.2934376953125 0.9257548828125 0.2919791015625 0.92205478515625 0.28168759765625 0.93679296875 0.270638671875 0.94341875 0.26033486328125 0.9330849609375 0.2537283203125 0.9242228515625 0.2441783203125 0.92494375 0.23020439453125 0.9352599609375 0.22210244140625 0.94927373046875 0.2220857421875 0.9514767578125 0.21399345703125 0.9551541015625 0.20516396484375 0.96104326171875 0.19559638671875 0.96692890625 0.18308720703125 0.98388671875 0.17791904296875 0.9949466796875 0.17496416015625 0.9990234375 0.1699837890625 0.9990234375 0.36077099609375 0.9988560546875 0.3610220703125
0 0.84215830078125 0.064177734375 0.84846435546875 0.0594501953125 0.85910869140625 0.05393076171875 0.86975771484375 0.05234482421875 0.87646337890625 0.05194345703125 0.89303154296875 0.05192373046875 0.900519140625 0.045621484375 0.9088013671875 0.04403828125 0.91787529296875 0.04481416015625 0.92655712890625 0.04755712890625 0.93287578125 0.053449609375 0.93879853515625 0.05816259765625 0.95063623046875 0.06090185546875 0.9557705078125 0.06600908203125 0.958934375 0.0726919921875 0.95460439453125 0.0805638671875 0.9502716796875 0.08607578125 0.9467279296875 0.09158662109375 0.9451556640625 0.09630849609375 0.94753193359375 0.10417236328125 0.95030263671875 0.11203583984375 0.9526765625 0.1179330078125 0.955048046875 0.12186357421875 0.9586068359375 0.12893935546875 0.96216982421875 0.13955517578125 0.961387890625 0.1454560546875 0.95823759765625 0.1501798828125 0.95035224609375 0.153729296875 0.94128251953125 0.156493359375 0.92669150390625 0.160444140625 0.92472099609375 0.16201982421875 0.92039384765625 0.17225166015625 0.9164533203125 0.17579638671875 0.91132880859375 0.17894912109375 0.90107470703125 0.18092802734375 0.89515615234375 0.179755078125 0.8884466796875 0.177009765625 0.87660673828125 0.17230380859375 0.872263671875 0.1691623046875 0.87028525390625 0.16405126953125 0.87421923828125 0.15499990234375 0.8785509765625 0.1487013671875 0.8789421875 0.14594755859375 0.87499365234375 0.14280556640625 0.86473720703125 0.1428177734375 0.86079150390625 0.14203583984375 0.8568392578125 0.13574716796875 0.84974091796875 0.137722265625 0.84737919921875 0.1420517578125 0.84659404296875 0.1451994140625 0.84620283203125 0.14795322265625 0.846998828125 0.15385234375 0.845424609375 0.15700087890625 0.84385 0.1597560546875 0.84188134765625 0.162905078125 0.83872919921875 0.16605556640625 0.83084716796875 0.17235830078125 0.82808583984375 0.1723615234375 0.82295615234375 0.1711876953125 0.8123029296875 0.16923369140625 0.80756494140625 0.16569931640625 0.80519482421875 0.16294873046875 0.80479326171875 0.15704921875 0.8024212890625 0.152725390625 0.80044794921875 0.151941015625 0.79689248046875 0.1476185546875 0.7980693359375 0.142110546875 0.7984568359375 0.13621005859375 0.79766455078125 0.1334576171875 0.79765751953125 0.1275576171875 0.79567529296875 0.11929990234375 0.79409365234375 0.11615517578125 0.7940908203125 0.1137951171875 0.795659375 0.1059265625 0.79841279296875 0.09923662109375 0.8031404296875 0.094117578125 0.80905439453125 0.0913572265625 0.81102578125 0.0905681640625 0.81457236328125 0.08741728515625 0.81614375 0.08190869140625 0.81732158203125 0.0771873046875 0.82086533203125 0.0716763671875 0.82086435546875 0.07088974609375 0.83150732421875 0.06419033203125 0.84215830078125 0.064177734375
0 0.67803447265625 0.04706630859375 0.68669375 0.030929296875 0.6929951171875 0.022268359375 0.7071837890625 0.0116314453125 0.7170326171875 0.00060634765625 0.71799755859375 0 0.75298466796875 0 0.7556953125 0.00370703125 0.75965126953125 0.0131423828125 0.76123388671875 0.017073828125 0.7691328125 0.02493115234375 0.772690234375 0.030826953125 0.77624609375 0.03554267578125 0.7809896484375 0.0437970703125 0.78533505859375 0.0489052734375 0.7944197265625 0.05872783203125 0.797976171875 0.0638369140625 0.7971947265625 0.07013125 0.78970517578125 0.07486015625 0.78024384765625 0.079984765625 0.776302734375 0.0831361328125 0.77789521484375 0.09532763671875 0.78500703125 0.10475927734375 0.78777919921875 0.11380263671875 0.787803515625 0.1342560546875 0.787018359375 0.13740361328125 0.78426728515625 0.14606025390625 0.78112548828125 0.1578640625 0.7775873046875 0.16809501953125 0.77601689453125 0.174390234375 0.7701166015625 0.18855732421875 0.7642078125 0.1956443359375 0.75987275390625 0.19918955078125 0.7519822265625 0.1984123046875 0.74251103515625 0.19527685546875 0.73856484375 0.1941015625 0.7357955078125 0.1874181640625 0.73026298828125 0.17916474609375 0.72592373046875 0.17916982421875 0.7207955078125 0.1791759765625 0.71764150390625 0.18075302734375 0.71409404296875 0.18311728515625 0.71054560546875 0.18469482421875 0.70304951171875 0.18391708984375 0.6979166015625 0.17998984375 0.69594052734375 0.1768455078125 0.69357080078125 0.17448837890625 0.68725771484375 0.17331591796875 0.68291943359375 0.17410771484375 0.678184765625 0.17332666015625 0.670686328125 0.1705822265625 0.66713369140625 0.16861982421875 0.66200078125 0.164692578125 0.65844443359375 0.1595833984375 0.657251171875 0.1513248046875 0.6572455078125 0.14660478515625 0.65841962890625 0.13873671875 0.6603849609375 0.132834375 0.6631416015625 0.12889775390625 0.66668583984375 0.12378017578125 0.66431572265625 0.12102958984375 0.6615505859375 0.11788623046875 0.6583896484375 0.11356328125 0.65561845703125 0.10530654296875 0.65442333984375 0.095474609375 0.654022265625 0.08996845703125 0.6547990234375 0.0797408203125 0.65557958984375 0.07265986328125 0.65518271484375 0.07069365234375 0.6524171875 0.06715693359375 0.6524111328125 0.0620435546875 0.66621220703125 0.05730712890625 0.67803447265625 0.04706630859375
0 0.48488251953125 0.00147265625 0.4848923828125 0.00973271484375 0.484508203125 0.0183865234375 0.486489453125 0.02585751953125 0.48768369140625 0.03490283203125 0.487300390625 0.04434326171875 0.486915234375 0.05221044921875 0.48259150390625 0.065195703125 0.48180439453125 0.066769921875 0.4774763671875 0.07621513671875 0.47550859375 0.08015078125 0.47433037109375 0.08447890625 0.47197138671875 0.091168359375 0.47039912109375 0.09589033203125 0.46646552734375 0.10533505859375 0.46371025390625 0.11045166015625 0.4617416015625 0.11360068359375 0.45543701171875 0.119508203125 0.44833916015625 0.12187666015625 0.44124375 0.12621181640625 0.439279296875 0.13290078125 0.43810146484375 0.137622265625 0.43298115234375 0.1443150390625 0.42470419921875 0.15022490234375 0.421154296875 0.1506224609375 0.4089263671875 0.1514236328125 0.39630732421875 0.1549787109375 0.39039287109375 0.157345703125 0.376194921875 0.160116015625 0.36435966796875 0.159343359375 0.3596240234375 0.15777568359375 0.3513357421875 0.1542455078125 0.3418640625 0.150716796875 0.3351513671875 0.14521806640625 0.3331677734375 0.13578037109375 0.3335546875 0.12948662109375 0.33827490234375 0.11807421875 0.33787431640625 0.11296142578125 0.33313310546875 0.1066736328125 0.32721171875 0.10314072265625 0.3212875 0.09724775390625 0.3161443359375 0.08466708984375 0.3121953125 0.0811318359375 0.30468896484375 0.07170068359375 0.30705068359375 0.06737119140625 0.31020322265625 0.0646140625 0.31808857421875 0.06106474609375 0.3263619140625 0.052008203125 0.32714482421875 0.04689384765625 0.325166796875 0.042176171875 0.3235865234375 0.04021142578125 0.3216103515625 0.03706708984375 0.324351171875 0.01975712890625 0.3247447265625 0.018969921875 0.32237177734375 0.013859375 0.3196052734375 0.00953603515625 0.31723505859375 0.006785546875 0.31329072265625 0.00718349609375 0.30579658203125 0.0079791015625 0.30066982421875 0.009165234375 0.29593701171875 0.00995751953125 0.29396875 0.01349990234375 0.28845498046875 0.02097978515625 0.280562109375 0.01823583984375 0.2703009765625 0.01431474609375 0.262803515625 0.01235693359375 0.2584568359375 0.00606875 0.25411240234375 0.001747265625 0.25331337890625 0 0.4850544921875 0 0.48488251953125 0.00147265625
0 0.80596904296875 0 0.8879798828125 0 0.8914880859375 0.0074103515625 0.88337919921875 0.01109716796875 0.8730515625 0.00963857421875 0.86936728515625 0.01258466796875 0.87454072265625 0.02140361328125 0.867173828125 0.02876669921875 0.85389853515625 0.02951787109375 0.84136171875 0.0310037109375 0.83030087890625 0.03322314453125 0.819964453125 0.0244103515625 0.81921640625 0.0155861328125 0.8162626953125 0.01264794921875 0.80596904296875 0
0 0.67108125 0.005184375 0.67109150390625 0.01383779296875 0.6663662109375 0.0209234375 0.66243447265625 0.03194150390625 0.653771875 0.0453251953125 0.64589072265625 0.05241455078125 0.635641796875 0.0587201171875 0.62381298828125 0.063454296875 0.60804228515625 0.07055302734375 0.5985841796875 0.0784310546875 0.57727392578125 0.0713763671875 0.57094345703125 0.05565048828125 0.55358076171875 0.05095107421875 0.54648388671875 0.05410625 0.53701923828125 0.0564775390625 0.5275517578125 0.05648876953125 0.51886943359375 0.05335244140625 0.51176044921875 0.046280859375 0.49517919921875 0.03528720703125 0.4943724609375 0.02034140625 0.4982966796875 0.003030078125 0.4990525390625 0 0.67072841796875 0 0.67108125 0.005184375