0 0.60939384765625 0.98308974609375 0.6713623046875 0.98247626953125 0.7087888671875 0.9702052734375 0.72439873046875 0.9990234375 0.61919921875 0.9990234375 0.60939384765625 0.98308974609375
0 0.26273857421875 0.9738865234375 0.2437185546875 0.9407548828125 0.297097265625 0.9076232421875 0.3332966796875 0.94750390625 0.32642744140625 0.9990234375 0.26999453125 0.9990234375 0.26273857421875 0.9738865234375
0 0.39526513671875 0.96959169921875 0.41912041015625 0.9990234375 0.3750833984375 0.9990234375 0.39526513671875 0.96959169921875
0 0.70940234375 0.95302587890625 0.73639853515625 0.92541611328125 0.78732314453125 0.85976640625 0.842542578125 0.8996470703125 0.8953078125 0.92664326171875 0.88978583984375 0.97265947265625 0.9196650390625 0.9990234375 0.732401171875 0.9990234375 0.70940234375 0.95302587890625
0 0.90757880859375 0.9192806640625 0.8554271484375 0.88553544921875 0.87506064453125 0.849949609375 0.95052724609375 0.82295341796875 0.9990234375 0.847428125 0.9990234375 0.9990234375 0.916503125 0.9990234375 0.8983755859375 0.9702052734375 0.90757880859375 0.9192806640625
0 0.3013921875 0.91682646484375 0.32102568359375 0.88676259765625 0.36520126953125 0.87081025390625 0.3977193359375 0.9174400390625 0.4075361328125 0.96652392578125 0.35661162109375 0.9671375 0.338205078125 0.93339228515625 0.3013921875 0.91682646484375
0 0.6676810546875 0.980635546875 0.6167564453125 0.97940849609375 0.57319443359375 0.92971103515625 0.52349697265625 0.957320703125 0.46889111328125 0.96591044921875 0.45784716796875 0.9241890625 0.48054853515625 0.90885029296875 0.4731859375 0.86528828125 0.48361630859375 0.82111279296875 0.524110546875 0.7861404296875 0.5609234375 0.7959572265625 0.631481640625 0.769574609375 0.6830197265625 0.79963857421875 0.70694814453125 0.86406123046875 0.71124306640625 0.91375869140625 0.6860875 0.935846484375 0.6676810546875 0.980635546875
0 0.82659033203125 0.74687333984375 0.8259767578125 0.84135986328125 0.74866953125 0.8352244140625 0.7124701171875 0.82786181640625 0.684246875 0.7689611328125 0.76953017578125 0.7278533203125 0.82659033203125 0.74687333984375
0 0.37195029296875 0.77755078125 0.31611728515625 0.7376701171875 0.35354384765625 0.69778935546875 0.40446845703125 0.66772548828125 0.43637294921875 0.72049072265625 0.422261328125 0.7493275390625 0.37195029296875 0.77755078125
0 0.5901693359375 0.74687333984375 0.54517568359375 0.76855205078125 0.480139453125 0.74401005859375 0.47604912109375 0.67120224609375 0.443735546875 0.63520732421875 0.4682775390625 0.602484765625 0.53863115234375 0.62130029296875 0.5504931640625 0.69410810546875 0.5901693359375 0.74687333984375
0 0.15501162109375 0.99460107421875 0.15970732421875 0.98110107421875 0.16264208984375 0.97464453125 0.17848994140625 0.95938369140625 0.19844638671875 0.96114453125 0.20901162109375 0.964079296875 0.22485947265625 0.97112275390625 0.22838125 0.9740576171875 0.23542470703125 0.98168798828125 0.24070732421875 0.9857966796875 0.25362041015625 0.98814453125 0.26125078125 0.99460107421875 0.2641990234375 0.9990234375 0.15501162109375 0.9990234375 0.15501162109375 0.99460107421875
0 0.1749681640625 0.66473134765625 0.177316015625 0.66120966796875 0.18435947265625 0.614253125 0.1644029296875 0.60251396484375 0.1456203125 0.58138349609375 0.13975078125 0.560253125 0.1585333984375 0.5449921875 0.189055078125 0.5532095703125 0.21135947265625 0.561426953125 0.252446484375 0.56964443359375 0.25714208984375 0.56612265625 0.2770986328125 0.5414705078125 0.29940302734375 0.5309052734375 0.3205333984375 0.5367748046875 0.3475333984375 0.5579052734375 0.35575087890625 0.5719921875 0.35692470703125 0.58607919921875 0.35692470703125 0.59664443359375 0.3686638671875 0.63773134765625 0.3850986328125 0.6600357421875 0.37570732421875 0.67999228515625 0.35105517578125 0.695253125 0.33227255859375 0.705818359375 0.3087943359375 0.72812275390625 0.252446484375 0.75512275390625 0.19257685546875 0.70699228515625 0.1749681640625 0.66473134765625
0 0.0283626953125 0.52599560546875 0.05167763671875 0.5419478515625 0.064562109375 0.60391630859375 0.02406787109375 0.6309125 0 0.626839453125 0 0.5301974609375 0.0283626953125 0.52599560546875
0 0.00709853515625 0.488057421875 0.0053376953125 0.50038349609375 0 0.51105888671875 0 0.47874052734375 0.00709853515625 0.488057421875
0 0.1209681640625 0.49451396484375 0.12038115234375 0.48512265625 0.10864208984375 0.47103564453125 0.10159853515625 0.4616443359375 0.09925078125 0.44873134765625 0.09925078125 0.4375791015625 0.0998376953125 0.4270138671875 0.1027724609375 0.42173134765625 0.11451162109375 0.4135138671875 0.1209681640625 0.40647041015625 0.12038115234375 0.39590517578125 0.1180333984375 0.3894486328125 0.115685546875 0.38240517578125 0.11216376953125 0.37947041015625 0.10394638671875 0.3642095703125 0.10394638671875 0.35247041015625 0.11451162109375 0.3190138671875 0.11685947265625 0.3131443359375 0.13094638671875 0.3025791015625 0.1374029296875 0.2978833984375 0.15325078125 0.29318779296875 0.1591203125 0.29260078125 0.1614681640625 0.2873181640625 0.17320732421875 0.2843833984375 0.18788125 0.28790517578125 0.19551162109375 0.29083994140625 0.20079423828125 0.289666015625 0.2095986328125 0.27792685546875 0.2230986328125 0.268535546875 0.2336638671875 0.25620947265625 0.24188125 0.24623125 0.25185947265625 0.23977470703125 0.26242470703125 0.2362529296875 0.29001171875 0.25033994140625 0.3099681640625 0.26383994140625 0.32112041015625 0.270296484375 0.33462041015625 0.28086171875 0.34518564453125 0.291426953125 0.35927255859375 0.30140517578125 0.37101171875 0.3102095703125 0.38803349609375 0.32547041015625 0.39801171875 0.3372095703125 0.40388125 0.35305732421875 0.41033779296875 0.37712255859375 0.40975087890625 0.391796484375 0.40798994140625 0.40412255859375 0.40798994140625 0.412926953125 0.40505517578125 0.4258400390625 0.39155517578125 0.4375791015625 0.3821638671875 0.43875302734375 0.37805517578125 0.4393400390625 0.37277255859375 0.4405138671875 0.35751171875 0.4528400390625 0.35340302734375 0.46516611328125 0.35164208984375 0.47631826171875 0.346946484375 0.488057421875 0.33520732421875 0.495687890625 0.32346826171875 0.501557421875 0.3087943359375 0.50566611328125 0.29588125 0.50625302734375 0.279446484375 0.515057421875 0.26770732421875 0.522687890625 0.2606638671875 0.52679658203125 0.238946484375 0.52444873046875 0.22838125 0.520926953125 0.217816015625 0.51623134765625 0.19492470703125 0.509187890625 0.19198994140625 0.509187890625 0.17379423828125 0.5127095703125 0.1432724609375 0.51623134765625 0.1209681640625 0.49451396484375
0 0.2732833984375 0.2303833984375 0.25273994140625 0.23449208984375 0.21576162109375 0.23390517578125 0.20695732421875 0.23214423828125 0.1846529296875 0.21805732421875 0.17526162109375 0.2092529296875 0.1658703125 0.2004486328125 0.15823994140625 0.195166015625 0.13945732421875 0.18812255859375 0.1335876953125 0.17873125 0.1200876953125 0.16170947265625 0.11539208984375 0.1581876953125 0.0977833984375 0.14410078125 0.09719638671875 0.1364703125 0.0989572265625 0.12414423828125 0.0989572265625 0.11592685546875 0.09719638671875 0.10536162109375 0.0848703125 0.0906876953125 0.07841376953125 0.0830572265625 0.06960947265625 0.06133984375 0.07547900390625 0.03316591796875 0.0872181640625 0.01966591796875 0.09954423828125 0.00910068359375 0.11010947265625 0.0014703125 0.1115796875 0 0.4950048828125 0 0.4986748046875 0.00733984375 0.50043564453125 0.0126224609375 0.50102265625 0.02201376953125 0.5045443359375 0.0396224609375 0.50865302734375 0.05429638671875 0.50219658203125 0.06720947265625 0.48987041015625 0.087166015625 0.45465302734375 0.09714423828125 0.43587041015625 0.10183984375 0.428826953125 0.10360078125 0.4159138671875 0.11005732421875 0.41356611328125 0.12120947265625 0.409457421875 0.13764423828125 0.4071095703125 0.15055732421875 0.40476171875 0.16757900390625 0.39771826171875 0.17755732421875 0.373066015625 0.18049208984375 0.36426171875 0.1822529296875 0.35193564453125 0.187535546875 0.34489208984375 0.195166015625 0.33021826171875 0.20455732421875 0.3243486328125 0.20455732421875 0.307326953125 0.208666015625 0.2732833984375 0.2303833984375
0 0.10306591796875 0.0067529296875 0.0960224609375 0.02201376953125 0.08956591796875 0.0337529296875 0.0842833984375 0.050774609375 0.0842833984375 0.058405078125 0.087805078125 0.07777470703125 0.0825224609375 0.09714423828125 0.0825224609375 0.1088833984375 0.08369638671875 0.12120947265625 0.08310947265625 0.13060078125 0.0690224609375 0.1388181640625 0.04378330078125 0.14527470703125 0.02734853515625 0.14527470703125 0 0.14685244140625 0 0 0.1068828125 0 0.10306591796875 0.0067529296875
0 0.8130921875 0.576306640625 0.8805826171875 0.62845830078125 0.87015224609375 0.69226748046875 0.842542578125 0.724785546875 0.7965263671875 0.71865009765625 0.740693359375 0.69594873046875 0.74805595703125 0.72355849609375 0.715537890625 0.73092109375 0.71308369140625 0.701470703125 0.69038232421875 0.679996484375 0.69835849609375 0.64993251953125 0.67013525390625 0.6339802734375 0.7008126953125 0.60514345703125 0.7044939453125 0.57569306640625 0.75051015625 0.57201181640625 0.75235087890625 0.55728662109375 0.77259794921875 0.552991796875 0.8130921875 0.576306640625
0 0.697744921875 0.543175 0.69529072265625 0.60146220703125 0.6578642578125 0.63152607421875 0.69160947265625 0.65484091796875 0.6860875 0.6904267578125 0.670748828125 0.7002435546875 0.6480474609375 0.7063791015625 0.60141767578125 0.71496875 0.55969638671875 0.64318349609375 0.57871640625 0.543175 0.65234228515625 0.52967685546875 0.697744921875 0.543175
0 0.547425390625 0.60882470703125 0.46214208984375 0.5891912109375 0.43944072265625 0.54562919921875 0.49711435546875 0.50820263671875 0.58485185546875 0.48488779296875 0.60080419921875 0.5204736328125 0.568899609375 0.56526279296875 0.547425390625 0.60882470703125
0 0.49241044921875 0.4159658203125 0.523087890625 0.44377998046875 0.5042724609375 0.48345615234375 0.5292234375 0.4957271484375 0.4944556640625 0.507180078125 0.469913671875 0.52272333984375 0.44905302734375 0.51904208984375 0.42819228515625 0.52763173828125 0.39342451171875 0.5214962890625 0.38033544921875 0.48018388671875 0.42164775390625 0.42864580078125 0.469913671875 0.41392060546875 0.49241044921875 0.4159658203125
0 0.691200390625 0.34929345703125 0.75909990234375 0.3865154296875 0.72964951171875 0.45032451171875 0.68383779296875 0.4458251953125 0.635162890625 0.45646005859375 0.614711328125 0.45441484375 0.55662861328125 0.4028767578125 0.5868970703125 0.339067578125 0.648251953125 0.3308869140625 0.691200390625 0.34929345703125
0 0.3492490234375 0.2543978515625 0.4187845703125 0.249489453125 0.47441298828125 0.26053330078125 0.5140892578125 0.3104353515625 0.50958984375 0.3799708984375 0.4433265625 0.417601953125 0.41305810546875 0.401240625 0.40446845703125 0.3407037109375 0.37706318359375 0.3104353515625 0.3132541015625 0.2613513671875 0.3492490234375 0.2543978515625