0 0.15187568359375 0.94536298828125 0.172191015625 0.92711357421875 0.1874623046875 0.9361998046875 0.20352470703125 0.92883525390625 0.23416982421875 0.939509375 0.239484375 0.95676533203125 0.24285361328125 0.96902607421875 0.24454482421875 0.98073125 0.24903623046875 0.996335546875 0.24821025390625 0.9990234375 0.15518544921875 0.9990234375 0.1494654296875 0.984271875 0.143267578125 0.95982470703125 0.15187568359375 0.94536298828125
0 0.3495193359375 0.9853048828125 0.3068228515625 0.9398537109375 0.35502861328125 0.90542099609375 0.3949705078125 0.9391650390625 0.46108134765625 0.933655859375 0.4700337890625 0.9866822265625 0.47748740234375 0.9990234375 0.35527626953125 0.9990234375 0.3495193359375 0.9853048828125
0 0.057530078125 0.85514931640625 0.11399970703125 0.88476142578125 0.15056357421875 0.9990234375 0 0.9990234375 0 0.882244140625 0.057530078125 0.85514931640625
0 0.40874365234375 0.88407275390625 0.4187291015625 0.9036994140625 0.388083984375 0.92883525390625 0.36122646484375 0.90473232421875 0.36363681640625 0.87684189453125 0.4049560546875 0.86857802734375 0.40874365234375 0.88407275390625
0 0.25861708984375 0.8582482421875 0.22659462890625 0.917128125 0.20696806640625 0.9012890625 0.18252080078125 0.88510576171875 0.157040625 0.872365625 0.16805908203125 0.8272587890625 0.199737109375 0.8121083984375 0.2403677734375 0.8358669921875 0.25861708984375 0.8582482421875
0 0.53338994140625 0.82347119140625 0.51238603515625 0.88476142578125 0.48311826171875 0.9095529296875 0.46659052734375 0.9009447265625 0.41494150390625 0.8668564453125 0.4469638671875 0.774232421875 0.4862171875 0.77078916015625 0.53338994140625 0.82347119140625
0 0.44386494140625 0.7225833984375 0.4490298828125 0.7621810546875 0.42217236328125 0.81038681640625 0.358471875 0.83070205078125 0.31129912109375 0.79454775390625 0.300625 0.74978525390625 0.32369482421875 0.7064 0.38532939453125 0.7002021484375 0.4266486328125 0.70398974609375 0.44386494140625 0.7225833984375
0 0.47485439453125 0.55558486328125 0.434223828125 0.66094892578125 0.36949033203125 0.6692126953125 0.3364349609375 0.64510986328125 0.33368037109375 0.5652259765625 0.30406826171875 0.529416015625 0.388083984375 0.49567197265625 0.448685546875 0.5190861328125 0.47485439453125 0.55558486328125
0 0.4700337890625 0.9629236328125 0.4872501953125 0.916439453125 0.53373427734375 0.886138671875 0.589515234375 0.90714267578125 0.57342314453125 0.9990234375 0.48330576171875 0.9990234375 0.4700337890625 0.9629236328125
0 0.720015234375 0.95293818359375 0.7034875 0.8641017578125 0.81849267578125 0.829669140625 0.88391484375 0.88682734375 0.867387109375 0.97635234375 0.82271181640625 0.9990234375 0.756160546875 0.9990234375 0.720015234375 0.95293818359375
0 0.78819189453125 0.71879580078125 0.69866689453125 0.83862158203125 0.60983056640625 0.8647904296875 0.5747091796875 0.8964685546875 0.53614462890625 0.857215234375 0.53476728515625 0.74978525390625 0.56369072265625 0.6988248046875 0.64564052734375 0.65337373046875 0.78819189453125 0.71879580078125
0 0.50320400390625 0.5296455078125 0.53442294921875 0.543877734375 0.6083384765625 0.53836845703125 0.59135166015625 0.6191705078125 0.5642646484375 0.62835263671875 0.53350478515625 0.66875361328125 0.49034912109375 0.6857404296875 0.481626171875 0.6522259765625 0.4476525390625 0.653144140625 0.480248828125 0.5613236328125 0.4733623046875 0.52551357421875 0.50320400390625 0.5296455078125
0 0.6912166015625 0.45616484375 0.7124431640625 0.4394150390625 0.74931826171875 0.41707197265625 0.773896875 0.39808828125 0.81414521484375 0.39135078125 0.82198740234375 0.40360625 0.820886328125 0.41810224609375 0.83993310546875 0.44929892578125 0.86117685546875 0.44704384765625 0.909269921875 0.45479169921875 0.91376796875 0.4759708984375 0.90595615234375 0.48935986328125 0.8813736328125 0.5049986328125 0.89595810546875 0.54512041015625 0.8892671875 0.56073798828125 0.86468466796875 0.5763767578125 0.8557427734375 0.5797322265625 0.8367275390625 0.57529482421875 0.8177255859375 0.5820072265625 0.7506634765625 0.60884599609375 0.73276787109375 0.605522265625 0.73387421875 0.5954861328125 0.7360869140625 0.57541396484375 0.73829833984375 0.55422685546875 0.71594296875 0.56205810546875 0.70476865234375 0.56876123046875 0.69022900390625 0.5665484375 0.6756814453125 0.5576458984375 0.66225478515625 0.55097197265625 0.6555361328125 0.54317509765625 0.655526953125 0.53537021484375 0.6689298828125 0.52197470703125 0.67674423828125 0.51081572265625 0.67448798828125 0.49409375 0.6700044921875 0.485179296875 0.67335791015625 0.4840603515625 0.6912166015625 0.45616484375
0 0.91628154296875 0.96671123046875 0.9810150390625 0.99356875 0.97849296875 0.9990234375 0.86682412109375 0.9990234375 0.91628154296875 0.96671123046875
0 0.99203349609375 0.7897271484375 0.93969580078125 0.7470306640625 0.93900712890625 0.6857404296875 0.9990234375 0.680890625 0.9990234375 0.7897271484375 0.99203349609375 0.7897271484375
0 0.9924634765625 0.5940650390625 0.9893748046875 0.582640234375 0.98965234375 0.58096748046875 0.99439599609375 0.5734357421875 0.9941064453125 0.56507373046875 0.99130234375 0.55782978515625 0.9910162109375 0.5522552734375 0.9910115234375 0.54835283203125 0.9923984375 0.53915263671875 0.99881240234375 0.52576533203125 0.9990234375 0.5255369140625 0.9990234375 0.60016943359375 0.9924634765625 0.5940650390625