0 0.61637080078125 0.8490564453125 0.65574755859375 0.79983544921875 0.7500876953125 0.81624248046875 0.7943865234375 0.88351103515625 0.76977607421875 0.94503720703125 0.762734375 0.9990234375 0.72907451171875 0.9990234375 0.647544140625 0.99261748046875 0.6352388671875 0.9278099609375 0.61637080078125 0.8490564453125
0 0.19799287109375 0.7538958984375 0.2381900390625 0.7358482421875 0.29807548828125 0.8105 0.3276080078125 0.872026171875 0.2652615234375 0.941755859375 0.19717255859375 0.958983203125 0.191430078125 0.90894189453125 0.18076552734375 0.86874482421875 0.1676400390625 0.84413427734375 0.190609765625 0.7883505859375 0.19799287109375 0.7538958984375
0 0.47855224609375 0.68006455078125 0.49577958984375 0.75471630859375 0.41210400390625 0.77358427734375 0.385032421875 0.77768603515625 0.384212109375 0.7054953125 0.427690625 0.6743220703125 0.47855224609375 0.68006455078125
0 0.578634765625 0.59638896484375 0.62867607421875 0.53404248046875 0.67297490234375 0.54388662109375 0.67379521484375 0.57834130859375 0.736962109375 0.6021314453125 0.683639453125 0.6825255859375 0.6360591796875 0.6817052734375 0.59832314453125 0.64889130859375 0.578634765625 0.59638896484375
0 0.7267078125 0.39417294921875 0.72178564453125 0.46841455078125 0.67584609375 0.50902177734375 0.6266251953125 0.4876927734375 0.58519755859375 0.502458984375 0.55279384765625 0.49876748046875 0.53556650390625 0.431908984375 0.5568955078125 0.39868486328125 0.69061240234375 0.39335263671875 0.7267078125 0.39417294921875
0 0.78749267578125 0.2965595703125 0.7523712890625 0.39090517578125 0.70657587890625 0.38195263671875 0.628413671875 0.37713212890625 0.6273806640625 0.31653056640625 0.65389384765625 0.27968759765625 0.73722099609375 0.26522587890625 0.78749267578125 0.2965595703125
0 0.49998388671875 0.304857421875 0.51803154296875 0.27901650390625 0.50531611328125 0.251124609375 0.5615099609375 0.224053125 0.6049884765625 0.20682578125 0.62918876953125 0.2211818359375 0.61729375 0.276965625 0.6218056640625 0.31059990234375 0.58160859375 0.356949609375 0.51844169921875 0.33028828125 0.49998388671875 0.304857421875
0 0.5522810546875 0.12991806640625 0.58386455078125 0.18283056640625 0.56212529296875 0.22138701171875 0.5067517578125 0.24517705078125 0.46163251953125 0.232871875 0.442354296875 0.17421689453125 0.42553720703125 0.1061279296875 0.5034703125 0.08931083984375 0.5522810546875 0.12991806640625
0 0.530541796875 0.031066015625 0.61275693359375 0 0.66265576171875 0 0.67615380859375 0.005225 0.6654892578125 0.04665263671875 0.72045263671875 0.07823603515625 0.69625234375 0.13935205078125 0.687228515625 0.19677646484375 0.635956640625 0.2016986328125 0.5740203125 0.144684375 0.51454501953125 0.0872599609375 0.530541796875 0.031066015625
0 0.8681154296875 0.0696224609375 0.8857529296875 0.013428515625 0.91214150390625 0 0.99479326171875 0 0.9990234375 0.0023265625 0.9990234375 0.07041240234375 0.9915779296875 0.0786462890625 0.9046208984375 0.09423291015625 0.8681154296875 0.0696224609375
0 0.758598828125 0.00645556640625 0.73521884765625 0.03721865234375 0.7110185546875 0.02163203125 0.686658203125 0 0.75894677734375 0 0.758598828125 0.00645556640625
0 0.89190556640625 0.00563525390625 0.86335380859375 0 0.90164462890625 0 0.89190556640625 0.00563525390625
0 0.84012099609375 0.88781787109375 0.80853759765625 0.81234580078125 0.87498583984375 0.75163994140625 0.95989189453125 0.6815001953125 0.9990234375 0.680183203125 0.9990234375 0.95892470703125 0.9254373046875 0.950164453125 0.90492861328125 0.933757421875 0.84012099609375 0.88781787109375
0 0.9339484375 0.17462705078125 0.9478943359375 0.0925921875 0.9990234375 0.0795091796875 0.9990234375 0.20279599609375 0.97742685546875 0.19698154296875 0.9339484375 0.17462705078125
0 0.08368837890625 0.0655162109375 0.05992978515625 0.12990537109375 0.00346015625 0.14367841796875 0 0.1428556640625 0 0.0338091796875 0.02446416015625 0.03693701171875 0.0629150390625 0 0.06930673828125 0 0.08368837890625 0.0655162109375
0 0.02446416015625 0.03487109375 0 0.0300552734375 0 0 0.0454583984375 0 0.02446416015625 0.03487109375
0 0.5447421875 0.00939091796875 0.535742578125 0 0.5854361328125 0 0.5447421875 0.00939091796875