1 0.673432 1 0.7011879999999999 0.877332 0.665556 0.867784 0.624132 1 0.673432 1
1 0.610476 1 0.652516 0.8618520000000001 0.580896 0.8410360000000001 0.529516 1 0.610476 1
1 0.513108 1 0.555156 0.8430759999999999 0.503656 0.826028 0.449752 0.9968600000000001 0.461468 1 0.513108 1
1 0.43464400000000003 0.8197240000000001 0.367868 0.97492 0.437216 0.995128 0.48362800000000006 0.8279759999999999 0.43464400000000003 0.8197240000000001
1 0.15545199999999998 0.518196 0.217692 0.519432 0.252312 0.487264 0.031488 0.33789600000000003 0.007324 0.415932 0.15545199999999998 0.518196
1 0 0.69264 0.020583999999999998 0.7030879999999999 0.077724 0.48680399999999996 0.005484 0.43494 0 0.45487200000000005 0 0.69264
1 0.10319199999999999 0.50094 0.024607999999999998 0.803308 0.073188 0.813072 0.148652 0.5375 0.10319199999999999 0.50094
1 0.09204 0.099772 0.079144 0.187328 0.253116 0.11124 0.180388 0.042992 0.09204 0.099772
1 0.024687999999999998 0.821208 0.004292 0.879124 0.120444 0.9126839999999999 0.130172 0.85516 0.024687999999999998 0.821208
1 1 0.293256 0.9526479999999999 0.314928 0.9286239999999999 0.362124 1 0.448388 1 0.293256
1 0.40921599999999997 0 0.47035600000000005 0.089 0.530392 0.074204 0.47626799999999997 0 0.40921599999999997 0
1 0.335876 0 0.397968 0.093152 0.399444 0.095368 0.40128 0.09811600000000001 0.46140800000000004 0.08904 0.403376 0 0.335876 0
1 0.26242 0 0.31190799999999996 0.07986 0.387372 0.098456 0.325836 0 0.26242 0