1 0.6947270796875 1 0.7180761812500001 0.88741486875 0.7173916234375 0.8800819328125 0.6915965625 0.8737899125 0.6828291453124999 0.874608384375 0.6460548312500001 1 0.6947270796875 1
1 0.631438803125 1 0.65071339375 0.8557933734375001 0.6506057359375 0.8546401515625 0.59484675625 0.856307440625 0.5774965671875 0.8579271500000001 0.559799203125 0.9757719968749999 0.562060984375 1 0.631438803125 1
1 0.554206009375 1 0.5405914234375 0.8541617562500001 0.48811835312499996 0.8526998000000001 0.5057601078125 1 0.554206009375 1
1 0.4677189828125 1 0.501018746875 0.867800078125 0.5000982546875 0.8579398484375 0.4535128515625 0.8481965812500001 0.3912568109375 0.9991856859375 0.3937412328125 1 0.4677189828125 1
1 0 0.4980795734375 0.12110800156249998 0.578478875 0.2035978390625 0.5707781187500001 0.22329894062500003 0.5517708734375 0.22315976875 0.550280084375 0 0.40512285156249994 0 0.4980795734375
1 0 0.743615978125 0.0025729046875 0.7656285875 0.0050426125 0.76683648125 0.00732656875 0.7666232640625 0.062285390625000006 0.5603290078125001 0.06095935 0.5461245890625 0 0.5033210265625 0 0.743615978125
1 0.1462214765625 0.6180269609375 0.146012128125 0.6157844328125 0.10619850312500001 0.5737470250000001 0.00402174375 0.8255461671875001 0.0080858625 0.869080653125 0.028181509375000004 0.87621701875 0.0378395640625 0.8753154015625 0.1462214765625 0.6180269609375
1 0.19390121875 0.1863799484375 0.1338125859375 0.1117972765625 0.0388194625 0.1464056796875 0.0171686140625 0.22685318125 0.028933831249999997 0.22575485 0.1947356015625 0.19531780468749999 0.19390121875 0.1863799484375
1 0.14278548124999998 0.9177881203125 0.14255661875 0.9153365625 0.043632384375 0.8777340375 0.041439576562500004 0.8779387453125 0.0162670578125 0.9345052796875001 0.12605906718749998 0.9723364218749999 0.12866836875 0.9720928328125 0.14278548124999998 0.9177881203125
1 0.9468854546875001 0.2704624703125 0.912015446875 0.294093728125 0.8956451609375 0.344904884375 0.9670196531249999 0.4071720140625 0.9541935796875001 0.269780228125 0.9468854546875001 0.2704624703125
1 0.46009458593749997 0.109685171875 0.4600131703125 0.108813065625 0.4129362796875 0.0305834640625 0.4033232390625 0.029687501562500003 0.35486304375 0.0319445703125 0.350758284375 0.032327765625 0.3508134875 0.032919089062500004 0.397637646875 0.11592711093750001 0.45279296406249997 0.110778140625 0.46009458593749997 0.109685171875
1 0.34352915781250004 0.1288333296875 0.34567956718750004 0.1286325796875 0.40011063125 0.10662004218750001 0.3999496359375 0.10489546875 0.3295491671875 0.034480462499999996 0.3160864875 0.0357372578125 0.2618292625 0.0488775078125 0.3398526546875 0.12523789375 0.3417076703125 0.12705470000000002 0.34352915781250004 0.1288333296875
1 0.32492771249999997 0.12585686406250002 0.3247615921875 0.124077403125 0.25166512343749997 0.0468466046875 0.189285521875 0.0541585734375 0.25788781250000004 0.1271320703125 0.2810304734375 0.129954846875 0.32492771249999997 0.12585686406250002