1 0.35782400000000003 0.679256 0.2868 0.66084 0.24844 0.6574760000000001 0.217412 0.63556 0.190788 0.625576 0.10214000000000001 0.802384 0.290392 0.9706440000000001 0.306808 0.953536 0.367112 0.977368 0.393708 0.935856 0.508076 0.9762320000000001 0.538008 0.84486 0.607144 0.76492 0.621076 0.706604 0.628256 0.673508 0.492444 0.643968 0.35782400000000003 0.679256
1 0.277984 0 0.26356799999999997 0.126596 0.466312 0.191708 0.512976 0.008492 0.49745999999999996 0 0.277984 0
1 0.265708 0.15104 0.239404 0.285452 0.423632 0.330908 0.45796400000000004 0.211468 0.265708 0.15104
1 0.23341599999999998 0.204244 0.12446399999999999 0.174592 0.01212 0.310932 0.002744 0.39571999999999996 0.193876 0.4305 0.23341599999999998 0.204244
1 0.140684 0.15526 0.233888 0.184052 0.255448 0.020948 0.140684 0.15526
1 0.83636 0.46721199999999996 0.912596 0.199684 0.8054520000000001 0.113896 0.720164 0.073216 0.6572720000000001 0.27576 0.7736 0.45367199999999996 0.83636 0.46721199999999996
1 1 0.26994799999999997 0.9341519999999999 0.215712 0.862792 0.474976 1 0.501352 1 0.26994799999999997
1 1 0.537312 0.788792 0.49936400000000003 0.757752 0.541264 0.737004 0.5856239999999999 0.704176 0.705136 0.7027479999999999 0.823652 0.844108 0.8628640000000001 1 0.68144 1 0.537312
1 0.7228600000000001 1 0.8232480000000001 0.8803639999999999 0.6995560000000001 0.84864 0.656512 1 0.7228600000000001 1
1 0.655924 0.554652 0.711684 0.488196 0.746464 0.47619999999999996 0.746352 0.44934 0.601372 0.26386 0.510304 0.617772 0.64288 0.6487160000000001 0.660868 0.5855680000000001 0.655924 0.554652
1 0.661616 0.025716 0.6098 0.239612 0.6428119999999999 0.271428 0.712408 0.055979999999999995 0.661616 0.025716
1 0.48517200000000005 0.228124 0.579152 0.26580400000000004 0.611196 0.10738 0.5229079999999999 0.058004 0.48517200000000005 0.228124
1 0.363992 0.6473679999999999 0.487888 0.6174959999999999 0.56636 0.285956 0.465712 0.24885600000000002 0.363992 0.6473679999999999
1 0.34543599999999997 0.640036 0.409976 0.366812 0.28290000000000004 0.321948 0.225928 0.387392 0.198596 0.586828 0.26006399999999996 0.623992 0.34543599999999997 0.640036
1 0 0.636332 0.012808 0.643008 0.146264 0.6541 0.166624 0.605296 0.184276 0.46156800000000003 0 0.425784 0 0.636332
1 0 0.726228 0.075124 0.787956 0.127388 0.681504 0 0.665408 0 0.726228
1 0.630236 1 0.650892 0.906636 0.5702 0.8801119999999999 0.536728 0.9837999999999999 0.5672360000000001 1 0.630236 1
1 0.683384 0.670484 0.690364 0.645404 0.699852 0.6139840000000001 0.7045480000000001 0.571516 0.714992 0.542312 0.7406119999999999 0.511776 0.720056 0.5128079999999999 0.686096 0.56166 0.684388 0.5771040000000001 0.675832 0.619144 0.660616 0.672476 0.649632 0.7392000000000001 0.576968 0.852612 0.653432 0.878804 0.6681199999999999 0.8194039999999999 0.667732 0.7712600000000001 0.669392 0.72906 0.6725399999999999 0.695136 0.683384 0.670484