1 0.1941131015625 0.659705890625 0.1797331296875 0.6623796734375 0.107252778125 0.8408069609375 0.10911163593749999 0.8582663875 0.296402603125 0.9787041562500001 0.3118660859375 0.9579903984374999 0.3722267171875 0.9680391671875 0.372829240625 0.9679271359375001 0.39713538593750003 0.92084114375 0.512336353125 0.93526053125 0.5358423796875 0.7978387375 0.6005975484375 0.7027544171875 0.611671096875 0.6416076765625001 0.616058990625 0.6143717953125 0.6152832703125 0.6070858078125 0.48129599375 0.6082558234375 0.3495719234375 0.6736629875 0.27834229062500004 0.671331503125 0.24017934375 0.6766202578125 0.2084122453125 0.6618036968750001 0.1941131015625 0.659705890625
1 0.38856320312500003 0 0.2703993390625 0.0219711609375 0.1912607734375 0.0503443171875 0.20468199999999998 0.1764039125 0.402428996875 0.1681769734375 0.40896389843750003 0.1669618859375 0.420157625 0 0.38856320312500003 0
1 0.390804390625 0.182901940625 0.190866965625 0.20564862968750003 0.20582428125000002 0.3401920734375 0.2956277609375 0.3243261984375 0.39477795625 0.3058904015625 0.3922613921875 0.1965869078125 0.390804390625 0.182901940625
1 0 0.4617939625 0.11507308125 0.4973221203125 0.1329347265625 0.494000959375 0.20219551875000003 0.2893918703125 0.2015053421875 0.282909346875 0.10012280625 0.24171780625 0 0.33296173281249997 0 0.4617939625
1 0.0845771328125 0.20818409375 0.16406294375 0.226597346875 0.1820917203125 0.2232451109375 0.18603030625 0.0928447546875 0.1840014375 0.0737885046875 0.0845771328125 0.20818409375
1 0.7641844234375 0.3813272890625 0.8188006453125001 0.369737675 0.8245354859375 0.098296275 0.8236120296875 0.0896226703125 0.69993815625 0.054932871875 0.6075795390625001 0.052677203125 0.602715059375 0.1627585171875 0.6151238140624999 0.27930841093750003 0.75471230625 0.3830885171875 0.7641844234375 0.3813272890625
1 0.9160594890624999 0.40321788437499995 0.94474915625 0.250120140625 0.9420802531250001 0.1590035484375 0.940712090625 0.14615299375 0.9157838390625 0.121164071875 0.9024066124999999 0.12365140937500001 0.8020584640624999 0.3513401671875 0.8057718703125 0.38621853906250003 0.9110350875 0.40415211093750003 0.9160594890624999 0.40321788437499995
1 0.7962966828125 0.41790896718750004 0.759381759375 0.4596230890625 0.732251340625 0.5040202796875 0.681918621875 0.624078046875 0.6735744 0.6760686421875 0.681409578125 0.7496609640624999 0.792638746875 0.7849089734375 0.7985568734374999 0.7838085703125001 0.9661394234375 0.6170012484375 0.9742880218750001 0.46151674062500003 0.9735943671875 0.45500154843749996 0.7962966828125 0.41790896718750004
1 0.741719715625 0.9338006921875 0.8394695671875001 0.8049490796875001 0.839438221875 0.8046546734375 0.716873990625 0.7868328046874999 0.7155508015625001 0.7870788359375 0.6746829937500001 0.9414284 0.6747814984375 0.9423536218749999 0.7261473171875 0.9366961937499999 0.741719715625 0.9338006921875
1 0.574352096875 0.607744790625 0.6020194984375 0.544278296875 0.602135453125 0.512856690625 0.667529996875 0.44629519531249995 0.7035866937499999 0.434645484375 0.7071413843750001 0.41162497187499997 0.7064508109375 0.40513871874999996 0.5985617859375 0.2226605671875 0.5926394609375001 0.22376175312500002 0.4547012796875 0.5610084 0.4563659109375 0.576643521875 0.573614196875 0.6078819953125 0.574352096875 0.607744790625
1 0.6162164906250001 0 0.5316090234375 0.1937917578125 0.5324407156250001 0.20160346875 0.5545140359375 0.2307591125 0.5589857140625 0.22992765781250002 0.663503640625 0.0315647765625 0.6634715531250001 0.0312633921875 0.6251751750000001 0 0.6162164906250001 0
1 0.5277417437499999 0.08294395156249999 0.5257350546875 0.06409603124999999 0.42860049218749996 0.059619009375 0.43074847343749995 0.0945066546875 0.4453568828125 0.2317169234375 0.5309070203124999 0.22418262968749997 0.539009328125 0.2226761015625 0.5277417437499999 0.08294395156249999
1 0.5583418499999999 0.28092810468749996 0.4692897359375 0.24033524062499997 0.4649286234375 0.2411461390625 0.307620440625 0.6307088249999999 0.4350410875 0.607016475 0.5588085625 0.28531171718750004 0.5583418499999999 0.28092810468749996
1 0.3515480625 0.6382066171874999 0.35303380156249997 0.379618465625 0.3525044046875 0.3746460734375 0.2180593875 0.36217871874999996 0.176889284375 0.4388870515625 0.1771200484375 0.4413948234375 0.19807975625000002 0.6382600015625 0.2561828671875 0.6559386375 0.3515480625 0.6382066171874999
1 0 0.700815134375 0.0064601828125 0.7244788343749999 0.0100123484375 0.725209525 0.1541452203125 0.6984097375 0.1601475671875 0.6546006828125 0.156403275 0.6194322359375 0.1405351875 0.508167003125 0 0.519633559375 0 0.700815134375
1 0 0.801773790625 0.0012991234375 0.813975878125 0.001367928125 0.814191584375 0.0885942390625 0.83592304375 0.09074328125 0.835523453125 0.1075212640625 0.7266889484375 0.1071398984375 0.7231069609375 0.064187290625 0.7310934875 0 0.753120140625 0 0.801773790625
1 0.6549529109375001 0.95150050625 0.6604479109375 0.9503497 0.666254328125 0.877166546875 0.6639522078125 0.8555437546875 0.585384721875 0.8457344062500001 0.5837721765625 0.8460342390625 0.5653521828125 0.9511289140624999 0.5657279015625 0.9534604718749999 0.5954535015625 0.9625637125000001 0.6549529109375001 0.95150050625
1 0.6416521875 0.6308090265625 0.6455745328125 0.697852265625 0.61010640625 0.7969391484374999 0.61337303125 0.8276211046874999 0.6542377921875 0.8294417140625001 0.6801454484375 0.8246244953125 0.6813345109375 0.7695248609374999 0.670360415625 0.723489190625 0.66270055 0.682574565625 0.6583194796875 0.64917368125 0.663517859375 0.6224947890625 0.6648368 0.5964926625 0.6672175265625 0.5637082703125 0.6624728171875 0.521682703125 0.6662776859374999 0.49075335468750003 0.6833869453125 0.4567971078125 0.683179221875 0.4548460546875 0.6828704109375 0.4548854765625 0.6647461828125001 0.4610499328125 0.6422280578125 0.5174267796875001 0.6439532921875 0.5327099515625 0.6448224859375 0.5754111640625 0.6416521875 0.6308090265625