2 0.1328125 0.0107421875 0.1494140625 0.029296875 0.1865234375 0.046875 0.2041015625 0.064453125 0.22265625 0.0693359375 0.2646484375 0.037109375 0.298828125 0.0009765625 0.1328125 0.0009765625 0.1328125 0.0107421875
2 0.24609375 0.0673828125 0.244140625 0.0810546875 0.2529296875 0.08984375 0.2861328125 0.095703125 0.294921875 0.1064453125 0.296875 0.1220703125 0.3056640625 0.12890625 0.326171875 0.1298828125 0.3427734375 0.125 0.474609375 0.0009765625 0.3134765625 0 0.24609375 0.0673828125
2 0.4853515625 0 0.421875 0.0634765625 0.4013671875 0.091796875 0.3916015625 0.09375 0.3857421875 0.10546875 0.357421875 0.1259765625 0.357421875 0.1396484375 0.3681640625 0.15625 0.4208984375 0.17578125 0.435546875 0.1904296875 0.435546875 0.2021484375 0.4443359375 0.212890625 0.4638671875 0.22265625 0.4873046875 0.25390625 0.51953125 0.2705078125 0.6005859375 0.193359375 0.6142578125 0.1875 0.802734375 0.0009765625 0.4853515625 0
2 0.8134765625 0 0.623046875 0.1904296875 0.58984375 0.2314453125 0.548828125 0.2685546875 0.548828125 0.2802734375 0.54296875 0.2822265625 0.5732421875 0.296875 0.58203125 0.3232421875 0.5986328125 0.337890625 0.6181640625 0.34765625 0.6533203125 0.345703125 0.6865234375 0.359375 0.69140625 0.3935546875 0.7197265625 0.41796875 0.7451171875 0.416015625 0.7685546875 0.390625 0.8330078125 0.380859375 0.8798828125 0.41015625 0.9150390625 0.419921875 0.9326171875 0.435546875 0.9599609375 0.4296875 1 0.4423828125 0.9990234375 0 0.8134765625 0
2 0.0966796875 0.591796875 0.0908203125 0.580078125 0.0380859375 0.544921875 0 0.5458984375 0.001953125 0.7763671875 0.1435546875 0.642578125 0.166015625 0.6142578125 0.1376953125 0.59765625 0.0966796875 0.591796875
2 1 0.9443359375 0.9921875 0.9404296875 1 0.9365234375 0.9990234375 0.849609375 0.9833984375 0.861328125 0.8623046875 0.859375 0.8349609375 0.830078125 0.8251953125 0.82421875 0.8134765625 0.828125 0.8095703125 0.814453125 0.80078125 0.8173828125 0.8037109375 0.830078125 0.779296875 0.7978515625 0.7705078125 0.7734375 0.7470703125 0.763671875 0.7001953125 0.771484375 0.6826171875 0.763671875 0.6533203125 0.734375 0.5888671875 0.73828125 0.5283203125 0.787109375 0.515625 0.7783203125 0.51953125 0.7724609375 0.5 0.7470703125 0.5 0.7314453125 0.484375 0.7255859375 0.484375 0.7080078125 0.4775390625 0.701171875 0.4462890625 0.693359375 0.4453125 0.6806640625 0.4189453125 0.66015625 0.3408203125 0.634765625 0.3173828125 0.611328125 0.2998046875 0.615234375 0.2802734375 0.6328125 0.2470703125 0.626953125 0.2158203125 0.607421875 0.1884765625 0.615234375 0 0.7919921875 0.0009765625 1 1 0.9990234375 1 0.9443359375
2 0.6640625 0.5458984375 0.658203125 0.5146484375 0.6455078125 0.501953125 0.6259765625 0.5 0.5927734375 0.51171875 0.5654296875 0.509765625 0.5439453125 0.53515625 0.5283203125 0.53125 0.5107421875 0.515625 0.48828125 0.5126953125 0.509765625 0.5029296875 0.5078125 0.4716796875 0.4951171875 0.453125 0.484375 0.4501953125 0.4833984375 0.439453125 0.46875 0.4365234375 0.46875 0.4150390625 0.478515625 0.4033203125 0.4658203125 0.384765625 0.4501953125 0.375 0.4326171875 0.376953125 0.3916015625 0.41015625 0.359375 0.4560546875 0.359375 0.4892578125 0.353515625 0.4990234375 0.357421875 0.5205078125 0.330078125 0.5556640625 0.33984375 0.5810546875 0.3603515625 0.591796875 0.4208984375 0.591796875 0.443359375 0.6083984375 0.4482421875 0.62109375 0.4658203125 0.623046875 0.4716796875 0.607421875 0.4814453125 0.611328125 0.4873046875 0.623046875 0.5595703125 0.66015625 0.5966796875 0.6875 0.66015625 0.6923828125 0.701171875 0.6669921875 0.708984375 0.6083984375 0.693359375 0.5654296875 0.6640625 0.5458984375
6 1 0.5380859375 0.9873046875 0.53515625 0.9755859375 0.521484375 0.9599609375 0.51953125 0.9501953125 0.498046875 0.9326171875 0.494140625 0.923828125 0.4853515625 0.9189453125 0.45703125 0.8701171875 0.4609375 0.8486328125 0.447265625 0.8212890625 0.453125 0.7509765625 0.4453125 0.7236328125 0.484375 0.66015625 0.5126953125 0.671875 0.5478515625 0.697265625 0.5634765625 0.703125 0.5888671875 0.712890625 0.6025390625 0.71484375 0.6337890625 0.708984375 0.6630859375 0.6611328125 0.701171875 0.6044921875 0.701171875 0.5927734375 0.693359375 0.5634765625 0.689453125 0.5615234375 0.673828125 0.546875 0.6806640625 0.5517578125 0.685546875 0.544921875 0.6845703125 0.548828125 0.7138671875 0.5810546875 0.73828125 0.6025390625 0.73046875 0.6669921875 0.734375 0.677734375 0.7548828125 0.6943359375 0.765625 0.7490234375 0.759765625 0.7705078125 0.767578125 0.7900390625 0.794921875 0.8076171875 0.798828125 0.8095703125 0.806640625 0.8349609375 0.822265625 0.8447265625 0.82421875 0.8564453125 0.810546875 0.8740234375 0.810546875 0.8779296875 0.8203125 0.9033203125 0.8203125 0.9091796875 0.814453125 0.9345703125 0.841796875 0.9921875 0.8447265625 1 0.8388671875 1 0.5380859375
6 0.0966796875 0.34375 0.0712890625 0.373046875 0.0478515625 0.375 0.044921875 0.3857421875 0.03125 0.3916015625 0.0341796875 0.404296875 0.046875 0.4052734375 0.1181640625 0.341796875 0.13671875 0.3173828125 0.1044921875 0.34375 0.0966796875 0.34375
6 0.232421875 0.4814453125 0.234375 0.4619140625 0.2255859375 0.453125 0.205078125 0.4794921875 0.20703125 0.4892578125 0.21875 0.4951171875 0.212890625 0.5029296875 0.220703125 0.5341796875 0.21484375 0.5654296875 0.21875 0.5673828125 0.25390625 0.5361328125 0.24609375 0.5224609375 0.244140625 0.4873046875 0.232421875 0.4814453125
6 0.3818359375 0.595703125 0.3505859375 0.595703125 0.3251953125 0.57421875 0.2744140625 0.5625 0.2587890625 0.544921875 0.208984375 0.5947265625 0.2099609375 0.599609375 0.2490234375 0.611328125 0.25 0.6220703125 0.2666015625 0.62890625 0.2880859375 0.626953125 0.3017578125 0.61328125 0.3212890625 0.611328125 0.326171875 0.6220703125 0.3193359375 0.638671875 0.3271484375 0.638671875 0.3310546875 0.630859375 0.3408203125 0.638671875 0.390625 0.6396484375 0.390625 0.6298828125 0.3984375 0.6220703125 0.37890625 0.6103515625 0.3818359375 0.595703125
6 0.27734375 0.4189453125 0.271484375 0.4072265625 0.279296875 0.3916015625 0.2509765625 0.388671875 0.251953125 0.3779296875 0.265625 0.3740234375 0.263671875 0.3642578125 0.2509765625 0.3671875 0.2431640625 0.361328125 0.24609375 0.3681640625 0.2373046875 0.369140625 0.2314453125 0.35546875 0.220703125 0.3564453125 0.232421875 0.3466796875 0.2216796875 0.345703125 0.2158203125 0.330078125 0.1806640625 0.330078125 0.1611328125 0.31640625 0.1533203125 0.31640625 0.1220703125 0.34375 0.0625 0.3994140625 0.05859375 0.4091796875 0.0771484375 0.4296875 0.1142578125 0.4140625 0.1259765625 0.421875 0.1884765625 0.4296875 0.1982421875 0.44140625 0.2197265625 0.4296875 0.232421875 0.4482421875 0.2373046875 0.439453125 0.2490234375 0.4375 0.2568359375 0.423828125 0.27734375 0.4189453125