0 0.72790537109375 0.4056357421875 0.788375 0.44700966796875 0.7862533203125 0.48838359375 0.75548798828125 0.52233154296875 0.7045662109375 0.50960107421875 0.66637490234375 0.4353400390625 0.72790537109375 0.4056357421875
0 0.209139453125 0.29106162109375 0.30992216796875 0.3059138671875 0.31734833984375 0.35895732421875 0.30143525390625 0.407757421875 0.234600390625 0.420487890625 0.1879220703125 0.38972265625 0.209139453125 0.29106162109375
0 0.6674357421875 0.36638349609375 0.683348828125 0.2486267578125 0.794740234375 0.258174609375 0.82126201171875 0.31440078125 0.782009765625 0.420487890625 0.6674357421875 0.36638349609375
0 0.4743572265625 0.25711376953125 0.51997470703125 0.183913671875 0.57620078125 0.17860927734375 0.6112095703125 0.2114962890625 0.65364443359375 0.251809375 0.6387921875 0.308035546875 0.52527900390625 0.32819208984375 0.4743572265625 0.25711376953125
0 0.02879140625 0.27514853515625 0.0160609375 0.183913671875 0.05425224609375 0.11389619140625 0.122148046875 0.1308701171875 0.1815568359375 0.203009375 0.196408984375 0.26666162109375 0.1751916015625 0.34092255859375 0.096687109375 0.36213994140625 0.02879140625 0.27514853515625
0 0.36402666015625 0.18815712890625 0.41919189453125 0.1987658203125 0.41707021484375 0.23483544921875 0.37887880859375 0.26453984375 0.33856572265625 0.31333994140625 0.29825263671875 0.3239486328125 0.22823515625 0.2857572265625 0.1942873046875 0.21573974609375 0.21762646484375 0.132991796875 0.26430478515625 0.071461328125 0.3491744140625 0.1054091796875 0.36402666015625 0.18815712890625
0 0.6865314453125 0.0491830078125 0.696079296875 0.08207001953125 0.68122705078125 0.11601787109375 0.595296484375 0.096922265625 0.59741826171875 0.0619134765625 0.6292443359375 0.03539169921875 0.6865314453125 0.0491830078125
0 0.61545302734375 0.0428177734375 0.60590517578125 0.058730859375 0.5804443359375 0.084191796875 0.51679208984375 0.095861328125 0.49769638671875 0.046000390625 0.5052486328125 0 0.602788671875 0 0.61545302734375 0.0428177734375
0 0.22611337890625 0.0502439453125 0.15854404296875 0 0.40056552734375 0 0.41919189453125 0.02690478515625 0.33856572265625 0.06933955078125 0.22611337890625 0.0502439453125
0 0.894462109375 0.07252216796875 0.96447958984375 0.08949609375 0.99312314453125 0.1308701171875 0.9990234375 0.16774697265625 0.9990234375 0.1901955078125 0.9793318359375 0.23801806640625 0.895523046875 0.26453984375 0.8785490234375 0.27514853515625 0.84884462890625 0.27620947265625 0.80534892578125 0.14041796875 0.894462109375 0.07252216796875
0 0.94326220703125 0.046000390625 0.9990234375 0.041128125 0.9990234375 0.17277060546875 0.98994052734375 0.17330498046875 0.9719056640625 0.1181396484375 0.94326220703125 0.046000390625
0 0.857331640625 0.008869921875 0.84035771484375 0.01417431640625 0.823167578125 0 0.8662015625 0 0.857331640625 0.008869921875