0 0.68096904296875 0.991305078125 0.73126220703125 0.991305078125 0.73567265625 0.9990234375 0.6760072265625 0.9990234375 0.68096904296875 0.991305078125
0 0.18456220703125 0.9990234375 0 0.9990234375 0 0.8667958984375 0.04056962890625 0.84042568359375 0.0975685546875 0.84042568359375 0.12774443359375 0.8571900390625 0.1344501953125 0.88401298828125 0.15121455078125 0.89742451171875 0.20150771484375 0.93430615234375 0.18809619140625 0.99465791015625 0.18456220703125 0.9990234375
0 0.00552158203125 0.79610478515625 0 0.82064541015625 0 0.78907724609375 0.00552158203125 0.79610478515625
0 0.43285615234375 0.67948759765625 0.38591591796875 0.62919443359375 0.426150390625 0.54201962890625 0.489855078125 0.4615505859375 0.59379423828125 0.43808046875 0.64073447265625 0.45484482421875 0.6876748046875 0.5721955078125 0.67426328125 0.6359001953125 0.516678125 0.77336806640625 0.43285615234375 0.67948759765625
0 0.0083505859375 0.6659712890625 0 0.6794607421875 0 0.4283021484375 0.03664052734375 0.43682314453125 0.1017072265625 0.42362119140625 0.13094013671875 0.4255072265625 0.17054599609375 0.44719609375 0.21580986328125 0.47642900390625 0.21769580078125 0.49528896484375 0.2073228515625 0.52829384765625 0.185633984375 0.54338173828125 0.1479140625 0.5603556640625 0.13188310546875 0.5594126953125 0.08944833984375 0.566013671875 0.05832939453125 0.58958857421875 0.04324150390625 0.6065625 0.0083505859375 0.6659712890625
0 0.7655767578125 0.4537970703125 0.745773828125 0.48397294921875 0.72974287109375 0.49811796875 0.70239599609375 0.51509189453125 0.68259306640625 0.51509189453125 0.663733203125 0.49717490234375 0.65430322265625 0.47454296875 0.65336015625 0.433994140625 0.6797640625 0.4123052734375 0.72031298828125 0.4000462890625 0.75897578125 0.4000462890625 0.7655767578125 0.4537970703125
0 0.996139453125 0.578744140625 0.98670947265625 0.58157314453125 0.970678515625 0.58817412109375 0.95417607421875 0.5858166015625 0.94144560546875 0.57827265625 0.93578759765625 0.55658369140625 0.94050263671875 0.539609765625 0.92777216796875 0.52405029296875 0.93295869140625 0.499532421875 0.94144560546875 0.484916015625 0.96643505859375 0.473128515625 0.97586494140625 0.46464150390625 0.98670947265625 0.4396521484375 0.97397900390625 0.4259787109375 0.96124853515625 0.40617578125 0.96784951171875 0.38212939453125 0.9990234375 0.38336396484375 0.9990234375 0.57941708984375 0.996139453125 0.578744140625
0 0.4395619140625 0.38108154296875 0.4295033203125 0.30731826171875 0.5367953125 0.26373095703125 0.627323046875 0.28720107421875 0.6608517578125 0.3643171875 0.64408740234375 0.3877873046875 0.50661943359375 0.4514919921875 0.4395619140625 0.38108154296875
0 0.732571875 0.2934876953125 0.7240849609375 0.299145703125 0.70805400390625 0.301031640625 0.69013701171875 0.299145703125 0.64298720703125 0.28217177734375 0.6203552734375 0.25953984375 0.63450029296875 0.2274779296875 0.68730810546875 0.2010740234375 0.73445791015625 0.21710498046875 0.732571875 0.2934876953125
0 0.00708583984375 0.2265369140625 0.0276296875 0.25162939453125 0.0239265625 0.2665251953125 0.01371357421875 0.28980712890625 0.00349296875 0.30843603515625 0 0.3097109375 0 0.2112720703125 0.00708583984375 0.2265369140625
0 0.68070712890625 0.1822140625 0.68165009765625 0.1888150390625 0.66844814453125 0.20673203125 0.64204423828125 0.22370595703125 0.62224130859375 0.2331359375 0.558117578125 0.2416228515625 0.56283251953125 0.2020169921875 0.58263544921875 0.1595822265625 0.62601328125 0.141665234375 0.68070712890625 0.1822140625
0 0.5870884765625 0.08938134765625 0.59714716796875 0.04244111328125 0.65550361328125 0 0.79055986328125 0 0.82514267578125 0.01561806640625 0.8452599609375 0.11285146484375 0.774849609375 0.19667333984375 0.7480265625 0.21343779296875 0.6507931640625 0.1564388671875 0.5870884765625 0.08938134765625
0 0.99755390625 0.326492578125 0.97020703125 0.328378515625 0.957948046875 0.31611962890625 0.95983408203125 0.28500068359375 0.95606201171875 0.248223828125 0.90891220703125 0.23690791015625 0.905140234375 0.2133330078125 0.91645625 0.1746701171875 0.94663212890625 0.167126171875 0.9990234375 0.1663556640625 0.9990234375 0.3246912109375 0.99755390625 0.326492578125
0 0.9089646484375 0.14302734375 0.91231748046875 0.1094986328125 0.94919912109375 0.05249970703125 0.9641990234375 0 0.9990234375 0 0.9990234375 0.1630404296875 0.9089646484375 0.14302734375