0 0.09708232421875 0.87218740234375 0.11218251953125 0.8476494140625 0.1197326171875 0.81744892578125 0.1140701171875 0.7947986328125 0.12539521484375 0.7702607421875 0.13672041015625 0.74006015625 0.155595703125 0.7249599609375 0.2103341796875 0.7230724609375 0.22732197265625 0.7513853515625 0.24430966796875 0.79291103515625 0.27639775390625 0.7947986328125 0.2858353515625 0.83066171875 0.26507255859375 0.8457619140625 0.225434375 0.8457619140625 0.2141091796875 0.8797375 0.21599677734375 0.906162890625 0.10085732421875 0.904275390625 0.09708232421875 0.87218740234375
0 0.19523388671875 0.63813349609375 0.225434375 0.59094521484375 0.26884755859375 0.5928328125 0.31226083984375 0.62680830078125 0.3311361328125 0.65889638671875 0.3216984375 0.7004220703125 0.30093564453125 0.7230724609375 0.25185986328125 0.72118486328125 0.20467158203125 0.70608466796875 0.19523388671875 0.68343427734375 0.19523388671875 0.63813349609375
0 0.2594099609375 0.41917998046875 0.29149794921875 0.39652958984375 0.3292486328125 0.40974228515625 0.3179234375 0.45315546875 0.3292486328125 0.475805859375 0.340573828125 0.50600634765625 0.32736103515625 0.52676923828125 0.34812392578125 0.54753203125 0.36133662109375 0.56451982421875 0.36133662109375 0.59849541015625 0.3556740234375 0.61359560546875 0.32547353515625 0.617370703125 0.29904814453125 0.63435849609375 0.26507255859375 0.60038291015625 0.2367595703125 0.568294921875 0.25374736328125 0.5097814453125 0.21977177734375 0.4871310546875 0.2103341796875 0.45693056640625 0.21788427734375 0.43428017578125 0.2348720703125 0.4040796875 0.2594099609375 0.41917998046875
0 0.0196935546875 0.3210283203125 0.0196935546875 0.35122880859375 0 0.3737357421875 0 0.300021875 0.0196935546875 0.3210283203125
0 0.11218251953125 0.26251484375 0.12539521484375 0.2153265625 0.151820703125 0.19456376953125 0.20467158203125 0.17380087890625 0.25374736328125 0.1756884765625 0.25563486328125 0.21721416015625 0.25563486328125 0.24363955078125 0.2367595703125 0.29271533203125 0.2141091796875 0.31725322265625 0.1631458984375 0.305928125 0.11218251953125 0.26251484375
0 0.01780595703125 0.02846103515625 0.010255859375 0.11151240234375 0 0.12176826171875 0 0.01346650390625 0.01780595703125 0.02846103515625
0 0.0842783203125 0.0173798828125 0.0564109375 0.03529462890625 0 0.018200390625 0 0 0.08836767578125 0 0.0842783203125 0.0173798828125
0 0.08525439453125 0 0.23109697265625 0 0.23109697265625 0.01524833984375 0.20655908203125 0.05488642578125 0.155595703125 0.05299892578125 0.1291703125 0.04167373046875 0.08764462890625 0.0114732421875 0.08525439453125 0
0 0.61681865234375 0.02410595703125 0.54686064453125 0.02410595703125 0.54686064453125 0 0.65056689453125 0 0.61681865234375 0.02410595703125
0 0.5689650390625 0.82877412109375 0.56518994140625 0.79291103515625 0.56141494140625 0.7513853515625 0.61049072265625 0.73439755859375 0.64635380859375 0.75516044921875 0.67089169921875 0.811786328125 0.6859919921875 0.83632431640625 0.678441796875 0.881625 0.65579140625 0.902387890625 0.60860322265625 0.9137130859375 0.580290234375 0.89672529296875 0.5670775390625 0.8797375 0.5689650390625 0.82877412109375
0 0.4764759765625 0.79102353515625 0.5217767578125 0.7759232421875 0.56330244140625 0.78158583984375 0.5708525390625 0.8231115234375 0.5708525390625 0.86274970703125 0.5198892578125 0.8702998046875 0.487801171875 0.84953701171875 0.4764759765625 0.79102353515625
0 0.31659208984375 0.7229146484375 0.35955830078125 0.74274521484375 0.3727787109375 0.78571142578125 0.3479904296875 0.82206748046875 0.3099818359375 0.8336353515625 0.28684619140625 0.828677734375 0.27858349609375 0.7923216796875 0.257100390625 0.79397421875 0.2719732421875 0.7576181640625 0.31659208984375 0.7229146484375
0 0.5217767578125 0.522994140625 0.5670775390625 0.50600634765625 0.582177734375 0.53809443359375 0.58784033203125 0.56451982421875 0.602940625 0.58905771484375 0.61049072265625 0.6041580078125 0.61049072265625 0.6305833984375 0.64446630859375 0.6286958984375 0.65956650390625 0.687209375 0.6388037109375 0.70797216796875 0.60860322265625 0.69475947265625 0.58784033203125 0.711747265625 0.5689650390625 0.7004220703125 0.5463146484375 0.73439755859375 0.533101953125 0.7494978515625 0.5010138671875 0.72873505859375 0.4972388671875 0.690984375 0.4727009765625 0.6758841796875 0.4727009765625 0.6532337890625 0.49157626953125 0.6324708984375 0.49157626953125 0.60038291015625 0.48025107421875 0.54564453125 0.5217767578125 0.522994140625
0 0.346236328125 0.6305833984375 0.36133662109375 0.617370703125 0.35944912109375 0.57395751953125 0.3802119140625 0.53998193359375 0.4255126953125 0.524881640625 0.4500505859375 0.53809443359375 0.484026171875 0.5588572265625 0.487801171875 0.5947203125 0.487801171875 0.6286958984375 0.46515078125 0.64945869140625 0.46137578125 0.67210908203125 0.440612890625 0.7004220703125 0.4028623046875 0.7004220703125 0.3575615234375 0.666446484375 0.346236328125 0.6305833984375
0 0.82566923828125 0.54186943359375 0.87474501953125 0.54941953125 0.89550791015625 0.60982060546875 0.88607021484375 0.65700888671875 0.8577572265625 0.67399658203125 0.79169365234375 0.668333984375 0.7577181640625 0.63624599609375 0.74639296875 0.61170810546875 0.7596056640625 0.55508212890625 0.82566923828125 0.54186943359375
0 0.9747841796875 0.60227041015625 0.9990234375 0.60227041015625 0.9990234375 0.80249443359375 0.9728966796875 0.80423623046875 0.918158203125 0.7966861328125 0.89739541015625 0.7721482421875 0.93137099609375 0.73817265625 0.89928291015625 0.7004220703125 0.88795771484375 0.666446484375 0.92382080078125 0.64002109375 0.94458369140625 0.62680830078125 0.9747841796875 0.60227041015625
0 0.85964482421875 0.44371787109375 0.88607021484375 0.39841708984375 0.94080859375 0.3908669921875 0.986109375 0.40785478515625 0.99554697265625 0.475805859375 0.961571484375 0.522994140625 0.916270703125 0.53998193359375 0.8804076171875 0.49090615234375 0.85964482421875 0.44371787109375
0 0.9349025390625 0.3243421875 0.96374521484375 0.278674609375 0.9990234375 0.26010712890625 0.9990234375 0.3729083984375 0.96134169921875 0.370009765625 0.9349025390625 0.3243421875
0 0.820006640625 0.35500390625 0.820006640625 0.32669091796875 0.82566923828125 0.2983779296875 0.8332193359375 0.2700650390625 0.84454453125 0.24363955078125 0.867194921875 0.2134390625 0.914383203125 0.19456376953125 0.94647119140625 0.22098916015625 0.9766716796875 0.25496474609375 0.984221875 0.283277734375 0.961571484375 0.307815625 0.93137099609375 0.330466015625 0.9275958984375 0.3682166015625 0.8917328125 0.38331689453125 0.84265703125 0.38331689453125 0.820006640625 0.35500390625
0 0.94647119140625 0.21910166015625 0.9502462890625 0.17191337890625 0.9990234375 0.1430083984375 0.9990234375 0.23599345703125 0.94647119140625 0.21910166015625
0 0.880423046875 0.03787392578125 0.9221376953125 0.02880546875 0.962038671875 0.0614517578125 0.954783984375 0.11042109375 0.90581455078125 0.1539494140625 0.86228623046875 0.1503220703125 0.8314537109375 0.13581259765625 0.8314537109375 0.104980078125 0.8441494140625 0.0741474609375 0.880423046875 0.03787392578125
0 0.51800166015625 0.38331689453125 0.5670775390625 0.3701041015625 0.61049072265625 0.40030458984375 0.6406912109375 0.43616767578125 0.61426572265625 0.4890185546875 0.56141494140625 0.51544404296875 0.52555185546875 0.521106640625 0.49346376953125 0.47014326171875 0.48968876953125 0.424842578125 0.51800166015625 0.38331689453125
0 0.342461328125 0.4040796875 0.3575615234375 0.3663291015625 0.4028623046875 0.36066650390625 0.43495029296875 0.36066650390625 0.46515078125 0.381429296875 0.46137578125 0.43428017578125 0.4141875 0.477693359375 0.36133662109375 0.4852435546875 0.3311361328125 0.4607056640625 0.342461328125 0.4040796875
0 0.75205556640625 0.49656875 0.72940517578125 0.44938046875 0.7105298828125 0.40785478515625 0.7124173828125 0.35500390625 0.75583056640625 0.2946029296875 0.76904326171875 0.34745380859375 0.78791865234375 0.3908669921875 0.84076943359375 0.377654296875 0.85020712890625 0.41917998046875 0.83699443359375 0.48335595703125 0.79924384765625 0.49090615234375 0.75205556640625 0.49656875
0 0.57274013671875 0.2983779296875 0.61426572265625 0.26628994140625 0.674666796875 0.26251484375 0.7143048828125 0.2738400390625 0.7143048828125 0.32857841796875 0.674666796875 0.37387919921875 0.64446630859375 0.3663291015625 0.602940625 0.33990361328125 0.57274013671875 0.2983779296875
0 0.27073515625 0.13416279296875 0.295273046875 0.139825390625 0.3179234375 0.16058818359375 0.33491123046875 0.2002263671875 0.35944912109375 0.236089453125 0.41041240234375 0.26062734375 0.43306279296875 0.29082783203125 0.4292876953125 0.33801611328125 0.37266181640625 0.34934130859375 0.32736103515625 0.34745380859375 0.295273046875 0.33612861328125 0.2575224609375 0.31159072265625 0.24053466796875 0.27572763671875 0.25374736328125 0.25307724609375 0.25374736328125 0.2115515625 0.246197265625 0.17380087890625 0.27073515625 0.13416279296875
0 0.57651513671875 0.237976953125 0.58972783203125 0.2021138671875 0.62370341796875 0.1756884765625 0.676554296875 0.1756884765625 0.69354208984375 0.2002263671875 0.6916544921875 0.24363955078125 0.65579140625 0.26817744140625 0.602940625 0.26251484375 0.57651513671875 0.237976953125
0 0.51611416015625 0.10018720703125 0.57462763671875 0.08697451171875 0.604828125 0.12661259765625 0.6199283203125 0.17380087890625 0.59916552734375 0.2134390625 0.5444271484375 0.22853935546875 0.51422666015625 0.21721416015625 0.4972388671875 0.1983388671875 0.50478896484375 0.1549255859375 0.51611416015625 0.10018720703125
0 0.32547353515625 0.02846103515625 0.37077431640625 0.02657353515625 0.4292876953125 0.0209109375 0.47081337890625 0.043561328125 0.48213857421875 0.10207470703125 0.4991263671875 0.1285001953125 0.47836357421875 0.18512607421875 0.4274001953125 0.1983388671875 0.40852490234375 0.20777646484375 0.440612890625 0.2511896484375 0.40852490234375 0.26062734375 0.36133662109375 0.236089453125 0.33491123046875 0.2040013671875 0.31603583984375 0.1511505859375 0.28961044921875 0.1285001953125 0.26884755859375 0.10207470703125 0.26318505859375 0.06432412109375 0.2820603515625 0.043561328125 0.32547353515625 0.02846103515625
0 0.676554296875 0.16813828125 0.68410439453125 0.09829970703125 0.73318017578125 0.0831994140625 0.73318017578125 0.047336328125 0.772818359375 0.03034853515625 0.82566923828125 0.049223828125 0.82378173828125 0.12095009765625 0.79546875 0.1511505859375 0.770930859375 0.18135107421875 0.76338076171875 0.20966396484375 0.74261787109375 0.22098916015625 0.7105298828125 0.20966396484375 0.676554296875 0.16813828125
0 0.2612974609375 0.049223828125 0.24053466796875 0.02846103515625 0.2328720703125 0 0.3726904296875 0 0.35944912109375 0.01713583984375 0.3065982421875 0.0246859375 0.2612974609375 0.049223828125