0 0.0032791015625 0.75651884765625 0 0.758307421875 0 0.71282421875 0.01062099609375 0.72427822265625 0.0032791015625 0.75651884765625
0 0.34451845703125 0.96783828125 0.3432416015625 0.97518017578125 0.3311115234375 0.9876294921875 0.32025830078125 0.98986396484375 0.31291630859375 0.98890634765625 0.2969556640625 0.9857142578125 0.28131416015625 0.97581865234375 0.27684521484375 0.96145400390625 0.284187109375 0.9499623046875 0.301424609375 0.94038583984375 0.32823857421875 0.9413435546875 0.34451845703125 0.96783828125
0 0.242210546875 0.92570205078125 0.23837998046875 0.94804697265625 0.24029521484375 0.95123916015625 0.2773240234375 0.9576234375 0.286900390625 0.9754994140625 0.28366591796875 0.9990234375 0.01954892578125 0.9990234375 0.00726923828125 0.99656748046875 0 0.99729443359375 0 0.8978578125 0.00535400390625 0.89250380859375 0.02769892578125 0.8580287109375 0.095372265625 0.870797265625 0.09601064453125 0.86696669921875 0.0998412109375 0.84781396484375 0.1119712890625 0.82993798828125 0.13112412109375 0.81716943359375 0.1375083984375 0.81461572265625 0.184113671875 0.81908466796875 0.20454326171875 0.8439833984375 0.22497294921875 0.8759046875 0.242210546875 0.92570205078125
0 0.35122197265625 0.88037373046875 0.3550525390625 0.8969728515625 0.3531373046875 0.9244251953125 0.3346228515625 0.932086328125 0.32376962890625 0.9327248046875 0.29376357421875 0.94293955078125 0.27078017578125 0.9518775390625 0.24971201171875 0.93910908203125 0.23758193359375 0.914848828125 0.22736708984375 0.88611953125 0.22800546875 0.8612208984375 0.25290419921875 0.8458986328125 0.277164453125 0.836322265625 0.31547001953125 0.83951435546875 0.35122197265625 0.88037373046875
0 0.07382529296875 0.77184111328125 0.07542138671875 0.77567158203125 0.07989033203125 0.786844140625 0.0818056640625 0.80088955078125 0.079251953125 0.81397724609375 0.06776025390625 0.8235537109375 0.0476498046875 0.83025712890625 0.0288162109375 0.8203615234375 0.01477080078125 0.8066353515625 0.01317470703125 0.7878017578125 0.02466640625 0.76992578125 0.05211875 0.7606685546875 0.07382529296875 0.77184111328125
0 0.403573046875 0.7724794921875 0.38825078125 0.7999318359375 0.37420537109375 0.8031240234375 0.3480298828125 0.80120869140625 0.325046484375 0.80695458984375 0.29312509765625 0.802485546875 0.2765259765625 0.785248046875 0.27780283203125 0.76162626953125 0.29823251953125 0.74311181640625 0.3244080078125 0.7297048828125 0.35377568359375 0.7111904296875 0.3825048828125 0.71182890625 0.403573046875 0.7724794921875
0 0.22992080078125 0.679269140625 0.23151689453125 0.68086513671875 0.23502822265625 0.6958681640625 0.2423701171875 0.72268212890625 0.2525849609375 0.73289697265625 0.25194658203125 0.74375029296875 0.2458814453125 0.74630400390625 0.234708984375 0.75492275390625 0.21651376953125 0.75651884765625 0.21268330078125 0.75683798828125 0.195445703125 0.75811484375 0.18459248046875 0.7501345703125 0.17342001953125 0.7367275390625 0.18555009765625 0.72044765625 0.19768017578125 0.71214814453125 0.21364091796875 0.69969873046875 0.22992080078125 0.679269140625
0 0.29567880859375 0.6665005859375 0.30238232421875 0.6802267578125 0.31291630859375 0.69363369140625 0.31770458984375 0.70735986328125 0.3122779296875 0.7306625 0.2985517578125 0.74566552734375 0.2679072265625 0.74821923828125 0.2474775390625 0.7351314453125 0.23151689453125 0.71661708984375 0.22992080078125 0.7006564453125 0.23502822265625 0.68597255859375 0.25130810546875 0.6684158203125 0.275568359375 0.65756259765625 0.29567880859375 0.6665005859375
0 0.21651376953125 0.66969267578125 0.215875390625 0.67799228515625 0.20853349609375 0.69139921875 0.207256640625 0.70735986328125 0.1715046875 0.72076689453125 0.15299033203125 0.7143826171875 0.14373310546875 0.69363369140625 0.14245625 0.6821419921875 0.147563671875 0.67128876953125 0.1587361328125 0.65947783203125 0.1654396484375 0.64734775390625 0.1791658203125 0.635217578125 0.1995955078125 0.636813671875 0.21651376953125 0.66969267578125
0 0.15969375 0.6613931640625 0.14947890625 0.67288486328125 0.130326171875 0.68054599609375 0.1073427734375 0.693314453125 0.0811671875 0.698421875 0.0530763671875 0.6818228515625 0.04796904296875 0.648624609375 0.07478291015625 0.6173416015625 0.10542744140625 0.60712685546875 0.1418177734375 0.6052115234375 0.15969375 0.6613931640625
0 0.03328515625 0.60904208984375 0.031369921875 0.62883330078125 0.02243193359375 0.65053984375 0 0.65842138671875 0 0.57701298828125 0.03328515625 0.60904208984375
0 0.19310361328125 0.613508984375 0.19135126953125 0.6135119140625 0.18171484375 0.61440283203125 0.17995517578125 0.6100310546875 0.179946484375 0.60478134765625 0.1808138671875 0.5995302734375 0.186063671875 0.59514677734375 0.18605634765625 0.5907720703125 0.180796484375 0.58903095703125 0.17903681640625 0.5846591796875 0.177269921875 0.57591259765625 0.17901064453125 0.56891015625 0.18075712890625 0.56540751953125 0.18162021484375 0.55753154296875 0.1886310546875 0.55839482421875 0.1982689453125 0.55837880859375 0.20615888671875 0.56099052734375 0.207049609375 0.5697384765625 0.214058984375 0.5697267578125 0.223696875 0.5697107421875 0.22895390625 0.56970205078125 0.23422109375 0.57581787109375 0.2359865234375 0.583689453125 0.23950732421875 0.5933080078125 0.242150390625 0.60205302734375 0.24128583984375 0.60905400390625 0.232528515625 0.61169345703125 0.2325416015625 0.61956796875 0.22729033203125 0.62307646484375 0.22554970703125 0.63007890625 0.2176728515625 0.63534169921875 0.21241728515625 0.636225390625 0.206285546875 0.637110546875 0.19488359375 0.63012998046875 0.19223623046875 0.61876005859375 0.19310361328125 0.613508984375
0 0.1826771484375 0.5879740234375 0.178208203125 0.6052115234375 0.16863173828125 0.607765234375 0.15905537109375 0.60840361328125 0.1194728515625 0.60648837890625 0.1041505859375 0.59244296875 0.10542744140625 0.56626748046875 0.12330341796875 0.5471146484375 0.16097060546875 0.55158359375 0.1826771484375 0.5879740234375
0 0.29605458984375 0.61377509765625 0.279405859375 0.61292783203125 0.2522314453125 0.60509853515625 0.24169404296875 0.5911169921875 0.23289736328125 0.57013291015625 0.2337357421875 0.54738291015625 0.2389708984375 0.53425 0.259991796875 0.52984033203125 0.2643697265625 0.52808310546875 0.27837685546875 0.52106025390625 0.2888763671875 0.512293359375 0.29674296875 0.50090595703125 0.30636630859375 0.4921404296875 0.3177521484375 0.4894966796875 0.323894140625 0.4947361328125 0.33617216796875 0.501715234375 0.34144814453125 0.51308076171875 0.34759443359375 0.52094501953125 0.3572498046875 0.5314283203125 0.36603486328125 0.545412890625 0.36255341796875 0.5594177734375 0.353822265625 0.57780615234375 0.34245390625 0.59094931640625 0.331085546875 0.6040923828125 0.31182431640625 0.61287392578125 0.29605458984375 0.61377509765625
0 0.10542744140625 0.48199501953125 0.101596875 0.49284833984375 0.10606591796875 0.5164701171875 0.10798115234375 0.53753818359375 0.10351220703125 0.56307529296875 0.096489453125 0.57903603515625 0.0786134765625 0.59180458984375 0.05754541015625 0.60201943359375 0.03200830078125 0.60585 0 0.58397763671875 0 0.52226416015625 0.0154091796875 0.5011478515625 0.03456201171875 0.48454873046875 0.0613759765625 0.46667275390625 0.10542744140625 0.48199501953125
0 0.22162119140625 0.43922041015625 0.226090234375 0.45390419921875 0.2305591796875 0.47433388671875 0.21970595703125 0.49220986328125 0.19480732421875 0.51072431640625 0.16352431640625 0.49540205078125 0.14117939453125 0.4634806640625 0.137348828125 0.4283671875 0.183315625 0.4072990234375 0.22162119140625 0.43922041015625
0 0.00881337890625 0.4370765625 0.0114404296875 0.436197265625 0.0166974609375 0.4361884765625 0.0237068359375 0.43617685546875 0.0315923828125 0.436163671875 0.0368435546875 0.43265517578125 0.03333017578125 0.427411328125 0.033319921875 0.42128671875 0.02980361328125 0.41429306640625 0.0289158203125 0.407294921875 0.03679404296875 0.40290712890625 0.0490677734375 0.40726142578125 0.0560873046875 0.41337431640625 0.05609462890625 0.41774912109375 0.05961533203125 0.427367578125 0.064873828125 0.4282337890625 0.06838427734375 0.431727734375 0.0648927734375 0.43960810546875 0.0605220703125 0.44573994140625 0.05615283203125 0.45274677734375 0.05178505859375 0.46062861328125 0.05004296875 0.46675615234375 0.042167578125 0.47289384765625 0.0369177734375 0.47727734375 0.024654296875 0.47904755859375 0.0228947265625 0.47467578125 0.01588388671875 0.4738125 0.01061513671875 0.4668216796875 0.00620810546875 0.45107998046875 0.00881337890625 0.4370765625
0 0.08158076171875 0.46407880859375 0.072817578125 0.46321845703125 0.0693056640625 0.45884951171875 0.06929541015625 0.45272490234375 0.066658203125 0.4474796875 0.06227587890625 0.44661201171875 0.062265625 0.44048740234375 0.0675154296875 0.43610390625 0.0692517578125 0.42647666015625 0.0666130859375 0.4203564453125 0.0578513671875 0.42037099609375 0.05345732421875 0.41250380859375 0.04994541015625 0.40813486328125 0.0508099609375 0.40113388671875 0.05781640625 0.39937236328125 0.05955712890625 0.392369921875 0.0560451171875 0.3880009765625 0.057784375 0.3801236328125 0.06127880859375 0.3739931640625 0.058638671875 0.36699794921875 0.05862119140625 0.3564986328125 0.0700158203125 0.3591044921875 0.0787833984375 0.36258974609375 0.08842421875 0.3643236328125 0.09368125 0.36431484375 0.10859501953125 0.37566435546875 0.11561611328125 0.38265224609375 0.1217609375 0.38964150390625 0.12966103515625 0.39837783203125 0.12879501953125 0.40450390625 0.12443017578125 0.414135546875 0.123571484375 0.424636328125 0.127087890625 0.431630078125 0.13235361328125 0.43687099609375 0.13062021484375 0.44824814453125 0.118358203125 0.45089345703125 0.11134736328125 0.45003017578125 0.10872900390625 0.45615908203125 0.1052359375 0.463164453125 0.092975390625 0.46668466796875 0.08158076171875 0.46407880859375
0 0.75215439453125 0.97773388671875 0.75343125 0.9834796875 0.7573171875 0.9990234375 0.619565625 0.9990234375 0.61744619140625 0.97518017578125 0.6365990234375 0.9585810546875 0.676819921875 0.9534736328125 0.72278671875 0.96496533203125 0.75215439453125 0.97773388671875
0 0.46550048828125 0.9458125 0.4712462890625 0.95379287109375 0.478907421875 0.96496533203125 0.4814611328125 0.97645703125 0.4897607421875 0.990183203125 0.49170126953125 0.9990234375 0.35956435546875 0.9990234375 0.3566486328125 0.99560986328125 0.36750185546875 0.98475654296875 0.3856970703125 0.97613779296875 0.40070009765625 0.97518017578125 0.4112341796875 0.96656142578125 0.422406640625 0.9515583984375 0.43836728515625 0.93400166015625 0.46550048828125 0.9458125
0 0.87600927734375 0.93878984375 0.88111669921875 0.943897265625 0.8875009765625 0.95985791015625 0.884947265625 0.99241767578125 0.88553447265625 0.9990234375 0.7602580078125 0.9990234375 0.75981552734375 0.99560986328125 0.87600927734375 0.93878984375
0 0.9770404296875 0.99497138671875 0.98789365234375 0.96751904296875 0.9926818359375 0.9687958984375 0.9990234375 0.9747283203125 0.9990234375 0.9990234375 0.9743052734375 0.9990234375 0.9770404296875 0.99497138671875
0 0.96554873046875 0.9806068359375 0.96650634765625 0.98794873046875 0.9726265625 0.9990234375 0.92800830078125 0.9990234375 0.92788154296875 0.9943330078125 0.9438421875 0.9790107421875 0.96554873046875 0.9806068359375
0 0.97672119140625 0.90112255859375 0.9805517578125 0.90782607421875 0.98597841796875 0.91995625 0.990128125 0.93176708984375 0.98533994140625 0.94357802734375 0.97991337890625 0.95826181640625 0.97065615234375 0.96815751953125 0.96044130859375 0.9671998046875 0.95182255859375 0.961134765625 0.94001162109375 0.9483662109375 0.93139287109375 0.94262041015625 0.9173474609375 0.9483662109375 0.897875390625 0.9518775390625 0.89883310546875 0.930490234375 0.90330205078125 0.9142103515625 0.89979072265625 0.8886732421875 0.9087287109375 0.8749470703125 0.926923828125 0.8672859375 0.97672119140625 0.90112255859375
0 0.867709765625 0.84302568359375 0.877924609375 0.862178515625 0.89133154296875 0.87877763671875 0.8977158203125 0.88707724609375 0.89324677734375 0.904953125 0.86643291015625 0.93495927734375 0.8466416015625 0.9515583984375 0.8364267578125 0.96815751953125 0.8211044921875 0.97262646484375 0.79556748046875 0.97645703125 0.7610923828125 0.97262646484375 0.7253404296875 0.94708935546875 0.6921421875 0.940705078125 0.67362783203125 0.9228291015625 0.64106796875 0.86600908203125 0.67107412109375 0.83089560546875 0.654475 0.80280478515625 0.6340453125 0.7689681640625 0.6672435546875 0.73896201171875 0.6998033203125 0.74470791015625 0.71193349609375 0.76960654296875 0.717679296875 0.79897421875 0.74640849609375 0.8443025390625 0.7681150390625 0.83983359375 0.78407578125 0.82514970703125 0.80514384765625 0.8015279296875 0.81216650390625 0.79003623046875 0.84344951171875 0.82323447265625 0.867709765625 0.84302568359375
0 0.9291583984375 0.831533984375 0.928519921875 0.83855673828125 0.92564697265625 0.85068681640625 0.92022041015625 0.86185927734375 0.90425966796875 0.872393359375 0.89053349609375 0.86888203125 0.8748919921875 0.85643271484375 0.8509509765625 0.82929951171875 0.88031865234375 0.8178078125 0.9224548828125 0.80280478515625 0.9291583984375 0.831533984375
0 0.61585009765625 0.9911408203125 0.61437216796875 0.9990234375 0.49176884765625 0.9990234375 0.4913568359375 0.99752509765625 0.483695703125 0.97071123046875 0.48944150390625 0.9483662109375 0.51753232421875 0.9158064453125 0.56796806640625 0.9106990234375 0.61585009765625 0.9911408203125
0 0.4214490234375 0.94293955078125 0.4182568359375 0.9620923828125 0.40548828125 0.97677626953125 0.36782109375 0.97166884765625 0.35952158203125 0.969753515625 0.34930673828125 0.96783828125 0.34675302734375 0.9652845703125 0.335261328125 0.9518775390625 0.33909189453125 0.9416626953125 0.34930673828125 0.9244251953125 0.355691015625 0.91293349609375 0.35760625 0.896334375 0.34866826171875 0.8784583984375 0.342283984375 0.86505146484375 0.3607984375 0.8458986328125 0.35888310546875 0.8388759765625 0.34739140625 0.815892578125 0.376120703125 0.812700390625 0.38186650390625 0.81653095703125 0.38952763671875 0.81908466796875 0.4163416015625 0.82483056640625 0.441240234375 0.8337685546875 0.46103154296875 0.863774609375 0.471884765625 0.884204296875 0.46996943359375 0.89824970703125 0.461669921875 0.9039955078125 0.4214490234375 0.94293955078125
0 0.64426015625 0.7214052734375 0.64553701171875 0.72523583984375 0.65000595703125 0.7418349609375 0.646175390625 0.75907255859375 0.62829951171875 0.7775869140625 0.60786982421875 0.79610126953125 0.56190302734375 0.80376240234375 0.53828125 0.812700390625 0.49806025390625 0.81078515625 0.489122265625 0.79673974609375 0.4814611328125 0.7743947265625 0.4865685546875 0.747580859375 0.512744140625 0.72778955078125 0.5427501953125 0.7016140625 0.58424794921875 0.69714501953125 0.64426015625 0.7214052734375
0 0.78790634765625 0.82514970703125 0.75406962890625 0.8372798828125 0.73172470703125 0.83281083984375 0.72853251953125 0.78301357421875 0.71193349609375 0.75173056640625 0.6691587890625 0.715340234375 0.669797265625 0.70193330078125 0.67809677734375 0.68597255859375 0.7132103515625 0.6617123046875 0.77705302734375 0.66362763671875 0.79684423828125 0.687887890625 0.8140818359375 0.7210861328125 0.81216650390625 0.77024501953125 0.79812109375 0.80599697265625 0.78790634765625 0.82514970703125
0 0.31533330078125 0.61549287109375 0.3275880859375 0.60847294921875 0.33633818359375 0.6014587890625 0.347705078125 0.58744072265625 0.35294462890625 0.57693271484375 0.3590662109375 0.56992294921875 0.36605517578125 0.557662109375 0.37567998046875 0.549771484375 0.37741923828125 0.541894140625 0.38353056640625 0.528759765625 0.38790419921875 0.524377734375 0.40455 0.52347509765625 0.41682080078125 0.5260794921875 0.42471220703125 0.52956611328125 0.43260791015625 0.53567763671875 0.4361228515625 0.54179638671875 0.43613154296875 0.54704609375 0.434399609375 0.5592982421875 0.4370513671875 0.57329287109375 0.43794072265625 0.58116591796875 0.443215234375 0.59165654296875 0.43621748046875 0.5986677734375 0.42483740234375 0.604811328125 0.41170498046875 0.6109578125 0.40033076171875 0.62060107421875 0.39420634765625 0.6258609375 0.38897109375 0.63899384765625 0.39073662109375 0.6468654296875 0.3933708984375 0.65036083984375 0.3907541015625 0.65736474609375 0.380247265625 0.66175703125 0.369733203125 0.66177451171875 0.3574697265625 0.66354482421875 0.3478361328125 0.66618564453125 0.33119765625 0.6714630859375 0.3180521484375 0.66973505859375 0.3119130859375 0.6662455078125 0.3048978515625 0.66275732421875 0.29875009765625 0.6540181640625 0.299617578125 0.6487669921875 0.294338671875 0.6356515625 0.298709375 0.6295197265625 0.3004529296875 0.62426708984375 0.3021951171875 0.6181396484375 0.31533330078125 0.61549287109375
0 0.67015986328125 0.600903125 0.66665087890625 0.5982841796875 0.66225830078125 0.59129189453125 0.65699697265625 0.58867578125 0.63947060546875 0.586955078125 0.62895361328125 0.58522275390625 0.63068701171875 0.5738455078125 0.6333009765625 0.56509169921875 0.63503583984375 0.554589453125 0.6402724609375 0.54233154296875 0.6525359375 0.54056123046875 0.66129765625 0.54054658203125 0.6718015625 0.5344044921875 0.6823185546875 0.5361369140625 0.69283837890625 0.539619140625 0.7007283203125 0.542230859375 0.7121375 0.5535861328125 0.71740771484375 0.56145185546875 0.722689453125 0.5763171875 0.72182783203125 0.58506806640625 0.7165912109375 0.59732607421875 0.70959208984375 0.6034623046875 0.70346904296875 0.60959716796875 0.6885798828125 0.6131216796875 0.6771853515625 0.6105158203125 0.67104775390625 0.60790126953125 0.67015986328125 0.600903125
0 0.6512828125 0.49476357421875 0.669797265625 0.50050947265625 0.67107412109375 0.51710859375 0.66341298828125 0.5286001953125 0.6487291015625 0.539453515625 0.64106796875 0.5471146484375 0.61999990234375 0.56116005859375 0.598293359375 0.5745669921875 0.56254140625 0.580312890625 0.52870478515625 0.57137490234375 0.52168212890625 0.549668359375 0.53189697265625 0.5286001953125 0.52359736328125 0.51008583984375 0.5223205078125 0.5011478515625 0.52423583984375 0.481356640625 0.54530390625 0.4583732421875 0.56892568359375 0.440497265625 0.5759484375 0.43922041015625 0.608508203125 0.44432783203125 0.649367578125 0.46986494140625 0.6512828125 0.49476357421875
0 0.54833642578125 0.4583732421875 0.5301412109375 0.4701841796875 0.52535302734375 0.49125224609375 0.52024560546875 0.51359716796875 0.52056484375 0.5250888671875 0.51226533203125 0.5384958984375 0.4975814453125 0.54998759765625 0.47747099609375 0.5420072265625 0.46534091796875 0.52987705078125 0.45033779296875 0.51104345703125 0.4394845703125 0.48454873046875 0.44139990234375 0.462523046875 0.4496994140625 0.4456046875 0.4650216796875 0.4283671875 0.48928193359375 0.40857587890625 0.5010927734375 0.4037876953125 0.5231185546875 0.40761826171875 0.559828125 0.430282421875 0.54833642578125 0.4583732421875
0 0.3122779296875 0.4941251953125 0.29057138671875 0.46667275390625 0.29120986328125 0.440497265625 0.311639453125 0.41942919921875 0.34739140625 0.40857587890625 0.372928515625 0.4053837890625 0.39655029296875 0.4104912109375 0.41506474609375 0.413044921875 0.42974853515625 0.420067578125 0.43740966796875 0.43858203125 0.4386865234375 0.4602884765625 0.43294072265625 0.4807181640625 0.42974853515625 0.50689375 0.42527958984375 0.52732333984375 0.35377568359375 0.5145548828125 0.3122779296875 0.4941251953125
0 0.7791279296875 0.4642787109375 0.7781703125 0.4671515625 0.771466796875 0.47864326171875 0.76476328125 0.4882197265625 0.74273759765625 0.48790048828125 0.73348037109375 0.48279306640625 0.72135029296875 0.48183544921875 0.71305068359375 0.47353583984375 0.7073048828125 0.45182939453125 0.711773828125 0.43427255859375 0.72166943359375 0.42629228515625 0.7373109375 0.42469619140625 0.75295244140625 0.4304419921875 0.769870703125 0.4412953125 0.7791279296875 0.4642787109375
0 0.97336943359375 0.88643876953125 0.931233203125 0.84813310546875 0.92740263671875 0.8187654296875 0.9388943359375 0.7893978515625 0.9593240234375 0.7689681640625 0.9990234375 0.766699609375 0.9990234375 0.8821630859375 0.97336943359375 0.88643876953125
0 0.78471416015625 0.66362763671875 0.78790634765625 0.657243359375 0.79684423828125 0.6348984375 0.8006748046875 0.63170625 0.823658203125 0.62021455078125 0.8517490234375 0.6170224609375 0.88367041015625 0.6374521484375 0.89580048828125 0.6546896484375 0.91623017578125 0.67894990234375 0.93155244140625 0.6904416015625 0.96028173828125 0.71214814453125 0.95964326171875 0.73896201171875 0.94687470703125 0.7740755859375 0.936021484375 0.7945052734375 0.89388525390625 0.81748857421875 0.86579443359375 0.824511328125 0.828765625 0.82259599609375 0.78471416015625 0.66362763671875
0 0.9259662109375 0.58015322265625 0.9259662109375 0.5820685546875 0.91607060546875 0.60154052734375 0.90585576171875 0.60664794921875 0.88797978515625 0.60984013671875 0.87010380859375 0.601859765625 0.856696875 0.58877197265625 0.86244267578125 0.57057685546875 0.87616884765625 0.55972353515625 0.91255927734375 0.5514240234375 0.9259662109375 0.58015322265625
0 0.99188388671875 0.65325322265625 0.9883724609375 0.64559208984375 0.9864572265625 0.63761171875 0.99284150390625 0.6283544921875 0.99188388671875 0.620693359375 0.9890109375 0.6095208984375 0.98773408203125 0.59707158203125 0.99188388671875 0.586218359375 0.9990234375 0.58086357421875 0.9990234375 0.6597978515625 0.99188388671875 0.65325322265625
0 0.9982681640625 0.57153447265625 0.99731044921875 0.56227724609375 0.9990234375 0.56006474609375 0.9990234375 0.57213876953125 0.9982681640625 0.57153447265625
0 0.91351689453125 0.45119091796875 0.91351689453125 0.455021484375 0.90521728515625 0.47162060546875 0.89564091796875 0.48119697265625 0.8918103515625 0.48375068359375 0.87521123046875 0.4748126953125 0.86244267578125 0.46651318359375 0.851589453125 0.4524677734375 0.85797373046875 0.4326765625 0.86244267578125 0.427569140625 0.8771265625 0.4250154296875 0.8918103515625 0.424376953125 0.90521728515625 0.43076123046875 0.91351689453125 0.45119091796875
0 0.98948974609375 0.4645978515625 0.98182861328125 0.4671515625 0.960760546875 0.465236328125 0.93650029296875 0.45629833984375 0.93203125 0.45310625 0.91096318359375 0.4454451171875 0.90266357421875 0.43139970703125 0.90138671875 0.412246875 0.90585576171875 0.39564775390625 0.91543212890625 0.38160234375 0.92628544921875 0.37074912109375 0.94416142578125 0.35798056640625 0.95692998046875 0.35478837890625 0.97480595703125 0.35734208984375 0.9990234375 0.36881357421875 0.9990234375 0.46011142578125 0.98948974609375 0.4645978515625
0 0.9848611328125 0.3115349609375 0.98422275390625 0.29429736328125 0.99188388671875 0.27514462890625 0.9990234375 0.26840166015625 0.9990234375 0.33213466796875 0.9848611328125 0.3115349609375
0 0.6734681640625 0.42150400390625 0.674106640625 0.42310009765625 0.6705953125 0.44352978515625 0.6664455078125 0.45534072265625 0.6581458984375 0.46651318359375 0.64314287109375 0.46236337890625 0.63516259765625 0.45310625 0.62750146484375 0.43491103515625 0.6342048828125 0.41863115234375 0.63963154296875 0.40777783203125 0.64888876953125 0.39979755859375 0.6734681640625 0.42150400390625
0 0.6964515625 0.39660537109375 0.703155078125 0.40745869140625 0.71049697265625 0.4183119140625 0.71400830078125 0.43491103515625 0.7076240234375 0.44863720703125 0.7006013671875 0.4642787109375 0.6878328125 0.4713013671875 0.67953330078125 0.46332099609375 0.67442587890625 0.4489564453125 0.674106640625 0.42820751953125 0.670914453125 0.40745869140625 0.667403125 0.3927748046875 0.6782564453125 0.38128310546875 0.69325947265625 0.3774525390625 0.6964515625 0.39660537109375
0 0.57568017578125 0.44088671875 0.53997451171875 0.43997119140625 0.5189173828125 0.4317314453125 0.49053603515625 0.41525185546875 0.5042689453125 0.38778603515625 0.53997451171875 0.37863076171875 0.57384912109375 0.37496865234375 0.5967373046875 0.38778603515625 0.613216796875 0.38961708984375 0.6296962890625 0.40060341796875 0.63610498046875 0.41525185546875 0.63610498046875 0.428984765625 0.62145654296875 0.44546435546875 0.57568017578125 0.44088671875
0 0.37534072265625 0.34590966796875 0.38498154296875 0.3476435546875 0.38849931640625 0.35551220703125 0.39462958984375 0.3537521484375 0.40251513671875 0.35373896484375 0.4095259765625 0.35460224609375 0.41391123046875 0.35721982421875 0.417424609375 0.362463671875 0.42619072265625 0.365073828125 0.427950390625 0.369445703125 0.4314623046875 0.37381455078125 0.436722265625 0.3755556640625 0.438484765625 0.38167734375 0.44287294921875 0.38604482421875 0.44287734375 0.38866962890625 0.45339716796875 0.392151953125 0.4560388671875 0.4000220703125 0.45079052734375 0.40528046875 0.45168125 0.41402841796875 0.44994638671875 0.4245306640625 0.4385634765625 0.42892431640625 0.4333064453125 0.42893310546875 0.427164453125 0.42369365234375 0.41926875 0.41758212890625 0.402615625 0.41411005859375 0.39472568359375 0.41149833984375 0.39383349609375 0.40187548828125 0.38506455078125 0.39751533203125 0.36929052734375 0.39579169921875 0.36403349609375 0.395800390625 0.35089814453125 0.4001970703125 0.34390185546875 0.408083203125 0.321131640625 0.414245703125 0.3105986328125 0.40288896484375 0.31145 0.3880134765625 0.32982783203125 0.37485869140625 0.33682548828125 0.3678474609375 0.342944140625 0.35908779296875 0.34731337890625 0.35208095703125 0.350809375 0.34682548828125 0.35606201171875 0.34419189453125 0.36043994140625 0.342434765625 0.3657013671875 0.34505078125 0.37534072265625 0.34590966796875
0 0.47491728515625 0.31360986328125 0.4752365234375 0.31392900390625 0.4819400390625 0.3158443359375 0.49119716796875 0.32127099609375 0.5007736328125 0.32159013671875 0.5109884765625 0.330528125 0.50811552734375 0.34616962890625 0.50205048828125 0.3586189453125 0.4924740234375 0.37426044921875 0.48608974609375 0.38702900390625 0.48002470703125 0.393732421875 0.465979296875 0.3978822265625 0.452253125 0.3943708984375 0.4465072265625 0.3857521484375 0.4481033203125 0.37521806640625 0.45065703125 0.37298359375 0.4490609375 0.3672376953125 0.44427275390625 0.36436484375 0.43629248046875 0.36117265625 0.43022734375 0.36085341796875 0.4190548828125 0.36436484375 0.41267060546875 0.36244951171875 0.40596708984375 0.354469140625 0.400859765625 0.34106220703125 0.4002212890625 0.32829365234375 0.40820166015625 0.31488671875 0.42128935546875 0.30084130859375 0.4359732421875 0.289349609375 0.45097626953125 0.28136923828125 0.465979296875 0.2836037109375 0.4803439453125 0.29062646484375 0.47491728515625 0.31360986328125
0 0.5821625 0.37268876953125 0.57601328125 0.363074609375 0.57512685546875 0.35695146484375 0.583876953125 0.3499373046875 0.58824033203125 0.3394306640625 0.59260810546875 0.33154892578125 0.5961083984375 0.32891826171875 0.6066166015625 0.3254009765625 0.609237890625 0.321021875 0.60572587890625 0.3166529296875 0.6022125 0.3114091796875 0.5995708984375 0.3035390625 0.60218623046875 0.29566015625 0.60655546875 0.2886533203125 0.61443515625 0.2851404296875 0.61792236328125 0.27463525390625 0.62404833984375 0.27025029296875 0.63807724609375 0.2763515625 0.6415892578125 0.2807205078125 0.64508369140625 0.2745900390625 0.6599568359375 0.26144111328125 0.67135 0.26317197265625 0.67923115234375 0.26053408203125 0.68709482421875 0.24739677734375 0.6976162109375 0.25175400390625 0.709009375 0.25348486328125 0.72128447265625 0.25871416015625 0.7326849609375 0.26481982421875 0.73621435546875 0.27968798828125 0.73273447265625 0.29456787109375 0.72048115234375 0.30246279296875 0.708219140625 0.3051080078125 0.69947490234375 0.31562197265625 0.703004296875 0.33049013671875 0.6889943359375 0.33576318359375 0.6776083984375 0.33840693359375 0.67763466796875 0.35415595703125 0.68203740234375 0.36727275390625 0.68030546875 0.37952490234375 0.67156552734375 0.392663671875 0.66018115234375 0.396182421875 0.65578720703125 0.388315234375 0.64964814453125 0.3848255859375 0.64527890625 0.39183251953125 0.63828125 0.39884365234375 0.623386328125 0.39886845703125 0.61549345703125 0.39450693359375 0.61197568359375 0.38663828125 0.60321396484375 0.38665283203125 0.59182080078125 0.384921875 0.5821625 0.37268876953125
0 0.57052177734375 0.264610546875 0.56605283203125 0.2773791015625 0.56286064453125 0.281848046875 0.5494537109375 0.29333974609375 0.52966240234375 0.30163935546875 0.5137017578125 0.3003625 0.49774111328125 0.2946166015625 0.4811419921875 0.276740625 0.463266015625 0.254395703125 0.45624326171875 0.23205078125 0.46709658203125 0.2090673828125 0.48752626953125 0.20012939453125 0.528385546875 0.203321484375 0.57052177734375 0.264610546875
0 0.41729921875 0.226943359375 0.42176826171875 0.24481923828125 0.43581357421875 0.2563109375 0.43581357421875 0.264610546875 0.4128302734375 0.27801748046875 0.412191796875 0.29844716796875 0.394954296875 0.3080236328125 0.37580146484375 0.29333974609375 0.37005556640625 0.261418359375 0.35792548828125 0.24801142578125 0.34004951171875 0.2486498046875 0.32217353515625 0.2537572265625 0.3157892578125 0.2192822265625 0.34196474609375 0.19246826171875 0.35601015625 0.17969970703125 0.3719708984375 0.1854455078125 0.39559267578125 0.165654296875 0.41346865234375 0.17969970703125 0.41729921875 0.226943359375
0 0.78646982421875 0.1846474609375 0.78519296875 0.1913509765625 0.7791279296875 0.2050771484375 0.77721259765625 0.2184841796875 0.77274365234375 0.231252734375 0.7567830078125 0.2424251953125 0.7468873046875 0.25327841796875 0.73890703125 0.2596626953125 0.7255 0.26221640625 0.7143275390625 0.25327841796875 0.70379345703125 0.24210595703125 0.6954939453125 0.2338064453125 0.6884712890625 0.22071865234375 0.691344140625 0.21050380859375 0.6990052734375 0.20028896484375 0.70985859375 0.18752041015625 0.72933056640625 0.17570947265625 0.7516755859375 0.16453701171875 0.78646982421875 0.1846474609375
0 0.7484833984375 0.12686982421875 0.75327158203125 0.1281466796875 0.75582529296875 0.13708466796875 0.75391005859375 0.1530453125 0.74720654296875 0.16357939453125 0.7328419921875 0.17570947265625 0.71911572265625 0.1843283203125 0.70123974609375 0.19167021484375 0.6878328125 0.202204296875 0.67187216796875 0.21561123046875 0.65240009765625 0.22327236328125 0.634843359375 0.21752646484375 0.62941669921875 0.20731171875 0.63133203125 0.1948623046875 0.6409083984375 0.17985927734375 0.6342048828125 0.16772919921875 0.62686298828125 0.15655673828125 0.633247265625 0.1434689453125 0.660699609375 0.13038115234375 0.70283583984375 0.120485546875 0.7484833984375 0.12686982421875
0 0.980711328125 0.2588646484375 0.97560390625 0.2713140625 0.97943447265625 0.2930205078125 0.97911533203125 0.2997240234375 0.97688076171875 0.31217333984375 0.9772 0.3176 0.97400791015625 0.3236650390625 0.95708955078125 0.3294109375 0.9487900390625 0.3287724609375 0.93761748046875 0.324303515625 0.92548740234375 0.31600390625 0.91782626953125 0.30163935546875 0.91623017578125 0.29014765625 0.91623017578125 0.2738677734375 0.92708349609375 0.2604607421875 0.93219091796875 0.25216123046875 0.9471939453125 0.240988671875 0.9676236328125 0.2432232421875 0.980711328125 0.2588646484375
0 0.92389130859375 0.210025 0.927721875 0.2192822265625 0.92899873046875 0.23109306640625 0.9286794921875 0.2400310546875 0.9283603515625 0.2483306640625 0.927721875 0.26173759765625 0.91846474609375 0.28120966796875 0.92037998046875 0.3013201171875 0.9181455078125 0.30866201171875 0.91335732421875 0.310896484375 0.89707734375 0.315684765625 0.87409404296875 0.314088671875 0.86068701171875 0.3032353515625 0.85621806640625 0.290466796875 0.85909091796875 0.27291005859375 0.864517578125 0.26109921875 0.8721787109375 0.24992666015625 0.8807974609375 0.242584765625 0.88558564453125 0.23939267578125 0.8977158203125 0.2279009765625 0.9072921875 0.21800537109375 0.92389130859375 0.210025
0 0.90090791015625 0.2196013671875 0.89899267578125 0.2211974609375 0.896758203125 0.22407041015625 0.89324677734375 0.22917783203125 0.8823935546875 0.2416271484375 0.86739052734375 0.2604607421875 0.85621806640625 0.273229296875 0.84951455078125 0.2713140625 0.835469140625 0.25822626953125 0.8345115234375 0.24545771484375 0.8364267578125 0.22758173828125 0.84281103515625 0.21896298828125 0.847280078125 0.211940234375 0.85717568359375 0.1991716796875 0.86675205078125 0.19853330078125 0.8807974609375 0.20555595703125 0.90090791015625 0.2196013671875
0 0.82461591796875 0.2476921875 0.82206220703125 0.255991796875 0.80418623046875 0.25790703125 0.7869486328125 0.250884375 0.7748185546875 0.2298162109375 0.7824796875 0.19789482421875 0.80929365234375 0.1921490234375 0.8450455078125 0.210025 0.82461591796875 0.2476921875
0 0.9915646484375 0.23715810546875 0.97751923828125 0.23077392578125 0.96219697265625 0.21992060546875 0.943044140625 0.1982140625 0.9232529296875 0.175869140625 0.92069921875 0.1477783203125 0.93793671875 0.12351806640625 0.95772802734375 0.107557421875 0.9660275390625 0.10053466796875 0.97943447265625 0.087127734375 0.99220302734375 0.07499755859375 0.9990234375 0.0743775390625 0.9990234375 0.2391923828125 0.9915646484375 0.23715810546875
0 0.86059423828125 0.0906748046875 0.87576923828125 0.079546484375 0.88285087890625 0.0583015625 0.9091541015625 0.06740654296875 0.9162357421875 0.09269814453125 0.91825908203125 0.1190013671875 0.919270703125 0.151374609375 0.9121890625 0.166549609375 0.88892080078125 0.18577119140625 0.8656525390625 0.19386455078125 0.85654755859375 0.17565458984375 0.87475751953125 0.1564330078125 0.8737458984375 0.1190013671875 0.8737458984375 0.093709765625 0.86059423828125 0.0906748046875
0 0.7796611328125 0.07246484375 0.80394111328125 0.0623482421875 0.84339599609375 0.08258154296875 0.87172255859375 0.0977564453125 0.87172255859375 0.1270947265625 0.87475751953125 0.137211328125 0.8727341796875 0.1493513671875 0.8555359375 0.1776779296875 0.82417431640625 0.181724609375 0.79787109375 0.14328134765625 0.78269609375 0.11495478515625 0.7796611328125 0.07246484375
0 0.985499609375 0.00572822265625 0.98933017578125 0.03637275390625 0.96570830078125 0.0504181640625 0.954855078125 0.05935615234375 0.92293369140625 0.05935615234375 0.89739658203125 0.04339541015625 0.88845859375 0.0197736328125 0.90936220703125 0 0.985022265625 0 0.985499609375 0.00572822265625
0 0.53668515625 0.19119140625 0.5350890625 0.1937451171875 0.51178642578125 0.19246826171875 0.49774111328125 0.1851263671875 0.4830572265625 0.17810361328125 0.4760345703125 0.18129580078125 0.463266015625 0.186083984375 0.4453900390625 0.17874208984375 0.4265564453125 0.16118525390625 0.412191796875 0.145224609375 0.40006171875 0.13022158203125 0.39623115234375 0.11681455078125 0.3908044921875 0.0778705078125 0.39112373046875 0.06190986328125 0.4061267578125 0.05520634765625 0.43230224609375 0.0641443359375 0.45783935546875 0.07659365234375 0.471884765625 0.08585087890625 0.489122265625 0.10085390625 0.51146728515625 0.1238373046875 0.52678955078125 0.15097041015625 0.53668515625 0.19119140625
0 0.63292802734375 0.14059599609375 0.6290974609375 0.14378818359375 0.6236708984375 0.14921474609375 0.61728662109375 0.1562375 0.60451806640625 0.15687587890625 0.58089619140625 0.15176845703125 0.5674892578125 0.1444265625 0.55152861328125 0.13293486328125 0.53716396484375 0.1128244140625 0.5403560546875 0.0990982421875 0.5553591796875 0.08409521484375 0.5639779296875 0.08313759765625 0.576746484375 0.0872873046875 0.5949416015625 0.09271396484375 0.61090234375 0.09367158203125 0.63260888671875 0.10388642578125 0.63292802734375 0.14059599609375
0 0.63701650390625 0.101803125 0.6349931640625 0.06740654296875 0.6360048828125 0.03604501953125 0.66635478515625 0.02896328125 0.7007513671875 0.03098662109375 0.74931123046875 0.0400916015625 0.7574044921875 0.07246484375 0.7361595703125 0.10079150390625 0.71390302734375 0.12810634765625 0.67343642578125 0.11394306640625 0.66635478515625 0.11394306640625 0.63701650390625 0.101803125
0 0.56190302734375 0.05137578125 0.56094541015625 0.054887109375 0.55551875 0.06127138671875 0.552007421875 0.06605966796875 0.5408349609375 0.07914736328125 0.531577734375 0.0915966796875 0.52615107421875 0.1014923828125 0.512744140625 0.10468447265625 0.48688779296875 0.0947888671875 0.47475771484375 0.08010498046875 0.4763537109375 0.0641443359375 0.48401484375 0.05073740234375 0.49614501953125 0.039245703125 0.511148046875 0.02871162109375 0.52966240234375 0.02520029296875 0.56190302734375 0.05137578125
0 0.57866171875 0.0869681640625 0.5694044921875 0.07803017578125 0.55823203125 0.06302705078125 0.55089013671875 0.0323826171875 0.5655740234375 0.0119529296875 0.586961328125 0.002695703125 0.5960111328125 0 0.62086279296875 0 0.64027001953125 0.0173794921875 0.643462109375 0.0240830078125 0.645058203125 0.03844765625 0.63995078125 0.05791962890625 0.64314287109375 0.07068818359375 0.64027001953125 0.08601044921875 0.63452412109375 0.1010134765625 0.63260888671875 0.106759375 0.6137751953125 0.0975021484375 0.57866171875 0.0869681640625
0 0.54833642578125 0.01067607421875 0.5502517578125 0.0240830078125 0.53365263671875 0.024721484375 0.51896875 0.03046728515625 0.49279326171875 0.0425974609375 0.458956640625 0.05791962890625 0.43661162109375 0.0374900390625 0.43661162109375 0.0138681640625 0.447773828125 0 0.5376603515625 0 0.54833642578125 0.01067607421875
0 0.7551869140625 0.01322978515625 0.7519947265625 0.023125390625 0.74369521484375 0.03046728515625 0.72901142578125 0.03461708984375 0.71305068359375 0.03397861328125 0.69421708984375 0.031744140625 0.67889482421875 0.02982890625 0.6648494140625 0.0189755859375 0.672510546875 0.00301494140625 0.6747166015625 0 0.74979697265625 0 0.7551869140625 0.01322978515625
0 0.66006123046875 0.010197265625 0.63707783203125 0.015623828125 0.62079794921875 0.0028552734375 0.61932568359375 0 0.67404599609375 0 0.66006123046875 0.010197265625
0 0.0000869140625 0.52093916015625 0.00136376953125 0.52476962890625 0 0.531588671875 0 0.5208521484375 0.0000869140625 0.52093916015625
0 0.00726923828125 0.31903642578125 0.02578369140625 0.325420703125 0.03982900390625 0.349042578125 0.03216787109375 0.38990185546875 0 0.38990185546875 0 0.3188546875 0.00726923828125 0.31903642578125
0 0.26902451171875 0.3260591796875 0.27093974609375 0.335635546875 0.272855078125 0.3535115234375 0.27093974609375 0.36564169921875 0.262640234375 0.3809638671875 0.24412578125 0.3911787109375 0.20965068359375 0.38479443359375 0.19624375 0.36436484375 0.18794423828125 0.3381892578125 0.18730576171875 0.31456748046875 0.20007431640625 0.29413779296875 0.239018359375 0.2973298828125 0.26902451171875 0.3260591796875
0 0.27731787109375 0.3304041015625 0.2758265625 0.3139998046875 0.302669921875 0.294612890625 0.3384611328125 0.28864775390625 0.362321875 0.30952587890625 0.356356640625 0.337860546875 0.34442626953125 0.3527736328125 0.335478515625 0.36768662109375 0.3160916015625 0.38558212890625 0.286265625 0.38558212890625 0.2728439453125 0.370669140625 0.28179169921875 0.34829970703125 0.29073955078125 0.34233447265625 0.27731787109375 0.3304041015625
0 0.06570869140625 0.26535400390625 0.08835625 0.2706384765625 0.0966603515625 0.25176552734375 0.10269970703125 0.2615794921875 0.11024892578125 0.278942578125 0.11024892578125 0.29706064453125 0.08986611328125 0.299325390625 0.07401279296875 0.29781552734375 0.05740458984375 0.28045244140625 0.0558947265625 0.262334375 0.06570869140625 0.26535400390625
0 0.047590625 0.258559765625 0.04532587890625 0.27365810546875 0.0558947265625 0.294041015625 0.038531640625 0.3227279296875 0.006825 0.30913935546875 0 0.30520185546875 0 0.23541533203125 0.00908974609375 0.2298728515625 0.04004140625 0.2185490234375 0.047590625 0.258559765625
0 0.29312509765625 0.22407041015625 0.304616796875 0.2400310546875 0.31355478515625 0.26109921875 0.2969556640625 0.290466796875 0.2816333984375 0.290466796875 0.277164453125 0.29557421875 0.25545791015625 0.30195849609375 0.21970595703125 0.290466796875 0.217790625 0.2502458984375 0.22417490234375 0.2400310546875 0.24843515625 0.2196013671875 0.29312509765625 0.22407041015625
0 0.05815947265625 0.24497119140625 0.038531640625 0.24044169921875 0.02494306640625 0.225343359375 0.0279626953125 0.2147744140625 0.0392865234375 0.1943916015625 0.06570869140625 0.19363671875 0.09364072265625 0.19967607421875 0.1042095703125 0.21552939453125 0.092130859375 0.22760810546875 0.09590546875 0.24874580078125 0.08986611328125 0.2630892578125 0.064198828125 0.26535400390625 0.05740458984375 0.2464810546875 0.05815947265625 0.24497119140625
0 0.3199390625 0.1512896484375 0.316746875 0.16597353515625 0.31036259765625 0.17874208984375 0.29567880859375 0.19151064453125 0.28291025390625 0.20364072265625 0.27014169921875 0.21640927734375 0.2541810546875 0.22151669921875 0.24205087890625 0.2279009765625 0.23119765625 0.23683896484375 0.2209828125 0.24066953125 0.2062990234375 0.22407041015625 0.198637890625 0.1940642578125 0.19416884765625 0.1819341796875 0.188423046875 0.15512021484375 0.20246845703125 0.13532900390625 0.21651376953125 0.14299013671875 0.246519921875 0.1723578125 0.2509888671875 0.17363466796875 0.2490736328125 0.15512021484375 0.24971201171875 0.13852109375 0.26056533203125 0.133413671875 0.3020630859375 0.14554384765625 0.3071705078125 0.1359673828125 0.3199390625 0.1512896484375
0 0.10520595703125 0.18186943359375 0.10782431640625 0.1757404296875 0.09730732421875 0.17400810546875 0.0946671875 0.167012890625 0.093775 0.1573900390625 0.09463662109375 0.1486390625 0.09374443359375 0.1390162109375 0.0946001953125 0.12676552734375 0.1042322265625 0.12324970703125 0.112120703125 0.12498642578125 0.11650302734375 0.1258541015625 0.12438271484375 0.1223412109375 0.13138779296875 0.1197046875 0.1375166015625 0.1170697265625 0.1454021484375 0.11705654296875 0.1559162109375 0.1170390625 0.16293427734375 0.12227705078125 0.16644921875 0.12839580078125 0.170830078125 0.12838857421875 0.1769603515625 0.12662841796875 0.18573076171875 0.13186357421875 0.18661572265625 0.13711171875 0.1883767578125 0.14235849609375 0.1901349609375 0.14585537109375 0.1883927734375 0.1519828125 0.1848939453125 0.1554884765625 0.18489833984375 0.15811328125 0.1831576171875 0.16511572265625 0.1814154296875 0.17124326171875 0.18229892578125 0.17561650390625 0.1823076171875 0.1808662109375 0.17530556640625 0.1852525390625 0.16654677734375 0.18701708984375 0.15866123046875 0.18703017578125 0.15690009765625 0.1817833984375 0.15164599609375 0.18354208984375 0.14639765625 0.18880048828125 0.1358865234375 0.19056787109375 0.1236171875 0.18883837890625 0.116613671875 0.1923498046875 0.10522197265625 0.19149384765625 0.10520595703125 0.18186943359375
0 0.031587109375 0.16974267578125 0.026319921875 0.16362685546875 0.0201794921875 0.1592623046875 0.01228662109375 0.15490078125 0.00440693359375 0.158413671875 0.00265888671875 0.16104140625 0 0.16129873046875 0 0.0448638671875 0.01035234375 0.0455357421875 0.01999306640625 0.04726962890625 0.033137109375 0.04812265625 0.0436599609375 0.05335478515625 0.0480451171875 0.05597236328125 0.056809765625 0.05770771484375 0.0603333984375 0.06907607421875 0.0682248046875 0.07256279296875 0.074365234375 0.07692724609375 0.07525302734375 0.083925390625 0.078772265625 0.0926689453125 0.084921484375 0.10228310546875 0.09106494140625 0.10839755859375 0.09107802734375 0.1162720703125 0.09108818359375 0.12239658203125 0.08934892578125 0.1302740234375 0.0797154296875 0.13291494140625 0.0788509765625 0.13991591796875 0.0779908203125 0.14954169921875 0.0683529296875 0.1495578125 0.0613478515625 0.15219423828125 0.05785341796875 0.15832470703125 0.0490974609375 0.1618390625 0.039468359375 0.16710478515625 0.031587109375 0.16974267578125
0 0.1988296875 0.105593359375 0.196191015625 0.09947314453125 0.2014421875 0.0959646484375 0.2031857421875 0.09071201171875 0.19966943359375 0.083718359375 0.19965927734375 0.07759375 0.20227607421875 0.07058974609375 0.19787919921875 0.06097265625 0.20576474609375 0.0609595703125 0.21540849609375 0.064443359375 0.2276822265625 0.06879765625 0.23119560546875 0.07404140625 0.24258876953125 0.07577236328125 0.252228125 0.07663125 0.2539876953125 0.081003125 0.267133203125 0.0827310546875 0.2793966796875 0.0809607421875 0.29166015625 0.07919052734375 0.2951677734375 0.0809345703125 0.29867978515625 0.08530341796875 0.29431787109375 0.0966849609375 0.29257861328125 0.10456240234375 0.2882064453125 0.1098193359375 0.27857001953125 0.1107103515625 0.2724353515625 0.10984560546875 0.27154755859375 0.1028474609375 0.26892783203125 0.1081015625 0.25928408203125 0.1046177734375 0.25577646484375 0.10287373046875 0.25314072265625 0.09850341796875 0.25140146484375 0.106380859375 0.24439208984375 0.10639248046875 0.239149609375 0.11515068359375 0.233022265625 0.11866064453125 0.21812587890625 0.11781044921875 0.21023447265625 0.114323828125 0.19796513671875 0.1125943359375 0.1988296875 0.105593359375
0 0.00200224609375 0.1784228515625 0.00359833984375 0.1851263671875 0.00295986328125 0.19597958984375 0 0.20098857421875 0 0.176551171875 0.00200224609375 0.1784228515625
0 0.8934064453125 0.011314453125 0.89149111328125 0.0189755859375 0.88031865234375 0.02982890625 0.873934375 0.0425974609375 0.85190869140625 0.05345068359375 0.83147900390625 0.0480240234375 0.8305212890625 0.023125390625 0.8448859375 0.00493017578125 0.85083935546875 0 0.89109736328125 0 0.8934064453125 0.011314453125
0 0.80697607421875 0.04413828125 0.78573115234375 0.03604501953125 0.78573115234375 0.01783505859375 0.80016904296875 0 0.847491796875 0 0.827209375 0.03503330078125 0.80697607421875 0.04413828125
0 0.78966201171875 0.0052494140625 0.7781703125 0.009718359375 0.77018994140625 0.01322978515625 0.75997509765625 0.00493017578125 0.7551681640625 0 0.79395693359375 0 0.78966201171875 0.0052494140625
0 0.18207900390625 0.04350009765625 0.1838416015625 0.04962177734375 0.1847337890625 0.0592447265625 0.189121875 0.063612109375 0.19526240234375 0.06797666015625 0.19877578125 0.07322041015625 0.19879033203125 0.081969921875 0.194416796875 0.08635185546875 0.19355078125 0.0924779296875 0.19706572265625 0.09859677734375 0.19620703125 0.10909755859375 0.19533515625 0.111723828125 0.1839580078125 0.11961728515625 0.17608125 0.12487998046875 0.1655642578125 0.12314765625 0.167303515625 0.11527021484375 0.1611703125 0.11528046875 0.15241005859375 0.116169921875 0.1471486328125 0.11355390625 0.1471384765625 0.107429296875 0.1506431640625 0.1074234375 0.15939755859375 0.1030341796875 0.1497611328125 0.10392509765625 0.1427517578125 0.10393681640625 0.1374875 0.09957080078125 0.14361337890625 0.0951859375 0.15149892578125 0.09517275390625 0.15412158203125 0.09166865234375 0.1471107421875 0.09080537109375 0.14009853515625 0.08906708984375 0.136589453125 0.08644814453125 0.13220126953125 0.0820806640625 0.12955673828125 0.0724607421875 0.13832431640625 0.0759458984375 0.14533955078125 0.079433984375 0.15147421875 0.08029873046875 0.15497451171875 0.07766806640625 0.15321630859375 0.07417119140625 0.147081640625 0.0733064453125 0.14094697265625 0.07244169921875 0.13743359375 0.06719794921875 0.13828935546875 0.054947265625 0.147049609375 0.05405771484375 0.1558041015625 0.04966845703125 0.159305859375 0.0479126953125 0.16017177734375 0.04178662109375 0.16015869140625 0.03391220703125 0.15839326171875 0.026040625 0.16100283203125 0.0146619140625 0.165369140625 0.00590517578125 0.17062470703125 0.005021484375 0.17677099609375 0.01288583984375 0.17590947265625 0.02163671875 0.17855537109375 0.032131640625 0.18382841796875 0.041747265625 0.18207900390625 0.04350009765625
0 0.06033486328125 0.06995107421875 0.055939453125 0.06120888671875 0.0559205078125 0.04983466796875 0.06467490234375 0.0454453125 0.06115419921875 0.0358267578125 0.0550064453125 0.02708759765625 0.04624189453125 0.02535224609375 0.03659814453125 0.0218685546875 0.03131923828125 0.008753125 0.02572080078125 0 0.13907412109375 0 0.13907822265625 0.00244921875 0.13733017578125 0.005076953125 0.138213671875 0.0094501953125 0.14347939453125 0.01469111328125 0.143492578125 0.022565625 0.14351142578125 0.03393984375 0.14176787109375 0.03919248046875 0.13914658203125 0.043571484375 0.130386328125 0.04446103515625 0.11811845703125 0.04360654296875 0.11023876953125 0.04711943359375 0.10410849609375 0.0488794921875 0.10149013671875 0.05500849609375 0.09887470703125 0.06288740234375 0.09625791015625 0.06989130859375 0.088373828125 0.070779296875 0.08048974609375 0.0716673828125 0.07260126953125 0.0699306640625 0.06033486328125 0.06995107421875
0 0.3370169921875 0.00620703125 0.33063271484375 0.04706640625 0.3268021484375 0.0719650390625 0.31786416015625 0.07898779296875 0.3012650390625 0.0853720703125 0.27508955078125 0.07451875 0.25657509765625 0.0770724609375 0.22146162109375 0.0668576171875 0.19400927734375 0.045151171875 0.19081708984375 0.0272751953125 0.19337080078125 0.00237646484375 0.19291220703125 0 0.33687900390625 0 0.3370169921875 0.00620703125