0 0.591367578125 0.9979162109375 0.6380458984375 0.98730751953125 0.6486279296875 0.9990234375 0.59113154296875 0.9990234375 0.591367578125 0.9979162109375
0 0.1748681640625 0.9990234375 0 0.9990234375 0 0.8717275390625 0.0139884765625 0.86557255859375 0.04051025390625 0.84965947265625 0.06809287109375 0.833746484375 0.09037119140625 0.833746484375 0.110527734375 0.86345087890625 0.1264408203125 0.8804248046875 0.160388671875 0.908007421875 0.16887568359375 0.933468359375 0.1540234375 0.970598828125 0.1748681640625 0.9990234375
0 0.818822265625 0.9990234375 0.62365361328125 0.9990234375 0.615767578125 0.9300205078125 0.71336767578125 0.876976953125 0.802480859375 0.89607265625 0.818822265625 0.9990234375
0 0.4502716796875 0.9554814453125 0.52028916015625 0.90880302734375 0.5807587890625 0.9172900390625 0.60728056640625 0.9491162109375 0.5881849609375 0.99685537109375 0.58498447265625 0.9990234375 0.47411611328125 0.9990234375 0.4502716796875 0.9554814453125
0 0.485015234375 0.88997265625 0.47652822265625 0.84965947265625 0.49031953125 0.81358994140625 0.4998673828125 0.80722470703125 0.54866748046875 0.79449423828125 0.57094580078125 0.7934333984375 0.5932240234375 0.81571162109375 0.60171103515625 0.83480732421875 0.584737109375 0.8793638671875 0.578371875 0.89421611328125 0.56564140625 0.89633779296875 0.5009283203125 0.9111900390625 0.485015234375 0.88997265625
0 0.7104337890625 0.80314501953125 0.73605771484375 0.82876904296875 0.73093291015625 0.8492681640625 0.7104337890625 0.86635078125 0.68480986328125 0.8714755859375 0.6540611328125 0.86635078125 0.66260244140625 0.8373103515625 0.6831015625 0.809978125 0.7104337890625 0.80314501953125
0 0.9990234375 0.90067685546875 0.9990234375 0.9990234375 0.89869453125 0.9990234375 0.91156630859375 0.99163408203125 0.91407265625 0.96012548828125 0.94463759765625 0.864246484375 0.995559375 0.889707421875 0.9990234375 0.90067685546875
0 0.98282890625 0.53219384765625 0.95948974609375 0.47172421875 0.9990234375 0.44913359375 0.9990234375 0.54926376953125 0.98282890625 0.53219384765625
0 0.1381103515625 0.86663349609375 0.11689296875 0.83798994140625 0.11477119140625 0.81677255859375 0.11901474609375 0.7987376953125 0.135988671875 0.77221591796875 0.14023212890625 0.73932890625 0.14129296875 0.73826806640625 0.173119140625 0.7265984375 0.19327568359375 0.732963671875 0.21661484375 0.74781591796875 0.2325279296875 0.752059375 0.2441974609375 0.76054638671875 0.25586708984375 0.76903330078125 0.2760236328125 0.782824609375 0.28663232421875 0.8051029296875 0.27071923828125 0.83798994140625 0.26647578125 0.845416015625 0.2537453125 0.870876953125 0.248441015625 0.882546484375 0.24101484375 0.89421611328125 0.23146708984375 0.90588564453125 0.2261626953125 0.9175552734375 0.22510185546875 0.920737890625 0.1699365234375 0.89952041015625 0.1381103515625 0.86663349609375
0 0.4388201171875 0.7023576171875 0.47811015625 0.71602373046875 0.52764970703125 0.6921080078125 0.5754810546875 0.719440234375 0.57889755859375 0.763855078125 0.54814892578125 0.7928955078125 0.4849431640625 0.811686328125 0.4388201171875 0.8151029296875 0.38928046875 0.79118720703125 0.37903095703125 0.7587302734375 0.3824474609375 0.7211484375 0.4388201171875 0.7023576171875
0 0.196246875 0.62548583984375 0.2082046875 0.6733171875 0.2133294921875 0.72968984375 0.1672064453125 0.73310634765625 0.13133291015625 0.763855078125 0.11425029296875 0.80314501953125 0.05104462890625 0.80314501953125 0.00662978515625 0.7826458984375 0 0.77915654296875 0 0.5857984375 0.013462890625 0.54690576171875 0.05616943359375 0.5486140625 0.08008505859375 0.5793626953125 0.10400078125 0.5998619140625 0.14158251953125 0.5964453125 0.196246875 0.62548583984375
0 0.25091123046875 0.639151953125 0.2816599609375 0.61694453125 0.31240869140625 0.58619580078125 0.3585318359375 0.6135279296875 0.37903095703125 0.64086015625 0.39611357421875 0.6681923828125 0.399530078125 0.68869150390625 0.36365654296875 0.71260712890625 0.3260748046875 0.71773193359375 0.28336826171875 0.73310634765625 0.25091123046875 0.72798154296875 0.2474947265625 0.68356669921875 0.20991298828125 0.685275 0.21503779296875 0.663067578125 0.25091123046875 0.639151953125
0 0.5995892578125 0.67249404296875 0.57943271484375 0.65339833984375 0.57731103515625 0.6374853515625 0.57731103515625 0.62581572265625 0.584737109375 0.60459833984375 0.602771875 0.571711328125 0.62929365234375 0.5738330078125 0.634598046875 0.5748939453125 0.63990234375 0.5801982421875 0.6505111328125 0.58868525390625 0.6621806640625 0.59505048828125 0.68233720703125 0.6056591796875 0.68976328125 0.608841796875 0.6929458984375 0.61626787109375 0.69506767578125 0.6279375 0.69506767578125 0.6491548828125 0.697189453125 0.66612880859375 0.696128515625 0.67885927734375 0.69082421875 0.69052890625 0.6526328125 0.71068544921875 0.5995892578125 0.67249404296875
0 0.387572265625 0.57423798828125 0.43540361328125 0.58619580078125 0.4507779296875 0.62036103515625 0.4388201171875 0.64256845703125 0.40294658203125 0.6579427734375 0.38073916015625 0.64940146484375 0.3585318359375 0.618652734375 0.387572265625 0.57423798828125
0 0.8236982421875 0.56932431640625 0.8746201171875 0.5565939453125 0.9234201171875 0.614941796875 0.90856796875 0.6372201171875 0.86719404296875 0.6308548828125 0.8236982421875 0.56932431640625
0 0.194538671875 0.50249091796875 0.2133294921875 0.470033984375 0.25261953125 0.49565791015625 0.26457734375 0.52811484375 0.26457734375 0.5554470703125 0.230412109375 0.57082138671875 0.2013716796875 0.57082138671875 0.1894138671875 0.54690576171875 0.194538671875 0.50249091796875
0 0.62319365234375 0.51946337890625 0.61682841796875 0.4568720703125 0.65820244140625 0.41443720703125 0.68578505859375 0.4494458984375 0.70488076171875 0.44520244140625 0.75155908203125 0.44201982421875 0.7621677734375 0.46960244140625 0.76004599609375 0.51309814453125 0.7558025390625 0.53219384765625 0.71973291015625 0.583115625 0.68260244140625 0.59584609375 0.62319365234375 0.51946337890625
0 0.80035908203125 0.5120373046875 0.80884609375 0.41655888671875 0.8555244140625 0.4123154296875 0.8809853515625 0.4314111328125 0.90962880859375 0.4505068359375 0.9456984375 0.4865763671875 0.96055068359375 0.5088546875 0.96055068359375 0.5247677734375 0.88204619140625 0.5926634765625 0.80035908203125 0.5120373046875
0 0.95418544921875 0.26379345703125 0.952063671875 0.1874107421875 0.9990234375 0.15657861328125 0.9990234375 0.32025615234375 0.95418544921875 0.26379345703125
0 0.87568095703125 0.140732421875 0.85976787109375 0.0951150390625 0.8714375 0.01873232421875 0.89292451171875 0 0.99585439453125 0 0.9990234375 0.00205556640625 0.9990234375 0.1554951171875 0.946759375 0.178923828125 0.87568095703125 0.140732421875
0 0.1005841796875 0.46661748046875 0.12962470703125 0.49224140625 0.1005841796875 0.54007265625 0.05104462890625 0.5486140625 0.00321328125 0.5332396484375 0 0.529223046875 0 0.43776376953125 0.0083380859375 0.43586875 0.03567021484375 0.46149267578125 0.1005841796875 0.46661748046875
0 0.37903095703125 0.4204943359375 0.4268623046875 0.43416044921875 0.45248623046875 0.458076171875 0.4405283203125 0.4871166015625 0.4507779296875 0.50761572265625 0.4336953125 0.53665615234375 0.4063630859375 0.5554470703125 0.36707314453125 0.560571875 0.3380326171875 0.526406640625 0.3329078125 0.4768669921875 0.355115234375 0.44611826171875 0.37903095703125 0.4204943359375
0 0.6643107421875 0.3982869140625 0.6591859375 0.358996875 0.69164287109375 0.31458212890625 0.72580810546875 0.311165625 0.761681640625 0.31629033203125 0.806096484375 0.30945732421875 0.83684521484375 0.33337294921875 0.84880302734375 0.37266298828125 0.82830390625 0.39316220703125 0.78730556640625 0.3846208984375 0.74801552734375 0.4204943359375 0.74118251953125 0.44441005859375 0.72409990234375 0.45636787109375 0.6984759765625 0.4546595703125 0.6984759765625 0.43416044921875 0.6643107421875 0.3982869140625
0 0.81308955078125 0.2945587890625 0.85022001953125 0.23621083984375 0.8862896484375 0.22984560546875 0.914933203125 0.22454130859375 0.9435767578125 0.2372716796875 0.964794140625 0.27015869140625 0.98495068359375 0.28076748046875 0.9990234375 0.294840234375 0.9990234375 0.44747578125 0.995559375 0.4505068359375 0.97009853515625 0.47278505859375 0.94782021484375 0.47596767578125 0.90750712890625 0.46429814453125 0.89689833984375 0.391098046875 0.81308955078125 0.2945587890625
0 0.53277451171875 0.2616259765625 0.5737728515625 0.29237470703125 0.5515654296875 0.3299564453125 0.5515654296875 0.358996875 0.524233203125 0.3846208984375 0.49006796875 0.357288671875 0.45248623046875 0.33678955078125 0.4388201171875 0.288958203125 0.4729853515625 0.27529208984375 0.53277451171875 0.2616259765625
0 0.771450390625 0.15160634765625 0.7990330078125 0.1749455078125 0.82343310546875 0.21738037109375 0.81494609375 0.24071953125 0.795850390625 0.26405869140625 0.784180859375 0.31498056640625 0.76296337890625 0.3255892578125 0.73538076171875 0.31391962890625 0.708858984375 0.28315439453125 0.68339814453125 0.2884587890625 0.6558154296875 0.27042392578125 0.61762412109375 0.2757283203125 0.6070154296875 0.27678916015625 0.58261533203125 0.26724130859375 0.5529109375 0.2385978515625 0.572006640625 0.19616298828125 0.56776318359375 0.1791890625 0.5507892578125 0.147362890625 0.61338056640625 0.1197802734375 0.6123197265625 0.10492802734375 0.65793720703125 0.06779755859375 0.71734599609375 0.07734541015625 0.75978076171875 0.1070498046875 0.771450390625 0.15160634765625
0 0.167284375 0.26087607421875 0.1450060546875 0.247084765625 0.1322755859375 0.24496298828125 0.1259103515625 0.24920654296875 0.11211904296875 0.25769345703125 0.10257119140625 0.25451083984375 0.08029296875 0.23647607421875 0.08029296875 0.2311716796875 0.0824146484375 0.22374560546875 0.08029296875 0.19828466796875 0.07817119140625 0.18979775390625 0.07923203125 0.160093359375 0.08984072265625 0.14205859375 0.10363212890625 0.1261455078125 0.1259103515625 0.1038671875 0.13439736328125 0.09219765625 0.1418234375 0.0879541015625 0.16197998046875 0.09113671875 0.18956259765625 0.1070498046875 0.21184091796875 0.122962890625 0.216084375 0.1250845703125 0.2256322265625 0.12402373046875 0.235180078125 0.13357158203125 0.24897138671875 0.15584990234375 0.259580078125 0.1887369140625 0.2638236328125 0.20571083984375 0.235180078125 0.24284130859375 0.22881484375 0.247084765625 0.21502353515625 0.26087607421875 0.18956259765625 0.26618046875 0.167284375 0.26087607421875
0 0.4123455078125 0.04870185546875 0.4123455078125 0.060371484375 0.415528125 0.0794671875 0.43038037109375 0.09856279296875 0.44204990234375 0.11553681640625 0.434623828125 0.1325107421875 0.4261369140625 0.14630205078125 0.421893359375 0.15160634765625 0.40491943359375 0.16539775390625 0.39643251953125 0.17388466796875 0.3688498046875 0.1823716796875 0.34551064453125 0.185554296875 0.33065849609375 0.1823716796875 0.3200498046875 0.17706728515625 0.2945888671875 0.1749455078125 0.27973671875 0.1696412109375 0.259580078125 0.16115419921875 0.259580078125 0.14948466796875 0.26170185546875 0.13993681640625 0.2691279296875 0.1282671875 0.27124970703125 0.1250845703125 0.27761494140625 0.12084111328125 0.28716279296875 0.1134150390625 0.2945888671875 0.1070498046875 0.30307587890625 0.09538017578125 0.30307587890625 0.09219765625 0.297771484375 0.08689326171875 0.29140625 0.0815888671875 0.26488447265625 0.0635541015625 0.25215400390625 0.03703232421875 0.2574583984375 0.02748447265625 0.29564970703125 0.0041453125 0.30601298828125 0 0.38992607421875 0 0.41128466796875 0.022180078125 0.43356298828125 0.0508236328125 0.4123455078125 0.04870185546875
0 0.74661279296875 0 0.896658984375 0 0.86613310546875 0.0505583984375 0.85446357421875 0.0951150390625 0.8491591796875 0.13012373046875 0.8300634765625 0.14603681640625 0.78232431640625 0.11527158203125 0.75686337890625 0.10254111328125 0.74731552734375 0.0569236328125 0.74661279296875 0
0 0.5818197265625 0.0134279296875 0.60604267578125 0 0.73863701171875 0 0.739889453125 0.00918447265625 0.73352421875 0.07177587890625 0.60834150390625 0.103601953125 0.5818197265625 0.0134279296875
0 0.02512763671875 0.00626708984375 0.03149287109375 0.023241015625 0.03467548828125 0.035971484375 0.0261884765625 0.05931064453125 0.0177015625 0.0699193359375 0 0.06823349609375 0 0 0.02341845703125 0 0.02512763671875 0.00626708984375
0 0.98799267578125 0 0.9990234375 0 0.9990234375 0.01195 0.98799267578125 0
0 0.2129017578125 0.00520615234375 0.20865830078125 0.0285453125 0.19698876953125 0.04127578125 0.19062353515625 0.0444583984375 0.16834521484375 0.04870185546875 0.14606689453125 0.04233671875 0.122727734375 0.0317279296875 0.10044951171875 0.0380931640625 0.07817119140625 0.04976279296875 0.04952763671875 0.035971484375 0.04634501953125 0.010510546875 0.0542279296875 0 0.21104248046875 0 0.2129017578125 0.00520615234375
0 0.21764814453125 0 0.31440341796875 0 0.29352802734375 0.022180078125 0.23624091796875 0.023241015625 0.21764814453125 0
0 0.35293681640625 0.0009626953125 0.347632421875 0.0009626953125 0.3468072265625 0 0.3572689453125 0 0.35293681640625 0.0009626953125