0 0.87676787109375 0.9990234375 0.78074609375 0.9990234375 0.8086205078125 0.9685357421875 0.868029296875 0.962877734375 0.87676787109375 0.9990234375
0 0.65774111328125 0.9968255859375 0.66905703125 0.97513671875 0.67188603515625 0.95816279296875 0.6747150390625 0.9562767578125 0.6756580078125 0.9562767578125 0.71997890625 0.990224609375 0.7294087890625 0.988338671875 0.7407248046875 0.99116767578125 0.74858056640625 0.9990234375 0.65554326171875 0.9990234375 0.65774111328125 0.9968255859375
0 0.5012037109375 0.9968255859375 0.533737109375 0.97136474609375 0.55306845703125 0.950147265625 0.5624984375 0.9426033203125 0.5676849609375 0.93930283203125 0.5799439453125 0.936473828125 0.59220283203125 0.93930283203125 0.60493330078125 0.94684677734375 0.61766376953125 0.9572197265625 0.62615068359375 0.96240625 0.63652373046875 0.97419375 0.63982421875 0.99116767578125 0.6367115234375 0.9990234375 0.50045439453125 0.9990234375 0.5012037109375 0.9968255859375
0 0.1752412109375 0.9572197265625 0.24229873046875 0.9941013671875 0.2381970703125 0.9990234375 0.01861298828125 0.9990234375 0.04783193359375 0.95386689453125 0.06794921875 0.8834564453125 0.1551240234375 0.87004501953125 0.1752412109375 0.9572197265625
0 0.41774853515625 0.98645263671875 0.41209052734375 0.9558052734375 0.41209052734375 0.9289298828125 0.4219919921875 0.91054140625 0.4479244140625 0.88602353515625 0.4606548828125 0.87376455078125 0.48140078125 0.85349013671875 0.5030896484375 0.8497181640625 0.50874765625 0.8492466796875 0.5139341796875 0.85113271484375 0.52619306640625 0.85160419921875 0.55023955078125 0.868578125 0.562026953125 0.90441201171875 0.547410546875 0.935530859375 0.54552451171875 0.9430748046875 0.5294935546875 0.96052021484375 0.51299111328125 0.975608203125 0.50686171875 0.99069619140625 0.50266357421875 0.9990234375 0.42665283203125 0.9990234375 0.41774853515625 0.98645263671875
0 0.90952119140625 0.99776865234375 0.9142361328125 0.98550966796875 0.9151791015625 0.9826806640625 0.91612216796875 0.97136474609375 0.9151791015625 0.9543908203125 0.91140712890625 0.92610087890625 0.90480615234375 0.910069921875 0.89820517578125 0.89875400390625 0.8859462890625 0.8902669921875 0.8604853515625 0.8629201171875 0.86425732421875 0.8355732421875 0.8878322265625 0.80068232421875 0.9274380859375 0.77239248046875 0.9415830078125 0.77333544921875 0.96987294921875 0.78465146484375 0.9990234375 0.7853455078125 0.9990234375 0.9990234375 0.90970703125 0.9990234375 0.90952119140625 0.99776865234375
0 0.655855078125 0.86952109375 0.67282900390625 0.89309599609375 0.67000009765625 0.93081591796875 0.66434208984375 0.94684677734375 0.653969140625 0.95816279296875 0.64171015625 0.96004873046875 0.629451171875 0.95156181640625 0.60587626953125 0.94024580078125 0.587959375 0.9279869140625 0.56438447265625 0.909126953125 0.56438447265625 0.89686796875 0.58513037109375 0.87329306640625 0.60587626953125 0.8629201171875 0.655855078125 0.86952109375
0 0.056580859375 0.7822939453125 0.04620791015625 0.7681490234375 0.05280888671875 0.7441025390625 0.06883984375 0.72760009765625 0.07874130859375 0.71156923828125 0.07166884765625 0.69836728515625 0.04809384765625 0.67290634765625 0.0509228515625 0.65970439453125 0.056109375 0.65263193359375 0.08015576171875 0.62811396484375 0.09194326171875 0.62764248046875 0.108445703125 0.63282900390625 0.1282486328125 0.6370724609375 0.14616552734375 0.6417875 0.17162646484375 0.64650244140625 0.19378681640625 0.66630537109375 0.2102892578125 0.671491796875 0.2220767578125 0.6903517578125 0.2211337890625 0.71109765625 0.21736171875 0.721470703125 0.2079318359375 0.7417451171875 0.19897333984375 0.75966201171875 0.19001484375 0.77427841796875 0.18105634765625 0.77380693359375 0.15418095703125 0.76060498046875 0.12777705078125 0.7563615234375 0.12636259765625 0.77380693359375 0.12730556640625 0.78087939453125 0.1244765625 0.78936640625 0.1027876953125 0.787951953125 0.0971296875 0.789837890625 0.07449775390625 0.7954958984375 0.056580859375 0.7822939453125
0 0.81144951171875 0.76484853515625 0.7812736328125 0.7431595703125 0.7558126953125 0.72052763671875 0.74732578125 0.7044966796875 0.7548697265625 0.6780927734375 0.77467265625 0.65263193359375 0.80201953125 0.6233990234375 0.83219541015625 0.5969951171875 0.8614283203125 0.591337109375 0.90480615234375 0.60171005859375 0.9340390625 0.61208310546875 0.948183984375 0.61208310546875 0.97553095703125 0.63188603515625 0.98307490234375 0.64791689453125 0.98401787109375 0.6639478515625 0.95761396484375 0.7101546875 0.93781103515625 0.735615625 0.92366611328125 0.75353251953125 0.9151791015625 0.76673447265625 0.8265375 0.77805048828125 0.81144951171875 0.76484853515625
0 0.04783193359375 0.59846201171875 0.0176560546875 0.59175625 0.021008984375 0.544816015625 0.05118486328125 0.47775849609375 0.11153662109375 0.4107009765625 0.1383595703125 0.397289453125 0.19871142578125 0.3939365234375 0.23224013671875 0.42746533203125 0.2288873046875 0.5045814453125 0.19535849609375 0.57163896484375 0.13500673828125 0.62528505859375 0.04783193359375 0.59846201171875
0 0.00089169921875 0.4475826171875 0.0176560546875 0.53475732421875 0 0.5488822265625 0 0.44701943359375 0.00089169921875 0.4475826171875
0 0.99627685546875 0.53334287109375 0.97647392578125 0.53334287109375 0.96892998046875 0.53711484375 0.9547849609375 0.54088681640625 0.93215302734375 0.5380578125 0.920837109375 0.52014091796875 0.92366611328125 0.4918509765625 0.9406400390625 0.47299111328125 0.94912705078125 0.4503591796875 0.89631923828125 0.4654470703125 0.86425732421875 0.47299111328125 0.83596748046875 0.45224521484375 0.82465146484375 0.4381001953125 0.8208794921875 0.41263935546875 0.8331384765625 0.3984943359375 0.85011240234375 0.39472236328125 0.8887751953125 0.40226630859375 0.9000912109375 0.3984943359375 0.91612216796875 0.38906435546875 0.91046416015625 0.37397646484375 0.88028828125 0.3447435546875 0.8868892578125 0.336256640625 0.9264951171875 0.3164537109375 0.95761396484375 0.28910673828125 0.98967587890625 0.30608076171875 0.9990234375 0.30280908203125 0.9990234375 0.5343416015625 0.99627685546875 0.53334287109375
0 0.4474529296875 0.15425830078125 0.470084765625 0.204237109375 0.4766857421875 0.21461005859375 0.47857177734375 0.22215400390625 0.4757427734375 0.24667197265625 0.42765 0.27307587890625 0.40690400390625 0.26836083984375 0.38615810546875 0.27307587890625 0.31920537109375 0.28722080078125 0.24659462890625 0.28061982421875 0.1956728515625 0.25515888671875 0.161725 0.229698046875 0.1428650390625 0.21461005859375 0.1362640625 0.17971923828125 0.15323798828125 0.13351240234375 0.15983896484375 0.10239345703125 0.16549697265625 0.0863625 0.1975587890625 0.0571296875 0.21924775390625 0.0514716796875 0.24282265625 0.04864267578125 0.255081640625 0.0514716796875 0.2616826171875 0.0533576171875 0.28714345703125 0.03638369140625 0.31826240234375 0.03261171875 0.334293359375 0.08164755859375 0.36446923828125 0.09484951171875 0.43142197265625 0.13822734375 0.4474529296875 0.15425830078125
0 0.653026171875 0.01469482421875 0.655855078125 0.0382697265625 0.65019716796875 0.0571296875 0.6332232421875 0.0929634765625 0.60493330078125 0.1316263671875 0.57852939453125 0.14671435546875 0.53986650390625 0.1391703125 0.50497568359375 0.1052224609375 0.49743173828125 0.07410361328125 0.49271669921875 0.04864267578125 0.5030896484375 0.018466796875 0.52572158203125 0.00149287109375 0.5278712890625 0 0.64374521484375 0 0.653026171875 0.01469482421875
0 0.360697265625 0.08259052734375 0.3550392578125 0.04958564453125 0.37861416015625 0.017523828125 0.384680078125 0 0.463686328125 0 0.4634837890625 0.00526484375 0.4483958984375 0.02695380859375 0.43990888671875 0.05430068359375 0.442737890625 0.06750263671875 0.43990888671875 0.0844765625 0.4342509765625 0.08730556640625 0.388987109375 0.11465244140625 0.360697265625 0.08259052734375
0 0.8604853515625 0.00903681640625 0.8472833984375 0.02035283203125 0.83030947265625 0.018466796875 0.81616455078125 0.02129580078125 0.80013359375 0.0505287109375 0.7954185546875 0.05995859375 0.7661857421875 0.07598955078125 0.73695283203125 0.0797615234375 0.72563681640625 0.0778755859375 0.693575 0.0769326171875 0.66905703125 0.07410361328125 0.6624560546875 0.0646736328125 0.65868408203125 0.04298466796875 0.6615130859375 0.02035283203125 0.67096259765625 0 0.859306640625 0 0.8604853515625 0.00903681640625
0 0 0.06881611328125 0 0 0.03377177734375 0 0.0075974609375 0.06870751953125 0 0.06881611328125
0 0.69074599609375 0.01170869140625 0.64296748046875 0.00165 0.64159248046875 0 0.69977138671875 0 0.69074599609375 0.01170869140625