0 0.7953791015625 0.96798603515625 0.824199609375 0.9990234375 0.64894296875 0.9990234375 0.68221953125 0.97050068359375 0.75514462890625 0.9453541015625 0.7953791015625 0.96798603515625
0 0.96637578125 0.92523681640625 0.9990234375 0.92523681640625 0.9990234375 0.9990234375 0.95296005859375 0.9990234375 0.96637578125 0.92523681640625
0 0.6696462890625 0.8875169921875 0.66461689453125 0.97301533203125 0.6486119140625 0.9990234375 0.536078515625 0.9990234375 0.53134013671875 0.9981619140625 0.508708203125 0.9931326171875 0.48104697265625 0.97301533203125 0.455900390625 0.93781015625 0.455900390625 0.90511962890625 0.47853232421875 0.85985576171875 0.50367890625 0.8196212890625 0.5640306640625 0.81207724609375 0.63947041015625 0.827165234375 0.6696462890625 0.8875169921875
0 0.02589404296875 0.86739970703125 0 0.86739970703125 0 0.6137591796875 0.09378974609375 0.6184486328125 0.0736724609375 0.7089763671875 0.09127509765625 0.7718427734375 0.02589404296875 0.86739970703125
0 0.07035341796875 0.57022626953125 0.097685546875 0.53093623046875 0.1489333984375 0.5514353515625 0.17797392578125 0.590725390625 0.1830986328125 0.6317236328125 0.16089130859375 0.6539310546875 0.11135166015625 0.6641806640625 0.0925607421875 0.62830712890625 0.07035341796875 0.57022626953125
0 0.066128515625 0.48014248046875 0.04601123046875 0.47762783203125 0.013320703125 0.46253994140625 0 0.44921923828125 0 0.17858759765625 0.0057767578125 0.18089833984375 0.0108060546875 0.18089833984375 0.0535552734375 0.17838369140625 0.128994921875 0.2085595703125 0.171744140625 0.28902861328125 0.20192001953125 0.36949755859375 0.123965625 0.4298494140625 0.066128515625 0.48014248046875
0 0.98900771484375 0.91266357421875 0.961346484375 0.86991435546875 0.99403701171875 0.784416015625 0.9990234375 0.77942958984375 0.9990234375 0.9115904296875 0.98900771484375 0.91266357421875
0 0.5162521484375 0.69640302734375 0.49110556640625 0.7869306640625 0.4634443359375 0.79447470703125 0.413151171875 0.79950400390625 0.36788740234375 0.79196005859375 0.32765283203125 0.73663759765625 0.33016748046875 0.6762857421875 0.38046064453125 0.63353662109375 0.42320986328125 0.615933984375 0.48356162109375 0.63856591796875 0.5162521484375 0.69640302734375
0 0.6802029296875 0.55656015625 0.68361943359375 0.59243359375 0.67166162109375 0.62659892578125 0.67849462890625 0.66247236328125 0.68191123046875 0.68980458984375 0.64774599609375 0.6983458984375 0.596498046875 0.69151279296875 0.55720810546875 0.67784677734375 0.54012548828125 0.6419732421875 0.548666796875 0.6095162109375 0.560624609375 0.58218408203125 0.59308154296875 0.578767578125 0.60845595703125 0.5958501953125 0.62553857421875 0.58389228515625 0.6392046875 0.56510146484375 0.6802029296875 0.55656015625
0 0.52987587890625 0.4284404296875 0.55379150390625 0.41819091796875 0.5777072265625 0.375484375 0.6238302734375 0.38402568359375 0.64432939453125 0.41989912109375 0.652870703125 0.45748095703125 0.64262119140625 0.48652138671875 0.64774599609375 0.52068662109375 0.63749638671875 0.5411857421875 0.5999146484375 0.55485185546875 0.55720810546875 0.54801884765625 0.55720810546875 0.5070205078125 0.54012548828125 0.48139658203125 0.5315841796875 0.45748095703125 0.5384171875 0.45577265625 0.52987587890625 0.4284404296875
0 0.97643447265625 0.51534775390625 0.94122919921875 0.57569951171875 0.88339208984375 0.5555822265625 0.86578955078125 0.53546494140625 0.83309892578125 0.500259765625 0.8582455078125 0.4348787109375 0.8532162109375 0.37955625 0.8959654296875 0.33680703125 0.961346484375 0.36195361328125 0.9990234375 0.3859298828125 0.9990234375 0.5017943359375 0.97643447265625 0.51534775390625
0 0.7192517578125 0.47373798828125 0.71076484375 0.41857275390625 0.7256169921875 0.376137890625 0.7638083984375 0.35492041015625 0.81473017578125 0.34006826171875 0.8380693359375 0.34006826171875 0.8635302734375 0.41432919921875 0.8635302734375 0.4567640625 0.8380693359375 0.4907119140625 0.83382587890625 0.49495537109375 0.778660546875 0.5225380859375 0.7192517578125 0.47373798828125
0 0.379548828125 0.11412021484375 0.43933798828125 0.11924501953125 0.49571064453125 0.139744140625 0.504251953125 0.1790341796875 0.4769197265625 0.2131994140625 0.4427544921875 0.23711513671875 0.43933798828125 0.252489453125 0.4205470703125 0.27811337890625 0.40004794921875 0.22686552734375 0.3983396484375 0.21490771484375 0.367591015625 0.2012416015625 0.3624662109375 0.1773259765625 0.3624662109375 0.1568267578125 0.379548828125 0.11412021484375
0 0.61528642578125 0.19048544921875 0.6195298828125 0.1321375 0.66090390625 0.07803310546875 0.70652138671875 0.05575478515625 0.74577353515625 0.0822765625 0.778660546875 0.12789404296875 0.79881708984375 0.1798767578125 0.7701736328125 0.22443330078125 0.73728662109375 0.238224609375 0.63968642578125 0.20639853515625 0.61528642578125 0.19048544921875
0 0.62041376953125 0.025290625 0.57429072265625 0.06799716796875 0.560624609375 0.09362109375 0.5093767578125 0.11241201171875 0.4547123046875 0.11753681640625 0.39492314453125 0.07312197265625 0.3846736328125 0.04408154296875 0.3846736328125 0.00649970703125 0.39731201171875 0 0.58669296875 0 0.62041376953125 0.025290625
0 0.98790283203125 0 0.9990234375 0 0.9990234375 0.0151240234375 0.98790283203125 0
0 0.4056072265625 0.03001884765625 0.36537275390625 0.01241630859375 0.30250625 0.004872265625 0.29276171875 0 0.42436904296875 0 0.4056072265625 0.03001884765625
0 0.18480693359375 0.12436982421875 0.19505654296875 0.06970546875 0.23605478515625 0.03895673828125 0.278761328125 0.05091455078125 0.29242744140625 0.091912890625 0.27022001953125 0.127786328125 0.23605478515625 0.160243359375 0.210430859375 0.14828544921875 0.18480693359375 0.12436982421875