0 0.1444169921875 0.99393798828125 0.1560865234375 0.975903125 0.20488662109375 0.95362490234375 0.2398953125 0.95999013671875 0.258991015625 0.9727205078125 0.2569677734375 0.9990234375 0.1425099609375 0.9990234375 0.1444169921875 0.99393798828125
0 0.76436708984375 0.9990234375 0.55654677734375 0.9990234375 0.58786103515625 0.920737890625 0.7554787109375 0.83162470703125 0.76436708984375 0.9990234375
0 0.48813916015625 0.86663349609375 0.496626171875 0.88997265625 0.47222607421875 0.95256396484375 0.46904345703125 0.95680751953125 0.43066533203125 0.9990234375 0.39763984375 0.9990234375 0.37568681640625 0.97802490234375 0.36083466796875 0.96423359375 0.32794765625 0.932407421875 0.31946064453125 0.90270302734375 0.3247650390625 0.84965947265625 0.39796513671875 0.8231376953125 0.42766953125 0.8263203125 0.48813916015625 0.86663349609375
0 0.9973572265625 0.945137890625 0.994174609375 0.945137890625 0.9729572265625 0.9355900390625 0.97613984375 0.9239205078125 0.98356591796875 0.9048248046875 0.98674853515625 0.89421611328125 0.994174609375 0.883607421875 0.9990234375 0.88069814453125 0.9990234375 0.9454009765625 0.9973572265625 0.945137890625
0 0.5369392578125 0.90906826171875 0.51360009765625 0.883607421875 0.51041748046875 0.858146484375 0.54118271484375 0.821016015625 0.5496697265625 0.808285546875 0.5677044921875 0.7870681640625 0.60907841796875 0.77539853515625 0.6366611328125 0.783885546875 0.67273076171875 0.79449423828125 0.6992525390625 0.82525947265625 0.70137421875 0.833746484375 0.67485244140625 0.86663349609375 0.6737916015625 0.8676943359375 0.56664365234375 0.9260421875 0.5369392578125 0.90906826171875
0 0.8138265625 0.84435517578125 0.80640048828125 0.85178125 0.79048740234375 0.86026826171875 0.77245263671875 0.86345087890625 0.7607830078125 0.85920732421875 0.7491134765625 0.83905078125 0.72577431640625 0.82738125 0.7236525390625 0.81465078125 0.74062646484375 0.79131162109375 0.76184384765625 0.78176376953125 0.78093955078125 0.78494638671875 0.81276572265625 0.7860072265625 0.84353095703125 0.795555078125 0.8605048828125 0.80616376953125 0.8138265625 0.84435517578125
0 0.9973572265625 0.86663349609375 0.982505078125 0.86557255859375 0.94643544921875 0.85708564453125 0.9230962890625 0.8422333984375 0.89339189453125 0.80934638671875 0.907183203125 0.783885546875 0.9538615234375 0.77221591796875 0.9990234375 0.77426875 0.9990234375 0.86699052734375 0.9973572265625 0.86663349609375
0 0.0115068359375 0.79796494140625 0 0.81202890625 0 0.66715556640625 0.01821259765625 0.6839671875 0.0115068359375 0.79796494140625
0 0.399183203125 0.63493134765625 0.31619951171875 0.6122994140625 0.28853828125 0.57960888671875 0.3011115234375 0.5418890625 0.33128740234375 0.51422783203125 0.3589486328125 0.47650791015625 0.36146328125 0.4237001953125 0.37906591796875 0.34574580078125 0.43941767578125 0.335687109375 0.48971083984375 0.3658630859375 0.5073134765625 0.41867080078125 0.5701798828125 0.431244140625 0.6179583984375 0.42621484375 0.6355609375 0.484051953125 0.6179583984375 0.5494330078125 0.6380755859375 0.589667578125 0.60035576171875 0.6475046875 0.399183203125 0.63493134765625
0 0.98761298828125 0.39352431640625 0.99515693359375 0.35328974609375 0.9990234375 0.34877880859375 0.9990234375 0.41444345703125 0.98761298828125 0.39352431640625
0 0.78552001953125 0.0703005859375 0.84360087890625 0.09421630859375 0.87605791015625 0.11813193359375 0.87093310546875 0.1488806640625 0.85897529296875 0.18475419921875 0.8453091796875 0.2172111328125 0.8008943359375 0.21891943359375 0.78552001953125 0.26333427734375 0.7428134765625 0.28041689453125 0.7035234375 0.27016728515625 0.64544248046875 0.22404423828125 0.5959029296875 0.16767158203125 0.6198185546875 0.10446591796875 0.6659416015625 0.109590625 0.693273828125 0.0976328125 0.73085556640625 0.04809326171875 0.78552001953125 0.0703005859375
0 0.77527041015625 0.0002619140625 0.817976953125 0.01051142578125 0.83164306640625 0.03271884765625 0.8350595703125 0.063467578125 0.82139345703125 0.07200888671875 0.79576953125 0.07713369140625 0.7667291015625 0.06175927734375 0.74622998046875 0.04980146484375 0.7547712890625 0.02759404296875 0.77527041015625 0.0002619140625
0 0.6858541015625 0.02135498046875 0.59029716796875 0.02889892578125 0.5686228515625 0 0.69695869140625 0 0.6858541015625 0.02135498046875