0 0.6004931640625 0.96708251953125 0.6055224609375 0.9840564453125 0.60677978515625 0.99537236328125 0.60741474609375 0.9990234375 0.40863369140625 0.9990234375 0.4062359375 0.99285771484375 0.42509580078125 0.938792578125 0.46533037109375 0.92433330078125 0.50430751953125 0.920561328125 0.5508287109375 0.94256455078125 0.6004931640625 0.96708251953125
0 0.13339560546875 0.75710859375 0.11956494140625 0.77345390625 0.09316103515625 0.794828515625 0.07933046875 0.80362978515625 0.05418388671875 0.81620302734375 0.01772138671875 0.79860048828125 0 0.7651267578125 0 0.7532978515625 0.057955859375 0.7231607421875 0.10699169921875 0.7307046875 0.13339560546875 0.75710859375
0 0.543284765625 0.72441806640625 0.56465927734375 0.7332193359375 0.59483515625 0.77219658203125 0.5659166015625 0.7910564453125 0.54202744140625 0.8237470703125 0.536998046875 0.852665625 0.50933681640625 0.89038544921875 0.45778642578125 0.91427470703125 0.411265234375 0.9017013671875 0.384861328125 0.87404013671875 0.3446267578125 0.82248974609375 0.3345681640625 0.77722587890625 0.3609720703125 0.7445353515625 0.4288677734375 0.70555810546875 0.48293291015625 0.6967568359375 0.543284765625 0.72441806640625
0 0.98397841796875 0.7973431640625 0.9745484375 0.7791119140625 0.979577734375 0.76716728515625 0.9934083984375 0.7395060546875 0.9990234375 0.723713671875 0.9990234375 0.79873193359375 0.98397841796875 0.7973431640625
0 0.98649306640625 0.68606953125 0.98649306640625 0.65086435546875 0.99089375 0.62131708984375 0.9990234375 0.61318740234375 0.9990234375 0.70463310546875 0.98649306640625 0.68606953125
0 0.9060240234375 0.623203125 0.91733994140625 0.63451904296875 0.9380859375 0.68041162109375 0.95003056640625 0.723789453125 0.94122919921875 0.760251953125 0.9324279296875 0.7659099609375 0.9141966796875 0.77345390625 0.8431576171875 0.778483203125 0.8066951171875 0.75899462890625 0.7802912109375 0.723789453125 0.76583193359375 0.67915419921875 0.7802912109375 0.644577734375 0.8117244140625 0.61691650390625 0.88653544921875 0.6156591796875 0.9060240234375 0.623203125
0 0.642613671875 0.63326171875 0.642613671875 0.652750390625 0.63821298828125 0.66783828125 0.62626845703125 0.68229755859375 0.61746708984375 0.70115751953125 0.608037109375 0.7131021484375 0.57660390625 0.72441806640625 0.5640306640625 0.7124734375 0.54391337890625 0.6835548828125 0.535112109375 0.64772099609375 0.5376267578125 0.6206884765625 0.55962998046875 0.5993138671875 0.6136951171875 0.58548330078125 0.642613671875 0.63326171875
0 0.7161673828125 0.610001171875 0.71050947265625 0.6420630859375 0.70485146484375 0.6571509765625 0.72496875 0.68292626953125 0.72308271484375 0.70304345703125 0.69353544921875 0.71435947265625 0.67341826171875 0.70870146484375 0.64638564453125 0.6917275390625 0.6400990234375 0.67475361328125 0.642613671875 0.6602943359375 0.63884169921875 0.6357763671875 0.6432423828125 0.6106298828125 0.655815625 0.59051259765625 0.6828482421875 0.58233994140625 0.7161673828125 0.610001171875
0 0.173630078125 0.3233302734375 0.19626201171875 0.25794912109375 0.2817603515625 0.23280263671875 0.3395974609375 0.23531728515625 0.3924052734375 0.24286123046875 0.42761044921875 0.25794912109375 0.42006650390625 0.30321298828125 0.40749326171875 0.34847685546875 0.3773173828125 0.38368203125 0.31696552734375 0.40379931640625 0.29433369140625 0.40379931640625 0.2138646484375 0.38368203125 0.173630078125 0.3233302734375
0 0.75703056640625 0.24537587890625 0.76205986328125 0.262978515625 0.76205986328125 0.3761380859375 0.75451591796875 0.40379931640625 0.7268546875 0.4490630859375 0.63632705078125 0.4465484375 0.59609248046875 0.40882861328125 0.51310888671875 0.30572763671875 0.53825537109375 0.23280263671875 0.58854853515625 0.19508271484375 0.68410556640625 0.167421484375 0.75703056640625 0.24537587890625
0 0.995923046875 0.17245078125 0.9984376953125 0.210170703125 0.9990234375 0.21241611328125 0.9990234375 0.3409328125 0.995923046875 0.3409328125 0.99089375 0.3434474609375 0.97077646484375 0.3434474609375 0.94814453125 0.35350615234375 0.933056640625 0.36859404296875 0.80732373046875 0.3761380859375 0.7771478515625 0.335903515625 0.75200126953125 0.2705224609375 0.7670892578125 0.2277732421875 0.81235302734375 0.18753876953125 0.87521943359375 0.1623921875 0.9506591796875 0.14478955078125 0.995923046875 0.17245078125
0 0.581633203125 0.0787798828125 0.47601767578125 0.05866259765625 0.47350302734375 0.043574609375 0.465958984375 0.00836943359375 0.465958984375 0 0.66164462890625 0 0.69479287109375 0.0360306640625 0.7325126953125 0.086323828125 0.687248828125 0.13158759765625 0.581633203125 0.0787798828125
0 0.933056640625 0.01654208984375 0.93054189453125 0.0442033203125 0.9355712890625 0.07186455078125 0.92551259765625 0.094496484375 0.8827634765625 0.13724560546875 0.85258759765625 0.15233359375 0.7922357421875 0.13976025390625 0.7670892578125 0.0970111328125 0.79726513671875 0.0542619140625 0.7872064453125 0.03665927734375 0.7922357421875 0.01654208984375 0.80877783203125 0 0.95196181640625 0 0.933056640625 0.01654208984375
0 0.13842490234375 0.167421484375 0.1032197265625 0.114613671875 0.1183076171875 0.07689384765625 0.12585166015625 0.06934990234375 0.1660861328125 0.03162998046875 0.1960513671875 0 0.27454990234375 0 0.31445087890625 0.02660068359375 0.31445087890625 0.07186455078125 0.29936298828125 0.1070697265625 0.27421640625 0.1699361328125 0.2767310546875 0.18502412109375 0.21135 0.19759736328125 0.13842490234375 0.167421484375
0 0 0.012344140625 0 0 0.0017634765625 0 0 0.012344140625