0 0.02046162109375 0.945658984375 0.0819921875 0.945658984375 0.10851396484375 0.9679373046875 0.1350357421875 0.99445908203125 0.13838291015625 0.9990234375 0 0.9990234375 0 0.95384365234375 0.02046162109375 0.945658984375
0 0.997523828125 0.75364130859375 0.9990234375 0.75314150390625 0.9990234375 0.83480751953125 0.97842822265625 0.78758916015625 0.997523828125 0.75364130859375
0 0.44481005859375 0.98703291015625 0.52543623046875 0.9647546875 0.57529716796875 0.9053458984375 0.7153322265625 0.90322412109375 0.72718369140625 0.9990234375 0.4429810546875 0.9990234375 0.44481005859375 0.98703291015625
0 0.8638541015625 0.91436328125 0.9084107421875 0.9483111328125 0.89992373046875 0.98862421875 0.8925576171875 0.9990234375 0.70570263671875 0.9990234375 0.71745390625 0.9419458984375 0.78534970703125 0.8867806640625 0.8638541015625 0.91436328125
0 0.5397580078125 0.7552326171875 0.486714453125 0.708554296875 0.518540625 0.63217158203125 0.58007109375 0.634293359375 0.6585755859375 0.57276279296875 0.78800185546875 0.54518017578125 0.79436708984375 0.61944111328125 0.836801953125 0.71704130859375 0.81770625 0.7743283203125 0.76041923828125 0.84010234375 0.724349609375 0.87829365234375 0.70101044921875 0.90375458984375 0.58219287109375 0.92285029296875 0.5440015625 0.8867806640625 0.5397580078125 0.7552326171875
0 0.29204462890625 0.7303021484375 0.34296650390625 0.6433107421875 0.41934921875 0.62633681640625 0.449053515625 0.63270205078125 0.4660275390625 0.69211083984375 0.4660275390625 0.7430326171875 0.34296650390625 0.80668486328125 0.29204462890625 0.7303021484375
0 0.78853232421875 0.48630185546875 0.88188896484375 0.416284375 0.94448037109375 0.43537998046875 0.97418466796875 0.4746322265625 0.94978466796875 0.5372236328125 0.8893150390625 0.596632421875 0.78853232421875 0.48630185546875
0 0.40767958984375 0.41734521484375 0.38221865234375 0.33671904296875 0.498914453125 0.273066796875 0.58802763671875 0.27731025390625 0.6028798828125 0.28579716796875 0.6580451171875 0.3685451171875 0.6580451171875 0.4152234375 0.636827734375 0.45129306640625 0.49467099609375 0.5064583984375 0.40767958984375 0.41734521484375
0 0.22733154296875 0.3653625 0.22308798828125 0.37384951171875 0.22308798828125 0.37809296875 0.1530705078125 0.422649609375 0.112757421875 0.4438669921875 0.013035546875 0.39931044921875 0.013035546875 0.32929296875 0.08305302734375 0.2380580078125 0.163679296875 0.24866669921875 0.22733154296875 0.3653625
0 0.131853125 0.2253275390625 0.09578349609375 0.185014453125 0.0575921875 0.1256056640625 0.1063921875 0.085292578125 0.212479296875 0.085292578125 0.2464271484375 0.12772744140625 0.2570359375 0.16167529296875 0.2591576171875 0.20198837890625 0.18065322265625 0.26139716796875 0.131853125 0.2253275390625
0 0.49467099609375 0.2136580078125 0.48830576171875 0.14151875 0.5562015625 0.0630142578125 0.68774951171875 0.0630142578125 0.7089669921875 0.15849267578125 0.7089669921875 0.19031884765625 0.69199306640625 0.23063193359375 0.54134931640625 0.2751884765625 0.49467099609375 0.2136580078125
0 0.472190625 0 0.68132626953125 0 0.67926259765625 0.022701171875 0.54559287109375 0.05452734375 0.472190625 0
0 0.9211412109375 0.70484130859375 0.9084107421875 0.61360634765625 0.98054990234375 0.572232421875 0.9990234375 0.571323828125 0.9990234375 0.73183017578125 0.9211412109375 0.70484130859375
0 0.9890369140625 0.3876408203125 0.9990234375 0.3721515625 0.9990234375 0.4055013671875 0.9890369140625 0.3876408203125
0 0.06701416015625 0.5353884765625 0.1080125 0.60030244140625 0.04309853515625 0.6703412109375 0.03284892578125 0.71817255859375 0.0465150390625 0.77454521484375 0.017474609375 0.8172517578125 0 0.8230765625 0 0.53324970703125 0.06701416015625 0.5353884765625
0 0 0.01473544921875 0 0 0.00862568359375 0 0 0.01473544921875