0 0.79516083984375 0.76402314453125 0.8190765625 0.8016048828125 0.79857744140625 0.8340619140625 0.77637001953125 0.86993544921875 0.75074609375 0.90410068359375 0.70633125 0.89897587890625 0.67387431640625 0.87164365234375 0.672166015625 0.83577021484375 0.672166015625 0.79648017578125 0.69266513671875 0.75719013671875 0.728538671875 0.74523232421875 0.79516083984375 0.76402314453125
0 0.03498427734375 0.74523232421875 0.082815625 0.74523232421875 0.0998982421875 0.7776892578125 0.0896486328125 0.8016048828125 0.07598251953125 0.81527099609375 0.04694208984375 0.81527099609375 0.02985947265625 0.8101462890625 0.028151171875 0.7776892578125 0.03498427734375 0.74523232421875
0 0.43579267578125 0.834915234375 0.39547958984375 0.834915234375 0.35392939453125 0.82534833984375 0.3594099609375 0.8052109375 0.35516650390625 0.7330716796875 0.45488837890625 0.6397150390625 0.51005361328125 0.64395849609375 0.5524884765625 0.62274111328125 0.60128857421875 0.66305419921875 0.63523642578125 0.7267064453125 0.61172705078125 0.75481201171875 0.58809560546875 0.80959404296875 0.54942587890625 0.85077001953125 0.48175400390625 0.8561408203125 0.43579267578125 0.834915234375
0 0.9959326171875 0.85613271484375 0.96198466796875 0.8455240234375 0.91318466796875 0.79672392578125 0.8580193359375 0.760654296875 0.8261931640625 0.699123828125 0.86014111328125 0.66941943359375 0.91954990234375 0.5951583984375 0.96834990234375 0.55696708984375 0.9990234375 0.58132548828125 0.9990234375 0.8516369140625 0.9959326171875 0.85613271484375
0 0.72170556640625 0.67177705078125 0.7336634765625 0.647861328125 0.7575791015625 0.623945703125 0.78320302734375 0.623945703125 0.78661953125 0.63932001953125 0.81566005859375 0.63932001953125 0.8464087890625 0.63761181640625 0.8805740234375 0.66152744140625 0.86861611328125 0.68885966796875 0.853241796875 0.71277529296875 0.853241796875 0.7435240234375 0.84982529296875 0.75719013671875 0.81736826171875 0.772564453125 0.78149482421875 0.75719013671875 0.7558708984375 0.7213166015625 0.740496484375 0.71448359375 0.72170556640625 0.67177705078125
0 0.14661708984375 0.53353564453125 0.1616552734375 0.571847265625 0.1340634765625 0.6205291015625 0.10331474609375 0.62565390625 0.06914951171875 0.62565390625 0.05035859375 0.56928125 0.028151171875 0.545365625 0.004235546875 0.5163251953125 0 0.48102900390625 0 0.47348525390625 0.0332759765625 0.46849384765625 0.07598251953125 0.48728466796875 0.09306513671875 0.4958259765625 0.12039736328125 0.50778388671875 0.14661708984375 0.53353564453125
0 0.30424462890625 0.5463583984375 0.319096875 0.4530017578125 0.35516650390625 0.38510595703125 0.42840419921875 0.39496943359375 0.48247099609375 0.39147119140625 0.5333927734375 0.42541904296875 0.5461232421875 0.46573212890625 0.5440015625 0.5060453125 0.5270275390625 0.5336279296875 0.4591318359375 0.548480078125 0.38274912109375 0.6206193359375 0.30424462890625 0.5463583984375
0 0.917428125 0.42329736328125 0.96198466796875 0.44239296875 0.9757759765625 0.4646712890625 0.9577412109375 0.485888671875 0.941828125 0.50710615234375 0.92485419921875 0.5145322265625 0.89727158203125 0.52301923828125 0.86226279296875 0.52620185546875 0.8389236328125 0.46891474609375 0.85059326171875 0.42647998046875 0.917428125 0.42329736328125
0 0 0.593151953125 0 0.55163056640625 0.00720078125 0.55060185546875 0 0.593151953125
0 0.18330537109375 0.53787138671875 0.10480087890625 0.486949609375 0.09631396484375 0.43814951171875 0.13662705078125 0.36601025390625 0.20240107421875 0.3405494140625 0.22361845703125 0.3341841796875 0.23634892578125 0.336305859375 0.286257421875 0.3845859375 0.312731640625 0.4466365234375 0.26180986328125 0.54211484375 0.18330537109375 0.53787138671875
0 0.64796689453125 0.524080078125 0.60447119140625 0.535749609375 0.58219287109375 0.54105400390625 0.56946240234375 0.50922783203125 0.586436328125 0.4774017578125 0.60553203125 0.42647998046875 0.6437234375 0.361766796875 0.673427734375 0.3331232421875 0.7148017578125 0.36919287109375 0.72222783203125 0.43496689453125 0.67979296875 0.49225390625 0.64796689453125 0.524080078125
0 0.000835546875 0.37025380859375 0 0.3687771484375 0 0.272214453125 0.039026953125 0.2280970703125 0.1345052734375 0.21748837890625 0.16845322265625 0.2556796875 0.18330537109375 0.349036328125 0.06448779296875 0.41056689453125 0.000835546875 0.37025380859375
0 0.31697509765625 0.35964501953125 0.3657751953125 0.24294921875 0.43878779296875 0.20949833984375 0.4845927734375 0.22597529296875 0.5397580078125 0.29811455078125 0.5333927734375 0.36601025390625 0.53127109375 0.3829841796875 0.386992578125 0.4063234375 0.31697509765625 0.35964501953125
0 0.4782275390625 0.21324482421875 0.496076171875 0.163667578125 0.57090908203125 0.20484365234375 0.59919521484375 0.199830859375 0.60765380859375 0.18141875 0.624627734375 0.2090013671875 0.63099296875 0.24825361328125 0.62250595703125 0.2832623046875 0.59810595703125 0.31084501953125 0.53551455078125 0.2970537109375 0.4782275390625 0.21324482421875
0 0.578428125 0.19410205078125 0.49894052734375 0.15471630859375 0.47001884765625 0.13817548828125 0.5075337890625 0.10816953125 0.5530541015625 0 0.5804248046875 0 0.63523642578125 0.0350185546875 0.673427734375 0.06472294921875 0.60553203125 0.1559578125 0.578428125 0.19410205078125
0 0.13238359375 0.1092794921875 0.1217748046875 0.11988818359375 0.100557421875 0.13261865234375 0.06390693359375 0.17942197265625 0.05137509765625 0.14719716796875 0 0.1248501953125 0 0.09612197265625 0.01019912109375 0.09026689453125 0.01270546875 0.05875830078125 0.03143681640625 0 0.09787421875 0 0.13238359375 0.1092794921875
0 0.67236689453125 0.10715771484375 0.6649408203125 0.07320986328125 0.69676689453125 0.02016630859375 0.7274548828125 0 0.7644318359375 0 0.7837583984375 0.0541142578125 0.78481923828125 0.08912294921875 0.7922453125 0.12625341796875 0.7338974609375 0.12307080078125 0.67236689453125 0.10715771484375
0 0.7602634765625 0 0.970977734375 0 0.98744560546875 0.02653154296875 0.998054296875 0.081696875 0.936523828125 0.149592578125 0.89408896484375 0.175053515625 0.80709755859375 0.1092794921875 0.7602634765625 0
0 0.11753134765625 0.06047939453125 0.10969140625 0 0.3074947265625 0 0.31060986328125 0.00531416015625 0.21725322265625 0.1156447265625 0.11753134765625 0.06047939453125
0 0.923793359375 0.22915791015625 0.911062890625 0.18035791015625 0.94076728515625 0.11882734375 0.9832021484375 0.10715771484375 0.9990234375 0.112330078125 0.9990234375 0.25216953125 0.923793359375 0.22915791015625
0 0.58572255859375 0 0.71764921875 0 0.70737568359375 0.02334892578125 0.6585755859375 0.02971416015625 0.65539296875 0.038201171875 0.59492333984375 0.01380107421875 0.58572255859375 0
0 0.9821412109375 0.46785390625 0.9990234375 0.4325068359375 0.9990234375 0.483712890625 0.9821412109375 0.46785390625