0 0.01780595703125 0.92982822265625 0.01151552734375 0.9990234375 0 0.9990234375 0 0.91483369140625 0.01780595703125 0.92982822265625
0 0.002666796875 0.8291734375 0.01660048828125 0.79334404296875 0.04645830078125 0.81324931640625 0.064373046875 0.8490787109375 0.09224033203125 0.884908203125 0.0842783203125 0.9187470703125 0.0564109375 0.93666181640625 0 0.919567578125 0 0.82955439453125 0.002666796875 0.8291734375
0 0.07820703125 0.86753974609375 0.0480064453125 0.8297890625 0.0461189453125 0.7712755859375 0.08953212890625 0.73730009765625 0.1291703125 0.71464970703125 0.1857962890625 0.6995494140625 0.225434375 0.7184248046875 0.2367595703125 0.7354125 0.25185986328125 0.78260078125 0.24430966796875 0.8411142578125 0.22732197265625 0.85621455078125 0.23109697265625 0.88452744140625 0.23109697265625 0.91661552734375 0.20655908203125 0.95625361328125 0.155595703125 0.95436611328125 0.1291703125 0.94304091796875 0.08764462890625 0.9128404296875 0.07820703125 0.86753974609375
0 0.00081826171875 0.64669853515625 0.0196935546875 0.61838564453125 0.059331640625 0.63159833984375 0.07631943359375 0.661798828125 0.03856884765625 0.707099609375 0.03290625 0.7467376953125 0.03101875 0.77693818359375 0 0.79153525390625 0 0.648116796875 0.00081826171875 0.64669853515625
0 0.012143359375 0.59196015625 0.01591845703125 0.6278232421875 0 0.65056396484375 0 0.57910244140625 0.012143359375 0.59196015625
0 0.5672650390625 0.7738974609375 0.60224404296875 0.8030466796875 0.64013798828125 0.77681240234375 0.65762744140625 0.81470634765625 0.67511689453125 0.8496853515625 0.65762744140625 0.89632392578125 0.61681865234375 0.92547314453125 0.54686064453125 0.92547314453125 0.54686064453125 0.8817494140625 0.508966796875 0.87300458984375 0.4856474609375 0.84677041015625 0.4856474609375 0.8205361328125 0.51479658203125 0.77681240234375 0.5672650390625 0.7738974609375
0 0.7357373046875 0.83937236328125 0.72367353515625 0.80490439453125 0.7202267578125 0.75664921875 0.7357373046875 0.71701103515625 0.77709892578125 0.704947265625 0.81846044921875 0.68598994140625 0.85982197265625 0.72218125 0.86154541015625 0.75837265625 0.8546517578125 0.7911171875 0.8546517578125 0.81007451171875 0.8374177734375 0.84626591796875 0.811566796875 0.86349990234375 0.76675849609375 0.87039345703125 0.7357373046875 0.83937236328125
0 0.37554716796875 0.72562802734375 0.39450458984375 0.69460693359375 0.4169087890625 0.7239046875 0.43758955078125 0.7480322265625 0.456546875 0.75320244140625 0.45137666015625 0.8014576171875 0.43414267578125 0.83075537109375 0.3979513671875 0.8169681640625 0.3807173828125 0.78939375 0.37037705078125 0.77905341796875 0.37554716796875 0.72562802734375
0 0.5025673828125 0.69113154296875 0.53935224609375 0.6313560546875 0.62441728515625 0.633655078125 0.6336134765625 0.688832421875 0.6175201171875 0.73481357421875 0.58303427734375 0.7578041015625 0.54165126953125 0.7578041015625 0.5071654296875 0.73711259765625 0.5025673828125 0.69113154296875
0 0.44627548828125 0.68444921875 0.42362509765625 0.66746142578125 0.4274001953125 0.6391484375 0.440612890625 0.61838564453125 0.44438798828125 0.58252255859375 0.46703837890625 0.55798466796875 0.4991263671875 0.5296716796875 0.52555185546875 0.5296716796875 0.56330244140625 0.55798466796875 0.55763984375 0.612723046875 0.5217767578125 0.6391484375 0.4727009765625 0.66746142578125 0.44627548828125 0.68444921875
0 0.65818447265625 0.60843701171875 0.63233349609375 0.59982001953125 0.61509951171875 0.56707548828125 0.62888671875 0.53950107421875 0.66335458984375 0.55673505859375 0.68403544921875 0.56535205078125 0.6874822265625 0.51709697265625 0.70816298828125 0.5102033203125 0.74263095703125 0.52054375 0.76331171875 0.5429478515625 0.77365205078125 0.5791392578125 0.780545703125 0.60154345703125 0.76158828125 0.64462841796875 0.72367353515625 0.65841552734375 0.69609921875 0.65496875 0.66680146484375 0.64979853515625 0.65818447265625 0.60843701171875
0 0.1554099609375 0.50260888671875 0.141615625 0.4221419921875 0.15081181640625 0.3830580078125 0.2151853515625 0.38765615234375 0.29105419921875 0.392254296875 0.34623154296875 0.369263671875 0.3922126953125 0.38995517578125 0.38761455078125 0.44283349609375 0.38761455078125 0.468123046875 0.43129658203125 0.47042216796875 0.4795767578125 0.50260888671875 0.46808154296875 0.5646833984375 0.378418359375 0.63595419921875 0.32094189453125 0.656645703125 0.28645615234375 0.6589447265625 0.240475 0.6704400390625 0.18989580078125 0.65434658203125 0.17840048828125 0.601468359375 0.18069951171875 0.57158056640625 0.1554099609375 0.50260888671875
0 0.50026826171875 0.463525 0.55084755859375 0.4520296875 0.5899314453125 0.48881455078125 0.576137109375 0.5324966796875 0.5301560546875 0.5508890625 0.50486640625 0.51410419921875 0.50026826171875 0.463525
0 0.79088603515625 0.43954404296875 0.8408646484375 0.468841796875 0.85982197265625 0.503309765625 0.84431142578125 0.5446712890625 0.811566796875 0.55156484375 0.76331171875 0.53433095703125 0.744354296875 0.49641611328125 0.76503505859375 0.46367158203125 0.79088603515625 0.43954404296875
0 0.59786552734375 0.4585013671875 0.62199306640625 0.41369306640625 0.65818447265625 0.3912888671875 0.68403544921875 0.38956552734375 0.709886328125 0.42058662109375 0.71505654296875 0.4619482421875 0.70643955078125 0.50503310546875 0.64612060546875 0.5291607421875 0.59614208984375 0.50847998046875 0.59786552734375 0.4585013671875
0 0.03603779296875 0.3430337890625 0.04810166015625 0.40679951171875 0.05499521484375 0.44643759765625 0.01880380859375 0.46367158203125 0 0.46635791015625 0 0.34026162109375 0.03603779296875 0.3430337890625
0 0.04068671875 0.20043984375 0.09320927734375 0.21028779296875 0.1129052734375 0.174178515625 0.1129052734375 0.1347865234375 0.1555798828125 0.14955859375 0.1555798828125 0.18238515625 0.17527587890625 0.192233203125 0.1736345703125 0.21521181640625 0.19168916015625 0.243114453125 0.17035185546875 0.27101708984375 0.152297265625 0.28743037109375 0.1129052734375 0.30548505859375 0.0784373046875 0.27922373046875 0.05874130859375 0.27429970703125 0.04561064453125 0.267734375 0.04068671875 0.20043984375
0 0.02785751953125 0.03896689453125 0.08924326171875 0.03535595703125 0.11993623046875 0.062437890625 0.11813076171875 0.12201826171875 0.04771767578125 0.1346564453125 0 0.143332421875 0 0.0623671875 0.02785751953125 0.03896689453125
0 0.880423046875 0.93924111328125 0.9221376953125 0.93017265625 0.962038671875 0.9628189453125 0.95667509765625 0.9990234375 0.83446943359375 0.9990234375 0.8441494140625 0.9755146484375 0.880423046875 0.93924111328125
0 0.9580556640625 0.88073388671875 0.93565146484375 0.8497126953125 0.9253111328125 0.81179794921875 0.947715234375 0.7911171875 0.9908001953125 0.78767041015625 0.9990234375 0.8017673828125 0.9990234375 0.8981494140625 0.9908001953125 0.8996912109375 0.9580556640625 0.88073388671875
0 0.57462763671875 0.98834169921875 0.58276611328125 0.9990234375 0.52732265625 0.9990234375 0.57462763671875 0.98834169921875
0 0.32547353515625 0.92982822265625 0.37077431640625 0.92794072265625 0.4292876953125 0.922278125 0.47081337890625 0.944928515625 0.4812833984375 0.9990234375 0.26818486328125 0.9990234375 0.26318505859375 0.96569130859375 0.2820603515625 0.944928515625 0.32547353515625 0.92982822265625
0 0.73318017578125 0.9845666015625 0.73318017578125 0.948703515625 0.772818359375 0.93171572265625 0.82566923828125 0.950591015625 0.8243947265625 0.9990234375 0.68619560546875 0.9990234375 0.73318017578125 0.9845666015625
0 0.2612974609375 0.950591015625 0.24053466796875 0.92982822265625 0.22732197265625 0.88075244140625 0.2367595703125 0.852439453125 0.2594099609375 0.82035146484375 0.28961044921875 0.7712755859375 0.33868623046875 0.77505068359375 0.389649609375 0.8165763671875 0.391537109375 0.87697734375 0.35944912109375 0.91850302734375 0.3065982421875 0.926053125 0.2612974609375 0.950591015625
0 0.99769384765625 0.772159765625 0.9990234375 0.7455671875 0.9990234375 0.77342900390625 0.99769384765625 0.772159765625
0 0.79260947265625 0.6291177734375 0.82535400390625 0.603266796875 0.86843896484375 0.60843701171875 0.8891197265625 0.63601142578125 0.90463037109375 0.6532453125 0.89601337890625 0.69116015625 0.86326875 0.71701103515625 0.83052421875 0.6963302734375 0.80812001953125 0.672202734375 0.79260947265625 0.6291177734375
0 0.8374177734375 0.5619052734375 0.86843896484375 0.55501171875 0.89773671875 0.5636287109375 0.914970703125 0.59809658203125 0.91152392578125 0.637734765625 0.89946015625 0.639458203125 0.83569443359375 0.603266796875 0.8374177734375 0.5619052734375
0 0.97184287109375 0.4447142578125 0.9990234375 0.44589599609375 0.9990234375 0.5444236328125 0.95288544921875 0.53433095703125 0.947715234375 0.4791822265625 0.97184287109375 0.4447142578125
0 0.89946015625 0.4412673828125 0.8908431640625 0.41886328125 0.8649921875 0.401629296875 0.83569443359375 0.40507607421875 0.83397099609375 0.365437890625 0.87016240234375 0.3757783203125 0.87533251953125 0.34992734375 0.90118349609375 0.34648056640625 0.93565146484375 0.3585443359375 0.95460888671875 0.38611865234375 0.96667265625 0.41196962890625 0.96667265625 0.43954404296875 0.947715234375 0.4585013671875 0.947715234375 0.48435234375 0.93565146484375 0.51365009765625 0.89428994140625 0.52226708984375 0.87877939453125 0.50675654296875 0.8736091796875 0.46539501953125 0.89946015625 0.4412673828125
0 0.8908962890625 0.2349078125 0.92700556640625 0.190591796875 0.9762455078125 0.1692544921875 0.9990234375 0.17366318359375 0.9990234375 0.3535984375 0.9581908203125 0.362931640625 0.92372294921875 0.33010498046875 0.88925498046875 0.2890716796875 0.8908962890625 0.2349078125
0 0.904026953125 0.16761318359375 0.904026953125 0.12001455078125 0.92372294921875 0.07898134765625 0.96639755859375 0.06256796875 0.9990234375 0.08190185546875 0.9990234375 0.15925302734375 0.9926587890625 0.1692544921875 0.92372294921875 0.18895048828125 0.904026953125 0.16761318359375
0 0.7029927734375 0.38784208984375 0.70643955078125 0.3257998046875 0.74263095703125 0.3068423828125 0.79260947265625 0.31201259765625 0.80294990234375 0.33786357421875 0.80984345703125 0.38094853515625 0.77365205078125 0.436097265625 0.74952451171875 0.43954404296875 0.73401396484375 0.42231005859375 0.7029927734375 0.38784208984375
0 0.47722763671875 0.3568208984375 0.473780859375 0.32062958984375 0.47722763671875 0.27926806640625 0.5151423828125 0.267204296875 0.57029111328125 0.2568638671875 0.58924853515625 0.24480009765625 0.609929296875 0.26203408203125 0.62199306640625 0.2723744140625 0.6530142578125 0.28099140625 0.6530142578125 0.31201259765625 0.60648251953125 0.330969921875 0.577184765625 0.3413103515625 0.5858017578125 0.3568208984375 0.611652734375 0.3740548828125 0.609929296875 0.41369306640625 0.57373798828125 0.44643759765625 0.5185892578125 0.45333125 0.4823978515625 0.4412673828125 0.48584462890625 0.41369306640625 0.47722763671875 0.3568208984375
0 0.76451376953125 0.30220234375 0.7579484375 0.26116904296875 0.7579484375 0.21028779296875 0.78585107421875 0.1774611328125 0.835091015625 0.190591796875 0.85971103515625 0.21849443359375 0.86627626953125 0.26281044921875 0.8564283203125 0.31369169921875 0.817036328125 0.32025703125 0.76451376953125 0.30220234375
0 0.2327224609375 0.09539462890625 0.29016904296875 0.0921119140625 0.33120234375 0.09867724609375 0.38372490234375 0.088829296875 0.4198341796875 0.070774609375 0.475639453125 0.0510787109375 0.51339013671875 0.07898134765625 0.51995537109375 0.12493857421875 0.50025947265625 0.157765234375 0.493694140625 0.18238515625 0.49205283203125 0.21849443359375 0.46086748046875 0.2381904296875 0.43624755859375 0.2644517578125 0.408344921875 0.275941015625 0.3853662109375 0.275941015625 0.39357294921875 0.30876767578125 0.408344921875 0.3399529296875 0.36731162109375 0.35636630859375 0.32463701171875 0.3662142578125 0.304941015625 0.3875515625 0.24421181640625 0.39083427734375 0.2163091796875 0.37770361328125 0.2064611328125 0.34815966796875 0.1818412109375 0.34323564453125 0.14573193359375 0.362931640625 0.12439462890625 0.3366703125 0.13588388671875 0.2972783203125 0.185123828125 0.27429970703125 0.19333046875 0.23654912109375 0.1769171875 0.2135705078125 0.16542783203125 0.1873091796875 0.17035185546875 0.12986259765625 0.2327224609375 0.09539462890625
0 0.5659126953125 0.04287197265625 0.562630078125 0.003480078125 0.57089521484375 0 0.74234111328125 0 0.74153515625 0.01168671875 0.7119912109375 0.0510787109375 0.6594685546875 0.07405732421875 0.611869921875 0.06585068359375 0.5659126953125 0.04287197265625
0 0.74317646484375 0.0494373046875 0.74317646484375 0.03958935546875 0.75138310546875 0.0166107421875 0.7518716796875 0 0.9038810546875 0 0.904026953125 0.00019736328125 0.89746162109375 0.054361328125 0.8383736328125 0.06420927734375 0.77436171875 0.0592853515625 0.74317646484375 0.0494373046875
0 0.84658037109375 0.06420927734375 0.89253759765625 0.054361328125 0.928646875 0.0510787109375 0.93192958984375 0.08226396484375 0.91059228515625 0.1282212890625 0.8744830078125 0.1528412109375 0.8219603515625 0.15940654296875 0.79241640625 0.123297265625 0.78256845703125 0.0970359375 0.7973404296875 0.06256796875 0.84658037109375 0.06420927734375
0 0.971321484375 0.019893359375 0.9253642578125 0.02317607421875 0.9073095703125 0.01332802734375 0.900355859375 0 0.99453046875 0 0.971321484375 0.019893359375