0 0.98513125 0.9990234375 0.89743369140625 0.9990234375 0.90102509765625 0.9962482421875 0.977636328125 0.9911408203125 0.98513125 0.9990234375
0 0.54529580078125 0.98428271484375 0.55424560546875 0.9990234375 0.5394888671875 0.9990234375 0.54529580078125 0.98428271484375
0 0.76847158203125 0.98954482421875 0.77868642578125 0.98188369140625 0.80103134765625 0.9876294921875 0.82465322265625 0.9825220703125 0.84125234375 0.9806068359375 0.85976669921875 0.9703919921875 0.89041123046875 0.95443125 0.8967955078125 0.97677626953125 0.8859421875 0.99209853515625 0.88351845703125 0.9990234375 0.76657587890625 0.9990234375 0.76847158203125 0.98954482421875
0 0.3796205078125 0.9990234375 0.31063359375 0.9990234375 0.31750244140625 0.97869150390625 0.3449548828125 0.9662421875 0.36187314453125 0.971349609375 0.3796205078125 0.9990234375
0 0.03060986328125 0.93980361328125 0.044904296875 0.9990234375 0 0.9990234375 0 0.917939453125 0.03060986328125 0.93980361328125
0 0.77262138671875 0.9790107421875 0.77006767578125 0.9892255859375 0.76201943359375 0.9990234375 0.65537216796875 0.9990234375 0.64174375 0.98539501953125 0.64365908203125 0.9483662109375 0.6525970703125 0.90431474609375 0.728569921875 0.9004841796875 0.7707060546875 0.92155224609375 0.77262138671875 0.9790107421875
0 0.86072431640625 0.93495927734375 0.86647021484375 0.9464509765625 0.86136279296875 0.964326953125 0.844763671875 0.97837236328125 0.8217802734375 0.9892255859375 0.79560478515625 0.9809259765625 0.776451953125 0.961134765625 0.77262138671875 0.9228291015625 0.80007373046875 0.8953767578125 0.84284833984375 0.89409990234375 0.86072431640625 0.93495927734375
0 0.19369970703125 0.8381373046875 0.2699494140625 0.86143583984375 0.295366015625 0.895324609375 0.27630361328125 0.95462998046875 0.22123427734375 0.96522021484375 0.19369970703125 0.98640078125 0.16404697265625 0.94827587890625 0.15345673828125 0.87626220703125 0.19369970703125 0.8381373046875
0 0.41609482421875 0.85084560546875 0.48810849609375 0.84660947265625 0.52411533203125 0.914387109375 0.4648099609375 0.95462998046875 0.3673796875 0.97369248046875 0.3419630859375 0.91862314453125 0.41609482421875 0.85084560546875
0 0.7620873046875 0.85483662109375 0.76272578125 0.863774609375 0.76336416015625 0.8714357421875 0.75634150390625 0.88484267578125 0.74101923828125 0.89761123046875 0.716758984375 0.90016494140625 0.69505244140625 0.86952041015625 0.7039904296875 0.8439833984375 0.7295275390625 0.83759912109375 0.7620873046875 0.85483662109375
0 0.6988830078125 0.879096875 0.69696767578125 0.88228896484375 0.67973017578125 0.90016494140625 0.64717041015625 0.9122951171875 0.6305712890625 0.921871484375 0.60439580078125 0.91867939453125 0.575028125 0.9020802734375 0.5724744140625 0.8733509765625 0.58588134765625 0.84462177734375 0.6171642578125 0.8133388671875 0.63440185546875 0.80695458984375 0.6580236328125 0.80886982421875 0.689306640625 0.83759912109375 0.6988830078125 0.879096875
0 0.815715234375 0.85930556640625 0.8080541015625 0.87015888671875 0.79592392578125 0.87973525390625 0.7620873046875 0.86249775390625 0.77613271484375 0.833130078125 0.79592392578125 0.833130078125 0.815715234375 0.85930556640625
0 0.8979126953125 0.89904775390625 0.8736525390625 0.88627919921875 0.86503369140625 0.85914599609375 0.866310546875 0.8451005859375 0.84524248046875 0.83680107421875 0.82577041015625 0.81637138671875 0.81874775390625 0.79594169921875 0.8260896484375 0.77710810546875 0.84939228515625 0.76785087890625 0.86758740234375 0.7726390625 0.8816328125 0.769127734375 0.90748916015625 0.7700853515625 0.93302626953125 0.7748736328125 0.94132578125 0.77646962890625 0.95632880859375 0.77742734375 0.965266796875 0.78221552734375 0.97516240234375 0.7901958984375 0.9847388671875 0.80360283203125 0.9898462890625 0.82818232421875 0.9990234375 0.83608486328125 0.9990234375 0.849818359375 0.99080390625 0.868083984375 0.98505810546875 0.8808525390625 0.97675849609375 0.8878751953125 0.9719703125 0.88979052734375 0.9419642578125 0.89745166015625 0.8979126953125 0.89904775390625
0 0.569920703125 0.7893978515625 0.5692822265625 0.80344326171875 0.5638556640625 0.81461572265625 0.55140625 0.8254689453125 0.53640322265625 0.83185322265625 0.51693125 0.83440693359375 0.5009705078125 0.8238728515625 0.49809755859375 0.80280478515625 0.5095892578125 0.773437109375 0.5335302734375 0.7654568359375 0.55683291015625 0.77216025390625 0.569920703125 0.7893978515625
0 0.221977734375 0.74821923828125 0.22325458984375 0.7673720703125 0.22836201171875 0.77886376953125 0.2296388671875 0.81206201171875 0.2245314453125 0.8286611328125 0.187502734375 0.83121484375 0.15302763671875 0.81716943359375 0.13259794921875 0.78141748046875 0.14792021484375 0.75843408203125 0.18877958984375 0.7469423828125 0.221977734375 0.74821923828125
0 0.68802978515625 0.7555611328125 0.69345634765625 0.76449912109375 0.69505244140625 0.7740755859375 0.69345634765625 0.7826943359375 0.68483759765625 0.79578212890625 0.66440791015625 0.80440087890625 0.64908564453125 0.804081640625 0.6289751953125 0.797378125 0.6305712890625 0.7708833984375 0.63950927734375 0.7536458984375 0.65163935546875 0.74630400390625 0.67047294921875 0.74375029296875 0.68802978515625 0.7555611328125
0 0.745807421875 0.69522978515625 0.7553837890625 0.69969873046875 0.76942919921875 0.70895595703125 0.7754943359375 0.71821318359375 0.76432177734375 0.7316201171875 0.7707060546875 0.747580859375 0.77198291015625 0.754603515625 0.7652794921875 0.76354150390625 0.75155322265625 0.775033203125 0.74357294921875 0.78588642578125 0.72920830078125 0.78812099609375 0.7212279296875 0.7862056640625 0.70367119140625 0.77311796875 0.68324150390625 0.7479 0.67238828125 0.73385458984375 0.67781494140625 0.72938564453125 0.6953716796875 0.7281087890625 0.745807421875 0.69522978515625
0 0.04768046875 0.6226220703125 0.06739892578125 0.68572119140625 0.04176494140625 0.7350173828125 0.01218720703125 0.77248251953125 0 0.76977421875 0 0.63321767578125 0.04768046875 0.6226220703125
0 0.4992337890625 0.57924140625 0.481487109375 0.63248125 0.5248677734375 0.6778337890625 0.542614453125 0.72910185546875 0.50514931640625 0.7902291015625 0.39078212890625 0.80403203125 0.30204892578125 0.77445439453125 0.311908203125 0.68769306640625 0.4085287109375 0.65614345703125 0.44796572265625 0.57924140625 0.4992337890625 0.57924140625
0 0.910362109375 0.57089609375 0.9132349609375 0.57728037109375 0.91419267578125 0.57823798828125 0.93079169921875 0.58589912109375 0.94579482421875 0.58781435546875 0.96462841796875 0.59196416015625 0.9710126953125 0.5983484375 0.98186591796875 0.62516240234375 0.97324716796875 0.629312109375 0.94771005859375 0.63761171875 0.9473908203125 0.6538916015625 0.96367080078125 0.6711291015625 0.98441962890625 0.6947509765625 0.9694166015625 0.711030859375 0.95026376953125 0.71326533203125 0.94515634765625 0.72092646484375 0.94611396484375 0.74390986328125 0.91419267578125 0.7672125 0.89503984375 0.772319921875 0.86918349609375 0.76529716796875 0.85896865234375 0.75827451171875 0.8398158203125 0.75220947265625 0.82640888671875 0.75252861328125 0.79416826171875 0.74295224609375 0.78203818359375 0.72507626953125 0.7826765625 0.6864513671875 0.797998828125 0.66091435546875 0.81012900390625 0.6060095703125 0.83853896484375 0.58238779296875 0.8481154296875 0.56770390625 0.867906640625 0.55174326171875 0.89216689453125 0.5488703125 0.910362109375 0.57089609375
0 0.22349404296875 0.6122341796875 0.24137001953125 0.63904814453125 0.2452005859375 0.66522373046875 0.24073154296875 0.693314453125 0.22349404296875 0.723958984375 0.16284345703125 0.73545068359375 0.15965126953125 0.7214052734375 0.13922158203125 0.69714501953125 0.11751513671875 0.6767154296875 0.10155439453125 0.6511783203125 0.07920947265625 0.6103189453125 0.10730029296875 0.58350498046875 0.2017875 0.580312890625 0.22349404296875 0.6122341796875
0 0.7682322265625 0.66969267578125 0.76631689453125 0.6735232421875 0.74588720703125 0.689483984375 0.7241806640625 0.7143826171875 0.7037509765625 0.7265126953125 0.6692759765625 0.72523583984375 0.653315234375 0.7092751953125 0.6309703125 0.68246123046875 0.60862529296875 0.6607546875 0.6150095703125 0.63330234375 0.62394755859375 0.59627353515625 0.64693095703125 0.570098046875 0.6660837890625 0.57073642578125 0.71077373046875 0.5879740234375 0.73886455078125 0.6052115234375 0.75674052734375 0.6326638671875 0.7682322265625 0.66969267578125
0 0.99295859375 0.658839453125 0.98721279296875 0.63330234375 0.98912802734375 0.61095732421875 0.98402060546875 0.5930814453125 0.96103720703125 0.58158974609375 0.93486171875 0.5643521484375 0.93613857421875 0.5471146484375 0.9597603515625 0.526046484375 0.99742763671875 0.5145548828125 0.9990234375 0.5144140625 0.9990234375 0.6625310546875 0.99295859375 0.658839453125
0 0.00323662109375 0.51359716796875 0.027496875 0.5455185546875 0.0351580078125 0.58765478515625 0.02622001953125 0.60808447265625 0 0.64401552734375 0 0.5116552734375 0.00323662109375 0.51359716796875
0 0.8263291015625 0.5094474609375 0.8263291015625 0.51710859375 0.813560546875 0.5439224609375 0.79440771484375 0.5522220703125 0.76376318359375 0.54328408203125 0.74141826171875 0.52349287109375 0.7292880859375 0.498594140625 0.7478025390625 0.483271875 0.7924923828125 0.48263349609375 0.8263291015625 0.5094474609375
0 0.36011748046875 0.46475751953125 0.3562869140625 0.4960404296875 0.3460720703125 0.51008583984375 0.34224150390625 0.5286001953125 0.346710546875 0.54775302734375 0.3384109375 0.56307529296875 0.323088671875 0.57392861328125 0.30074375 0.5726517578125 0.28414462890625 0.59244296875 0.25094638671875 0.60712685546875 0.22540927734375 0.60457314453125 0.21200234375 0.5879740234375 0.1583744140625 0.556691015625 0.143690625 0.53498447265625 0.1583744140625 0.4602884765625 0.18008095703125 0.42964404296875 0.2049796875 0.40921435546875 0.22540927734375 0.4021916015625 0.2471158203125 0.40857587890625 0.2726529296875 0.41942919921875 0.30648955078125 0.420067578125 0.31989658203125 0.40857587890625 0.343518359375 0.384315625 0.37097080078125 0.36260908203125 0.3971462890625 0.37282392578125 0.36011748046875 0.46475751953125
0 0.62969345703125 0.52030068359375 0.6252244140625 0.5445609375 0.58691884765625 0.59180458984375 0.5415904296875 0.59946572265625 0.48732412109375 0.57137490234375 0.45157216796875 0.5420072265625 0.41901240234375 0.508808984375 0.41454345703125 0.4788029296875 0.42475830078125 0.44177412109375 0.4477416015625 0.40921435546875 0.526906640625 0.368993359375 0.61181748046875 0.40666064453125 0.6386314453125 0.43411298828125 0.62969345703125 0.52030068359375
0 0.9914423828125 0.51503369140625 0.9761201171875 0.5089685546875 0.95090224609375 0.49364638671875 0.94451796875 0.4697052734375 0.95792490234375 0.438103125 0.9764392578125 0.417354296875 0.9990234375 0.412381640625 0.9990234375 0.5146837890625 0.9914423828125 0.51503369140625
0 0.8588888671875 0.4653958984375 0.8314365234375 0.47178017578125 0.808453125 0.46475751953125 0.80206884765625 0.440497265625 0.8129220703125 0.4175138671875 0.81228369140625 0.3951689453125 0.83526708984375 0.38623095703125 0.84484345703125 0.38303876953125 0.8659115234375 0.39453046875 0.87804169921875 0.41112958984375 0.89336396484375 0.42900556640625 0.89527919921875 0.4360283203125 0.88059541015625 0.45390419921875 0.8588888671875 0.4653958984375
0 0.81228369140625 0.420067578125 0.8078146484375 0.43411298828125 0.78419287109375 0.460926953125 0.75737890625 0.47688759765625 0.6935361328125 0.46411904296875 0.690982421875 0.4411357421875 0.70822001953125 0.4175138671875 0.7139658203125 0.39580732421875 0.71077373046875 0.3766544921875 0.74907939453125 0.35622490234375 0.79504609375 0.36580126953125 0.81228369140625 0.420067578125
0 0.96678310546875 0.36324755859375 0.96837919921875 0.38016591796875 0.9623140625 0.3884654296875 0.9568875 0.39453046875 0.94539580078125 0.4057029296875 0.933265625 0.41623701171875 0.9153896484375 0.421663671875 0.90262109375 0.421663671875 0.89240634765625 0.41368330078125 0.8691037109375 0.39995712890625 0.861442578125 0.3916576171875 0.842608984375 0.375696875 0.85090849609375 0.361970703125 0.85856962890625 0.35622490234375 0.870061328125 0.3476060546875 0.8828298828125 0.3370720703125 0.88985263671875 0.3303685546875 0.8997482421875 0.32047294921875 0.91155908203125 0.31376943359375 0.9323080078125 0.3115349609375 0.9527376953125 0.31472705078125 0.96678310546875 0.36324755859375
0 0.01089775390625 0.1991716796875 0.01536669921875 0.21130185546875 0.0249431640625 0.232369921875 0.029412109375 0.25216123046875 0.03068896484375 0.27195244140625 0.0351580078125 0.27961357421875 0.05367236328125 0.28216728515625 0.0728251953125 0.28216728515625 0.08623212890625 0.29238212890625 0.09900068359375 0.30515068359375 0.10155439453125 0.32047294921875 0.090701171875 0.35303271484375 0.08431689453125 0.3638859375 0.06644091796875 0.372185546875 0.06388720703125 0.39580732421875 0.0575029296875 0.4053837890625 0.056864453125 0.40921435546875 0.05111865234375 0.41879072265625 0.03579638671875 0.43219775390625 0.00834404296875 0.45454267578125 0 0.45382744140625 0 0.20050068359375 0.01089775390625 0.1991716796875
0 0.60160263671875 0.2655681640625 0.61437119140625 0.280251953125 0.61437119140625 0.29876640625 0.62650126953125 0.354948046875 0.6079869140625 0.3868693359375 0.58117294921875 0.3868693359375 0.55882802734375 0.37856982421875 0.526906640625 0.37793134765625 0.48221669921875 0.382400390625 0.4611486328125 0.349840625 0.4739171875 0.29876640625 0.5364830078125 0.26684501953125 0.60160263671875 0.2655681640625
0 0.42986572265625 0.23875419921875 0.43880361328125 0.24450009765625 0.44965693359375 0.27003720703125 0.468809765625 0.3013201171875 0.4528490234375 0.3134501953125 0.44965693359375 0.3236650390625 0.44646474609375 0.3492021484375 0.41965087890625 0.36005537109375 0.3921984375 0.36516279296875 0.36857666015625 0.37537763671875 0.34367802734375 0.392615234375 0.3143103515625 0.4124064453125 0.30218017578125 0.40091474609375 0.2932421875 0.382400390625 0.26195927734375 0.36580126953125 0.23195322265625 0.34856376953125 0.22620732421875 0.324303515625 0.2428064453125 0.30451220703125 0.28941162109375 0.2885515625 0.30664921875 0.28918994140625 0.3417626953125 0.303873828125 0.34623173828125 0.2981279296875 0.34878544921875 0.2757830078125 0.35516962890625 0.2553533203125 0.37176875 0.235562109375 0.42986572265625 0.23875419921875
0 0.89783291015625 0.25663017578125 0.90038662109375 0.27705986328125 0.902301953125 0.29876640625 0.878680078125 0.3370720703125 0.841012890625 0.34537158203125 0.77589326171875 0.31600390625 0.77397802734375 0.2828056640625 0.77908544921875 0.23939267578125 0.80909150390625 0.20810966796875 0.8608041015625 0.19789482421875 0.89783291015625 0.25663017578125
0 0.9868935546875 0.2706755859375 0.9817861328125 0.28918994140625 0.97284814453125 0.29940478515625 0.94731103515625 0.30898125 0.92305078125 0.29876640625 0.90453642578125 0.27195244140625 0.92177392578125 0.245776953125 0.94986474609375 0.232369921875 0.9766787109375 0.23428525390625 0.9868935546875 0.2706755859375
0 0.5956173828125 0.239871484375 0.59593662109375 0.24114833984375 0.58636015625 0.268919921875 0.5700802734375 0.2733888671875 0.531774609375 0.260301171875 0.51326025390625 0.22327236328125 0.5343283203125 0.2098654296875 0.5563541015625 0.20092744140625 0.584444921875 0.1999697265625 0.5956173828125 0.239871484375
0 0.57135712890625 0.15496064453125 0.56944189453125 0.15847197265625 0.560823046875 0.1658138671875 0.5582693359375 0.17124052734375 0.5665689453125 0.18049775390625 0.56465361328125 0.19358544921875 0.55763095703125 0.19869287109375 0.54837373046875 0.20443876953125 0.53815888671875 0.20731171875 0.5273056640625 0.20954619140625 0.51741005859375 0.219441796875 0.51326025390625 0.22486845703125 0.514537109375 0.24306357421875 0.5180484375 0.2545552734375 0.51964453125 0.275942578125 0.4998533203125 0.2800923828125 0.47750830078125 0.286157421875 0.463462890625 0.28264609375 0.4558017578125 0.2714736328125 0.44654462890625 0.25678974609375 0.43824501953125 0.24529814453125 0.42930703125 0.23508330078125 0.42260361328125 0.22678369140625 0.42292275390625 0.2168880859375 0.424199609375 0.19358544921875 0.4334568359375 0.1658138671875 0.44399091796875 0.1520876953125 0.4554826171875 0.13868076171875 0.46633583984375 0.132296484375 0.48070048828125 0.12942353515625 0.5138986328125 0.13389248046875 0.5410318359375 0.13357333984375 0.5630576171875 0.13804228515625 0.57135712890625 0.15496064453125
0 0.64477626953125 0.199012109375 0.65243740234375 0.2098654296875 0.65052216796875 0.22837978515625 0.63966884765625 0.238275390625 0.60040556640625 0.226464453125 0.58827548828125 0.20028896484375 0.59880947265625 0.18049775390625 0.63615751953125 0.17475185546875 0.64477626953125 0.199012109375
0 0.3743224609375 0.14554384765625 0.36793818359375 0.1563970703125 0.37368408203125 0.1615044921875 0.3877294921875 0.16022763671875 0.40241328125 0.16022763671875 0.4253966796875 0.17108095703125 0.4253966796875 0.1902337890625 0.4151818359375 0.22023984375 0.4049669921875 0.232369921875 0.3775146484375 0.2298162109375 0.36602294921875 0.23620048828125 0.34623173828125 0.25982236328125 0.34559326171875 0.28216728515625 0.34112431640625 0.2879130859375 0.32069462890625 0.2911052734375 0.29196533203125 0.29940478515625 0.26770517578125 0.2930205078125 0.253659765625 0.2930205078125 0.2376990234375 0.3064275390625 0.22365361328125 0.321111328125 0.21599248046875 0.3472869140625 0.20833134765625 0.35686328125 0.19109384765625 0.3638859375 0.17130263671875 0.3638859375 0.1521498046875 0.34856376953125 0.13299697265625 0.344733203125 0.12022841796875 0.33962578125 0.10299091796875 0.32238818359375 0.103629296875 0.31025810546875 0.09532978515625 0.29238212890625 0.086391796875 0.2757830078125 0.07106953125 0.25790703125 0.0608546875 0.2304546875 0.06149306640625 0.20619443359375 0.062769921875 0.1819341796875 0.0576625 0.1595892578125 0.06915419921875 0.1314984375 0.08830703125 0.1104302734375 0.10745986328125 0.095746484375 0.12597421875 0.088723828125 0.12533583984375 0.08170107421875 0.11767470703125 0.06127138671875 0.12533583984375 0.04658759765625 0.151511328125 0.0497796875 0.19109384765625 0.0734015625 0.21152353515625 0.07403994140625 0.230037890625 0.07659365234375 0.23897587890625 0.10021552734375 0.27919677734375 0.088723828125 0.3743224609375 0.14554384765625
0 0.9914423828125 0.2526400390625 0.93398388671875 0.22837978515625 0.89823193359375 0.19007412109375 0.9052546875 0.14410732421875 0.9320685546875 0.11218603515625 0.9831427734375 0.10644013671875 0.9990234375 0.1095337890625 0.9990234375 0.2514314453125 0.9914423828125 0.2526400390625
0 0.0176810546875 0.16533505859375 0.01512734375 0.17554990234375 0 0.1941681640625 0 0.14926142578125 0.0176810546875 0.16533505859375
0 0.844205078125 0.0813818359375 0.8486740234375 0.09542724609375 0.84803564453125 0.12096435546875 0.844205078125 0.12990234375 0.83782080078125 0.1375634765625 0.82505224609375 0.148416796875 0.8282443359375 0.1528857421875 0.83462861328125 0.15671630859375 0.8282443359375 0.16948486328125 0.810368359375 0.19119140625 0.79376923828125 0.2007677734375 0.77589326171875 0.19693720703125 0.74907939453125 0.19693720703125 0.72801123046875 0.18416865234375 0.71843486328125 0.16693115234375 0.71588115234375 0.1477783203125 0.721626953125 0.1324560546875 0.731841796875 0.1203259765625 0.75035625 0.107557421875 0.75610205078125 0.09861943359375 0.76120947265625 0.0896814453125 0.7752548828125 0.07818974609375 0.8052609375 0.07244384765625 0.82441376953125 0.0743591796875 0.844205078125 0.0813818359375
0 0.018102734375 0.01923642578125 0.04768046875 0.05078603515625 0.05162421875 0.09022294921875 0.05556787109375 0.12571630859375 0.0042998046875 0.15332216796875 0 0.15175859375 0 0.038344921875 0.018102734375 0.01923642578125
0 0.70822001953125 0.06095224609375 0.711412109375 0.06350595703125 0.72098857421875 0.07180546875 0.75035625 0.0711669921875 0.7548251953125 0.087127734375 0.74333349609375 0.10245 0.71268896484375 0.12990234375 0.65714580078125 0.13947880859375 0.63224716796875 0.148416796875 0.6079869140625 0.155439453125 0.57351181640625 0.13884033203125 0.56968125 0.11904912109375 0.574788671875 0.0896814453125 0.57925771484375 0.07244384765625 0.57606552734375 0.0622291015625 0.57159658203125 0.05073740234375 0.55818955078125 0.03733037109375 0.54797470703125 0.02009287109375 0.55888232421875 0 0.679609765625 0 0.70822001953125 0.06095224609375
0 0.98250439453125 0.1077169921875 0.93845283203125 0.09877900390625 0.91227734375 0.05728125 0.92568427734375 0.021529296875 0.94984990234375 0 0.9990234375 0 0.9990234375 0.1057736328125 0.98250439453125 0.1077169921875
0 0.48413203125 0.0146662109375 0.470725 0.027434765625 0.458594921875 0.04275703125 0.4681712890625 0.0625482421875 0.47008662109375 0.07723212890625 0.45412587890625 0.10213076171875 0.4407189453125 0.123198828125 0.42411982421875 0.13213681640625 0.3826220703125 0.14171328125 0.34814697265625 0.1442669921875 0.33601689453125 0.12447568359375 0.32580205078125 0.10787666015625 0.308564453125 0.0963849609375 0.2906884765625 0.08170107421875 0.2734509765625 0.0759552734375 0.2581287109375 0.06127138671875 0.26195927734375 0.044672265625 0.2804736328125 0.01913525390625 0.2777828125 0 0.48867158203125 0 0.48413203125 0.0146662109375
0 0.80972998046875 0.00668583984375 0.79887666015625 0.03988408203125 0.76695537109375 0.05265263671875 0.71588115234375 0.0411609375 0.7018357421875 0.0111548828125 0.70549853515625 0 0.8062046875 0 0.80972998046875 0.00668583984375
0 0.2645837890625 0.02120830078125 0.24289345703125 0.0567015625 0.2093720703125 0.088251171875 0.1521884765625 0.06458896484375 0.11669521484375 0.03501123046875 0.11275146484375 0.00148984375 0.11306181640625 0 0.27293857421875 0 0.2645837890625 0.02120830078125
0 0.09697666015625 0.0172646484375 0.05359599609375 0.03501123046875 0.02796201171875 0.00346162109375 0.02955966796875 0 0.10345087890625 0 0.09697666015625 0.0172646484375