0 0.973654296875 0.5378126953125 0.960923828125 0.45506484375 0.9990234375 0.433475 0.9990234375 0.5423228515625 0.973654296875 0.5378126953125
0 0.9768369140625 0.12884697265625 0.9990234375 0.12614130859375 0.9990234375 0.18472421875 0.9768369140625 0.12884697265625
0 0.01780947265625 0.80196962890625 0.06873134765625 0.8380392578125 0.09631396484375 0.87835234375 0.14299228515625 0.946248046875 0.1217748046875 0.997169921875 0.1201630859375 0.9990234375 0 0.9990234375 0 0.8034537109375 0.01780947265625 0.80196962890625
0 0.0003919921875 0.711416796875 0.05676455078125 0.7011671875 0.0584728515625 0.7387490234375 0.0021001953125 0.77633076171875 0 0.776765234375 0 0.7111962890625 0.0003919921875 0.711416796875
0 0.49732314453125 0.97595244140625 0.52914931640625 0.8910828125 0.61401904296875 0.85501318359375 0.66069736328125 0.884717578125 0.70949736328125 0.96110029296875 0.71897822265625 0.9990234375 0.50108984375 0.9990234375 0.49732314453125 0.97595244140625
0 0.459914453125 0.755831640625 0.45649794921875 0.78145556640625 0.504329296875 0.7746224609375 0.59315888671875 0.75924814453125 0.62049111328125 0.8139125 0.58120107421875 0.83953642578125 0.53166142578125 0.8412447265625 0.528244921875 0.89420087890625 0.50774580078125 0.92836611328125 0.51970361328125 0.97619736328125 0.4847037109375 0.9990234375 0.46922197265625 0.9990234375 0.42574921875 0.9881552734375 0.37791787109375 0.9539900390625 0.3693765625 0.89420087890625 0.42916572265625 0.88565947265625 0.42916572265625 0.85491083984375 0.37279306640625 0.8429529296875 0.36596005859375 0.81732900390625 0.3745013671875 0.78828857421875 0.459914453125 0.755831640625
0 0.138748828125 0.82106533203125 0.1917923828125 0.7255869140625 0.2851490234375 0.6916390625 0.35728818359375 0.72983037109375 0.36365341796875 0.80833486328125 0.3657751953125 0.871987109375 0.34880126953125 0.9059349609375 0.19815751953125 0.91654365234375 0.138748828125 0.82106533203125
0 0.43941533203125 0.6260037109375 0.48553837890625 0.63454501953125 0.5350779296875 0.63625322265625 0.5453275390625 0.7284994140625 0.50945400390625 0.74216552734375 0.45649794921875 0.7524150390625 0.38816748046875 0.74387373046875 0.36766826171875 0.6960423828125 0.38304267578125 0.63966982421875 0.43941533203125 0.6260037109375
0 0.08751328125 0.63454501953125 0.11313720703125 0.6482111328125 0.12851162109375 0.6601689453125 0.15584375 0.66358544921875 0.154135546875 0.69091767578125 0.11826201171875 0.70458369140625 0.0823884765625 0.70800029296875 0.0704306640625 0.68066806640625 0.08751328125 0.63454501953125
0 0.709320703125 0.65846064453125 0.685405078125 0.63283671875 0.709320703125 0.6055044921875 0.74690244140625 0.610629296875 0.77594296875 0.655044140625 0.7486107421875 0.6721267578125 0.709320703125 0.65846064453125
0 0.11313720703125 0.6055044921875 0.15071904296875 0.598671484375 0.1934255859375 0.6260037109375 0.18659248046875 0.6618771484375 0.1609685546875 0.667001953125 0.12338681640625 0.64650283203125 0.11313720703125 0.6055044921875
0 0.87923671875 0.54311708984375 0.98744560546875 0.547360546875 0.9990234375 0.548696484375 0.9990234375 0.69148740234375 0.8389236328125 0.67042158203125 0.87923671875 0.54311708984375
0 0.2904533203125 0.53144755859375 0.34561865234375 0.46567353515625 0.40714912109375 0.46567353515625 0.44746220703125 0.50810830078125 0.45382744140625 0.55266494140625 0.39229697265625 0.60570849609375 0.2904533203125 0.53144755859375
0 0.7270017578125 0.57512001953125 0.73548876953125 0.51995478515625 0.80055546875 0.46620390625 0.8345033203125 0.477519921875 0.865622265625 0.5128822265625 0.8599642578125 0.556731640625 0.8472337890625 0.585021484375 0.75104814453125 0.59350849609375 0.7270017578125 0.57512001953125
0 0 0.6199767578125 0 0.48727978515625 0.042386328125 0.48317783203125 0.08482119140625 0.50015185546875 0.108867578125 0.5241982421875 0.12018359375 0.55814609375 0.1145255859375 0.59916640625 0.09472265625 0.63311435546875 0.02824140625 0.6430158203125 0 0.6199767578125
0 0.838746875 0.478934375 0.83591787109375 0.4435720703125 0.878352734375 0.41669658203125 0.94200498046875 0.43508505859375 0.96322236328125 0.464789453125 0.971709375 0.4973228515625 0.9405904296875 0.52844169921875 0.92361650390625 0.5383431640625 0.94200498046875 0.54683017578125 0.86420771484375 0.518540234375 0.838746875 0.478934375
0 0.3300865234375 0.4244287109375 0.34546083984375 0.3902634765625 0.381334375 0.39709658203125 0.403541796875 0.42101220703125 0.4086666015625 0.44834443359375 0.38987568359375 0.4688435546875 0.359126953125 0.46030224609375 0.36083525390625 0.4517609375 0.3300865234375 0.4244287109375
0 0.86989736328125 0.31851650390625 0.93310302734375 0.32534951171875 0.94335263671875 0.35097353515625 0.9296865234375 0.37488916015625 0.91602041015625 0.40392958984375 0.87502216796875 0.40734609375 0.83573212890625 0.39880478515625 0.832315625 0.36463955078125 0.8511064453125 0.34755693359375 0.86989736328125 0.31851650390625
0 0.77935947265625 0.28264296875 0.81864951171875 0.29630908203125 0.83573212890625 0.3441404296875 0.80327509765625 0.36976435546875 0.75544375 0.38513876953125 0.721278515625 0.37147265625 0.709320703125 0.34072392578125 0.72298681640625 0.2980173828125 0.77935947265625 0.28264296875
0 0.549305859375 0.32139501953125 0.562036328125 0.198333984375 0.60659287109375 0.16862958984375 0.6681234375 0.198333984375 0.70631474609375 0.2895689453125 0.7084365234375 0.32776025390625 0.60022763671875 0.37868212890625 0.549305859375 0.32139501953125
0 0.687219140625 0.2450123046875 0.7211669921875 0.17287314453125 0.761480078125 0.1707513671875 0.7826974609375 0.1898470703125 0.75511484375 0.298055859375 0.687219140625 0.2450123046875
0 0.124957421875 0.10073388671875 0.10586181640625 0.05405556640625 0.1780009765625 0.02010771484375 0.2289228515625 0.00737724609375 0.26499248046875 0.01374248046875 0.29894033203125 0.04132509765625 0.33076640625 0.06254248046875 0.349862109375 0.08800341796875 0.33288818359375 0.12195126953125 0.2840880859375 0.149533984375 0.27347939453125 0.16014267578125 0.21831416015625 0.1580208984375 0.124957421875 0.10073388671875
0 0.61120634765625 0 0.8336193359375 0 0.8336193359375 0.0328380859375 0.82937578125 0.05405556640625 0.81876708984375 0.07951650390625 0.79754970703125 0.09436865234375 0.73177568359375 0.1177078125 0.7020712890625 0.1452904296875 0.6405408203125 0.08800341796875 0.61120634765625 0
0 0.0085484375 0 0.12757353515625 0 0.1292009765625 0.0455685546875 0.076157421875 0.085881640625 0.0085484375 0