0 0.899442578125 0.588370703125 0.92066005859375 0.59579677734375 0.93869482421875 0.6424751953125 0.937633984375 0.663692578125 0.92596435546875 0.70188388671875 0.90156435546875 0.71991875 0.88565126953125 0.7294666015625 0.8474599609375 0.73264921875 0.8283642578125 0.7167361328125 0.81987724609375 0.65944912109375 0.82305986328125 0.644596875 0.855946875 0.60322294921875 0.899442578125 0.588370703125
0 0.7594076171875 0.3295181640625 0.7403119140625 0.35816171875 0.72121630859375 0.37195302734375 0.67135537109375 0.377257421875 0.64483359375 0.364526953125 0.6066421875 0.33376171875 0.61406826171875 0.31254423828125 0.66180751953125 0.25950068359375 0.72121630859375 0.25313544921875 0.7594076171875 0.3295181640625
0 0.56738994140625 0.22873544921875 0.5981552734375 0.20963974609375 0.64377265625 0.21388330078125 0.63316396484375 0.26268330078125 0.62467705078125 0.28814423828125 0.60558134765625 0.327396484375 0.58648564453125 0.35285732421875 0.55890302734375 0.39953564453125 0.51540732421875 0.41226611328125 0.4920681640625 0.39104873046875 0.46978984375 0.37195302734375 0.46978984375 0.34755302734375 0.46872900390625 0.3305791015625 0.457059375 0.26904853515625 0.48676376953125 0.2308572265625 0.53980732421875 0.24783115234375 0.56738994140625 0.22873544921875
0 0.20351123046875 0.1873615234375 0.2417025390625 0.09400478515625 0.352033203125 0.0876396484375 0.426294140625 0.1428048828125 0.44963330078125 0.19160498046875 0.44538984375 0.24677021484375 0.39446796875 0.2616224609375 0.3859810546875 0.31042255859375 0.3477896484375 0.327396484375 0.29474609375 0.37195302734375 0.226850390625 0.327396484375 0.239580859375 0.276474609375 0.20351123046875 0.1873615234375
0 0.5047986328125 0.2732919921875 0.49418984375 0.270109375 0.476155078125 0.25631806640625 0.4549376953125 0.22873544921875 0.4485724609375 0.20857890625 0.45281591796875 0.18205712890625 0.48358115234375 0.1428048828125 0.53238125 0.11628310546875 0.5663291015625 0.11946572265625 0.61831181640625 0.1619005859375 0.6289205078125 0.19690927734375 0.54405078125 0.2488919921875 0.5047986328125 0.2732919921875
0 0.65544228515625 0.25737900390625 0.63316396484375 0.24146591796875 0.62361611328125 0.2234310546875 0.61831181640625 0.21070068359375 0.6098248046875 0.1799353515625 0.60558134765625 0.1619005859375 0.6034595703125 0.1459875 0.60558134765625 0.1215875 0.61406826171875 0.1056744140625 0.63316396484375 0.08445703125 0.64589443359375 0.06748310546875 0.67029443359375 0.05793525390625 0.687268359375 0.0738482421875 0.72015537109375 0.11310048828125 0.73925107421875 0.152352734375 0.72758154296875 0.19797021484375 0.70530322265625 0.240405078125 0.65544228515625 0.25737900390625
0 0.71432060546875 0.077561328125 0.7037119140625 0.0680134765625 0.69204228515625 0.0563439453125 0.69310322265625 0.04255263671875 0.69522490234375 0.03194384765625 0.711196875 0 0.80900869140625 0 0.83313818359375 0.01709169921875 0.84162509765625 0.03512646484375 0.8341990234375 0.07331787109375 0.8278337890625 0.0807439453125 0.80449462890625 0.08923095703125 0.750390234375 0.101961328125 0.74614677734375 0.1062048828125 0.71432060546875 0.077561328125
0 0.53238125 0.00701337890625 0.513285546875 0.015500390625 0.4846419921875 0.00807431640625 0.48170595703125 0 0.54209208984375 0 0.53238125 0.00701337890625
0 0.9588513671875 0.75704921875 0.9588513671875 0.75280576171875 0.9567296875 0.71249267578125 0.9524861328125 0.688092578125 0.96309482421875 0.66157080078125 0.99173837890625 0.63717080078125 0.9990234375 0.63352822265625 0.9990234375 0.7699859375 0.9588513671875 0.75704921875
0 0.9896166015625 0.38362265625 0.95142529296875 0.41544873046875 0.94293828125 0.40802265625 0.91959912109375 0.3793791015625 0.90686875 0.36028349609375 0.88034697265625 0.33163994140625 0.8782251953125 0.2987529296875 0.9036861328125 0.26904853515625 0.96097314453125 0.22873544921875 0.99386015625 0.239344140625 0.9990234375 0.243278125 0.9990234375 0.37587587890625 0.9896166015625 0.38362265625
0 0.98590361328125 0.17516142578125 0.9721123046875 0.1592484375 0.962564453125 0.14757880859375 0.95513837890625 0.12954404296875 0.94240791015625 0.10408310546875 0.9466513671875 0.07968310546875 0.96044267578125 0.04679609375 0.97953837890625 0.02982216796875 0.9990234375 0.02307734375 0.9990234375 0.18682353515625 0.98590361328125 0.17516142578125