0 0.81240185546875 0.991119140625 0.81853173828125 0.9990234375 0.8042896484375 0.9990234375 0.81240185546875 0.991119140625
0 0.0920705078125 0.8988234375 0.1663314453125 0.8829103515625 0.200279296875 0.8945798828125 0.200279296875 0.94974521484375 0.1760724609375 0.9990234375 0.0147240234375 0.9990234375 0.01887041015625 0.97414521484375 0.0920705078125 0.8988234375
0 0.9990234375 0.83515322265625 0.9990234375 0.98552666015625 0.97895859375 0.98051044921875 0.97153251953125 0.98157138671875 0.93121943359375 0.86805810546875 0.9990234375 0.83515322265625
0 0.9821412109375 0.81289287109375 0.9990234375 0.77537685546875 0.9990234375 0.8229166015625 0.9821412109375 0.81289287109375
0 0.65433212890625 0.84047548828125 0.65327119140625 0.75878837890625 0.73814091796875 0.6898318359375 0.78800185546875 0.691953515625 0.80603662109375 0.71529267578125 0.81982802734375 0.749240625 0.81028017578125 0.7768232421875 0.786941015625 0.88397119140625 0.76254091796875 0.9200408203125 0.74132353515625 0.91473642578125 0.65433212890625 0.84047548828125
0 0.06873134765625 0.7386318359375 0.15147919921875 0.71847529296875 0.18330537109375 0.742875390625 0.19921845703125 0.76833623046875 0.21194892578125 0.8075884765625 0.18967060546875 0.8383537109375 0.18224453125 0.86169287109375 0.1695140625 0.87760595703125 0.126018359375 0.89033642578125 0.0941921875 0.855327734375 0.076157421875 0.8203189453125 0.06767041015625 0.81925810546875 0.05281826171875 0.80971025390625 0.04008779296875 0.77788408203125 0.06873134765625 0.7386318359375
0 0.08093134765625 0.7025623046875 0.0915400390625 0.60708388671875 0.1530705078125 0.61132734375 0.1912619140625 0.6389099609375 0.2103576171875 0.68771005859375 0.12973134765625 0.717414453125 0.08093134765625 0.7025623046875
0 0.63415712890625 0.59748115234375 0.67515546875 0.566732421875 0.71273720703125 0.568440625 0.72298681640625 0.58893974609375 0.7144455078125 0.62652158203125 0.71273720703125 0.64872900390625 0.69394638671875 0.66068681640625 0.65465634765625 0.669228125 0.6256158203125 0.63847939453125 0.63415712890625 0.59748115234375
0 0.832315625 0.58210673828125 0.8630642578125 0.5394001953125 0.91602041015625 0.53598369140625 0.93139482421875 0.55989931640625 0.9399361328125 0.59918935546875 0.91431220703125 0.62139677734375 0.89381298828125 0.62139677734375 0.8733138671875 0.64531240234375 0.8442734375 0.63847939453125 0.832315625 0.58210673828125
0 0.6819884765625 0.4556953125 0.7195703125 0.4266548828125 0.75202724609375 0.421530078125 0.7725263671875 0.4556953125 0.79131728515625 0.48644404296875 0.7708181640625 0.5394001953125 0.75544375 0.566732421875 0.7486107421875 0.59406455078125 0.697362890625 0.57185712890625 0.6700306640625 0.546233203125 0.66319765625 0.51206796875 0.68369677734375 0.50865146484375 0.6819884765625 0.4556953125
0 0.246381640625 0.5274423828125 0.22417431640625 0.47448623046875 0.25833955078125 0.4437375 0.31300390625 0.4386126953125 0.33691953125 0.453987109375 0.38816748046875 0.45740361328125 0.41891611328125 0.4608201171875 0.415499609375 0.50865146484375 0.3864591796875 0.5325671875 0.35741875 0.55306630859375 0.32837822265625 0.57185712890625 0.3181287109375 0.5633158203125 0.246381640625 0.5274423828125
0 0.43429052734375 0.4591119140625 0.42233271484375 0.421530078125 0.42404091796875 0.37711533203125 0.45649794921875 0.3361169921875 0.50774580078125 0.32074267578125 0.5333697265625 0.34978310546875 0.53678623046875 0.38394833984375 0.55216064453125 0.4044474609375 0.5572853515625 0.4386126953125 0.5555771484375 0.46252841796875 0.52995322265625 0.47961103515625 0.516287109375 0.48473583984375 0.47528876953125 0.47961103515625 0.43429052734375 0.4591119140625
0 0.5794927734375 0.32074267578125 0.63415712890625 0.329283984375 0.6478232421875 0.3685740234375 0.629032421875 0.4146970703125 0.61707451171875 0.43348798828125 0.5794927734375 0.4386126953125 0.55045234375 0.4266548828125 0.54874404296875 0.3924896484375 0.52995322265625 0.35149140625 0.5794927734375 0.32074267578125
0 0.02046162109375 0.044291796875 0.0819921875 0.044291796875 0.10851396484375 0.0665701171875 0.1350357421875 0.09309189453125 0.15837490234375 0.12491796875 0.17004453125 0.1408310546875 0.18383583984375 0.1588658203125 0.19550537109375 0.17371806640625 0.1721662109375 0.20554423828125 0.15837490234375 0.22676162109375 0.1414009765625 0.2288833984375 0.1223052734375 0.2341876953125 0.0968443359375 0.256466015625 0.0671400390625 0.28935302734375 0.06183564453125 0.29465732421875 0.01197470703125 0.319057421875 0 0.32274189453125 0 0.05247646484375 0.02046162109375 0.044291796875
0 0.0123498046875 0.329283984375 0.0191828125 0.37199052734375 0 0.432490234375 0 0.31891015625 0.0123498046875 0.329283984375
0 0.93174990234375 0.1376484375 0.96251513671875 0.144013671875 0.9990234375 0.12191650390625 0.9990234375 0.27002080078125 0.97736728515625 0.25752685546875 0.93811513671875 0.22039638671875 0.9137150390625 0.1779615234375 0.93174990234375 0.1376484375
0 0.42571435546875 0.21084853515625 0.44481005859375 0.08566572265625 0.52543623046875 0.0633875 0.57529716796875 0.0039787109375 0.7153322265625 0.00185693359375 0.72806259765625 0.10476142578125 0.6962365234375 0.1790224609375 0.58908857421875 0.2225181640625 0.61348857421875 0.27662255859375 0.49361015625 0.27662255859375 0.42571435546875 0.21084853515625
0 0.8638541015625 0.01299609375 0.9084107421875 0.0469439453125 0.89992373046875 0.08725703125 0.8638541015625 0.13817890625 0.8023236328125 0.1784919921875 0.723819140625 0.1657615234375 0.7026017578125 0.11271796875 0.71745390625 0.0405787109375 0.76739697265625 0 0.826865234375 0 0.8638541015625 0.01299609375
0 0.70101044921875 0.00238740234375 0.58219287109375 0.02148310546875 0.55944609375 0 0.703198828125 0 0.70101044921875 0.00238740234375