0 0.442373828125 0.2892943359375 0.4975390625 0.317937890625 0.529365234375 0.355068359375 0.51239130859375 0.38689443359375 0.5134521484375 0.4197814453125 0.46889560546875 0.4452423828125 0.405243359375 0.33385087890625 0.442373828125 0.2892943359375
0 0.080616796875 0.29990302734375 0.14426904296875 0.2956595703125 0.168669140625 0.34976396484375 0.15381689453125 0.380529296875 0.143208203125 0.3953814453125 0.0647037109375 0.355068359375 0.080616796875 0.29990302734375
0 0.01378193359375 0.0739375 0.04454716796875 0.10470283203125 0.0593994140625 0.167294140625 0.0986515625 0.18214638671875 0.11244296875 0.218216015625 0.09228642578125 0.24367685546875 0.056216796875 0.25110302734375 0 0.24677861328125 0 0.07987802734375 0.01378193359375 0.0739375
0 0.1272951171875 0.18851162109375 0.0583384765625 0.1651724609375 0.06152109375 0.09833759765625 0.0954689453125 0.05696357421875 0.18246044921875 0.0336244140625 0.23232138671875 0.118494140625 0.17503427734375 0.2023029296875 0.1272951171875 0.18851162109375
0 0.554826171875 0.927938671875 0.5760435546875 0.91732998046875 0.5887740234375 0.916269140625 0.62484365234375 0.928999609375 0.6513654296875 0.95552138671875 0.654548046875 0.9693126953125 0.6513654296875 0.98946923828125 0.6447509765625 0.9990234375 0.58602236328125 0.9990234375 0.5707392578125 0.98416484375 0.554826171875 0.927938671875
0 0.58028701171875 0.878077734375 0.591956640625 0.81018203125 0.63439150390625 0.79214716796875 0.67152197265625 0.80169501953125 0.6821306640625 0.83564287109375 0.68425244140625 0.84519072265625 0.7075916015625 0.85898203125 0.71183505859375 0.879138671875 0.71183505859375 0.88868642578125 0.71077421875 0.88974736328125 0.62166103515625 0.9247560546875 0.58028701171875 0.878077734375
0 0.891122265625 0.74652978515625 0.92613095703125 0.7624427734375 0.93992236328125 0.8006341796875 0.93992236328125 0.8218515625 0.93355712890625 0.83988642578125 0.9250701171875 0.84625166015625 0.865661328125 0.87065166015625 0.84868740234375 0.87701689453125 0.83383525390625 0.8748951171875 0.804130859375 0.85473857421875 0.8009482421875 0.85155595703125 0.828530859375 0.77411240234375 0.891122265625 0.74652978515625
0 0.6068087890625 0.34658134765625 0.6694001953125 0.3582509765625 0.68531328125 0.40068583984375 0.67364365234375 0.4261466796875 0.666217578125 0.4325119140625 0.6195392578125 0.4325119140625 0.59938271484375 0.429329296875 0.58983486328125 0.380529296875 0.6068087890625 0.34658134765625
0 0.7818525390625 0.27550302734375 0.74896552734375 0.2394333984375 0.767000390625 0.22458125 0.79564384765625 0.20442470703125 0.83065263671875 0.1832072265625 0.88263525390625 0.22245947265625 0.84550478515625 0.28505087890625 0.7818525390625 0.27550302734375
0 0.98754462890625 0.3186587890625 0.981453125 0.2825447265625 0.9990234375 0.2576810546875 0.9990234375 0.32458828125 0.98754462890625 0.3186587890625
0 0.966444140625 0.2213986328125 0.9696267578125 0.3274857421875 0.96113974609375 0.3274857421875 0.95159189453125 0.3264248046875 0.90915703125 0.31581611328125 0.8688439453125 0.28717255859375 0.8635396484375 0.26171171875 0.87733095703125 0.2150333984375 0.9187048828125 0.19169423828125 0.9505310546875 0.19169423828125 0.966444140625 0.2213986328125