0 0.85908017578125 0.9858734375 0.8707498046875 0.91691689453125 0.95349775390625 0.8893341796875 0.9885064453125 0.89782119140625 0.9990234375 0.905506640625 0.9990234375 0.9990234375 0.8714744140625 0.9990234375 0.85908017578125 0.9858734375
0 0.80391494140625 0.99117783203125 0.848471484375 0.9837517578125 0.8710154296875 0.9990234375 0.7948083984375 0.9990234375 0.80391494140625 0.99117783203125
0 0.50474931640625 0.986934375 0.51136953125 0.9990234375 0.47130283203125 0.9990234375 0.50474931640625 0.986934375
0 0.542940625 0.94449951171875 0.61083642578125 0.92858642578125 0.65963642578125 0.94874296875 0.6829755859375 0.9954212890625 0.68403984375 0.9990234375 0.5398626953125 0.9990234375 0.542940625 0.94449951171875
0 0.01144423828125 0.8840298828125 0.06448779296875 0.88190810546875 0.1037400390625 0.90736904296875 0.13980966796875 0.92964736328125 0.16208798828125 0.95722998046875 0.175879296875 0.99860390625 0.1754818359375 0.9990234375 0 0.9990234375 0 0.89400693359375 0.01144423828125 0.8840298828125
0 0.21088798828125 0.92222119140625 0.2724185546875 0.91585595703125 0.30106201171875 0.92858642578125 0.32334033203125 0.96996044921875 0.3286447265625 0.99754306640625 0.3214169921875 0.9990234375 0.23532509765625 0.9990234375 0.21088798828125 0.92222119140625
0 0.3286447265625 0.9710212890625 0.31060986328125 0.8861515625 0.34774033203125 0.85114287109375 0.3965404296875 0.8468994140625 0.41775791015625 0.85432548828125 0.449583984375 0.89145595703125 0.46655791015625 0.91585595703125 0.494140625 0.92434296875 0.50687099609375 0.95086474609375 0.439448828125 0.9990234375 0.3994279296875 0.9990234375 0.3286447265625 0.9710212890625
0 0.19232275390625 0.95528505859375 0.11028212890625 0.9269951171875 0.0763341796875 0.89021826171875 0.07916318359375 0.83646748046875 0.1017951171875 0.79120361328125 0.147058984375 0.7940326171875 0.2092966796875 0.85061240234375 0.200809765625 0.918508203125 0.19232275390625 0.95528505859375
0 0.51199853515625 0.93548212890625 0.4356158203125 0.8987052734375 0.42429990234375 0.839296484375 0.41015498046875 0.7742296875 0.4356158203125 0.69784697265625 0.44410283203125 0.69784697265625 0.53745947265625 0.706333984375 0.59121025390625 0.76291376953125 0.61101318359375 0.8251515625 0.6081841796875 0.89587626953125 0.57140732421875 0.9269951171875 0.51199853515625 0.93548212890625
0 0.611897265625 0.70049921875 0.70949736328125 0.62623818359375 0.77951484375 0.64533388671875 0.81558447265625 0.69201220703125 0.83468017578125 0.7535427734375 0.836801953125 0.85114287109375 0.83468017578125 0.89782119140625 0.8261931640625 0.92540380859375 0.75405400390625 0.97420390625 0.70101044921875 0.97420390625 0.61401904296875 0.9020646484375 0.611897265625 0.70049921875
0 0.0763341796875 0.6327802734375 0.09896611328125 0.58468740234375 0.1668619140625 0.598832421875 0.23192861328125 0.65541220703125 0.282850390625 0.69784697265625 0.28567939453125 0.74311083984375 0.24324462890625 0.75725576171875 0.14422998046875 0.7742296875 0.11876904296875 0.7742296875 0.07350517578125 0.69501796875 0.0763341796875 0.6327802734375
0 0.3212185546875 0.66442958984375 0.28939248046875 0.67079482421875 0.2342271484375 0.65806435546875 0.17694013671875 0.63896865234375 0.13026181640625 0.5965337890625 0.119653125 0.5413685546875 0.14935751953125 0.47983798828125 0.1854271484375 0.443768359375 0.28302724609375 0.41830751953125 0.35516650390625 0.5031771484375 0.3212185546875 0.66442958984375
0 0.79815029296875 0.5121453125 0.845981640625 0.52581142578125 0.845981640625 0.56680966796875 0.81352470703125 0.590725390625 0.76398505859375 0.6197658203125 0.68882158203125 0.60097490234375 0.65123984375 0.54460234375 0.64269853515625 0.4882296875 0.67173896484375 0.4728552734375 0.71273720703125 0.44552314453125 0.77423466796875 0.45235615234375 0.79815029296875 0.5121453125
0 0.3933578125 0.3291943359375 0.46125361328125 0.2910029296875 0.56734072265625 0.3164638671875 0.62250595703125 0.382237890625 0.6267494140625 0.45862060546875 0.62038427734375 0.53288154296875 0.60553203125 0.543490234375 0.5524884765625 0.56470771484375 0.51429716796875 0.6283599609375 0.499444921875 0.67716005859375 0.41033173828125 0.68776875 0.319096875 0.607142578125 0.38274912109375 0.5095423828125 0.3445578125 0.43315966796875 0.3933578125 0.3291943359375
0 0.731528125 0.31569521484375 0.7947337890625 0.34473564453125 0.8066916015625 0.3942751953125 0.81352470703125 0.43014873046875 0.7725263671875 0.44552314453125 0.71273720703125 0.44039833984375 0.6802802734375 0.41819091796875 0.6700306640625 0.375484375 0.68369677734375 0.32252822265625 0.731528125 0.31569521484375
0 0 0.865490234375 0 0.6691283203125 0.03955732421875 0.68370205078125 0.09330810546875 0.7544267578125 0.08482119140625 0.8053486328125 0.02541240234375 0.87890234375 0 0.865490234375
0 0.10267919921875 0.25281162109375 0.17694013671875 0.28888125 0.187548828125 0.37799443359375 0.18330537109375 0.40557705078125 0.126018359375 0.45862060546875 0.12389658203125 0.56046416015625 0.06448779296875 0.62411650390625 0.013566015625 0.6623078125 0 0.65367490234375 0 0.29421455078125 0.10267919921875 0.25281162109375
0 0.9641064453125 0.77051669921875 0.9577412109375 0.71747314453125 0.9990234375 0.66046435546875 0.9990234375 0.7947810546875 0.9641064453125 0.77051669921875
0 0.8919671875 0.5222728515625 0.94713251953125 0.47135107421875 0.97895859375 0.45862060546875 0.9990234375 0.47768212890625 0.9990234375 0.61743154296875 0.8898455078125 0.60077734375 0.8919671875 0.5222728515625
0 0.00295732421875 0.16157666015625 0.0220529296875 0.1849158203125 0.0284181640625 0.23159423828125 0.0284181640625 0.269785546875 0.01780947265625 0.28675947265625 0 0.29144619140625 0 0.15846376953125 0.00295732421875 0.16157666015625
0 0.14299228515625 0.044880859375 0.1217748046875 0.095802734375 0.0793400390625 0.144602734375 0.0411486328125 0.15945498046875 0 0.1464078125 0 0 0.11213662109375 0 0.14299228515625 0.044880859375
0 0.49732314453125 0.07458525390625 0.52529267578125 0 0.6713345703125 0 0.70949736328125 0.05973310546875 0.72010615234375 0.10216796875 0.70737568359375 0.16582021484375 0.686158203125 0.2040115234375 0.65645380859375 0.22098544921875 0.51429716796875 0.17855068359375 0.49732314453125 0.07458525390625
0 0.50774580078125 0.02699892578125 0.51970361328125 0.07483017578125 0.48041357421875 0.10045419921875 0.42574921875 0.0867880859375 0.37791787109375 0.0526228515625 0.37040029296875 0 0.5239451171875 0 0.50774580078125 0.02699892578125
0 0.188714453125 0 0.35108515625 0 0.34880126953125 0.0045677734375 0.19815751953125 0.01517646484375 0.188714453125 0