0 0.8965560546875 0.99414853515625 0.93709619140625 0.99414853515625 0.9459755859375 0.9990234375 0.8962353515625 0.9990234375 0.8965560546875 0.99414853515625
0 0.12174462890625 0.9555236328125 0.13195947265625 0.9759533203125 0.1306826171875 0.993829296875 0.1272693359375 0.9990234375 0.0554689453125 0.9990234375 0.057901953125 0.983614453125 0.08471591796875 0.9689306640625 0.12174462890625 0.9555236328125
0 0.00108193359375 0.97212275390625 0 0.9766470703125 0 0.96941796875 0.00108193359375 0.97212275390625
0 0.86271943359375 0.85848271484375 0.89017177734375 0.87891240234375 0.89527919921875 0.88912724609375 0.881872265625 0.9127490234375 0.88059541015625 0.92870966796875 0.89081025390625 0.95999267578125 0.89591767578125 0.9919140625 0.8924326171875 0.9990234375 0.6779833984375 0.9990234375 0.66991435546875 0.9657384765625 0.67246806640625 0.93700927734375 0.69289775390625 0.9108337890625 0.73056494140625 0.887850390625 0.8007919921875 0.8648669921875 0.86271943359375 0.85848271484375
0 0.03108798828125 0.94083984375 0.0400259765625 0.94913935546875 0.04960234375 0.97786865234375 0.02342685546875 0.9919140625 0 0.973419140625 0 0.96748310546875 0.0049125 0.93637080078125 0.03108798828125 0.94083984375
0 0.96837919921875 0.99893671875 0.96766806640625 0.9990234375 0.93040302734375 0.9990234375 0.92400849609375 0.997340625 0.91475126953125 0.98489130859375 0.90645166015625 0.95839658203125 0.89719453125 0.93892451171875 0.89942900390625 0.92168701171875 0.90613251953125 0.9092376953125 0.91826259765625 0.896469140625 0.938373046875 0.87987001953125 0.972209765625 0.87572021484375 0.9990234375 0.879593359375 0.9990234375 0.9990234375 0.96911630859375 0.9990234375 0.96837919921875 0.99893671875
0 0.00363564453125 0.89934208984375 0.00810458984375 0.90317265625 0.0049125 0.930625 0 0.9317033203125 0 0.89827275390625 0.00363564453125 0.89934208984375
0 0.36474609375 0.88689267578125 0.37879150390625 0.903491796875 0.38134521484375 0.92902890625 0.34878544921875 0.93605166015625 0.31494873046875 0.93285947265625 0.27983525390625 0.94371279296875 0.2428064453125 0.9571197265625 0.22620732421875 0.9571197265625 0.21152353515625 0.92839052734375 0.230037890625 0.88433896484375 0.25238291015625 0.85752509765625 0.30473388671875 0.845394921875 0.34112431640625 0.8607171875 0.36474609375 0.88689267578125
0 0.16260400390625 0.8520984375 0.163880859375 0.85337529296875 0.17090361328125 0.8801892578125 0.1747341796875 0.894873046875 0.1562197265625 0.92168701171875 0.10386875 0.95233154296875 0.07386259765625 0.93445556640625 0.075139453125 0.89423466796875 0.09939970703125 0.86231328125 0.1287673828125 0.8495447265625 0.16260400390625 0.8520984375
0 0.46446767578125 0.8244478515625 0.5084400390625 0.81143564453125 0.5192455078125 0.82943427734375 0.55116689453125 0.8613556640625 0.55052841796875 0.8990228515625 0.53839833984375 0.934136328125 0.5326697265625 0.96264658203125 0.4988158203125 0.97116513671875 0.47119814453125 0.9792484375 0.4528490234375 0.961588671875 0.43799462890625 0.9343787109375 0.39092158203125 0.91051455078125 0.37607431640625 0.894893359375 0.37113037109375 0.8779546875 0.3743224609375 0.8409259765625 0.404791015625 0.8177173828125 0.46446767578125 0.8244478515625
0 0.07194736328125 0.8291150390625 0.07130888671875 0.829753515625 0.06683994140625 0.84826787109375 0.06683994140625 0.90891845703125 0.0125736328125 0.9197716796875 0 0.91432939453125 0 0.8182408203125 0.0093814453125 0.81506962890625 0.07194736328125 0.8291150390625