0 0.82936650390625 0.99710048828125 0.85577041015625 0.99710048828125 0.85805390625 0.9990234375 0.82683623046875 0.9990234375 0.82936650390625 0.99710048828125
0 0.88217421875 0.99144248046875 0.9142361328125 0.95560859375 0.94441201171875 0.94429267578125 0.9990234375 0.95091220703125 0.9990234375 0.9990234375 0.88338720703125 0.9990234375 0.88217421875 0.99144248046875
0 0.29609716796875 0.9990234375 0.0845841796875 0.9990234375 0.135792578125 0.93722021484375 0.21311826171875 0.93910615234375 0.25649609375 0.95042216796875 0.29609716796875 0.9990234375
0 0.11881865234375 0.8693244140625 0.13390654296875 0.92967626953125 0.12070458984375 0.93910615234375 0.09241474609375 0.94476416015625 0.03960693359375 0.9353341796875 0 0.92260341796875 0 0.828988671875 0.01886103515625 0.82594658203125 0.03206298828125 0.82594658203125 0.08487080078125 0.83914853515625 0.11881865234375 0.8693244140625
0 0.30930390625 0.96551005859375 0.29232998046875 0.9485361328125 0.269698046875 0.95042216796875 0.22066220703125 0.92590419921875 0.14899453125 0.9089302734375 0.14522255859375 0.901386328125 0.1433365234375 0.873096484375 0.1301345703125 0.8146306640625 0.21123232421875 0.7618228515625 0.2621541015625 0.767480859375 0.33759384765625 0.81274462890625 0.36588369140625 0.848578515625 0.30930390625 0.96551005859375
0 0.7863029296875 0.89714287109375 0.73852451171875 0.89462822265625 0.6605701171875 0.9197748046875 0.58764501953125 0.922289453125 0.52226396484375 0.91223076171875 0.53483720703125 0.84182041015625 0.504661328125 0.78901259765625 0.4568828125 0.74626337890625 0.4920880859375 0.67585302734375 0.5599837890625 0.6406478515625 0.6178208984375 0.63058916015625 0.68571669921875 0.6607650390625 0.715892578125 0.711058203125 0.80139091796875 0.6984849609375 0.81899345703125 0.7714099609375 0.7737296875 0.83176171875 0.7863029296875 0.89714287109375
0 0.10561669921875 0.6826111328125 0.135792578125 0.716558984375 0.15088046875 0.73919091796875 0.15276650390625 0.78634072265625 0.15088046875 0.79765673828125 0.1282486328125 0.8146306640625 0.122590625 0.81840263671875 0.08487080078125 0.8278326171875 0.07355478515625 0.81274462890625 0.0697828125 0.79954267578125 0.07166884765625 0.75805087890625 0.07355478515625 0.75427890625 0.09241474609375 0.7203310546875 0.10561669921875 0.6826111328125
0 0 0.7984330078125 0 0.69015537109375 0.03394892578125 0.6826111328125 0.05469482421875 0.68449716796875 0.0697828125 0.714673046875 0.08675673828125 0.72598896484375 0.0905287109375 0.74484892578125 0.08109873046875 0.76370888671875 0.05846689453125 0.80897265625 0.05280888671875 0.8146306640625 0.0150890625 0.80331474609375 0 0.7984330078125
0 0.37861416015625 0.79907119140625 0.35221025390625 0.79152724609375 0.33335029296875 0.78586923828125 0.33146435546875 0.7764392578125 0.33335029296875 0.74437744140625 0.33335029296875 0.71797353515625 0.322034375 0.69156962890625 0.322034375 0.6632796875 0.33900830078125 0.650077734375 0.39370205078125 0.64630576171875 0.440851953125 0.6670517578125 0.45216787109375 0.68779765625 0.45405390625 0.72551748046875 0.45216787109375 0.73117548828125 0.45028193359375 0.73871943359375 0.43896591796875 0.75192138671875 0.39747412109375 0.77266728515625 0.37861416015625 0.79907119140625
0 0.174926953125 0.75946533203125 0.1692689453125 0.75946533203125 0.161725 0.75757939453125 0.150408984375 0.73683349609375 0.148523046875 0.72363154296875 0.14663701171875 0.68402568359375 0.16549697265625 0.65762177734375 0.1824708984375 0.650077734375 0.203216796875 0.64630576171875 0.2352787109375 0.6557357421875 0.27299853515625 0.66139375 0.3012884765625 0.6821396484375 0.2880865234375 0.7085435546875 0.28054248046875 0.73117548828125 0.26734052734375 0.74626337890625 0.2484806640625 0.74249140625 0.20698876953125 0.767009375 0.174926953125 0.75946533203125
0 0.20557431640625 0.62603134765625 0.164082421875 0.65243525390625 0.1433365234375 0.65997919921875 0.1244765625 0.6543212890625 0.09241474609375 0.64489130859375 0.0490369140625 0.6298033203125 0.0509228515625 0.59774150390625 0.11316064453125 0.556249609375 0.1282486328125 0.56002158203125 0.1414505859375 0.5619076171875 0.16031044921875 0.5619076171875 0.188600390625 0.56002158203125 0.216890234375 0.57133759765625 0.20557431640625 0.62603134765625
0 0.31307587890625 0.54493369140625 0.33193583984375 0.503441796875 0.34513779296875 0.48835390625 0.39228759765625 0.4638359375 0.42434951171875 0.47326591796875 0.47904326171875 0.50721376953125 0.51299111328125 0.5769955078125 0.482815234375 0.63168935546875 0.47715732421875 0.63923330078125 0.42434951171875 0.67318115234375 0.3149619140625 0.58453955078125 0.31307587890625 0.54493369140625
0 0.227734765625 0.514286328125 0.25791064453125 0.49354033203125 0.28620048828125 0.4954263671875 0.3163763671875 0.51994423828125 0.29940244140625 0.54446220703125 0.2635685546875 0.5765240234375 0.2484806640625 0.5765240234375 0.23339267578125 0.542576171875 0.227734765625 0.514286328125
0 0.9975341796875 0.50485634765625 0.9990234375 0.49554833984375 0.9990234375 0.50702255859375 0.9975341796875 0.50485634765625
0 0.11316064453125 0.39782626953125 0.109388671875 0.4015982421875 0.09430068359375 0.41102822265625 0.06035283203125 0.42045810546875 0.030176953125 0.42045810546875 0 0.4129138671875 0 0.345649609375 0.001887109375 0.341246484375 0.028291015625 0.314842578125 0.0509228515625 0.2978685546875 0.07921279296875 0.3035265625 0.10561669921875 0.34690439453125 0.11316064453125 0.39782626953125
0 0.41067607421875 0.15594765625 0.388044140625 0.1502896484375 0.3559822265625 0.12954375 0.33900830078125 0.1087978515625 0.3408943359375 0.08050791015625 0.3427802734375 0.063533984375 0.34843828125 0.05033203125 0.361640234375 0.03335810546875 0.37295615234375 0.0182701171875 0.3802642578125 0 0.4380119140625 0 0.469141796875 0.0163841796875 0.469141796875 0.037130078125 0.4634837890625 0.06542001953125 0.45971181640625 0.08616591796875 0.44462392578125 0.1106837890625 0.41256201171875 0.13897373046875 0.41067607421875 0.15594765625