0 0.4738322265625 0.9698998046875 0.496959765625 0.9990234375 0.32622548828125 0.9990234375 0.3614369140625 0.9422939453125 0.4738322265625 0.9698998046875
0 0.62369267578125 0.8594763671875 0.70059482421875 0.869335546875 0.74397548828125 0.926519140625 0.72622880859375 0.99159013671875 0.71714375 0.9990234375 0.60374716796875 0.9990234375 0.5901712890625 0.9718716796875 0.62369267578125 0.8594763671875
0 0.8677345703125 0.8885810546875 0.8881642578125 0.908372265625 0.88497216796875 0.92944033203125 0.87348046875 0.95753115234375 0.87731103515625 0.98370673828125 0.8643875 0.9990234375 0.7628123046875 0.9990234375 0.75090244140625 0.990091015625 0.73813388671875 0.96583076171875 0.75728662109375 0.9383783203125 0.76047880859375 0.916671875 0.73813388671875 0.88921943359375 0.73494169921875 0.8630439453125 0.7566482421875 0.840060546875 0.7975076171875 0.82793046875 0.830705859375 0.82665361328125 0.8677345703125 0.8885810546875
0 0.60342568359375 0.88155830078125 0.60278720703125 0.88475048828125 0.6066177734375 0.908372265625 0.59767978515625 0.93263251953125 0.58554970703125 0.951146875 0.581719140625 0.9671076171875 0.5721427734375 0.9875373046875 0.56065654296875 0.9990234375 0.50205634765625 0.9990234375 0.45914111328125 0.976683984375 0.44062666015625 0.97476875 0.42785810546875 0.96008486328125 0.42530439453125 0.94540107421875 0.4118974609375 0.92497138671875 0.40295947265625 0.887942578125 0.40104423828125 0.86432080078125 0.4048748046875 0.8375068359375 0.42785810546875 0.81324658203125 0.4578642578125 0.7972859375 0.48084765625 0.79345537109375 0.50510791015625 0.79537060546875 0.5229837890625 0.80622392578125 0.5434134765625 0.82346142578125 0.564481640625 0.83367626953125 0.5868265625 0.84644482421875 0.60342568359375 0.88155830078125
0 0.19020361328125 0.91539501953125 0.18190400390625 0.9090107421875 0.1608359375 0.901349609375 0.142321484375 0.88730419921875 0.142321484375 0.89241162109375 0.13657568359375 0.91284130859375 0.12380712890625 0.92305615234375 0.12380712890625 0.9262482421875 0.135298828125 0.9485931640625 0.13146826171875 0.96008486328125 0.12125341796875 0.96583076171875 0.10337744140625 0.9671076171875 0.08550146484375 0.97093818359375 0.08358623046875 0.98179140625 0.0797556640625 0.997113671875 0.06867900390625 0.9990234375 0.0596888671875 0.9990234375 0.046557421875 0.98817568359375 0.03506572265625 0.97029970703125 0.01718974609375 0.9543390625 0.00505966796875 0.939016796875 0 0.92651650390625 0 0.81536005859375 0.015912890625 0.7947322265625 0.0337888671875 0.792178515625 0.0408115234375 0.79281689453125 0.066987109375 0.7972859375 0.0899705078125 0.799201171875 0.10082373046875 0.82665361328125 0.104654296875 0.84580634765625 0.12380712890625 0.84899853515625 0.14040625 0.850275390625 0.16147431640625 0.8547443359375 0.18509619140625 0.8700666015625 0.20488740234375 0.88985791015625 0.19020361328125 0.91539501953125
0 0.919469921875 0.92060361328125 0.94904765625 0.95215322265625 0.95299140625 0.99159013671875 0.95381728515625 0.9990234375 0.86664970703125 0.9990234375 0.88397666015625 0.95806875 0.919469921875 0.92060361328125
0 0.9990234375 0.84151435546875 0.9990234375 0.91681962890625 0.99834384765625 0.9186318359375 0.95496318359375 0.93637841796875 0.92932919921875 0.90482880859375 0.94116025390625 0.87919482421875 0.95890693359375 0.86539189453125 0.9648224609375 0.83581416015625 0.9990234375 0.84151435546875
0 0.95775283203125 0.82154619140625 0.95775283203125 0.822823046875 0.95519912109375 0.83686845703125 0.94817646484375 0.8553828125 0.93987685546875 0.8649591796875 0.92966201171875 0.8681513671875 0.90731708984375 0.87198193359375 0.89263330078125 0.86176708984375 0.8862490234375 0.84389111328125 0.89518701171875 0.82601513671875 0.90540185546875 0.8017548828125 0.93221572265625 0.79281689453125 0.95073017578125 0.80367021484375 0.95775283203125 0.82154619140625
0 0.88138095703125 0.7864326171875 0.87946572265625 0.7896248046875 0.87691201171875 0.79409375 0.86414345703125 0.80750078125 0.84882119140625 0.8119697265625 0.81817666015625 0.80813916015625 0.79838544921875 0.78834794921875 0.79583173828125 0.76727978515625 0.8168998046875 0.7366353515625 0.8456291015625 0.7334431640625 0.87563515625 0.7487654296875 0.88138095703125 0.7864326171875
0 0.9990234375 0.68220478515625 0.9990234375 0.78942353515625 0.997973828125 0.79026318359375 0.98648212890625 0.78834794921875 0.9749904296875 0.7794099609375 0.96349873046875 0.76983349609375 0.95583759765625 0.76217236328125 0.93732314453125 0.77047197265625 0.92710830078125 0.761533984375 0.919447265625 0.7391890625 0.919447265625 0.71684404296875 0.93030048828125 0.69641435546875 0.95073017578125 0.67406943359375 0.96605244140625 0.665769921875 0.9820130859375 0.67406943359375 0.9990234375 0.68220478515625
0 0.000588671875 0.92454736328125 0 0.92910927734375 0 0.92305615234375 0.000588671875 0.92454736328125
0 0.4067900390625 0.87964306640625 0.40040576171875 0.90326484375 0.3914677734375 0.918587109375 0.3710380859375 0.93199404296875 0.351246875 0.93710146484375 0.32762509765625 0.928801953125 0.31741025390625 0.916671875 0.29442685546875 0.8987958984375 0.27335869140625 0.88219677734375 0.26250546875 0.86687451171875 0.27080498046875 0.8547443359375 0.28165830078125 0.8381453125 0.288042578125 0.81899248046875 0.29889580078125 0.8017548828125 0.3314556640625 0.79409375 0.36018486328125 0.8100544921875 0.37997607421875 0.833037890625 0.4067900390625 0.87964306640625
0 0.0469564453125 0.730889453125 0.0367416015625 0.781963671875 0.023973046875 0.78324052734375 0.00737392578125 0.817715625 0 0.82431328125 0 0.719811328125 0.013758203125 0.72195146484375 0.0469564453125 0.730889453125
0 0.59512607421875 0.66130087890625 0.6040640625 0.66896201171875 0.61810947265625 0.70662919921875 0.632793359375 0.71429033203125 0.64875400390625 0.7213130859375 0.6608841796875 0.73280478515625 0.67556796875 0.74621171875 0.68897490234375 0.754511328125 0.70174345703125 0.754511328125 0.70685087890625 0.78707109375 0.7062125 0.8049470703125 0.69918974609375 0.8272919921875 0.68131376953125 0.8375068359375 0.65194619140625 0.85921337890625 0.6302396484375 0.86559765625 0.6040640625 0.85921337890625 0.58810341796875 0.8477216796875 0.57852705078125 0.84389111328125 0.5670353515625 0.83878369140625 0.54724404296875 0.8406990234375 0.53447548828125 0.8304841796875 0.52745283203125 0.8145234375 0.51915322265625 0.79409375 0.5127689453125 0.77302568359375 0.5057462890625 0.75323447265625 0.50255419921875 0.71492880859375 0.51851484375 0.6957759765625 0.533837109375 0.679815234375 0.554266796875 0.66193935546875 0.59512607421875 0.66130087890625
0 0.2034509765625 0.70216025390625 0.2028125 0.70982138671875 0.2028125 0.72099384765625 0.20408935546875 0.73025107421875 0.20313173828125 0.74046591796875 0.1967474609375 0.754511328125 0.20568544921875 0.7656837890625 0.20121640625 0.7829212890625 0.19898193359375 0.78483662109375 0.16322998046875 0.7886671875 0.15493046875 0.79185927734375 0.14695009765625 0.7947322265625 0.1329046875 0.80430859375 0.112155859375 0.80622392578125 0.0942798828125 0.79441298828125 0.09555673828125 0.7861134765625 0.1028986328125 0.7711103515625 0.10098330078125 0.76025712890625 0.0942798828125 0.75004228515625 0.08725712890625 0.735996875 0.08374580078125 0.7241859375 0.10098330078125 0.71429033203125 0.12715888671875 0.7162056640625 0.15173828125 0.7155671875 0.16993349609375 0.7059908203125 0.18014833984375 0.6957759765625 0.1951513671875 0.690030078125 0.2034509765625 0.70216025390625
0 0.3910146484375 0.642573046875 0.4422826171875 0.644544921875 0.4777759765625 0.67806630859375 0.5034099609375 0.71750322265625 0.50932548828125 0.78454609375 0.48763515625 0.80426455078125 0.43636708984375 0.814123828125 0.39495830078125 0.812151953125 0.3555212890625 0.78060244140625 0.345662109375 0.74708095703125 0.34960576171875 0.6859537109375 0.3910146484375 0.642573046875
0 0.034187890625 0.60831142578125 0.03546474609375 0.61086513671875 0.0418490234375 0.64406337890625 0.05589443359375 0.67726162109375 0.0776009765625 0.68875322265625 0.06355556640625 0.72578203125 0.013758203125 0.73216630859375 0 0.72620439453125 0 0.60876318359375 0.0009896484375 0.60831142578125 0.034187890625 0.60831142578125
0 0.19132080078125 0.67406943359375 0.19036318359375 0.683007421875 0.18525576171875 0.6941798828125 0.16833740234375 0.7095021484375 0.15365361328125 0.7162056640625 0.11854013671875 0.7197169921875 0.09555673828125 0.7181208984375 0.0824689453125 0.70886376953125 0.0757654296875 0.69545673828125 0.07512705078125 0.681411328125 0.0706580078125 0.67566552734375 0.0518244140625 0.66545068359375 0.05054755859375 0.6482130859375 0.06172001953125 0.6344869140625 0.09044931640625 0.62618740234375 0.12205146484375 0.621718359375 0.14024658203125 0.6140572265625 0.16067626953125 0.62107998046875 0.17919072265625 0.6341677734375 0.19132080078125 0.67406943359375
0 0.601909375 0.619803125 0.60318623046875 0.62123955078125 0.607016796875 0.6242720703125 0.612922265625 0.633529296875 0.6154759765625 0.64342490234375 0.6127626953125 0.65906640625 0.6068572265625 0.66449306640625 0.592492578125 0.665291015625 0.57333974609375 0.66225849609375 0.559134765625 0.65475703125 0.5549849609375 0.64581904296875 0.56360380859375 0.63129482421875 0.5829162109375 0.6258681640625 0.601909375 0.619803125
0 0.69862294921875 0.585389453125 0.72820068359375 0.53017763671875 0.76763759765625 0.5696146484375 0.805102734375 0.5952486328125 0.8228494140625 0.61891083984375 0.81101826171875 0.65046044921875 0.80115908203125 0.68989736328125 0.7893279296875 0.72341884765625 0.75580654296875 0.73722177734375 0.7025666015625 0.73722177734375 0.6631296875 0.72144697265625 0.62369267578125 0.68003818359375 0.6473548828125 0.63468564453125 0.69862294921875 0.585389453125
0 0.331056640625 0.577028515625 0.33424873046875 0.5814974609375 0.34190986328125 0.6038423828125 0.35403994140625 0.614695703125 0.37957705078125 0.62682578125 0.375746484375 0.637040625 0.36425478515625 0.65044765625 0.33935615234375 0.66896201171875 0.31445751953125 0.67470791015625 0.2774287109375 0.665769921875 0.25316845703125 0.64087119140625 0.25316845703125 0.61086513671875 0.26657548828125 0.58915859375 0.31126533203125 0.57575166015625 0.331056640625 0.577028515625
0 0.997973828125 0.6600240234375 0.9769056640625 0.6402328125 0.984566796875 0.619803125 0.9990234375 0.613850390625 0.9990234375 0.66056162109375 0.997973828125 0.6600240234375
0 0.61004931640625 0.6086306640625 0.6092513671875 0.61022666015625 0.604303515625 0.61677060546875 0.593290625 0.6234740234375 0.57302060546875 0.61964345703125 0.5644017578125 0.6036828125 0.570945703125 0.5889990234375 0.5845123046875 0.58085908203125 0.5993556640625 0.58437041015625 0.607016796875 0.59139306640625 0.61004931640625 0.6086306640625
0 0.40000673828125 0.57894375 0.40064521484375 0.5814974609375 0.3968146484375 0.601288671875 0.38723818359375 0.61341884765625 0.358508984375 0.61533408203125 0.33424873046875 0.594266015625 0.32977978515625 0.56489833984375 0.3578705078125 0.5610677734375 0.38404609375 0.57830537109375 0.40000673828125 0.57894375
0 0.57629248046875 0.553406640625 0.5756541015625 0.565217578125 0.57118505859375 0.5821359375 0.56097021484375 0.595862109375 0.55139384765625 0.6137380859375 0.54213662109375 0.62874111328125 0.5312833984375 0.635125390625 0.5124498046875 0.6402328125 0.50255419921875 0.63735986328125 0.49489306640625 0.635125390625 0.48308212890625 0.63001796875 0.4766978515625 0.63033720703125 0.47031357421875 0.63129482421875 0.44541494140625 0.6293794921875 0.4201970703125 0.6172494140625 0.40934375 0.60256552734375 0.40774765625 0.577028515625 0.4393498046875 0.5234005859375 0.453714453125 0.51063203125 0.48723193359375 0.51350498046875 0.5347947265625 0.524358203125 0.57629248046875 0.553406640625
0 0.71770419921875 0.5387228515625 0.71259677734375 0.55276826171875 0.708127734375 0.57255947265625 0.69472080078125 0.5949044921875 0.6832291015625 0.60256552734375 0.65194619140625 0.60831142578125 0.63853916015625 0.60256552734375 0.6302396484375 0.59107392578125 0.62640908203125 0.57255947265625 0.62130166015625 0.55723720703125 0.619386328125 0.53680751953125 0.63151650390625 0.5182931640625 0.64428505859375 0.50680146484375 0.6781216796875 0.48956396484375 0.718342578125 0.4799875 0.71770419921875 0.5387228515625
0 0.2059248046875 0.57319794921875 0.20017900390625 0.57319794921875 0.18230302734375 0.577028515625 0.1612349609375 0.5821359375 0.1510201171875 0.573836328125 0.13633623046875 0.55532197265625 0.1222908203125 0.536169140625 0.13442099609375 0.51063203125 0.1765572265625 0.4908408203125 0.2040095703125 0.4927560546875 0.21741650390625 0.5112705078125 0.21230908203125 0.5355306640625 0.2059248046875 0.57319794921875
0 0.62186025390625 0.52467744140625 0.62537158203125 0.53744599609375 0.61643359375 0.54957607421875 0.60621875 0.55372587890625 0.594088671875 0.5454263671875 0.58515068359375 0.52914638671875 0.59696162109375 0.51446259765625 0.61068779296875 0.5147818359375 0.62186025390625 0.52467744140625
0 0.30400322265625 0.47775302734375 0.3161333984375 0.48222197265625 0.3266673828125 0.49052158203125 0.32794423828125 0.50329013671875 0.3247521484375 0.5336154296875 0.31006826171875 0.5498953125 0.29091552734375 0.565217578125 0.2650591796875 0.57830537109375 0.22898798828125 0.5799013671875 0.20919677734375 0.56872890625 0.20504697265625 0.54255341796875 0.209516015625 0.52627353515625 0.21270810546875 0.50233251953125 0.22036923828125 0.48190283203125 0.23345703125 0.474880078125 0.2583556640625 0.4841373046875 0.30400322265625 0.47775302734375
0 0.43136953125 0.49052158203125 0.44062666015625 0.4994595703125 0.43998828125 0.52212373046875 0.43105029296875 0.5422341796875 0.4118974609375 0.56649443359375 0.39114853515625 0.56809052734375 0.37486865234375 0.55723720703125 0.35954638671875 0.54159580078125 0.3317748046875 0.51957001953125 0.3349669921875 0.50743994140625 0.3538005859375 0.49818271484375 0.383806640625 0.48445654296875 0.4099822265625 0.48541416015625 0.43136953125 0.49052158203125
0 0.16570390625 0.4876486328125 0.13888994140625 0.50935517578125 0.12803671875 0.52786953125 0.122929296875 0.5438302734375 0.13122880859375 0.56553681640625 0.14144365234375 0.58341279296875 0.1376130859375 0.6038423828125 0.10760703125 0.614695703125 0.08334677734375 0.6242720703125 0.059725 0.62554892578125 0.0469564453125 0.61788779296875 0.0195041015625 0.60958828125 0 0.60912392578125 0 0.5739517578125 0.01248134765625 0.5610677734375 0.030995703125 0.54255341796875 0.0265267578125 0.520846875 0.02588828125 0.49722509765625 0.03993369140625 0.4672189453125 0.0622787109375 0.43848974609375 0.071855078125 0.43274384765625 0.10888388671875 0.42635966796875 0.143358984375 0.4365744140625 0.15995810546875 0.45636572265625 0.17017294921875 0.485094921875 0.16570390625 0.4876486328125
0 0.9990234375 0.29523642578125 0.9990234375 0.61714033203125 0.989913671875 0.6191646484375 0.9771451171875 0.63065634765625 0.949054296875 0.64342490234375 0.93500888671875 0.6447017578125 0.8903189453125 0.64597861328125 0.86605869140625 0.631933203125 0.85201328125 0.631933203125 0.84690595703125 0.611503515625 0.86861240234375 0.57830537109375 0.887765234375 0.53744599609375 0.86605869140625 0.50169404296875 0.86350498046875 0.4799875 0.8698892578125 0.454450390625 0.887765234375 0.42891337890625 0.918409765625 0.38294658203125 0.95033115234375 0.358686328125 0.93373203125 0.328041796875 0.8698892578125 0.2846287109375 0.8954263671875 0.27313701171875 0.94267001953125 0.2641990234375 0.9873599609375 0.28590556640625 0.9990234375 0.29523642578125
0 0.88497216796875 0.508716796875 0.88177998046875 0.52659267578125 0.880503125 0.53106171875 0.87986474609375 0.54255341796875 0.87986474609375 0.5591525390625 0.87156513671875 0.57575166015625 0.84922021484375 0.59235078125 0.82942900390625 0.5968197265625 0.78856962890625 0.584051171875 0.78027001953125 0.55723720703125 0.7687783203125 0.53106171875 0.747071875 0.50935517578125 0.7611171875 0.47615693359375 0.789846484375 0.4467892578125 0.81857568359375 0.43848974609375 0.8421974609375 0.4467892578125 0.85879658203125 0.46275 0.88497216796875 0.508716796875
0 0.0439693359375 0.44736005859375 0.0124197265625 0.494684375 0.02425078125 0.54792431640625 0 0.56646904296875 0 0.4147 0.00650419921875 0.41581044921875 0.0439693359375 0.44736005859375
0 0.517212890625 0.41975419921875 0.55664990234375 0.41975419921875 0.58031201171875 0.4513037109375 0.5881994140625 0.5144029296875 0.55270615234375 0.528205859375 0.5034099609375 0.5104591796875 0.4481982421875 0.50651552734375 0.4462263671875 0.46313486328125 0.517212890625 0.41975419921875
0 0.67899951171875 0.47839140625 0.675807421875 0.48286044921875 0.6684654296875 0.48477568359375 0.6547392578125 0.48796787109375 0.6266484375 0.5045669921875 0.5982384765625 0.49754423828125 0.58323544921875 0.47966826171875 0.6001537109375 0.4432779296875 0.63015986328125 0.42987099609375 0.64643974609375 0.4311478515625 0.66974228515625 0.4413626953125 0.67899951171875 0.47839140625
0 0.75281767578125 0.43593603515625 0.77324736328125 0.434020703125 0.77771630859375 0.43785126953125 0.7687783203125 0.4570041015625 0.75026396484375 0.47168798828125 0.7311111328125 0.4806259765625 0.70685087890625 0.48190283203125 0.6902517578125 0.4704111328125 0.6730142578125 0.4448740234375 0.6832291015625 0.421890625 0.718342578125 0.40337626953125 0.75281767578125 0.43593603515625
0 0.43551923828125 0.40688759765625 0.43679609375 0.4091220703125 0.4444572265625 0.425401953125 0.43551923828125 0.47360322265625 0.42275078125 0.48222197265625 0.38827568359375 0.48892548828125 0.363376953125 0.4755185546875 0.3486931640625 0.4586001953125 0.34103203125 0.4276365234375 0.35348134765625 0.4091220703125 0.37965693359375 0.396353515625 0.40136337890625 0.38901162109375 0.43551923828125 0.40688759765625
0 0.50470888671875 0.38996923828125 0.50662412109375 0.39316142578125 0.50343203125 0.4091220703125 0.4906634765625 0.419975390625 0.45363466796875 0.41486796875 0.43767392578125 0.396353515625 0.4466119140625 0.37464697265625 0.4804486328125 0.3733701171875 0.50470888671875 0.38996923828125
0 0.72031328125 0.3113025390625 0.7636939453125 0.32313359375 0.775525 0.37440166015625 0.75580654296875 0.41975419921875 0.69665107421875 0.411866796875 0.6769326171875 0.37637353515625 0.72031328125 0.3113025390625
0 0.30655693359375 0.32484970703125 0.3231560546875 0.34272568359375 0.3384783203125 0.3510251953125 0.35763115234375 0.36443212890625 0.363376953125 0.3682626953125 0.3608232421875 0.3867771484375 0.3308171875 0.42061376953125 0.3129412109375 0.426998046875 0.2822966796875 0.42891337890625 0.24909853515625 0.43529755859375 0.22547666015625 0.44615087890625 0.19547060546875 0.45572724609375 0.1782330078125 0.43338232421875 0.17504091796875 0.40337626953125 0.17057197265625 0.37783916015625 0.1744025390625 0.35740947265625 0.1986626953125 0.32421123046875 0.2222845703125 0.29931259765625 0.257398046875 0.276967578125 0.29698056640625 0.2648375 0.30655693359375 0.32484970703125
0 0.1558880859375 0.3388951171875 0.1558880859375 0.35421728515625 0.14184267578125 0.37209326171875 0.14896884765625 0.3906287109375 0.1075326171875 0.41482744140625 0.07206318359375 0.4214572265625 0.0211798828125 0.39507666015625 0.02501044921875 0.34655625 0.0339484375 0.31910380859375 0.03990869140625 0.29847451171875 0.07416943359375 0.31208115234375 0.11949775390625 0.3235728515625 0.1558880859375 0.3388951171875
0 0.9258314453125 0.319423046875 0.926469921875 0.32836103515625 0.93221572265625 0.35836708984375 0.92519306640625 0.38198896484375 0.90220966796875 0.41135654296875 0.863265625 0.44774697265625 0.79112333984375 0.43689365234375 0.7872927734375 0.38709638671875 0.80133818359375 0.34176796875 0.8249599609375 0.29005537109375 0.85113544921875 0.26643359375 0.9258314453125 0.319423046875
0 0.9892751953125 0.2673912109375 0.9465005859375 0.26611435546875 0.91713291015625 0.24887685546875 0.8954263671875 0.22333974609375 0.9005337890625 0.19333359375 0.897980078125 0.18056513671875 0.877550390625 0.1665197265625 0.9062796875 0.1282140625 0.94011630859375 0.123106640625 0.9688455078125 0.1307677734375 0.9990234375 0.1547869140625 0.9990234375 0.26269765625 0.9892751953125 0.2673912109375
0 0.673652734375 0.31303876953125 0.67237587890625 0.3168693359375 0.66982216796875 0.3347453125 0.6710990234375 0.34112958984375 0.67620634765625 0.370497265625 0.66216103515625 0.38965 0.64939248046875 0.40880283203125 0.64428505859375 0.41646396484375 0.6276859375 0.42667880859375 0.612363671875 0.4279556640625 0.5842728515625 0.41646396484375 0.571504296875 0.41391025390625 0.5587357421875 0.42029453125 0.51915322265625 0.41646396484375 0.51404580078125 0.38709638671875 0.52426064453125 0.36538984375 0.5280912109375 0.3526212890625 0.5280912109375 0.339852734375 0.520430078125 0.3270841796875 0.510215234375 0.31048505859375 0.51404580078125 0.29005537109375 0.55490517578125 0.258133984375 0.59831826171875 0.25430341796875 0.6276859375 0.268348828125 0.673652734375 0.31303876953125
0 0.49704775390625 0.280159765625 0.5027935546875 0.2852671875 0.50215517578125 0.30122783203125 0.513646875 0.31463486328125 0.51875419921875 0.3305955078125 0.5276921875 0.35357890625 0.51875419921875 0.37209326171875 0.495132421875 0.386138671875 0.474702734375 0.375923828125 0.45810361328125 0.368901171875 0.4351203125 0.34910986328125 0.43320498046875 0.30697373046875 0.4549115234375 0.27569072265625 0.49704775390625 0.280159765625
0 0.3363923828125 0.2204609375 0.37385751953125 0.22637646484375 0.39160419921875 0.27764453125 0.43104111328125 0.27370087890625 0.44878779296875 0.23032021484375 0.48625283203125 0.25595419921875 0.4803373046875 0.2914474609375 0.436956640625 0.32891259765625 0.436956640625 0.37032138671875 0.40737890625 0.39003994140625 0.3659701171875 0.39003994140625 0.34822353515625 0.338771875 0.31470205078125 0.27961640625 0.3363923828125 0.2204609375
0 0.13226630859375 0.23706591796875 0.13418154296875 0.25430341796875 0.1329046875 0.28750166015625 0.10864443359375 0.32133828125 0.07863837890625 0.31750771484375 0.0569318359375 0.306016015625 0.04033271484375 0.28239423828125 0.04544013671875 0.251111328125 0.0977912109375 0.22621259765625 0.13226630859375 0.23706591796875
0 0.72025791015625 0.32325361328125 0.7240884765625 0.3168693359375 0.7208962890625 0.309208203125 0.71323515625 0.3047392578125 0.6832291015625 0.3066544921875 0.6557767578125 0.29771650390625 0.6506693359375 0.27728681640625 0.64875400390625 0.2555802734375 0.6474771484375 0.230681640625 0.65960732421875 0.2025908203125 0.677483203125 0.17896904296875 0.69727451171875 0.16109306640625 0.71515048828125 0.14704765625 0.7445181640625 0.14002490234375 0.7738857421875 0.15023974609375 0.79112333984375 0.17322314453125 0.80325341796875 0.1872685546875 0.83453642578125 0.198121875 0.84155908203125 0.2185515625 0.83581328125 0.24728076171875 0.8198525390625 0.2689873046875 0.80899931640625 0.297078125 0.7975076171875 0.339852734375 0.72025791015625 0.32325361328125
0 0.39298408203125 0.18056513671875 0.39489931640625 0.1633275390625 0.40575263671875 0.1531126953125 0.42618232421875 0.14672841796875 0.44597353515625 0.1480052734375 0.46640322265625 0.1633275390625 0.49130185546875 0.18694931640625 0.498324609375 0.2144017578125 0.47981015625 0.2297240234375 0.47151064453125 0.22780869140625 0.45810361328125 0.23866201171875 0.44597353515625 0.24568466796875 0.430012890625 0.2724986328125 0.40511416015625 0.282075 0.39745302734375 0.259730078125 0.37702333984375 0.232277734375 0.3680853515625 0.21312490234375 0.38213076171875 0.1888646484375 0.4070294921875 0.19461044921875 0.39298408203125 0.18056513671875
0 0.2727203125 0.1974833984375 0.28293515625 0.230681640625 0.2752740234375 0.25238818359375 0.24909853515625 0.2843095703125 0.199301171875 0.29069384765625 0.15971865234375 0.27792529296875 0.13482001953125 0.258133984375 0.1201361328125 0.21663623046875 0.1233283203125 0.1923759765625 0.14311953125 0.16556201171875 0.15716494140625 0.1413017578125 0.2139849609375 0.11065732421875 0.2395220703125 0.1170416015625 0.2727203125 0.1974833984375
0 0.02583095703125 0.14353837890625 0.08896923828125 0.16156923828125 0.0946044921875 0.19438671875 0.056858203125 0.2404986328125 0.0299640625 0.25869580078125 0 0.25411435546875 0 0.137460546875 0.02583095703125 0.14353837890625
0 0.38723818359375 0.14225947265625 0.3936224609375 0.14864375 0.40511416015625 0.1665197265625 0.4038373046875 0.17928828125 0.3834076171875 0.20801748046875 0.35212470703125 0.2297240234375 0.3233955078125 0.2348314453125 0.29594306640625 0.223978125 0.28381298828125 0.19971787109375 0.2621064453125 0.1665197265625 0.26593701171875 0.1307677734375 0.29402783203125 0.10076162109375 0.34318671875 0.119914453125 0.38723818359375 0.14225947265625
0 0.85903603515625 0.1205529296875 0.8801041015625 0.1409826171875 0.88648837890625 0.17481923828125 0.85584384765625 0.19971787109375 0.8303068359375 0.20546376953125 0.8015775390625 0.18248037109375 0.78753212890625 0.15183583984375 0.788808984375 0.1205529296875 0.82136884765625 0.10331533203125 0.85903603515625 0.1205529296875
0 0.9990234375 0.062878125 0.9990234375 0.117375 0.98544462890625 0.11927607421875 0.95543857421875 0.10650751953125 0.959269140625 0.082247265625 0.98608310546875 0.0675634765625 0.9990234375 0.062878125
0 0.901172265625 0.0675634765625 0.90244912109375 0.07075556640625 0.8954263671875 0.1001232421875 0.87882724609375 0.10395380859375 0.8481828125 0.08416259765625 0.8628666015625 0.0522412109375 0.89670322265625 0.0420263671875 0.901172265625 0.0675634765625
0 0.93245517578125 0.03947265625 0.9413931640625 0.04777216796875 0.95096953125 0.07650146484375 0.92479404296875 0.090546875 0.9005337890625 0.07139404296875 0.9062796875 0.03500361328125 0.93245517578125 0.03947265625
0 0.90947177734375 0.00180546875 0.9062796875 0.0292578125 0.8801041015625 0.03500361328125 0.85520546875 0.0184044921875 0.85520546875 0 0.9073654296875 0 0.90947177734375 0.00180546875
0 0.42618232421875 0.09629267578125 0.4274591796875 0.1001232421875 0.430012890625 0.1256603515625 0.42171328125 0.1480052734375 0.40064521484375 0.150558984375 0.375746484375 0.13459833984375 0.348294140625 0.10906123046875 0.3406330078125 0.07905517578125 0.35723212890625 0.075224609375 0.4019220703125 0.07075556640625 0.42618232421875 0.09629267578125
0 0.6955986328125 0.02734248046875 0.69687548828125 0.0292578125 0.71730517578125 0.06054072265625 0.73198896484375 0.082247265625 0.73007373046875 0.10906123046875 0.7262431640625 0.12885244140625 0.71922041015625 0.1460900390625 0.6955986328125 0.14864375 0.68666064453125 0.1326830078125 0.6834685546875 0.11799921875 0.665592578125 0.09629267578125 0.6502703125 0.0796935546875 0.6266484375 0.065009765625 0.59536552734375 0.0490490234375 0.61962578125 0.02287353515625 0.67133837890625 0.01712763671875 0.6955986328125 0.02734248046875
0 0.3253107421875 0.0235119140625 0.33488720703125 0.0286193359375 0.35403994140625 0.04266474609375 0.3534015625 0.06309443359375 0.31892646484375 0.0777783203125 0.3048810546875 0.0879931640625 0.29594306640625 0.1052306640625 0.2793439453125 0.11416865234375 0.2576375 0.12119130859375 0.22380078125 0.11608388671875 0.1963484375 0.09693115234375 0.16698076171875 0.06820185546875 0.163788671875 0.03819580078125 0.19251787109375 0.0062744140625 0.22826982421875 0.00563603515625 0.2723212890625 0.013935546875 0.3253107421875 0.0235119140625
0 0.475146484375 0 0.476549609375 0 0.4823638671875 0.00052861328125 0.5059857421875 0.00308232421875 0.53152275390625 0.01521240234375 0.56025205078125 0.01265869140625 0.57493583984375 0.0215966796875 0.57812802734375 0.04521845703125 0.5589751953125 0.05990234375 0.535991796875 0.07905517578125 0.5162005859375 0.10586904296875 0.490025 0.11863759765625 0.47087216796875 0.1256603515625 0.447250390625 0.1154455078125 0.4242669921875 0.09693115234375 0.4038373046875 0.07905517578125 0.3629779296875 0.0643712890625 0.38021552734375 0.041387890625 0.3917072265625 0.02989619140625 0.42171328125 0.02542724609375 0.45044248046875 0.013935546875 0.475146484375 0
0 0.1737640625 0.00659365234375 0.1565265625 0.0206390625 0.1456732421875 0.0251080078125 0.1354583984375 0.0404302734375 0.14439638671875 0.04745302734375 0.13673525390625 0.06724423828125 0.11183662109375 0.0780974609375 0.08821484375 0.07426689453125 0.07927685546875 0.08767392578125 0.05820869140625 0.0780974609375 0.0339484375 0.06213681640625 0.039055859375 0.04745302734375 0.03522529296875 0.03915341796875 0.0211798828125 0.0378765625 0.0071345703125 0.02957705078125 0 0.02036162109375 0 0 0.17466318359375 0 0.1737640625 0.00659365234375
0 0.843075390625 0.00180546875 0.843075390625 0.00818974609375 0.8405216796875 0.01776611328125 0.82136884765625 0.03244990234375 0.79838544921875 0.02989619140625 0.77348671875 0.0113818359375 0.77648203125 0 0.842323046875 0 0.843075390625 0.00180546875
0 0.73965009765625 0.01968134765625 0.72432783203125 0.0318115234375 0.70453662109375 0.0164892578125 0.68861591796875 0 0.74211025390625 0 0.73965009765625 0.01968134765625
0 0.4067900390625 0.01042421875 0.37869921875 0.04170712890625 0.35188525390625 0.0378765625 0.33273251953125 0.0283001953125 0.30655693359375 0.0206390625 0.28931943359375 0.01425478515625 0.28293515625 0.00340146484375 0.280461328125 0 0.41002509765625 0 0.4067900390625 0.01042421875
0 0.97522978515625 0.03308837890625 0.9762802734375 0 0.9990234375 0 0.9990234375 0.04726328125 0.97522978515625 0.03308837890625
0 0.96820712890625 0.00755126953125 0.9139408203125 0.0184044921875 0.871419921875 0 0.96820712890625 0 0.96820712890625 0.00755126953125