0 0.07923203125 0.95393935546875 0.07180595703125 0.927417578125 0.08029296875 0.915748046875 0.085597265625 0.91468720703125 0.10363212890625 0.86164365234375 0.09408427734375 0.84679140625 0.10893642578125 0.84254794921875 0.1195451171875 0.84573056640625 0.13015390625 0.84891318359375 0.14288427734375 0.8563392578125 0.15667568359375 0.8743740234375 0.1641017578125 0.8849828125 0.173649609375 0.88922626953125 0.18425830078125 0.8934697265625 0.18744091796875 0.8945306640625 0.20547568359375 0.88922626953125 0.2266931640625 0.8871044921875 0.23411923828125 0.88604365234375 0.247910546875 0.89240888671875 0.25321494140625 0.8998349609375 0.26700625 0.91362626953125 0.27443232421875 0.9242349609375 0.27443232421875 0.92635673828125 0.235180078125 0.93272197265625 0.22987578125 0.93272197265625 0.22138876953125 0.94757412109375 0.21820615234375 0.96030458984375 0.2075974609375 0.9751568359375 0.198049609375 0.9878873046875 0.194623046875 0.9990234375 0.09519931640625 0.9990234375 0.07923203125 0.95393935546875
0 0.04422333984375 0.8319392578125 0.04740595703125 0.85421748046875 0.04740595703125 0.85527841796875 0.06225810546875 0.85421748046875 0.08135380859375 0.84785224609375 0.0771103515625 0.87331318359375 0.0760494140625 0.88286103515625 0.0707451171875 0.88604365234375 0.073927734375 0.9443916015625 0.0707451171875 0.952878515625 0.05907548828125 0.96666982421875 0.061197265625 0.98364375 0.07452626953125 0.9990234375 0 0.9990234375 0 0.89737998046875 0.0145189453125 0.88286103515625 0.011336328125 0.87225234375 0 0.86781640625 0 0.80264658203125 0.04316240234375 0.80860009765625 0.04422333984375 0.8319392578125
0 0.7876287109375 0.8932044921875 0.8682548828125 0.8062130859375 0.91917666015625 0.80196962890625 0.97009853515625 0.8380392578125 0.99768115234375 0.87835234375 0.9990234375 0.88030478515625 0.9990234375 0.9990234375 0.82701103515625 0.9990234375 0.802480859375 0.96958720703125 0.7876287109375 0.8932044921875
0 0.5163109375 0.903017578125 0.50358046875 0.8934697265625 0.49509345703125 0.8743740234375 0.49297177734375 0.8499740234375 0.49191083984375 0.8436087890625 0.48554560546875 0.81814794921875 0.5003978515625 0.79905224609375 0.509945703125 0.7937478515625 0.522676171875 0.791626171875 0.5375283203125 0.7948087890625 0.55131962890625 0.80541748046875 0.56405009765625 0.8192087890625 0.57359794921875 0.82663486328125 0.5810240234375 0.841487109375 0.57996318359375 0.853156640625 0.57996318359375 0.85740009765625 0.5820849609375 0.8743740234375 0.5820849609375 0.878617578125 0.54283271484375 0.9093828125 0.5163109375 0.903017578125
0 0.497215234375 0.80435654296875 0.48342392578125 0.8499740234375 0.47387607421875 0.8627044921875 0.4653890625 0.9062001953125 0.4441716796875 0.9242349609375 0.4250759765625 0.9433306640625 0.421893359375 0.95500029296875 0.391128125 0.97303505859375 0.37945859375 0.95712197265625 0.3699107421875 0.96136552734375 0.3508150390625 0.94545244140625 0.31580625 0.94651328125 0.30413671875 0.94757412109375 0.28716279296875 0.92317412109375 0.30625849609375 0.877556640625 0.297771484375 0.85527841796875 0.2818583984375 0.841487109375 0.26806708984375 0.81072177734375 0.28610185546875 0.77677392578125 0.323232421875 0.7311564453125 0.35611943359375 0.716304296875 0.44204990234375 0.70569560546875 0.45796298828125 0.7354 0.48210390625 0.79207861328125 0.497215234375 0.80435654296875
0 0.08903525390625 0.84840234375 0.02113955078125 0.780506640625 0.02113955078125 0.737757421875 0.06640341796875 0.70003759765625 0.096579296875 0.64974443359375 0.1091525390625 0.61705390625 0.164475 0.6296271484375 0.19716552734375 0.64974443359375 0.23991474609375 0.6673470703125 0.2776345703125 0.6799203125 0.30026650390625 0.70506689453125 0.2876931640625 0.7729626953125 0.24242939453125 0.80816787109375 0.2147681640625 0.8936662109375 0.08903525390625 0.84840234375
0 0.9017591796875 0.711416796875 0.95813173828125 0.7011671875 0.9598400390625 0.7387490234375 0.9034673828125 0.77633076171875 0.85392783203125 0.7865802734375 0.83855341796875 0.75753984375 0.83684521484375 0.70800029296875 0.8470947265625 0.68750107421875 0.874426953125 0.6960423828125 0.9017591796875 0.711416796875
0 0.98888046875 0.63454501953125 0.9990234375 0.63995458984375 0.9990234375 0.70654619140625 0.9837556640625 0.70800029296875 0.9717978515625 0.68066806640625 0.98888046875 0.63454501953125
0 0.68923291015625 0.7842 0.65316328125 0.76510439453125 0.622398046875 0.7385826171875 0.63618935546875 0.7003912109375 0.63937197265625 0.6823564453125 0.63831103515625 0.64628681640625 0.6680154296875 0.61764326171875 0.71045029296875 0.61870419921875 0.7306068359375 0.63037373046875 0.74439814453125 0.6346171875 0.76349384765625 0.65159111328125 0.790015625 0.6759912109375 0.80168525390625 0.70781728515625 0.80698955078125 0.7311564453125 0.80486787109375 0.75767822265625 0.79850263671875 0.77146953125 0.79107646484375 0.777834765625 0.770919921875 0.7884435546875 0.75712861328125 0.78950439453125 0.7178763671875 0.7884435546875 0.68923291015625 0.7842
0 0.0990939453125 0.60825263671875 0.096579296875 0.61831123046875 0.07143271484375 0.6560310546875 0.0513154296875 0.68117763671875 0.02113955078125 0.6887216796875 0.001022265625 0.691236328125 0 0.69092177734375 0 0.453709375 0.01862490234375 0.44982919921875 0.0412568359375 0.49509306640625 0.06891806640625 0.5202396484375 0.0990939453125 0.60825263671875
0 0.8758578125 0.59916640625 0.85888388671875 0.5524880859375 0.8716142578125 0.5043953125 0.89990419921875 0.48742138671875 0.943753515625 0.48317783203125 0.98618837890625 0.50015185546875 0.9990234375 0.5129869140625 0.9990234375 0.62808525390625 0.99608984375 0.63311435546875 0.92960859375 0.6430158203125 0.8758578125 0.59916640625
0 0.5690205078125 0.21030810546875 0.55959052734375 0.185790234375 0.58033642578125 0.15655732421875 0.59165244140625 0.14524130859375 0.61145537109375 0.12543837890625 0.61711328125 0.11600849609375 0.64163125 0.11035048828125 0.654833203125 0.11600849609375 0.6897240234375 0.14524130859375 0.69821103515625 0.15561435546875 0.7038689453125 0.188619140625 0.70103994140625 0.2065361328125 0.6887810546875 0.22256708984375 0.602025390625 0.24897099609375 0.5690205078125 0.21030810546875
0 0.54733154296875 0.17070224609375 0.54638857421875 0.17164521484375 0.53507265625 0.186733203125 0.522813671875 0.20465009765625 0.5048966796875 0.21690908203125 0.4766068359375 0.2187951171875 0.46529091796875 0.2055931640625 0.45303193359375 0.186733203125 0.45680390625 0.159386328125 0.47943583984375 0.134868359375 0.51244072265625 0.11883740234375 0.54073056640625 0.132982421875 0.54733154296875 0.17070224609375
0 0.39456611328125 0.108464453125 0.4049390625 0.11695146484375 0.4237990234375 0.13203935546875 0.43888701171875 0.132982421875 0.45208896484375 0.15184228515625 0.4558609375 0.17164521484375 0.4511458984375 0.19144814453125 0.42002705078125 0.2197380859375 0.37382021484375 0.20936513671875 0.36156123046875 0.1933341796875 0.36061826171875 0.18390419921875 0.364390234375 0.16410126953125 0.363447265625 0.1414693359375 0.3502453125 0.11695146484375 0.39456611328125 0.108464453125
0 0.07394736328125 0.027366796875 0.08400595703125 0.0349107421875 0.116696484375 0.05754267578125 0.12172587890625 0.0826892578125 0.12424052734375 0.143041015625 0.12424052734375 0.185790234375 0.106637890625 0.21093671875 0.08149130859375 0.21848076171875 0.0085662109375 0.23356865234375 0 0.2297138671875 0 0.027366796875 0.07394736328125 0.027366796875
0 0.58599443359375 0.0339677734375 0.58599443359375 0.055656640625 0.575621484375 0.07828857421875 0.56619150390625 0.09243349609375 0.5416736328125 0.10563544921875 0.52658564453125 0.10469248046875 0.51998466796875 0.09809150390625 0.5105546875 0.09149052734375 0.50583974609375 0.0867755859375 0.4558609375 0.05094169921875 0.45963291015625 0.03113876953125 0.4643478515625 0.000962890625 0.46460712890625 0 0.56334921875 0 0.58599443359375 0.0339677734375
0 0.7424876953125 0 0.86719404296875 0 0.86719404296875 0.00101201171875 0.86295048828125 0.0179859375 0.7865677734375 0.04132509765625 0.7424876953125 0
0 0.6906669921875 0.00473486328125 0.68500908203125 0.01793681640625 0.682180078125 0.026423828125 0.6755791015625 0.0330248046875 0.657662109375 0.04056875 0.64163125 0.04434072265625 0.61711328125 0.04151171875 0.60013935546875 0.03113876953125 0.57083232421875 0 0.6950376953125 0 0.6906669921875 0.00473486328125
0 0.909915625 0 0.9990234375 0 0.9990234375 0.069542578125 0.977524609375 0.085881640625 0.909915625 0
0 0.14687236328125 0.027366796875 0.13681376953125 0.0248521484375 0.12926982421875 0.027366796875 0.106637890625 0.0349107421875 0.0513154296875 0.04496943359375 0 0.03097431640625 0 0 0.15653125 0 0.14687236328125 0.027366796875