0 0.05213056640625 0.8893341796875 0.0871392578125 0.89782119140625 0.11472197265625 0.917977734375 0.15079150390625 0.96996044921875 0.15402080078125 0.9990234375 0 0.9990234375 0 0.90671103515625 0.05213056640625 0.8893341796875
0 0.67167919921875 0.9519255859375 0.76609677734375 0.8893341796875 0.8541490234375 0.8776646484375 0.8923404296875 0.91585595703125 0.89066025390625 0.9990234375 0.6869125 0.9990234375 0.6854705078125 0.99754306640625 0.67167919921875 0.9519255859375
0 0.959545703125 0 0.9990234375 0 0.9990234375 0.0441814453125 0.96005927734375 0.0089880859375 0.959545703125 0
0 0.1879220703125 0.9031255859375 0.2685482421875 0.85008203125 0.3237134765625 0.9031255859375 0.35129619140625 0.94980390625 0.321591796875 0.99860390625 0.2239916015625 0.98162998046875 0.1879220703125 0.9031255859375
0 0.0627392578125 0.77051669921875 0.0563740234375 0.71747314453125 0.10093056640625 0.655942578125 0.1433654296875 0.63896865234375 0.19216552734375 0.62623818359375 0.2303568359375 0.6898904296875 0.24520908203125 0.74929921875 0.24733076171875 0.78536884765625 0.1879220703125 0.85750810546875 0.0627392578125 0.77051669921875
0 0.3873658203125 0.636846875 0.45101806640625 0.568951171875 0.52527900390625 0.57743818359375 0.5231572265625 0.694133984375 0.51042685546875 0.71322958984375 0.482844140625 0.74505576171875 0.3810005859375 0.7280818359375 0.3873658203125 0.636846875
0 0.75603896484375 0.5616849609375 0.79020419921875 0.6129328125 0.7799546875 0.64538974609375 0.7304150390625 0.65734755859375 0.69454150390625 0.64538974609375 0.6842919921875 0.614641015625 0.7030828125 0.58218408203125 0.75603896484375 0.5616849609375
0 0.04576533203125 0.47135107421875 0.07759140625 0.45862060546875 0.12002626953125 0.49893369140625 0.15397412109375 0.5413685546875 0.14760888671875 0.5901685546875 0.11366103515625 0.61987294921875 0 0.60253486328125 0 0.5135958984375 0.04576533203125 0.47135107421875
0 0.21444384765625 0.1976462890625 0.283400390625 0.1923419921875 0.31734833984375 0.2411419921875 0.32265263671875 0.27827255859375 0.32689609375 0.2973681640625 0.3300787109375 0.32495087890625 0.3300787109375 0.33025517578125 0.29507001953125 0.36738564453125 0.24520908203125 0.394968359375 0.22929599609375 0.38648134765625 0.19534814453125 0.3599595703125 0.16988720703125 0.3472291015625 0.16458291015625 0.28039423828125 0.21444384765625 0.1976462890625
0 0.70479111328125 0.25932255859375 0.7406646484375 0.21490771484375 0.7799546875 0.2336986328125 0.82436943359375 0.27128037109375 0.81753642578125 0.30715390625 0.77312158203125 0.31911171875 0.73212333984375 0.30715390625 0.70479111328125 0.25932255859375
0 0.38846806640625 0 0.6487119140625 0 0.6610705078125 0.05973310546875 0.63136611328125 0.131872265625 0.58893125 0.1912810546875 0.55922685546875 0.2103767578125 0.521035546875 0.22522900390625 0.4488962890625 0.20188984375 0.42555712890625 0.131872265625 0.38846806640625 0
0 0.3101826171875 0.02187412109375 0.2657677734375 0.02870712890625 0.19402080078125 0.0372484375 0.146189453125 0.0082080078125 0.146189453125 0 0.335916796875 0 0.3101826171875 0.02187412109375