0 0.01945947265625 0.33772119140625 0.039616015625 0.39182568359375 0.03749423828125 0.41940830078125 0.01945947265625 0.44168662109375 0 0.4495630859375 0 0.3365765625 0.01945947265625 0.33772119140625
0 0.00885078125 0.18813837890625 0.0481029296875 0.20405146484375 0.051285546875 0.24224287109375 0.0491638671875 0.27619072265625 0.03112900390625 0.30377333984375 0.0120333984375 0.31650380859375 0 0.31650380859375 0 0.1961845703125 0.00885078125 0.18813837890625
0 0.19541748046875 0.98566220703125 0.2397943359375 0.96347373046875 0.278254296875 0.95607763671875 0.31375576171875 0.96347373046875 0.34077353515625 0.9990234375 0.19968173828125 0.9990234375 0.19541748046875 0.98566220703125
0 0.30565107421875 0.9240615234375 0.3410171875 0.90755732421875 0.381098828125 0.91227275390625 0.3881720703125 0.98536279296875 0.3710962890625 0.9990234375 0.3413091796875 0.9990234375 0.32687080078125 0.980647265625 0.30565107421875 0.9240615234375
0 0.23803076171875 0.8493125 0.23831513671875 0.81555087890625 0.2789310546875 0.79013759765625 0.33002734375 0.827384765625 0.35221572265625 0.8554900390625 0.31375576171875 0.927972265625 0.28121279296875 0.95459833984375 0.24275283203125 0.95163994140625 0.20873056640625 0.9324099609375 0.177666796875 0.90874228515625 0.1909798828125 0.868803125 0.2235228515625 0.87176162109375 0.23803076171875 0.8493125
0 0.8840880859375 0.978248828125 0.92922470703125 0.94033408203125 0.99061044921875 0.93672314453125 0.9990234375 0.9441462890625 0.9990234375 0.9990234375 0.8723458984375 0.9990234375 0.8840880859375 0.978248828125
0 0.75494208984375 0.83755263671875 0.75494208984375 0.83427001953125 0.7746380859375 0.79159541015625 0.81824951171875 0.7603326171875 0.8599873046875 0.79159541015625 0.87147666015625 0.80800869140625 0.8764005859375 0.835911328125 0.87311796875 0.8654552734375 0.85834599609375 0.8785859375 0.84029130859375 0.89007529296875 0.80418203125 0.8835099609375 0.779562109375 0.88022724609375 0.75494208984375 0.83755263671875
0 0.446886328125 0.98862060546875 0.4942216796875 0.9915791015625 0.4967740234375 0.9990234375 0.44434912109375 0.9990234375 0.446886328125 0.98862060546875
0 0.4010302734375 0.89690849609375 0.44096943359375 0.86140703125 0.48386708984375 0.885074609375 0.50605546875 0.9324099609375 0.5104931640625 0.969390625 0.48830478515625 0.99453759765625 0.4276564453125 0.98418291015625 0.396592578125 0.95903603515625 0.4010302734375 0.89690849609375
0 0.5948091796875 0.87915771484375 0.67912529296875 0.86288623046875 0.701313671875 0.9324099609375 0.676166796875 0.97678681640625 0.633269140625 0.9797453125 0.6036845703125 0.9501607421875 0.57262080078125 0.9161384765625 0.5948091796875 0.87915771484375
0 0.51737119140625 0.76272568359375 0.53347021484375 0.73009248046875 0.63224013671875 0.74271064453125 0.66581220703125 0.7933625 0.6377068359375 0.8569693359375 0.5962884765625 0.88359541015625 0.548953125 0.87028232421875 0.52676474609375 0.8318224609375 0.49718017578125 0.81703017578125 0.5371193359375 0.79040400390625 0.51737119140625 0.76272568359375
0 0.01627685546875 0.78328701171875 0.03431162109375 0.79283486328125 0.04067685546875 0.825721875 0.04067685546875 0.83314794921875 0.04173779296875 0.84269580078125 0.026885546875 0.857548046875 0 0.8772640625 0 0.7931947265625 0.01627685546875 0.78328701171875
0 0.2753568359375 0.66413251953125 0.2946185546875 0.62175673828125 0.33025283203125 0.61886748046875 0.36588701171875 0.63716611328125 0.38611181640625 0.61886748046875 0.41789365234375 0.63427685546875 0.41404130859375 0.67087412109375 0.42752451171875 0.70169287109375 0.42656142578125 0.7257701171875 0.39959501953125 0.742142578125 0.37744404296875 0.7546626953125 0.36877626953125 0.77873984375 0.3158064453125 0.7835552734375 0.29317392578125 0.765256640625 0.27487529296875 0.7469580078125 0.243575 0.73395634765625 0.2695783203125 0.69784052734375 0.2753568359375 0.66413251953125
0 0.2599474609375 0.420953125 0.29124775390625 0.41758232421875 0.33988369140625 0.399765234375 0.36107158203125 0.46284736328125 0.38129638671875 0.513891015625 0.3490330078125 0.5244849609375 0.34855146484375 0.5456728515625 0.29124775390625 0.585159375 0.24020419921875 0.60442119140625 0.2040884765625 0.57793623046875 0.16171259765625 0.5774546875 0.1824189453125 0.50763095703125 0.17134345703125 0.4849984375 0.1650833984375 0.44840107421875 0.2252763671875 0.4132484375 0.2599474609375 0.420953125
0 0.203125390625 0.419026953125 0.162194140625 0.44743798828125 0.16797265625 0.4849984375 0.1284861328125 0.492703125 0.10103818359375 0.48885078125 0.09429658203125 0.46092119140625 0.0938150390625 0.42432392578125 0.115966015625 0.3795404296875 0.158341796875 0.3569078125 0.1983099609375 0.35546318359375 0.2194978515625 0.403617578125 0.203125390625 0.419026953125