0 0.001424609375 0.30558056640625 0.0120333984375 0.32785888671875 0.015216015625 0.33634580078125 0 0.36243037109375 0 0.3051384765625 0.001424609375 0.30558056640625
0 0.99844951171875 0.87218740234375 0.9990234375 0.8712546875 0.9990234375 0.877066015625 0.99844951171875 0.87218740234375
0 0.64359365234375 0.86274970703125 0.675681640625 0.84009931640625 0.72475751953125 0.85142451171875 0.768170703125 0.86274970703125 0.78515849609375 0.88351259765625 0.78893359375 0.904275390625 0.768170703125 0.9156005859375 0.71154482421875 0.91937568359375 0.66435654296875 0.91937568359375 0.6379310546875 0.9174880859375 0.62094326171875 0.902387890625 0.64359365234375 0.86274970703125
0 0.39066455078125 0.4040796875 0.43030263671875 0.3889794921875 0.46616572265625 0.37576669921875 0.4963662109375 0.37387919921875 0.5171291015625 0.40030458984375 0.54921708984375 0.39841708984375 0.5511046875 0.4399427734375 0.5662048828125 0.45315546875 0.5643173828125 0.4852435546875 0.579417578125 0.50600634765625 0.5680923828125 0.5362068359375 0.52467919921875 0.56451982421875 0.481266015625 0.568294921875 0.45295302734375 0.56263232421875 0.4435154296875 0.54753203125 0.41142734375 0.54564453125 0.38122685546875 0.5362068359375 0.3604640625 0.51733154296875 0.3604640625 0.477693359375 0.39066455078125 0.4040796875
0 0.579417578125 0.35877890625 0.6115056640625 0.35311630859375 0.675681640625 0.34934130859375 0.71154482421875 0.3436787109375 0.7323076171875 0.3417912109375 0.7323076171875 0.3682166015625 0.75118291015625 0.37576669921875 0.75118291015625 0.45126796875 0.76250810546875 0.477693359375 0.7794958984375 0.49656875 0.768170703125 0.52865673828125 0.73797021484375 0.54753203125 0.71154482421875 0.5569697265625 0.68889443359375 0.57395751953125 0.64736875 0.57395751953125 0.63038095703125 0.5569697265625 0.60584306640625 0.54941953125 0.5869677734375 0.5343193359375 0.58508017578125 0.51544404296875 0.57375498046875 0.49279365234375 0.5680923828125 0.47014326171875 0.5680923828125 0.4021921875 0.579417578125 0.35877890625
0 0.44918037109375 0.25078779296875 0.52653291015625 0.25938251953125 0.55600048828125 0.2667494140625 0.54740576171875 0.297444921875 0.57196220703125 0.315862109375 0.59897412109375 0.3404185546875 0.57196220703125 0.372341796875 0.54863359375 0.3833921875 0.5228494140625 0.36743056640625 0.51179912109375 0.37725302734375 0.47496455078125 0.36865830078125 0.47496455078125 0.337962890625 0.44426904296875 0.3355072265625 0.42094052734375 0.3355072265625 0.39515634765625 0.31954560546875 0.387789453125 0.29130576171875 0.38410595703125 0.252015625 0.44918037109375 0.25078779296875
0 0.21512412109375 0.8702998046875 0.26231240234375 0.86274970703125 0.28307529296875 0.858974609375 0.31516328125 0.8193365234375 0.35857646484375 0.81744892578125 0.38122685546875 0.83821181640625 0.386889453125 0.8419869140625 0.41897744140625 0.85142451171875 0.45106552734375 0.87785 0.4454029296875 0.906162890625 0.41142734375 0.9156005859375 0.3642390625 0.90993798828125 0.31893837890625 0.92315068359375 0.3019505859375 0.92881328125 0.26231240234375 0.93447587890625 0.23966201171875 0.93447587890625 0.21134912109375 0.90805048828125 0.21512412109375 0.8702998046875
0 0.76270673828125 0.6981392578125 0.80848876953125 0.68619609375 0.8542708984375 0.69216767578125 0.87019501953125 0.7299876953125 0.84431826171875 0.76183603515625 0.80848876953125 0.7598455078125 0.7766404296875 0.755864453125 0.76270673828125 0.6981392578125
0 0.841784375 0.3455662109375 0.80780888671875 0.31159072265625 0.82102158203125 0.28894033203125 0.8285716796875 0.27950263671875 0.860659765625 0.27950263671875 0.89274775390625 0.29082783203125 0.9210607421875 0.3210283203125 0.9210607421875 0.35122880859375 0.89463525390625 0.381429296875 0.87198486328125 0.40785478515625 0.84367197265625 0.40785478515625 0.838009375 0.38331689453125 0.841784375 0.3455662109375
0 0.838009375 0.1152875 0.817246484375 0.10207470703125 0.7794958984375 0.11151240234375 0.766283203125 0.07376181640625 0.79837119140625 0.0209109375 0.84193564453125 0 0.88537568359375 0 0.91917314453125 0.02846103515625 0.911623046875 0.11151240234375 0.86820986328125 0.1549255859375 0.838009375 0.1152875
0 0.8734037109375 0 0.98973486328125 0 0.9856455078125 0.0173798828125 0.957778125 0.03529462890625 0.8920908203125 0.01538935546875 0.8734037109375 0
0 0.98662158203125 0 0.9990234375 0 0.9990234375 0.01875439453125 0.98901181640625 0.0114732421875 0.98662158203125 0
0 0.3529138671875 0.08508701171875 0.37178916015625 0.0605490234375 0.4227525390625 0.06809921875 0.4718283203125 0.08886201171875 0.485041015625 0.13416279296875 0.4699408203125 0.1983388671875 0.40765234375 0.2002263671875 0.3642390625 0.19267626953125 0.34536376953125 0.1775759765625 0.339701171875 0.1530380859375 0.34347626953125 0.1285001953125 0.3529138671875 0.08508701171875
0 0.78893359375 0.02657353515625 0.76250810546875 0.0605490234375 0.7549580078125 0.09829970703125 0.7323076171875 0.12283759765625 0.71531982421875 0.16625078125 0.6605814453125 0.18135107421875 0.62094326171875 0.16058818359375 0.60395546875 0.13416279296875 0.59451787109375 0.0813119140625 0.6115056640625 0.03034853515625 0.61418349609375 0 0.822150390625 0 0.78893359375 0.02657353515625
0 0.58130517578125 0.000148046875 0.532229296875 0.04167373046875 0.4699408203125 0.02846103515625 0.4479482421875 0 0.58134814453125 0 0.58130517578125 0.000148046875
0 0.3727990234375 0 0.3942455078125 0 0.3774517578125 0.00203564453125 0.3727990234375 0