0 0.53084189453125 0.9990234375 0.37001982421875 0.9990234375 0.37682607421875 0.97763232421875 0.41706064453125 0.97763232421875 0.517646875 0.98266171875 0.53084189453125 0.9990234375
0 0.7263634765625 0.9927203125 0.75653935546875 0.96505908203125 0.7842005859375 0.96002978515625 0.82443505859375 0.96757373046875 0.8384126953125 0.9990234375 0.72342197265625 0.9990234375 0.7263634765625 0.9927203125
0 0.02666005859375 0.75445654296875 0.01157216796875 0.7921763671875 0.01660146484375 0.82486689453125 0.06940927734375 0.8827041015625 0.06437998046875 0.8877333984375 0.051806640625 0.900306640625 0.031689453125 0.91790927734375 0.02917470703125 0.9455705078125 0.0342041015625 0.97323173828125 0.02414541015625 0.995863671875 0.02098564453125 0.9990234375 0 0.9990234375 0 0.74283544921875 0.02666005859375 0.75445654296875
0 0.0147154296875 0.79909169921875 0.0574646484375 0.74628388671875 0.070037890625 0.73622529296875 0.15050693359375 0.7840037109375 0.15553623046875 0.8217236328125 0.127875 0.86698740234375 0.102728515625 0.8745314453125 0.03231806640625 0.829267578125 0.0147154296875 0.79909169921875
0 0.73767939453125 0.7730021484375 0.7452234375 0.74942724609375 0.758425390625 0.714536328125 0.73013544921875 0.67587353515625 0.72353447265625 0.6409826171875 0.7546533203125 0.6136357421875 0.7650263671875 0.59477578125 0.7678552734375 0.57874482421875 0.74616640625 0.5353669921875 0.77539931640625 0.51179208984375 0.813119140625 0.50990615234375 0.82820712890625 0.527823046875 0.840466015625 0.54385400390625 0.8546109375 0.5617708984375 0.88101484375 0.5872318359375 0.89044482421875 0.5994908203125 0.89044482421875 0.6004337890625 0.90647578125 0.64381162109375 0.91684873046875 0.66550048828125 0.90930478515625 0.688132421875 0.91024775390625 0.70322041015625 0.90270380859375 0.71642236328125 0.85178203125 0.74282626953125 0.8470669921875 0.7541421875 0.82820712890625 0.7616861328125 0.83009306640625 0.792805078125 0.83575107421875 0.80412099609375 0.82632109375 0.8144939453125 0.759368359375 0.81166494140625 0.73767939453125 0.7730021484375
0 0.47068193359375 0.71193466796875 0.46555712890625 0.63677109375 0.463848828125 0.56502412109375 0.51851318359375 0.5171927734375 0.56292802734375 0.53085888671875 0.5817189453125 0.5735654296875 0.59709326171875 0.6179802734375 0.6158841796875 0.66581162109375 0.61246767578125 0.70680986328125 0.5936767578125 0.74097509765625 0.55609501953125 0.75634951171875 0.5133884765625 0.74951640625 0.47068193359375 0.71193466796875
0 0.08009658203125 0.703534765625 0.08009658203125 0.63563896484375 0.0725525390625 0.5903751953125 0.08261123046875 0.5375673828125 0.1203310546875 0.4847595703125 0.17062421875 0.45709833984375 0.24103466796875 0.45206904296875 0.30893037109375 0.47218623046875 0.3265330078125 0.48727421875 0.3466501953125 0.56522861328125 0.37431142578125 0.607977734375 0.3919140625 0.62558037109375 0.3944287109375 0.63060966796875 0.37934072265625 0.68090283203125 0.344135546875 0.7110787109375 0.26115185546875 0.75131318359375 0.1806828125 0.79406240234375 0.1077578125 0.73873994140625 0.08009658203125 0.703534765625
0 0.01911611328125 0.457726953125 0.051806640625 0.510534765625 0.0543212890625 0.5482546875 0.0568359375 0.58848916015625 0.0543212890625 0.63878232421875 0.041748046875 0.70667802734375 0.0442626953125 0.7242806640625 0 0.74641201171875 0 0.45639326171875 0.01911611328125 0.457726953125
0 0.01408681640625 0.342052734375 0.00654287109375 0.36719931640625 0 0.40209443359375 0 0.30918349609375 0.01408681640625 0.342052734375
0 0.439692578125 0.35651201171875 0.46986845703125 0.29616025390625 0.52770556640625 0.24838173828125 0.58051337890625 0.24083779296875 0.6257771484375 0.2735283203125 0.63583583984375 0.3187921875 0.6232625 0.386687890625 0.618233203125 0.4319517578125 0.59560126953125 0.46967158203125 0.517646875 0.4973328125 0.5000443359375 0.4948181640625 0.4623244140625 0.4269224609375 0.439692578125 0.35651201171875
0 0.1203310546875 0.492303515625 0.08764052734375 0.45206904296875 0.06500859375 0.39423193359375 0.05495 0.35651201171875 0.0524353515625 0.323821484375 0.112787109375 0.2584404296875 0.1681095703125 0.2131765625 0.2133734375 0.2106619140625 0.25360791015625 0.2207205078125 0.31144501953125 0.265984375 0.334076953125 0.3187921875 0.3365916015625 0.35399736328125 0.3516794921875 0.39423193359375 0.3416208984375 0.41686376953125 0.32401826171875 0.4369810546875 0.31144501953125 0.45709833984375 0.31647431640625 0.4797302734375 0.18822685546875 0.46715693359375 0.1203310546875 0.492303515625
0 0.4158033203125 0.244609765625 0.40071533203125 0.18551533203125 0.41706064453125 0.15156748046875 0.466096484375 0.11761962890625 0.486213671875 0.112590234375 0.5365068359375 0.118876953125 0.565425390625 0.13270751953125 0.57422666015625 0.16414072265625 0.56668271484375 0.19683125 0.54782275390625 0.22449248046875 0.54279345703125 0.229521875 0.45603779296875 0.27604296875 0.4158033203125 0.244609765625
0 0.98191552734375 0.9983783203125 0.9800294921875 0.98234736328125 0.9800294921875 0.96254443359375 0.96965654296875 0.94462744140625 0.95645458984375 0.91539462890625 0.945138671875 0.88333271484375 0.958340625 0.8597578125 0.973428515625 0.8522138671875 0.98191552734375 0.85692880859375 0.9990234375 0.85891806640625 0.9990234375 0.9990234375 0.98195849609375 0.9990234375 0.98191552734375 0.9983783203125
0 0.91590576171875 0.8003490234375 0.90647578125 0.75791416015625 0.90930478515625 0.73811123046875 0.946081640625 0.69756240234375 0.97437158203125 0.67681650390625 0.9990234375 0.66714912109375 0.9990234375 0.8464455078125 0.97625751953125 0.83146787109375 0.91590576171875 0.8003490234375
0 0.8847869140625 0.55611298828125 0.89044482421875 0.51839306640625 0.92156376953125 0.48350224609375 0.947024609375 0.48538818359375 0.98380146484375 0.51462109375 0.998889453125 0.5334810546875 0.9800294921875 0.57874482421875 0.96399853515625 0.59854775390625 0.95456865234375 0.61835068359375 0.95456865234375 0.6268376953125 0.9121337890625 0.607034765625 0.8847869140625 0.55611298828125
0 0.802084765625 0.11233466796875 0.82770869140625 0.12600078125 0.83625 0.15845771484375 0.826000390625 0.1823734375 0.80037646484375 0.2062890625 0.77133603515625 0.204580859375 0.7405873046875 0.2062890625 0.7354625 0.170415625 0.73887900390625 0.13454208984375 0.75425341796875 0.115751171875 0.802084765625 0.11233466796875
0 0.51638955078125 0.05098115234375 0.5629107421875 0.01451865234375 0.59356123046875 0 0.6288474609375 0 0.66978369140625 0.018290625 0.70373154296875 0.0371505859375 0.7163048828125 0.0635544921875 0.69870224609375 0.11133291015625 0.671041015625 0.17042744140625 0.6634970703125 0.191801953125 0.6471517578125 0.2156912109375 0.60440263671875 0.23077919921875 0.565425390625 0.2207205078125 0.5528521484375 0.2006033203125 0.5528521484375 0.15911142578125 0.53273486328125 0.12390625 0.50758828125 0.06984111328125 0.51638955078125 0.05098115234375
0 0.16873818359375 0.00634599609375 0.167480859375 0.0189193359375 0.15239296875 0.04029384765625 0.1285037109375 0.0604111328125 0.094555859375 0.057896484375 0.07192392578125 0.0390365234375 0.05557861328125 0.02017666015625 0.05054931640625 0.000059375 0.0505130859375 0 0.169342578125 0 0.16873818359375 0.00634599609375