0 0.93635146484375 0.74523232421875 0.9841828125 0.74523232421875 0.9990234375 0.7734294921875 0.9990234375 0.7829205078125 0.9910158203125 0.8016048828125 0.97734970703125 0.81527099609375 0.94830927734375 0.81527099609375 0.93122666015625 0.8101462890625 0.929518359375 0.7776892578125 0.93635146484375 0.74523232421875
0 0.97051669921875 0.62565390625 0.95172578125 0.56928125 0.929518359375 0.545365625 0.905602734375 0.5163251953125 0.9004779296875 0.47361865234375 0.9346431640625 0.46849384765625 0.97734970703125 0.48728466796875 0.99443232421875 0.4958259765625 0.9990234375 0.4978345703125 0.9990234375 0.62565390625 0.97051669921875 0.62565390625
0 0.71124599609375 0.960098046875 0.77065478515625 0.96434150390625 0.79016328125 0.9990234375 0.69299970703125 0.9990234375 0.71124599609375 0.960098046875
0 0.17916455078125 0.9990234375 0.0421583984375 0.9990234375 0.0452841796875 0.98105029296875 0.05907548828125 0.94816328125 0.07817119140625 0.93118935546875 0.13333642578125 0.91209365234375 0.1513712890625 0.9258849609375 0.173649609375 0.9693806640625 0.17916455078125 0.9990234375
0 0.24578876953125 0.90572841796875 0.25003232421875 0.90572841796875 0.29671064453125 0.9131544921875 0.3380845703125 0.954528515625 0.34657158203125 0.96195458984375 0.34338896484375 0.97998935546875 0.34338896484375 0.9884763671875 0.34715576171875 0.9990234375 0.1831974609375 0.9990234375 0.1831974609375 0.978928515625 0.18637998046875 0.953467578125 0.20865830078125 0.91209365234375 0.2818583984375 0.92270234375 0.24578876953125 0.90572841796875
0 0.57890234375 0.98635458984375 0.53010224609375 0.9630154296875 0.50464130859375 0.95240673828125 0.472815234375 0.953467578125 0.471754296875 0.92376318359375 0.471754296875 0.88345009765625 0.46645 0.85905009765625 0.46645 0.8505630859375 0.49827607421875 0.829345703125 0.51525 0.817676171875 0.52691962890625 0.804945703125 0.54601533203125 0.80600654296875 0.584206640625 0.81237177734375 0.59481533203125 0.82722392578125 0.60542412109375 0.84313701171875 0.61709365234375 0.8569283203125 0.64149365234375 0.8632935546875 0.65210244140625 0.8643544921875 0.672258984375 0.8760240234375 0.68498935546875 0.88981533203125 0.69559814453125 0.903606640625 0.69241552734375 0.92800673828125 0.683928515625 0.94073720703125 0.63512841796875 0.94073720703125 0.62770234375 0.94710234375 0.6308849609375 0.966198046875 0.64785888671875 0.97362412109375 0.66695458984375 0.97362412109375 0.6818068359375 0.99059814453125 0.679173828125 0.9990234375 0.5793109375 0.9990234375 0.57890234375 0.98635458984375
0 0.25215400390625 0.90572841796875 0.23730185546875 0.87814580078125 0.25321494140625 0.82404130859375 0.30413671875 0.79751953125 0.3253541015625 0.82828486328125 0.3444498046875 0.83040654296875 0.360362890625 0.803884765625 0.397493359375 0.8007021484375 0.4134064453125 0.8081283203125 0.43674560546875 0.81555439453125 0.45478037109375 0.83465009765625 0.4685716796875 0.8505630859375 0.47811953125 0.8696587890625 0.4823630859375 0.89299794921875 0.47705869140625 0.93012841796875 0.46751083984375 0.978928515625 0.4409890625 0.98635458984375 0.4325021484375 0.9884763671875 0.41326923828125 0.9990234375 0.387634765625 0.9990234375 0.3826412109375 0.99590244140625 0.37097158203125 0.99059814453125 0.35824111328125 0.9821111328125 0.33596279296875 0.96089375 0.29883232421875 0.91527626953125 0.25215400390625 0.90572841796875
0 0.20653662109375 0.90572841796875 0.185319140625 0.90572841796875 0.16834521484375 0.904667578125 0.14924951171875 0.903606640625 0.13015390625 0.88132841796875 0.11211904296875 0.879206640625 0.0675625 0.86859794921875 0.06225810546875 0.84950224609375 0.05377119140625 0.82828486328125 0.03043203125 0.79964130859375 0.04104072265625 0.7582673828125 0.05907548828125 0.75614560546875 0.08984072265625 0.76251083984375 0.122727734375 0.76569345703125 0.15561474609375 0.77524130859375 0.17152783203125 0.78478916015625 0.19274521484375 0.8081283203125 0.2075974609375 0.816615234375 0.22775400390625 0.84101533203125 0.20653662109375 0.90572841796875
0 0.566171875 0.82510224609375 0.5438935546875 0.79433701171875 0.534345703125 0.74447607421875 0.56086748046875 0.70946728515625 0.622398046875 0.72219775390625 0.66058935546875 0.74341513671875 0.69771982421875 0.76251083984375 0.72318076171875 0.77524130859375 0.74758076171875 0.79009345703125 0.75288515625 0.80600654296875 0.74227646484375 0.83358916015625 0.73803291015625 0.85905009765625 0.7316677734375 0.8760240234375 0.70302421875 0.88981533203125 0.69241552734375 0.891937109375 0.6319458984375 0.853745703125 0.62027626953125 0.84950224609375 0.62027626953125 0.85268486328125 0.566171875 0.82510224609375
0 0.88522880859375 0.6885150390625 0.8364287109375 0.7203412109375 0.80672431640625 0.69063681640625 0.690028515625 0.66517587890625 0.702758984375 0.6078888671875 0.74519384765625 0.573941015625 0.90856796875 0.55060185546875 0.88522880859375 0.6885150390625
0 0.459023828125 0.54397138671875 0.44311083984375 0.57473662109375 0.40385859375 0.60338017578125 0.39537158203125 0.62459755859375 0.36460634765625 0.6511193359375 0.359301953125 0.6511193359375 0.3444498046875 0.6606671875 0.32747587890625 0.668093359375 0.30307587890625 0.66915419921875 0.29034541015625 0.67339765625 0.27973671875 0.6829455078125 0.260641015625 0.679762890625 0.2447279296875 0.6649107421875 0.24578876953125 0.64899765625 0.26806708984375 0.63096279296875 0.24897138671875 0.6267193359375 0.223510546875 0.62778017578125 0.20653662109375 0.61292802734375 0.19911044921875 0.57155400390625 0.2139626953125 0.54927578125 0.2447279296875 0.54927578125 0.2447279296875 0.52381484375 0.209719140625 0.511084375 0.19062353515625 0.49092783203125 0.20335400390625 0.4591017578125 0.22457138671875 0.454858203125 0.2415453125 0.454858203125 0.2754931640625 0.46652783203125 0.2691279296875 0.4516755859375 0.273371484375 0.42939736328125 0.30201494140625 0.4368234375 0.3444498046875 0.47289306640625 0.39324990234375 0.4951712890625 0.459023828125 0.54397138671875
0 0.11264951171875 0.567841015625 0.11158857421875 0.567841015625 0.0893103515625 0.56359755859375 0.06597119140625 0.56571923828125 0.04369287109375 0.5901193359375 0.02459716796875 0.5901193359375 0.0023189453125 0.5837541015625 0.0076232421875 0.5731453125 0.02565810546875 0.54768447265625 0.01929287109375 0.54131923828125 0.004440625 0.530710546875 0 0.52942509765625 0 0.4364876953125 0.02565810546875 0.42568427734375 0.07764072265625 0.4203798828125 0.11264951171875 0.48509306640625 0.11264951171875 0.567841015625
0 0.6497154296875 0.5081669921875 0.65395888671875 0.43814951171875 0.71761123046875 0.36601025390625 0.777019921875 0.36601025390625 0.81308955078125 0.45087998046875 0.83430703125 0.51665400390625 0.71761123046875 0.58030625 0.6497154296875 0.5081669921875
0 0.54919794921875 0.44212783203125 0.54813701171875 0.39969296875 0.53540654296875 0.3869625 0.5258587890625 0.368927734375 0.54177177734375 0.32861455078125 0.57678056640625 0.3095189453125 0.62345888671875 0.32012763671875 0.6499806640625 0.33922333984375 0.67013720703125 0.3593798828125 0.6871111328125 0.37317119140625 0.69453720703125 0.39757119140625 0.66695458984375 0.4400060546875 0.65104150390625 0.47183212890625 0.64149365234375 0.4835017578125 0.590571875 0.4898669921875 0.54919794921875 0.44212783203125
0 0.24207578125 0.342936328125 0.23040615234375 0.35142333984375 0.22191923828125 0.3588494140625 0.2049453125 0.3715798828125 0.19221484375 0.37582333984375 0.18691044921875 0.3715798828125 0.173119140625 0.3588494140625 0.15932783203125 0.3461189453125 0.134927734375 0.33657109375 0.1009798828125 0.32596240234375 0.08400595703125 0.3026232421875 0.09355380859375 0.27610146484375 0.11901474609375 0.24745791015625 0.15614521484375 0.23897099609375 0.17736259765625 0.23791015625 0.21873662109375 0.25064052734375 0.24101484375 0.26655361328125 0.26117138671875 0.28564931640625 0.24207578125 0.342936328125
0 0.839955859375 0.13036875 0.861187890625 0.15075703125 0.88363818359375 0.18515078125 0.9004779296875 0.19175537109375 0.90046669921875 0.24279716796875 0.85857451171875 0.26141591796875 0.85264658203125 0.297667578125 0.81848134765625 0.32841630859375 0.78431611328125 0.3130419921875 0.77235830078125 0.261794140625 0.75698388671875 0.2242123046875 0.768941796875 0.1832140625 0.804815234375 0.15929833984375 0.839955859375 0.13036875
0 0.577576171875 0.16126220703125 0.591367578125 0.0965490234375 0.6380458984375 0.08594033203125 0.66775029296875 0.11882734375 0.68366328125 0.1655056640625 0.640167578125 0.18884482421875 0.577576171875 0.16126220703125
0 0.1890322265625 0.11697080078125 0.185849609375 0.1286404296875 0.17099736328125 0.13818828125 0.16144951171875 0.1466751953125 0.14659736328125 0.1657708984375 0.1391712890625 0.1848666015625 0.12750166015625 0.19229267578125 0.1073451171875 0.20396220703125 0.09355380859375 0.21244921875 0.085066796875 0.2209361328125 0.07127548828125 0.23260576171875 0.05960595703125 0.23578837890625 0.048997265625 0.23791015625 0.01823193359375 0.2347275390625 0.00656240234375 0.22624052734375 0.0012580078125 0.20820576171875 0 0.20631865234375 0 0 0.15221611328125 0 0.160388671875 0.006640234375 0.16887568359375 0.032101171875 0.1540234375 0.069231640625 0.1890322265625 0.11697080078125
0 0.8236982421875 0.1283751953125 0.802480859375 0.16020126953125 0.73458515625 0.1899056640625 0.67305458984375 0.162323046875 0.6242544921875 0.1029142578125 0.615767578125 0.0286533203125 0.6684896484375 0 0.8033212890625 0 0.8236982421875 0.1283751953125
0 0.4746716796875 0.09867080078125 0.4502716796875 0.0541142578125 0.52028916015625 0.00743583984375 0.5807587890625 0.0159228515625 0.60728056640625 0.0477490234375 0.5881849609375 0.09548818359375 0.55529794921875 0.11776650390625 0.4746716796875 0.09867080078125
0 0.4935611328125 0 0.54372783203125 0 0.5009283203125 0.0098228515625 0.4935611328125 0
0 0.99768115234375 0.43814951171875 0.9990234375 0.4357474609375 0.9990234375 0.4458677734375 0.99768115234375 0.43814951171875
0 0.902202734375 0.37025380859375 0.8764771484375 0.3247912109375 0.89159404296875 0.2832623046875 0.940394140625 0.2280970703125 0.9990234375 0.22158271484375 0.9990234375 0.39339033203125 0.96585498046875 0.41056689453125 0.902202734375 0.37025380859375
0 0.96527412109375 0.17942197265625 0.95274228515625 0.14719716796875 0.8728966796875 0.11246611328125 0.91156630859375 0.09026689453125 0.91407265625 0.05875830078125 0.93280400390625 0 0.9990234375 0 0.9990234375 0.13632353515625 0.96527412109375 0.17942197265625
0 0.23146708984375 0.00451845703125 0.2261626953125 0.0161880859375 0.22510185546875 0.019370703125 0.17473798828125 0 0.23516396484375 0 0.23146708984375 0.00451845703125
0 0.0055015625 0.7513716796875 0.00974501953125 0.77471083984375 0.02565810546875 0.81502392578125 0.01717109375 0.841545703125 0 0.8499166015625 0 0.7472455078125 0.0055015625 0.7513716796875