0 0.91616279296875 0.95538896484375 0.92893134765625 0.9719880859375 0.93978466796875 0.990183203125 0.93928310546875 0.9990234375 0.80624296875 0.9990234375 0.80763017578125 0.991779296875 0.8251869140625 0.97773388671875 0.85870439453125 0.972945703125 0.88264541015625 0.97007275390625 0.91616279296875 0.95538896484375
0 0.9926943359375 0.5897296875 0.9895021484375 0.610478515625 0.95662314453125 0.632504296875 0.9330013671875 0.5890912109375 0.94640830078125 0.5565314453125 0.966199609375 0.555573828125 0.98311787109375 0.56451181640625 0.9926943359375 0.5897296875
0 0.87043544921875 0.46395947265625 0.87011630859375 0.46874765625 0.87011630859375 0.484069921875 0.86500888671875 0.502903515625 0.84872890625 0.51950263671875 0.81840361328125 0.51694892578125 0.80308134765625 0.48758125 0.7931857421875 0.45278701171875 0.80786962890625 0.434591796875 0.84713291015625 0.43906083984375 0.87043544921875 0.46395947265625
0 0.9523935546875 0.5439224609375 0.91153427734375 0.51774697265625 0.89110458984375 0.4807181640625 0.88791240234375 0.4424125 0.8942966796875 0.37537763671875 0.91344951171875 0.33962578125 0.93324072265625 0.314088671875 0.9811228515625 0.2911052734375 0.9990234375 0.2864041015625 0.9990234375 0.54214609375 0.9523935546875 0.5439224609375
0 0.11623974609375 0.9990234375 0.0729380859375 0.9990234375 0.0756732421875 0.99497138671875 0.08652646484375 0.96751904296875 0.0913146484375 0.9687958984375 0.1012103515625 0.978053125 0.115894140625 0.9978443359375 0.11623974609375 0.9990234375
0 0.06418154296875 0.9806068359375 0.06513916015625 0.98794873046875 0.071259375 0.9990234375 0.02664111328125 0.9990234375 0.02651435546875 0.9943330078125 0.042475 0.9790107421875 0.06418154296875 0.9806068359375
0 0.278852734375 0.94262041015625 0.27246845703125 0.964326953125 0.24693134765625 0.988587109375 0.183088671875 0.98986396484375 0.152444140625 0.97071123046875 0.15116728515625 0.9362361328125 0.15837197265625 0.8899505859375 0.1920265625 0.8800544921875 0.21351201171875 0.8584419921875 0.25540419921875 0.870973828125 0.270800390625 0.89102470703125 0.278852734375 0.94262041015625
0 0.07535400390625 0.90112255859375 0.0791845703125 0.90782607421875 0.08461123046875 0.91995625 0.0887609375 0.93176708984375 0.08397275390625 0.94357802734375 0.07854619140625 0.95826181640625 0.06928896484375 0.96815751953125 0.05907412109375 0.9671998046875 0.05045537109375 0.961134765625 0.03864443359375 0.9483662109375 0.03002568359375 0.94262041015625 0.0159802734375 0.9483662109375 0 0.95124794921875 0 0.9212587890625 0.00193486328125 0.9142103515625 0 0.900138671875 0 0.88625224609375 0.0073615234375 0.8749470703125 0.025556640625 0.8672859375 0.07535400390625 0.90112255859375
0 0.0277912109375 0.831533984375 0.027152734375 0.83855673828125 0.02427978515625 0.85068681640625 0.01885322265625 0.86185927734375 0.00289248046875 0.872393359375 0 0.87165341796875 0 0.81031328125 0.0210876953125 0.80280478515625 0.0277912109375 0.831533984375
0 0.408471484375 0.967826953125 0.452376171875 0.94827587890625 0.46296650390625 0.94403974609375 0.49050107421875 0.98004658203125 0.49111328125 0.9990234375 0.38275556640625 0.9990234375 0.408471484375 0.967826953125
0 0.35929453125 0.89920732421875 0.38610849609375 0.89920732421875 0.425691015625 0.90942216796875 0.43462900390625 0.92729814453125 0.4282447265625 0.9490046875 0.4078150390625 0.96560380859375 0.364846875 0.9990234375 0.3213443359375 0.9990234375 0.3146046875 0.9962482421875 0.30311298828125 0.97071123046875 0.3426955078125 0.92729814453125 0.35929453125 0.89920732421875
0 0.492619140625 0.8910884765625 0.5074455078125 0.855081640625 0.57734111328125 0.83601923828125 0.6218201171875 0.86567197265625 0.62393818359375 0.93768564453125 0.53498017578125 0.99487294921875 0.50532744140625 0.977928515625 0.4862650390625 0.92497734375 0.492619140625 0.8910884765625
0 0.531669921875 0.78301357421875 0.5240087890625 0.78556728515625 0.5150708984375 0.78812099609375 0.4793189453125 0.81365810546875 0.44484384765625 0.83664140625 0.41419931640625 0.8264265625 0.40909189453125 0.797058984375 0.4027076171875 0.771521875 0.40653818359375 0.74981533203125 0.43718271484375 0.72427822265625 0.48059580078125 0.72044765625 0.5265625 0.72427822265625 0.531669921875 0.78301357421875
0 0.6363720703125 0.72044765625 0.6465869140625 0.73960048828125 0.62743408203125 0.7791830078125 0.603173828125 0.78812099609375 0.57891357421875 0.7842904296875 0.5291162109375 0.7485384765625 0.53677734375 0.72044765625 0.5955126953125 0.7076791015625 0.6363720703125 0.72044765625
0 0.4180298828125 0.7119884765625 0.41419931640625 0.72507626953125 0.39951552734375 0.751890234375 0.386427734375 0.75348623046875 0.37046708984375 0.748698046875 0.34652607421875 0.726353125 0.33982255859375 0.70464658203125 0.33822646484375 0.66697939453125 0.35865615234375 0.65836064453125 0.38004345703125 0.66123349609375 0.41483779296875 0.68070556640625 0.4180298828125 0.7119884765625
0 0.582744140625 0.689803125 0.56614501953125 0.71150966796875 0.53550048828125 0.725555078125 0.49336435546875 0.71917080078125 0.47293466796875 0.694910546875 0.46271982421875 0.66554287109375 0.4691041015625 0.63362158203125 0.48825693359375 0.61446875 0.541884765625 0.6119150390625 0.58402099609375 0.63362158203125 0.582744140625 0.689803125
0 0.45609609375 0.62005498046875 0.45609609375 0.620693359375 0.45801142578125 0.62963134765625 0.4618419921875 0.65165712890625 0.45609609375 0.66953310546875 0.4280052734375 0.67240595703125 0.40182978515625 0.65836064453125 0.39512626953125 0.644634375 0.4021490234375 0.6232470703125 0.4123638671875 0.6155859375 0.443966015625 0.6178205078125 0.45609609375 0.62005498046875
0 0.66294658203125 0.64495361328125 0.6616697265625 0.64495361328125 0.65592392578125 0.64846494140625 0.64666669921875 0.6538916015625 0.6377287109375 0.65261474609375 0.62719462890625 0.6452728515625 0.6147453125 0.64048466796875 0.61091474609375 0.62899296875 0.61442607421875 0.610478515625 0.62496015625 0.60537109375 0.64411298828125 0.60377509765625 0.65624306640625 0.61175537109375 0.6648619140625 0.6232470703125 0.66294658203125 0.64495361328125
0 0.42162109375 0.5616388671875 0.42034423828125 0.562596484375 0.4142791015625 0.56706552734375 0.40534111328125 0.5718537109375 0.39001884765625 0.56802314453125 0.37629267578125 0.55589296875 0.38395380859375 0.535144140625 0.4005529296875 0.533548046875 0.41874814453125 0.54152841796875 0.42162109375 0.5616388671875
0 0.137121875 0.86856279296875 0.12690703125 0.87622392578125 0.10264677734375 0.88133134765625 0.07200224609375 0.88643876953125 0.029866015625 0.84813310546875 0.02603544921875 0.8187654296875 0.0375271484375 0.7893978515625 0.0579568359375 0.7689681640625 0.10264677734375 0.766414453125 0.14095244140625 0.78301357421875 0.137121875 0.86856279296875
0 0.149251953125 0.6487841796875 0.15882841796875 0.6392078125 0.1652126953125 0.63729248046875 0.1747890625 0.6392078125 0.1910689453125 0.64303837890625 0.20543359375 0.6366541015625 0.210541015625 0.6315466796875 0.21628681640625 0.623885546875 0.22362880859375 0.62005498046875 0.24246240234375 0.620693359375 0.253315625 0.627396875 0.25778466796875 0.62771611328125 0.27342607421875 0.62867373046875 0.28779072265625 0.63058896484375 0.29960166015625 0.634100390625 0.3114125 0.64335751953125 0.31875439453125 0.6554876953125 0.31683916015625 0.66889462890625 0.3206697265625 0.6759173828125 0.328330859375 0.68421689453125 0.32801162109375 0.69794306640625 0.32865009765625 0.7084771484375 0.33120380859375 0.71613828125 0.34492998046875 0.722841796875 0.35003740234375 0.726353125 0.35354873046875 0.734971875 0.35769853515625 0.743590625 0.35801767578125 0.7563591796875 0.35291025390625 0.7681701171875 0.34748369140625 0.77870419921875 0.33982255859375 0.7870037109375 0.33152294921875 0.79306875 0.32003125 0.80200673828125 0.31173173828125 0.81222158203125 0.30119765625 0.8221171875 0.28204482421875 0.81892509765625 0.267041796875 0.80871025390625 0.25523095703125 0.7962609375 0.24788896484375 0.77136220703125 0.24086630859375 0.770723828125 0.2338435546875 0.7834923828125 0.2303322265625 0.79179189453125 0.22394794921875 0.79594169921875 0.21277548828125 0.798176171875 0.20224140625 0.79306875 0.19489951171875 0.78572685546875 0.183088671875 0.7850884765625 0.16233974609375 0.78828056640625 0.14861357421875 0.7850884765625 0.12818388671875 0.7751927734375 0.1135 0.76178583984375 0.1080734375 0.74837890625 0.108392578125 0.74454833984375 0.09849697265625 0.7359294921875 0.1039236328125 0.72156494140625 0.10615810546875 0.71294609375 0.1074349609375 0.69953916015625 0.12211884765625 0.67049072265625 0.149251953125 0.6487841796875
0 0.01486298828125 0.67894990234375 0.03018525390625 0.6904416015625 0.05891455078125 0.71214814453125 0.05827607421875 0.73896201171875 0.04550751953125 0.7740755859375 0.034654296875 0.7945052734375 0 0.81340751953125 0 0.66130009765625 0.01486298828125 0.67894990234375
0 0.0245990234375 0.58015322265625 0.0245990234375 0.5820685546875 0.01470341796875 0.60154052734375 0.00448857421875 0.60664794921875 0 0.60744951171875 0 0.5539765625 0.01119208984375 0.5514240234375 0.0245990234375 0.58015322265625
0 0.31109326171875 0.45023330078125 0.31683916015625 0.4524677734375 0.328330859375 0.453425390625 0.3478029296875 0.458213671875 0.3379072265625 0.4697052734375 0.3375880859375 0.4744935546875 0.34173779296875 0.4815162109375 0.338545703125 0.49556162109375 0.32896923828125 0.52269482421875 0.32035048828125 0.535144140625 0.31939287109375 0.54408212890625 0.32098896484375 0.55270087890625 0.3225849609375 0.5581275390625 0.32705400390625 0.56131962890625 0.3379072265625 0.5683423828125 0.35003740234375 0.57313056640625 0.3567408203125 0.57983408203125 0.365998046875 0.60473271484375 0.36312509765625 0.632504296875 0.34141865234375 0.64303837890625 0.31428544921875 0.6420806640625 0.30407060546875 0.636015625 0.29257890625 0.62356630859375 0.2909828125 0.623885546875 0.29034443359375 0.6229279296875 0.28555625 0.62037421875 0.26576494140625 0.6232470703125 0.2574654296875 0.62260869140625 0.24501611328125 0.61941650390625 0.227778515625 0.6197357421875 0.22107509765625 0.6197357421875 0.21117939453125 0.625481640625 0.2028798828125 0.630908203125 0.19585712890625 0.63314267578125 0.1875576171875 0.63282353515625 0.1789388671875 0.629312109375 0.17000087890625 0.63058896484375 0.16138212890625 0.63633486328125 0.14797509765625 0.64623046875 0.13776025390625 0.651337890625 0.12977998046875 0.65421083984375 0.12563017578125 0.65357236328125 0.121799609375 0.6538916015625 0.09817783203125 0.66027587890625 0.09051669921875 0.65325322265625 0.0870052734375 0.64559208984375 0.0850900390625 0.63761171875 0.09147431640625 0.6283544921875 0.09051669921875 0.620693359375 0.08764375 0.6095208984375 0.08636689453125 0.59707158203125 0.09051669921875 0.586218359375 0.10328515625 0.57664189453125 0.0969009765625 0.57153447265625 0.09594326171875 0.56227724609375 0.10360439453125 0.552381640625 0.12052275390625 0.53897470703125 0.13329130859375 0.52780224609375 0.1380794921875 0.51854501953125 0.13744111328125 0.50513798828125 0.1361642578125 0.4882197265625 0.13073759765625 0.47672802734375 0.13935634765625 0.4591712890625 0.16425498046875 0.455021484375 0.17606591796875 0.453425390625 0.1910689453125 0.44672197265625 0.21405234375 0.4422529296875 0.21628681640625 0.43682626953125 0.20607197265625 0.42118486328125 0.21596767578125 0.4065009765625 0.2335244140625 0.39820146484375 0.25618857421875 0.41256611328125 0.277256640625 0.429484375 0.31109326171875 0.45023330078125
0 0.01214970703125 0.45119091796875 0.01214970703125 0.455021484375 0.00385009765625 0.47162060546875 0 0.475470703125 0 0.42892783203125 0.00385009765625 0.43076123046875 0.01214970703125 0.45119091796875
0 0.117490234375 0.4473603515625 0.11557490234375 0.44863720703125 0.10344482421875 0.45629833984375 0.09897578125 0.45949052734375 0.08812255859375 0.4645978515625 0.08046142578125 0.4671515625 0.059393359375 0.465236328125 0.03513310546875 0.45629833984375 0.0306640625 0.45310625 0.00959599609375 0.4454451171875 0.00129638671875 0.43139970703125 0.00001953125 0.412246875 0.00448857421875 0.39564775390625 0.01406494140625 0.38160234375 0.02491826171875 0.37074912109375 0.04279423828125 0.35798056640625 0.05556279296875 0.35478837890625 0.07343876953125 0.35734208984375 0.09769892578125 0.3688337890625 0.11302119140625 0.3790486328125 0.12387451171875 0.393732421875 0.117490234375 0.4473603515625
0 0.30893857421875 0.3432966796875 0.31213076171875 0.34776572265625 0.32841064453125 0.3713875 0.3255376953125 0.39883984375 0.3083001953125 0.4234193359375 0.28212470703125 0.42916513671875 0.24477666015625 0.41256611328125 0.2246662109375 0.38160234375 0.23296572265625 0.35063857421875 0.2517994140625 0.33531640625 0.28723212890625 0.32733603515625 0.30893857421875 0.3432966796875
0 0.19330341796875 0.40857587890625 0.1920265625 0.40857587890625 0.1824501953125 0.4072990234375 0.17670439453125 0.40410693359375 0.16648955078125 0.3919767578125 0.15052880859375 0.37793134765625 0.13776025390625 0.3638859375 0.139037109375 0.3440947265625 0.14861357421875 0.3338798828125 0.15882841796875 0.3217498046875 0.16329736328125 0.31025810546875 0.17415068359375 0.29557421875 0.20351826171875 0.28727470703125 0.22139423828125 0.2911052734375 0.24310078125 0.31728076171875 0.24182392578125 0.33579521484375 0.2303322265625 0.3594169921875 0.21628681640625 0.3817619140625 0.19330341796875 0.40857587890625
0 0.1652126953125 0.29557421875 0.1652126953125 0.29685107421875 0.16393583984375 0.31025810546875 0.15563623046875 0.331326171875 0.1466982421875 0.3389873046875 0.1339296875 0.341541015625 0.12052275390625 0.3440947265625 0.10456201171875 0.3421794921875 0.0834939453125 0.3115349609375 0.08285556640625 0.29429736328125 0.09051669921875 0.27514462890625 0.1020083984375 0.26429130859375 0.12690703125 0.266206640625 0.14861357421875 0.27961357421875 0.1652126953125 0.29557421875
0 0.079344140625 0.2588646484375 0.07423671875 0.2713140625 0.07806728515625 0.2930205078125 0.07774814453125 0.2997240234375 0.07551357421875 0.31217333984375 0.0758328125 0.3176 0.07264072265625 0.3236650390625 0.05572236328125 0.3294109375 0.0474228515625 0.3287724609375 0.03625029296875 0.324303515625 0.02412021484375 0.31600390625 0.01645908203125 0.30163935546875 0.01486298828125 0.29014765625 0.01486298828125 0.2738677734375 0.02571630859375 0.2604607421875 0.03082373046875 0.25216123046875 0.0458267578125 0.240988671875 0.0662564453125 0.2432232421875 0.079344140625 0.2588646484375
0 0.02252412109375 0.210025 0.0263546875 0.2192822265625 0.02763154296875 0.23109306640625 0.0273123046875 0.2400310546875 0.0269931640625 0.2483306640625 0.0263546875 0.26173759765625 0.01709755859375 0.28120966796875 0.01901279296875 0.3013201171875 0.0167783203125 0.30866201171875 0.01199013671875 0.310896484375 0 0.314423046875 0 0.22412783203125 0.005925 0.21800537109375 0.02252412109375 0.210025
0 0.20870556640625 0.2338064453125 0.20966318359375 0.2357216796875 0.21508984375 0.2494478515625 0.217005078125 0.2679623046875 0.20008671875 0.28392294921875 0.1732728515625 0.2867958984375 0.138478515625 0.27881552734375 0.1273060546875 0.25359765625 0.138478515625 0.229656640625 0.15763134765625 0.217845703125 0.1924255859375 0.2239107421875 0.20870556640625 0.2338064453125
0 0.1859615234375 0.19502197265625 0.18468466796875 0.196298828125 0.17255458984375 0.19949091796875 0.16233974609375 0.20970576171875 0.161062890625 0.2192822265625 0.1553169921875 0.23013544921875 0.1380794921875 0.24035029296875 0.1208419921875 0.23971181640625 0.10424287109375 0.240988671875 0.0901974609375 0.23715810546875 0.07615205078125 0.23077392578125 0.06082978515625 0.21992060546875 0.041676953125 0.1982140625 0.0218857421875 0.175869140625 0.01933203125 0.1477783203125 0.03656953125 0.12351806640625 0.05636083984375 0.107557421875 0.0646603515625 0.10053466796875 0.07806728515625 0.087127734375 0.09083583984375 0.07499755859375 0.10488125 0.073720703125 0.123395703125 0.07499755859375 0.143825390625 0.083935546875 0.162978125 0.10053466796875 0.17446982421875 0.1254333984375 0.191707421875 0.16629267578125 0.1859615234375 0.19502197265625
0 0.0077869140625 0.06740654296875 0.0148685546875 0.09269814453125 0.01689189453125 0.1190013671875 0.017903515625 0.151374609375 0.010821875 0.166549609375 0 0.175489453125 0 0.06471103515625 0.0077869140625 0.06740654296875
0 0.32896923828125 0.0625482421875 0.3171583984375 0.06446357421875 0.30822041015625 0.052971875 0.30055927734375 0.0571216796875 0.28555625 0.06957099609375 0.29225966796875 0.07052861328125 0.3037513671875 0.07180546875 0.31332783203125 0.07212470703125 0.32481953125 0.07818974609375 0.33152294921875 0.09191591796875 0.33375751953125 0.10564208984375 0.33471513671875 0.1228796875 0.32194658203125 0.13788271484375 0.3053474609375 0.14171328125 0.29130205078125 0.155439453125 0.29577109375 0.165654296875 0.3034322265625 0.17906123046875 0.30407060546875 0.18991455078125 0.30151689453125 0.20012939453125 0.30917802734375 0.2109826171875 0.314923828125 0.233966015625 0.30726279296875 0.244180859375 0.297686328125 0.25248037109375 0.28619462890625 0.25056513671875 0.26895712890625 0.2416271484375 0.25171953125 0.2384349609375 0.239589453125 0.2384349609375 0.22745927734375 0.23524287109375 0.2114986328125 0.22885859375 0.201922265625 0.22247431640625 0.1834078125 0.20779052734375 0.1910689453125 0.19182978515625 0.210541015625 0.1717193359375 0.20671044921875 0.16852724609375 0.20543359375 0.16629267578125 0.20064541015625 0.160546875 0.19809169921875 0.1512896484375 0.19489951171875 0.145224609375 0.1910689453125 0.14043642578125 0.18819599609375 0.1375634765625 0.17861962890625 0.1289447265625 0.17446982421875 0.1228796875 0.1671279296875 0.11074951171875 0.16170126953125 0.10053466796875 0.1502095703125 0.08840458984375 0.1482943359375 0.08170107421875 0.14637900390625 0.07659365234375 0.1466982421875 0.07052861328125 0.14542138671875 0.0590369140625 0.14605986328125 0.04914130859375 0.1518056640625 0.04754521484375 0.1722353515625 0.05265263671875 0.1754275390625 0.0453107421875 0.181492578125 0.03318056640625 0.19074970703125 0.02551953125 0.201922265625 0.020412109375 0.21341396484375 0.02168896484375 0.2268208984375 0.02615791015625 0.236397265625 0.02232734375 0.25203876953125 0.017219921875 0.261615234375 0.01179326171875 0.26576494140625 0.00572822265625 0.271766015625 0 0.3385521484375 0 0.34205703125 0.00477060546875 0.3410994140625 0.0197736328125 0.326734765625 0.03318056640625 0.32896923828125 0.0625482421875
0 0.084132421875 0.00572822265625 0.08796298828125 0.03637275390625 0.06434111328125 0.0504181640625 0.053487890625 0.05935615234375 0.02156650390625 0.05935615234375 0 0.04587705078125 0 0.00756279296875 0.00799501953125 0 0.083655078125 0 0.084132421875 0.00572822265625
0 0.72008583984375 0.56131962890625 0.71944736328125 0.5616388671875 0.70635966796875 0.5753650390625 0.68433388671875 0.5836646484375 0.64347451171875 0.5734498046875 0.628471484375 0.5402515625 0.6524125 0.48949658203125 0.68624921875 0.4815162109375 0.71689365234375 0.48279306640625 0.729023828125 0.49300791015625 0.73540810546875 0.5070533203125 0.72008583984375 0.56131962890625
0 0.80276220703125 0.495880859375 0.80563505859375 0.50992626953125 0.8014853515625 0.526525390625 0.79414345703125 0.54248603515625 0.77403291015625 0.54855107421875 0.7590298828125 0.5325904296875 0.74243076171875 0.4968384765625 0.7536033203125 0.47672802734375 0.7826517578125 0.4744935546875 0.80276220703125 0.495880859375
0 0.4516271484375 0.47193984375 0.454180859375 0.47321669921875 0.46311884765625 0.4993921875 0.464395703125 0.5166296875 0.4490734375 0.53578251953125 0.43694326171875 0.5428052734375 0.40119140625 0.5325904296875 0.40438349609375 0.50322275390625 0.43949697265625 0.48087783203125 0.4516271484375 0.47193984375
0 0.41771064453125 0.4756107421875 0.41771064453125 0.478164453125 0.415476171875 0.49348671875 0.4058998046875 0.5043400390625 0.39887705078125 0.51104345703125 0.39089677734375 0.52413125 0.37844736328125 0.522216015625 0.365998046875 0.51583173828125 0.35769853515625 0.50593603515625 0.355783203125 0.49220986328125 0.3548255859375 0.47912216796875 0.35801767578125 0.4669919921875 0.35769853515625 0.45709638671875 0.3516333984375 0.44624306640625 0.35195263671875 0.4369859375 0.358975390625 0.42709033203125 0.36887099609375 0.4258134765625 0.38100107421875 0.42964404296875 0.39440810546875 0.442093359375 0.4058998046875 0.4548619140625 0.41771064453125 0.4756107421875
0 0.39472724609375 0.44337021484375 0.3854701171875 0.4309208984375 0.38930068359375 0.41815234375 0.40206923828125 0.4057029296875 0.41771064453125 0.401233984375 0.433990625 0.40091474609375 0.44580146484375 0.4047453125 0.4553779296875 0.413044921875 0.46878486328125 0.42804794921875 0.47197705078125 0.44177412109375 0.46144296875 0.462523046875 0.4454822265625 0.474653125 0.434309765625 0.48103740234375 0.4317560546875 0.48007978515625 0.4145185546875 0.466034375 0.39472724609375 0.44337021484375
0 0.66709638671875 0.3825599609375 0.66709638671875 0.3857521484375 0.6667771484375 0.388305859375 0.65879677734375 0.39660537109375 0.65081650390625 0.40203203125 0.63677109375 0.3809638671875 0.64315537109375 0.35989580078125 0.6556046875 0.35893818359375 0.66709638671875 0.3825599609375
0 0.5933580078125 0.30435263671875 0.612830078125 0.30882158203125 0.618256640625 0.3244630859375 0.61442607421875 0.34042373046875 0.61187236328125 0.36276875 0.60421123046875 0.3857521484375 0.592400390625 0.39915908203125 0.5540947265625 0.4080970703125 0.53462265625 0.39979755859375 0.5183427734375 0.39054033203125 0.55728681640625 0.36117265625 0.5713322265625 0.34042373046875 0.57995107421875 0.32063251953125 0.5933580078125 0.30435263671875
0 0.415476171875 0.3421794921875 0.41483779296875 0.35047900390625 0.41164560546875 0.361970703125 0.405261328125 0.37410078125 0.39185439453125 0.3900615234375 0.37972421875 0.3919767578125 0.35865615234375 0.38367724609375 0.354187109375 0.384315625 0.34652607421875 0.39453046875 0.33822646484375 0.39133837890625 0.3324806640625 0.38559248046875 0.31843525390625 0.361970703125 0.32162734375 0.34090263671875 0.33120380859375 0.31728076171875 0.3426955078125 0.293658984375 0.36312509765625 0.285359375 0.38866220703125 0.29685107421875 0.41164560546875 0.31472705078125 0.415476171875 0.3421794921875
0 0.52313095703125 0.2970107421875 0.52632314453125 0.30084130859375 0.53079208984375 0.31169453125 0.52983447265625 0.3276552734375 0.5215349609375 0.34776572265625 0.503658984375 0.3669185546875 0.469822265625 0.36117265625 0.4449236328125 0.34521201171875 0.42864375 0.33084736328125 0.41779052734375 0.31903642578125 0.41810966796875 0.304991015625 0.4254515625 0.2954146484375 0.4244939453125 0.2816884765625 0.4327935546875 0.2679623046875 0.44939267578125 0.25583212890625 0.469822265625 0.25519375 0.481633203125 0.26349326171875 0.500466796875 0.2781771484375 0.52313095703125 0.2970107421875
0 0.31915341796875 0.246575 0.32106875 0.24817099609375 0.33447568359375 0.26413173828125 0.33926396484375 0.29222255859375 0.3287298828125 0.313290625 0.31085390625 0.32414384765625 0.295531640625 0.319994140625 0.26456787109375 0.30435263671875 0.25562998046875 0.2749849609375 0.26999453125 0.258705078125 0.3015966796875 0.250086328125 0.31915341796875 0.246575
0 0.41715205078125 0.25934345703125 0.41874814453125 0.26221640625 0.423536328125 0.2730697265625 0.4280052734375 0.28711513671875 0.4174712890625 0.30435263671875 0.4005529296875 0.3091408203125 0.38810361328125 0.2973298828125 0.38395380859375 0.27402734375 0.40853330078125 0.25902431640625 0.41715205078125 0.25934345703125
0 0.768287109375 0.22742216796875 0.7676486328125 0.2338064453125 0.75232646484375 0.25998193359375 0.7331736328125 0.27977314453125 0.70316748046875 0.30084130859375 0.65081650390625 0.30020283203125 0.621448828125 0.2389138671875 0.63485576171875 0.20890771484375 0.6642234375 0.1852859375 0.73125830078125 0.1897548828125 0.768287109375 0.22742216796875
0 0.61757412109375 0.19353876953125 0.61470966796875 0.2361470703125 0.6361927734375 0.30668330078125 0.59251044921875 0.29343544921875 0.56243408203125 0.33425341796875 0.5352220703125 0.29988037109375 0.48724306640625 0.26156875 0.50586171875 0.21394775390625 0.50657783203125 0.1638205078125 0.569953125 0.1423373046875 0.61757412109375 0.19353876953125
0 0.41419931640625 0.24960751953125 0.40015390625 0.25726865234375 0.3752552734375 0.27833671875 0.35291025390625 0.2757830078125 0.32545791015625 0.25918388671875 0.31013564453125 0.232369921875 0.3037513671875 0.2042791015625 0.3146046875 0.1902337890625 0.3324806640625 0.17554990234375 0.34844130859375 0.17299619140625 0.37142470703125 0.174273046875 0.3873853515625 0.18576474609375 0.4110072265625 0.21321708984375 0.41419931640625 0.24960751953125
0 0.49368349609375 0.2279009765625 0.492406640625 0.22917783203125 0.483787890625 0.23588125 0.47229619140625 0.24705380859375 0.46367744140625 0.25471494140625 0.44899365234375 0.25407646484375 0.433990625 0.252799609375 0.42377578125 0.24641533203125 0.4164337890625 0.23683896484375 0.42090283203125 0.225347265625 0.42186044921875 0.21640927734375 0.424094921875 0.203321484375 0.42601025390625 0.19087216796875 0.43558662109375 0.1784228515625 0.44133251953125 0.16852724609375 0.447716796875 0.16214296875 0.4691041015625 0.16182373046875 0.483787890625 0.17108095703125 0.49942939453125 0.1886376953125 0.49368349609375 0.2279009765625
0 0.64315537109375 0.11378203125 0.64666669921875 0.1246353515625 0.6444322265625 0.14570341796875 0.6393248046875 0.17730556640625 0.61346845703125 0.18241298828125 0.58729296875 0.161344921875 0.58027021484375 0.12591220703125 0.58952744140625 0.10899384765625 0.6147453125 0.0990982421875 0.64315537109375 0.11378203125
0 0.75424169921875 0.1450650390625 0.75615693359375 0.1501724609375 0.75424169921875 0.1706021484375 0.7255125 0.18656279296875 0.6993369140625 0.18911650390625 0.67060771484375 0.17634794921875 0.652093359375 0.1418728515625 0.65847763671875 0.11314365234375 0.68018408203125 0.08824501953125 0.69869853515625 0.0869681640625 0.73700419921875 0.10803623046875 0.75424169921875 0.1450650390625
0 0.49512001953125 0.12671025390625 0.49192783203125 0.1375634765625 0.47149814453125 0.1599083984375 0.412762890625 0.16948486328125 0.371903515625 0.15160888671875 0.36615771484375 0.1152185546875 0.39041787109375 0.097342578125 0.4357462890625 0.087127734375 0.48682041015625 0.08329716796875 0.49512001953125 0.12671025390625
0 0.54643359375 0.09031982421875 0.54691240234375 0.09351201171875 0.5481892578125 0.09766181640625 0.5489873046875 0.11729345703125 0.53653798828125 0.1401171875 0.5081279296875 0.14809755859375 0.49823232421875 0.12830625 0.49296533203125 0.0998962890625 0.4967958984375 0.073720703125 0.50924521484375 0.061590625 0.532707421875 0.0659 0.54643359375 0.09031982421875
0 0.59910380859375 0.06206943359375 0.6054880859375 0.0649423828125 0.61921435546875 0.07451875 0.62655625 0.08824501953125 0.6153837890625 0.098140625 0.594315625 0.0959060546875 0.5470720703125 0.08313759765625 0.55026416015625 0.05887734375 0.56814013671875 0.050577734375 0.59910380859375 0.06206943359375
0 0.98686865234375 0.06957099609375 0.98495341796875 0.08042421875 0.9811228515625 0.095746484375 0.9626083984375 0.098938671875 0.947924609375 0.08680849609375 0.93643291015625 0.06893251953125 0.91855693359375 0.052971875 0.90642685546875 0.037649609375 0.89557353515625 0.01083564453125 0.89756962890625 0 0.9990234375 0 0.9990234375 0.06696640625 0.98686865234375 0.06957099609375
0 0.901955859375 0.02318017578125 0.89406845703125 0.084307421875 0.8566033203125 0.10796962890625 0.77378564453125 0.04684228515625 0.7520953125 0.0133208984375 0.75801572265625 0 0.89280576171875 0 0.901955859375 0.02318017578125
0 0.7117064453125 0.00381298828125 0.70787587890625 0.01498544921875 0.69989560546875 0.02807314453125 0.69223447265625 0.04403388671875 0.680104296875 0.061590625 0.67882744140625 0.07403994140625 0.666378125 0.08585087890625 0.6568017578125 0.09095830078125 0.64020263671875 0.08233955078125 0.6245611328125 0.0734015625 0.603173828125 0.0657404296875 0.58657470703125 0.05871767578125 0.570933203125 0.04499150390625 0.56039921875 0.03030771484375 0.55401494140625 0.0232849609375 0.54316162109375 0.00892041015625 0.54353642578125 0 0.7120115234375 0 0.7117064453125 0.00381298828125
0 0.15563623046875 0.00892041015625 0.14957119140625 0.00221689453125 0.14957119140625 0 0.27541748046875 0 0.2711916015625 0.0028552734375 0.25969990234375 0.008601171875 0.2328859375 0.02424267578125 0.2095833984375 0.02200810546875 0.1834078125 0.01690068359375 0.15627470703125 0.005408984375 0.15563623046875 0.00892041015625