0 0.4919111328125 0.93242705078125 0.4843671875 0.96637490234375 0.48059521484375 0.985234765625 0.47248427734375 0.9990234375 0.2649025390625 0.9990234375 0.22787216796875 0.98712080078125 0.2184421875 0.9720328125 0.2184421875 0.9644888671875 0.20712626953125 0.90602314453125 0.22221416015625 0.81360947265625 0.27502197265625 0.75325771484375 0.33348779296875 0.743827734375 0.4108134765625 0.7513716796875 0.4504193359375 0.78154755859375 0.4919111328125 0.93242705078125
0 0.84081982421875 0.585404296875 0.844591796875 0.5929482421875 0.8559078125 0.6325541015625 0.86156572265625 0.6589580078125 0.86156572265625 0.66272998046875 0.8106439453125 0.70044990234375 0.7691521484375 0.70044990234375 0.72766025390625 0.66272998046875 0.7031423828125 0.6193521484375 0.73520419921875 0.5778603515625 0.8031 0.559000390625 0.84081982421875 0.585404296875
0 0.94643544921875 0.719309765625 0.93323349609375 0.71553779296875 0.91248759765625 0.6853619140625 0.90117158203125 0.67404599609375 0.8898556640625 0.65518603515625 0.8766537109375 0.62501015625 0.86156572265625 0.59483427734375 0.86722373046875 0.5665443359375 0.89174169921875 0.53448251953125 0.93511953125 0.50996455078125 0.98792724609375 0.48921865234375 0.9990234375 0.48763349609375 0.9990234375 0.72925888671875 0.94643544921875 0.719309765625
0 0.8634517578125 0.58163232421875 0.8502498046875 0.57031640625 0.79367001953125 0.5382544921875 0.77858212890625 0.506192578125 0.7559501953125 0.46658671875 0.75972216796875 0.44206884765625 0.79367001953125 0.40057705078125 0.8351619140625 0.36097119140625 0.88231171875 0.35719912109375 0.93700546875 0.38360302734375 0.96529541015625 0.41189296875 0.9822693359375 0.46092880859375 0.96529541015625 0.48733271484375 0.921917578125 0.51750859375 0.88608369140625 0.5439125 0.8634517578125 0.58163232421875
0 0.99629638671875 0.3906755859375 0.994174609375 0.3737015625 0.982505078125 0.343997265625 0.98674853515625 0.32914501953125 0.9990234375 0.30693330078125 0.9990234375 0.3974931640625 0.99629638671875 0.3906755859375
0 0.0138119140625 0.46894423828125 0.0006099609375 0.48214619140625 0 0.48290869140625 0 0.21006083984375 0.0006099609375 0.21056318359375 0.0119259765625 0.2463970703125 0.02889990234375 0.31429287109375 0.0138119140625 0.46894423828125
0 0.85626142578125 0.318536328125 0.8541396484375 0.323840625 0.8361048828125 0.355666796875 0.8233744140625 0.37264072265625 0.81170478515625 0.380066796875 0.7862439453125 0.392797265625 0.75123515625 0.39810166015625 0.708800390625 0.36733642578125 0.67273076171875 0.32596240234375 0.658939453125 0.30686669921875 0.66954814453125 0.2845884765625 0.6918263671875 0.2654927734375 0.70667861328125 0.2591275390625 0.75972216796875 0.23578837890625 0.79367001953125 0.23260576171875 0.82867880859375 0.2400318359375 0.85626142578125 0.318536328125
0 0.9793224609375 0.30050146484375 0.96553115234375 0.31641455078125 0.94961806640625 0.33232763671875 0.93052236328125 0.35142333984375 0.91885283203125 0.35991025390625 0.89657451171875 0.3588494140625 0.87217451171875 0.3524841796875 0.86156572265625 0.33551025390625 0.8541396484375 0.31111025390625 0.8414091796875 0.26973623046875 0.8605048828125 0.2410927734375 0.8796005859375 0.2336666015625 0.9230962890625 0.2283623046875 0.97507900390625 0.23791015625 0.9793224609375 0.30050146484375
0 0.37568681640625 0.3217189453125 0.37038251953125 0.30686669921875 0.39478251953125 0.26018837890625 0.4404 0.231544921875 0.47965224609375 0.2251796875 0.51360009765625 0.2347275390625 0.52845224609375 0.24851884765625 0.5305740234375 0.275040625 0.51996533203125 0.29731884765625 0.4923826171875 0.31429287109375 0.48177392578125 0.31959716796875 0.4372173828125 0.342936328125 0.37568681640625 0.3217189453125
0 0.97720068359375 0.25700576171875 0.9474962890625 0.230483984375 0.91142666015625 0.2029013671875 0.9167310546875 0.181683984375 0.9411310546875 0.15091865234375 0.98993115234375 0.14455341796875 0.9990234375 0.1455005859375 0.9990234375 0.26518935546875 0.97720068359375 0.25700576171875
0 0.2398953125 0.13924912109375 0.24201708984375 0.1594056640625 0.258991015625 0.1594056640625 0.30460849609375 0.16152744140625 0.30460849609375 0.1838056640625 0.31415634765625 0.2251796875 0.3067302734375 0.2591275390625 0.28020849609375 0.27610146484375 0.2494431640625 0.28246669921875 0.22822578125 0.26761455078125 0.22292138671875 0.22942314453125 0.1995822265625 0.1965361328125 0.16669521484375 0.21032744140625 0.14866044921875 0.2219970703125 0.1380517578125 0.20502314453125 0.133808203125 0.18274482421875 0.12850390625 0.14243173828125 0.1380517578125 0.1095447265625 0.1444169921875 0.09257080078125 0.1560865234375 0.0745359375 0.20488662109375 0.05225771484375 0.2398953125 0.05862294921875 0.258991015625 0.0713533203125 0.2558083984375 0.11272734375 0.2398953125 0.13924912109375
0 0.76820908203125 0.17001435546875 0.770330859375 0.19759697265625 0.76184384765625 0.20820576171875 0.73213955078125 0.2209361328125 0.71940908203125 0.231544921875 0.6918263671875 0.25064052734375 0.6557568359375 0.26973623046875 0.64726982421875 0.26973623046875 0.57725234375 0.2718580078125 0.5390609375 0.25488408203125 0.5178435546875 0.20820576171875 0.54118271484375 0.13606650390625 0.58786103515625 0.019370703125 0.62429638671875 0 0.7591818359375 0 0.76820908203125 0.17001435546875
0 0.47222607421875 0.05119677734375 0.46904345703125 0.05544033203125 0.41599990234375 0.11378818359375 0.4000869140625 0.099996875 0.37568681640625 0.07665771484375 0.36083466796875 0.06286640625 0.32794765625 0.031040234375 0.31946064453125 0.00133583984375 0.31959423828125 0 0.4921841796875 0 0.47222607421875 0.05119677734375
0 0.9973572265625 0.043770703125 0.994174609375 0.043770703125 0.9729572265625 0.0342228515625 0.97613984375 0.0225533203125 0.98356591796875 0.0034576171875 0.98460322265625 0 0.9990234375 0 0.9990234375 0.0440337890625 0.9973572265625 0.043770703125
0 0.5369392578125 0.00770107421875 0.5298798828125 0 0.61195595703125 0 0.56664365234375 0.024675 0.5369392578125 0.00770107421875