0 0.49821142578125 0.996294921875 0.53509306640625 0.99461845703125 0.53993857421875 0.9990234375 0.4958466796875 0.9990234375 0.49821142578125 0.996294921875
0 0.75638291015625 0.996294921875 0.76476513671875 0.9879126953125 0.78320595703125 0.9778541015625 0.81002890625 0.974501171875 0.846910546875 0.969471875 0.92235029296875 0.969471875 0.93073251953125 0.97617763671875 0.93073251953125 0.9990234375 0.7539955078125 0.9990234375 0.75638291015625 0.996294921875
0 0.95032587890625 0.9924181640625 0.95535517578125 0.979006640625 0.94697294921875 0.96978623046875 0.967928515625 0.95721298828125 0.9704431640625 0.94883076171875 0.967928515625 0.93541923828125 0.988883984375 0.931228125 0.9990234375 0.93336279296875 0.9990234375 0.9990234375 0.96551806640625 0.9990234375 0.95032587890625 0.9924181640625
0 0.54965712890625 0.98235947265625 0.5798330078125 0.9186548828125 0.58150947265625 0.86836171875 0.61839111328125 0.8398623046875 0.6385083984375 0.841538671875 0.651919921875 0.85662666015625 0.66030205078125 0.86500888671875 0.66030205078125 0.90691982421875 0.651919921875 0.92033134765625 0.68209580078125 0.915301953125 0.74077109375 0.9186548828125 0.7726234375 0.9337427734375 0.7491533203125 0.95888935546875 0.7323888671875 0.97397734375 0.70221298828125 0.98235947265625 0.70045888671875 0.9990234375 0.55298994140625 0.9990234375 0.54965712890625 0.98235947265625
0 0.345376171875 0.9211345703125 0.36102294921875 0.90548779296875 0.35767001953125 0.88537060546875 0.381140234375 0.87642958984375 0.41690419921875 0.87754716796875 0.42696279296875 0.89431162109375 0.4046103515625 0.9121935546875 0.40796318359375 0.93454609375 0.43143330078125 0.92336982421875 0.4504330078125 0.9300755859375 0.43925673828125 0.9658396484375 0.41578662109375 0.99825078125 0.4151794921875 0.9990234375 0.34977275390625 0.9990234375 0.34649384765625 0.98372158203125 0.335317578125 0.9747806640625 0.33419990234375 0.961369140625 0.32861181640625 0.9390166015625 0.345376171875 0.9211345703125
0 0.44791826171875 0.97114833984375 0.46971201171875 0.94264892578125 0.46132978515625 0.91750234375 0.44791826171875 0.89570859375 0.44624189453125 0.86888564453125 0.4814470703125 0.8403861328125 0.52503447265625 0.82362177734375 0.57029833984375 0.82865107421875 0.59544482421875 0.8437390625 0.5552103515625 0.86888564453125 0.57532763671875 0.90744365234375 0.563592578125 0.932590234375 0.56191611328125 0.954383984375 0.546828125 0.97114833984375 0.5183287109375 0.98120693359375 0.48269580078125 0.9990234375 0.45231962890625 0.9990234375 0.44791826171875 0.97114833984375
0 0.19673203125 0.933428515625 0.19114384765625 0.92672275390625 0.18220283203125 0.91778173828125 0.19002626953125 0.90660546875 0.2012025390625 0.90325263671875 0.20902587890625 0.89431162109375 0.21908447265625 0.8887234375 0.21796689453125 0.87195908203125 0.23249599609375 0.85407705078125 0.23584892578125 0.8473712890625 0.24255458984375 0.8384302734375 0.253730859375 0.82613642578125 0.2704953125 0.82278359375 0.2760833984375 0.8283716796875 0.2939654296875 0.83507744140625 0.31520029296875 0.85407705078125 0.32861181640625 0.869723828125 0.31520029296875 0.8931939453125 0.3118474609375 0.9121935546875 0.2950830078125 0.9200169921875 0.26937763671875 0.925605078125 0.22690791015625 0.9390166015625 0.19673203125 0.933428515625
0 0.8036375 0.84572978515625 0.788549609375 0.821421484375 0.81285791015625 0.7945984375 0.79777001953125 0.76442255859375 0.8438720703125 0.7526875 0.8380044921875 0.74011416015625 0.8438720703125 0.72754091796875 0.84471025390625 0.72083515625 0.86650400390625 0.704908984375 0.8748861328125 0.70071787109375 0.90338564453125 0.70993828125 0.91092958984375 0.72251162109375 0.931046875 0.7392759765625 0.94278193359375 0.7443052734375 0.9595462890625 0.75604033203125 0.96876669921875 0.763584375 0.98301640625 0.7761576171875 0.98133994140625 0.7945984375 0.97128134765625 0.81387744140625 0.98133994140625 0.82980361328125 0.98301640625 0.842376953125 0.9729578125 0.8549501953125 0.957031640625 0.86165595703125 0.95535517578125 0.87255283203125 0.9385908203125 0.88261142578125 0.92685576171875 0.88847900390625 0.9008708984375 0.89853759765625 0.8799154296875 0.905243359375 0.87153330078125 0.87758212890625 0.862312890625 0.8708763671875 0.84806318359375 0.8759056640625 0.8036375 0.84572978515625
0 0.31327939453125 0.841538671875 0.30825009765625 0.80130419921875 0.31495576171875 0.7711283203125 0.32669091796875 0.75604033203125 0.34010234375 0.7342466796875 0.356866796875 0.71412939453125 0.38704267578125 0.71748232421875 0.3803369140625 0.747658203125 0.40380703125 0.75939326171875 0.3954248046875 0.7979513671875 0.3853662109375 0.80968642578125 0.3585431640625 0.83483291015625 0.34513173828125 0.8549501953125 0.31327939453125 0.841538671875
0 0.1825171875 0.76442255859375 0.1741349609375 0.72754091796875 0.19760517578125 0.70910009765625 0.2009580078125 0.6889828125 0.2378396484375 0.6655126953125 0.27639775390625 0.65377763671875 0.32669091796875 0.6755712890625 0.335073046875 0.70071787109375 0.33172021484375 0.7443052734375 0.30825009765625 0.78286337890625 0.29819140625 0.81136279296875 0.29986787109375 0.81974501953125 0.27807421875 0.82477431640625 0.23448681640625 0.8029806640625 0.1825171875 0.76442255859375
0 0.00984404296875 0.610190234375 0.00984404296875 0.642042578125 0.03331416015625 0.64036611328125 0.04169638671875 0.66718916015625 0.03331416015625 0.6873064453125 0.040019921875 0.71915869140625 0.0484021484375 0.73592314453125 0.01319697265625 0.73257021484375 0.0014619140625 0.73257021484375 0 0.7338859375 0 0.60526826171875 0.00984404296875 0.610190234375
0 0.251251171875 0.631983984375 0.27807421875 0.58839658203125 0.29483857421875 0.55654423828125 0.29651494140625 0.53475048828125 0.3015443359375 0.4995453125 0.366925390625 0.49283955078125 0.408836328125 0.50625107421875 0.44404150390625 0.54648564453125 0.435659375 0.58001435546875 0.36524892578125 0.61521953125 0.34177880859375 0.631983984375 0.3166322265625 0.66215986328125 0.251251171875 0.631983984375
0 0.00481474609375 0.4073412109375 0.01319697265625 0.42745849609375 0.040019921875 0.44087001953125 0.03666708984375 0.4660166015625 0.0115205078125 0.48781025390625 0 0.50077080078125 0 0.403659375 0.00481474609375 0.4073412109375
0 0.00816767578125 0.39057685546875 0 0.38186474609375 0 0.32481435546875 0.01487333984375 0.29837275390625 0.04672568359375 0.28496123046875 0.07019580078125 0.2866376953125 0.081930859375 0.32184287109375 0.0903130859375 0.33525439453125 0.0953423828125 0.36375380859375 0.0953423828125 0.378841796875 0.0752251953125 0.39895908203125 0.0433728515625 0.4157234375 0.00816767578125 0.39057685546875
0 0.22610458984375 0.36878310546875 0.187546484375 0.35872451171875 0.14731201171875 0.357048046875 0.11043037109375 0.33190146484375 0.1171361328125 0.2916669921875 0.16239990234375 0.27154970703125 0.19760517578125 0.2497560546875 0.2378396484375 0.2229330078125 0.27136845703125 0.21455087890625 0.29986787109375 0.221256640625 0.33674951171875 0.23466806640625 0.3384259765625 0.27154970703125 0.3434552734375 0.305078515625 0.33004375 0.33022509765625 0.28142705078125 0.38387109375 0.22610458984375 0.36878310546875
0 0.02828486328125 0.26987333984375 0 0.3089333984375 0 0.25180244140625 0.02828486328125 0.26987333984375
0 0.3753076171875 0.19443359375 0.3535138671875 0.189404296875 0.3384259765625 0.1659341796875 0.34513173828125 0.1541990234375 0.335073046875 0.14581689453125 0.35519033203125 0.1173173828125 0.38871904296875 0.093847265625 0.42392431640625 0.093847265625 0.45745302734375 0.12402314453125 0.4490708984375 0.167610546875 0.4272771484375 0.1910806640625 0.40213056640625 0.21622724609375 0.3753076171875 0.19443359375
0 0.413865625 0.020083984375 0.42057138671875 0.09049443359375 0.4172185546875 0.09049443359375 0.33674951171875 0.16425771484375 0.33004375 0.2078451171875 0.27639775390625 0.231315234375 0.1858701171875 0.2078451171875 0.135576953125 0.19443359375 0.09198955078125 0.17431630859375 0.07857802734375 0.1072587890625 0.10204814453125 0.073730078125 0.08863662109375 0.010025390625 0.11202919921875 0 0.39601318359375 0 0.413865625 0.020083984375