0 0.25672138671875 0.99614892578125 0.32779970703125 0.98129677734375 0.3584185546875 0.9990234375 0.25544912109375 0.9990234375 0.25672138671875 0.99614892578125
0 0.392512890625 0.9887228515625 0.42115634765625 0.9802359375 0.44979990234375 0.979175 0.47487158203125 0.9990234375 0.38890771484375 0.9990234375 0.392512890625 0.9887228515625
0 0.02651240234375 0.93992275390625 0.0901646484375 0.9208271484375 0.12623427734375 0.9197662109375 0.15381689453125 0.9271923828125 0.168669140625 0.95053154296875 0.19094736328125 0.99614892578125 0.1908515625 0.9990234375 0 0.9990234375 0 0.9651095703125 0.02651240234375 0.93992275390625
0 0.5474 0.89006181640625 0.59301748046875 0.9080966796875 0.60893056640625 0.954775 0.61105234375 0.97493154296875 0.60271279296875 0.9990234375 0.46974140625 0.9990234375 0.49329560546875 0.91658359375 0.5474 0.89006181640625
0 0.217469140625 0.911279296875 0.29173017578125 0.898548828125 0.3585650390625 0.89748798828125 0.37766064453125 0.9579576171875 0.334684765625 0.9990234375 0.25483740234375 0.9990234375 0.21640830078125 0.9887228515625 0.217469140625 0.911279296875
0 0.4020607421875 0.87520966796875 0.4487390625 0.86566181640625 0.467834765625 0.898548828125 0.467834765625 0.9293140625 0.46571298828125 0.9515923828125 0.454043359375 0.96856630859375 0.43494775390625 0.979175 0.39675634765625 0.9823576171875 0.379782421875 0.9759923828125 0.3829650390625 0.90597490234375 0.4020607421875 0.87520966796875
0 0.9990234375 0.45790478515625 0.9990234375 0.61268876953125 0.97854423828125 0.61362822265625 0.9670525390625 0.611712890625 0.9619451171875 0.604690234375 0.9654564453125 0.59160244140625 0.95460322265625 0.59798671875 0.9399193359375 0.5989443359375 0.91980888671875 0.58298369140625 0.9175744140625 0.55904267578125 0.92140498046875 0.53510166015625 0.9210857421875 0.5252060546875 0.925235546875 0.514352734375 0.9405578125 0.50701083984375 0.94343076171875 0.49775361328125 0.94438837890625 0.483708203125 0.96322197265625 0.47700478515625 0.96928701171875 0.47030126953125 0.97439443359375 0.45753271484375 0.99227041015625 0.4556173828125 0.9990234375 0.45790478515625
0 0.94438837890625 0.50541474609375 0.92651240234375 0.50764921875 0.91310546875 0.50030732421875 0.9105517578125 0.50892607421875 0.92044736328125 0.5169064453125 0.91310546875 0.52903662109375 0.902890625 0.52744052734375 0.8910796875 0.53190947265625 0.88214169921875 0.5271212890625 0.87065 0.51882177734375 0.8594775390625 0.51307587890625 0.856923828125 0.50605322265625 0.8562853515625 0.4961576171875 0.85660458984375 0.488815625 0.85820068359375 0.47732392578125 0.85149716796875 0.47125888671875 0.8425591796875 0.463278515625 0.83872861328125 0.454659765625 0.8416015625 0.43774150390625 0.845112890625 0.42433447265625 0.846708984375 0.413800390625 0.846708984375 0.40358564453125 0.8527740234375 0.3975205078125 0.87256533203125 0.40294716796875 0.88916435546875 0.39624365234375 0.91310546875 0.3972013671875 0.9261931640625 0.399755078125 0.93513115234375 0.434230078125 0.94630361328125 0.4297611328125 0.957476171875 0.42912265625 0.96481806640625 0.4364646484375 0.9705638671875 0.46200166015625 0.96832939453125 0.4709396484375 0.96577568359375 0.47796240234375 0.94438837890625 0.47892001953125 0.94438837890625 0.50541474609375
0 0.99705859375 0.44237001953125 0.9961009765625 0.44141240234375 0.9909935546875 0.4375818359375 0.9890783203125 0.4273669921875 0.9890783203125 0.421301953125 0.984928515625 0.41842900390625 0.9839708984375 0.412683203125 0.9842900390625 0.40725654296875 0.98684375 0.3973609375 0.984928515625 0.3887421875 0.98460927734375 0.37980419921875 0.98460927734375 0.375016015625 0.98269404296875 0.3692701171875 0.9791826171875 0.36097060546875 0.98205556640625 0.34947890625 0.98843984375 0.3418177734375 0.9990234375 0.339171875 0.9990234375 0.447527734375 0.99705859375 0.44237001953125
0 0.90608271484375 0.306704296875 0.91533994140625 0.31181162109375 0.9313005859375 0.310534765625 0.94279228515625 0.3111732421875 0.94694208984375 0.31404619140625 0.9517302734375 0.323941796875 0.95460322265625 0.32904921875 0.95556083984375 0.33543349609375 0.95396474609375 0.34086015625 0.9533263671875 0.3478828125 0.95971064453125 0.3574591796875 0.96130673828125 0.36639716796875 0.96066826171875 0.37150458984375 0.95811455078125 0.37852734375 0.94949580078125 0.3845923828125 0.94119619140625 0.3881037109375 0.935450390625 0.38746533203125 0.9293853515625 0.38650771484375 0.92555478515625 0.39257275390625 0.9207666015625 0.3948072265625 0.90991328125 0.39544560546875 0.89810234375 0.39353037109375 0.8904412109375 0.39576484375 0.88724912109375 0.3973609375 0.87543818359375 0.4034259765625 0.86171201171875 0.4015107421875 0.853731640625 0.39608408203125 0.84192080078125 0.383634765625 0.84447451171875 0.3683125 0.8511779296875 0.3402216796875 0.8610736328125 0.32043046875 0.8783111328125 0.3156421875 0.8996984375 0.310215625 0.90608271484375 0.306704296875
0 0.95396474609375 0.27063310546875 0.9549224609375 0.271271484375 0.95619931640625 0.271271484375 0.95907216796875 0.2703138671875 0.96737177734375 0.26903701171875 0.96928701171875 0.26807939453125 0.97247919921875 0.26297197265625 0.9814171875 0.25435322265625 0.9823748046875 0.2565876953125 0.98269404296875 0.26776015625 0.9772673828125 0.27765576171875 0.9737560546875 0.2811671875 0.9721599609375 0.28180556640625 0.96960625 0.28595537109375 0.9686486328125 0.2888283203125 0.96832939453125 0.29138203125 0.9654564453125 0.29617021484375 0.95971064453125 0.30287373046875 0.9552416015625 0.30063916015625 0.95109189453125 0.306704296875 0.94279228515625 0.30798115234375 0.94215390625 0.30830029296875 0.93608876953125 0.31085400390625 0.92555478515625 0.312130859375 0.91693603515625 0.30989638671875 0.90959404296875 0.3070234375 0.906401953125 0.30638505859375 0.89937919921875 0.30861953125 0.8955486328125 0.3060658203125 0.89331416015625 0.30063916015625 0.8936333984375 0.2942548828125 0.89427177734375 0.28850908203125 0.892994921875 0.277975 0.8936333984375 0.26935625 0.8952294921875 0.2616951171875 0.89810234375 0.257226171875 0.9054443359375 0.25371474609375 0.91725517578125 0.25116103515625 0.92459716796875 0.25275712890625 0.9261931640625 0.25211875 0.93768486328125 0.24509599609375 0.95396474609375 0.27063310546875
0 0.99163203125 0.2189205078125 0.99578173828125 0.22817763671875 0.9990234375 0.234801953125 0.9990234375 0.27112705078125 0.993547265625 0.28180556640625 0.97982109375 0.27829423828125 0.98301318359375 0.264248828125 0.98109794921875 0.2549916015625 0.97599052734375 0.25914140625 0.9686486328125 0.2683986328125 0.95300712890625 0.2703138671875 0.9399193359375 0.25052265625 0.94438837890625 0.23328505859375 0.9568376953125 0.22275107421875 0.97279833984375 0.22179345703125 0.99163203125 0.2189205078125
0 0.9380041015625 0.21955888671875 0.9313005859375 0.2205166015625 0.92970458984375 0.2230703125 0.92970458984375 0.23296591796875 0.93417353515625 0.23392353515625 0.935450390625 0.2377541015625 0.9348119140625 0.24318076171875 0.93417353515625 0.2444576171875 0.92970458984375 0.24924580078125 0.9277892578125 0.25020341796875 0.91980888671875 0.2514802734375 0.90927490234375 0.25371474609375 0.902890625 0.25882216796875 0.89235654296875 0.26392958984375 0.88724912109375 0.26392958984375 0.8850146484375 0.262652734375 0.8818224609375 0.26105673828125 0.8732037109375 0.25882216796875 0.85820068359375 0.25850302734375 0.84479375 0.25339560546875 0.8476666015625 0.23009296875 0.8543701171875 0.22722001953125 0.87224609375 0.22275107421875 0.88309931640625 0.216366796875 0.90416748046875 0.21413232421875 0.9159783203125 0.20998251953125 0.923639453125 0.20104453125 0.93066220703125 0.19051044921875 0.93417353515625 0.1949794921875 0.944069140625 0.20934404296875 0.9380041015625 0.21955888671875
0 0.99578173828125 0.15954677734375 0.9990234375 0.1603923828125 0.9990234375 0.1959615234375 0.99833544921875 0.19721396484375 0.98301318359375 0.213174609375 0.97790576171875 0.22147421875 0.9533263671875 0.22115498046875 0.937046484375 0.20136376953125 0.92970458984375 0.1815724609375 0.9364080078125 0.15443935546875 0.95236875 0.14007470703125 0.97439443359375 0.15795068359375 0.99578173828125 0.15954677734375
0 0.97439443359375 0.1627388671875 0.95939140625 0.1458205078125 0.96322197265625 0.13049833984375 0.978225 0.1116646484375 0.9986546875 0.10783408203125 0.9990234375 0.1079248046875 0.9990234375 0.16055654296875 0.97439443359375 0.1627388671875
0 0.93944052734375 0.0877236328125 0.939759765625 0.0979384765625 0.94007900390625 0.0995345703125 0.9458248046875 0.10751494140625 0.94965537109375 0.1132607421875 0.9455056640625 0.12124111328125 0.94454794921875 0.13145595703125 0.94518642578125 0.13911708984375 0.94327109375 0.14613974609375 0.941355859375 0.14837421875 0.93305625 0.156673828125 0.92284140625 0.15795068359375 0.9132650390625 0.15156640625 0.90177333984375 0.1439052734375 0.89411220703125 0.1387978515625 0.8858126953125 0.13752099609375 0.87655546875 0.13815947265625 0.86346767578125 0.144862890625 0.854210546875 0.14677822265625 0.851018359375 0.1419900390625 0.84750703125 0.13241357421875 0.85133759765625 0.12124111328125 0.85804111328125 0.1097494140625 0.859637109375 0.1065572265625 0.86570224609375 0.0960232421875 0.88804716796875 0.07878564453125 0.91103056640625 0.06825166015625 0.93848291015625 0.067932421875 0.93944052734375 0.0877236328125
0 0.9705638671875 0.067932421875 0.98620537109375 0.09410791015625 0.98843984375 0.105599609375 0.97758662109375 0.1218794921875 0.95236875 0.13656337890625 0.945665234375 0.11038779296875 0.9431115234375 0.08453154296875 0.928427734375 0.0586751953125 0.9482189453125 0.05133330078125 0.9705638671875 0.067932421875
0 0.99035517578125 0.107195703125 0.97694814453125 0.07878564453125 0.9990234375 0.072641015625 0.9990234375 0.11000703125 0.99035517578125 0.107195703125
0 0.98524775390625 0.07303984375 0.9791826171875 0.05739833984375 0.9990234375 0.0378494140625 0.9990234375 0.07210908203125 0.98524775390625 0.07303984375
0 0.99817587890625 0.00025908203125 0.9990234375 0.00102783203125 0.9990234375 0.03822841796875 0.99211083984375 0.0449490234375 0.982215234375 0.0430337890625 0.97615009765625 0.03601103515625 0.972000390625 0.03090361328125 0.9595509765625 0.02356171875 0.958593359375 0.01621982421875 0.95827412109375 0.01366611328125 0.9509322265625 0.01015478515625 0.939759765625 0.0072818359375 0.932737109375 0.001216796875 0.92983037109375 0 0.99819794921875 0 0.99817587890625 0.00025908203125
0 0.62728310546875 0.96694130859375 0.69569345703125 0.9990234375 0.60918544921875 0.9990234375 0.62728310546875 0.96694130859375
0 0.6450001953125 0.83701826171875 0.69910458984375 0.85293134765625 0.7128958984375 0.89324443359375 0.7001654296875 0.924009765625 0.68743505859375 0.93780107421875 0.6503044921875 0.95583583984375 0.6195392578125 0.95053154296875 0.57498271484375 0.873087890625 0.6450001953125 0.83701826171875
0 0.58346962890625 0.78185302734375 0.63014794921875 0.7807921875 0.6513654296875 0.79140087890625 0.64924365234375 0.83383564453125 0.64075673828125 0.85080966796875 0.60574794921875 0.86247919921875 0.58559140625 0.86247919921875 0.553765234375 0.82216611328125 0.58346962890625 0.78185302734375
0 0.7139568359375 0.723505078125 0.7701830078125 0.72880947265625 0.81155693359375 0.75533125 0.76169599609375 0.80625302734375 0.71077421875 0.80943564453125 0.68106982421875 0.761696484375 0.7139568359375 0.723505078125
0 0.553765234375 0.70016591796875 0.61105234375 0.70122685546875 0.63757412109375 0.7139572265625 0.653487109375 0.73729638671875 0.6322697265625 0.76700078125 0.61105234375 0.78397470703125 0.57710439453125 0.79140087890625 0.5208783203125 0.760635546875 0.553765234375 0.70016591796875
0 0.56543486328125 0.65030498046875 0.61105234375 0.61953974609375 0.647121875 0.6301484375 0.67364365234375 0.6587919921875 0.6757654296875 0.686374609375 0.63120888671875 0.71607900390625 0.57392177734375 0.699105078125 0.56543486328125 0.65030498046875
0 0.74312412109375 0.53558046875 0.74567783203125 0.53589970703125 0.75477548828125 0.53957060546875 0.7586060546875 0.53988984375 0.760680859375 0.54052822265625 0.7621173828125 0.54387998046875 0.764990234375 0.546593359375 0.76690556640625 0.5469125 0.76850166015625 0.5475509765625 0.768182421875 0.549306640625 0.76690556640625 0.5585638671875 0.76786318359375 0.5663845703125 0.7605212890625 0.571332421875 0.75445625 0.5706939453125 0.74727392578125 0.574045703125 0.74120888671875 0.58058955078125 0.7384955078125 0.58505859375 0.73243046875 0.590166015625 0.72333291015625 0.58825068359375 0.71295849609375 0.578355078125 0.70880869140625 0.57260927734375 0.70114755859375 0.56255400390625 0.70290322265625 0.5545736328125 0.71088359375 0.542603125 0.7212580078125 0.53334599609375 0.74312412109375 0.53558046875
0 0.6744931640625 0.533984375 0.676727734375 0.537495703125 0.67736611328125 0.542283984375 0.67800458984375 0.5499451171875 0.68087744140625 0.56015986328125 0.6843888671875 0.56782099609375 0.6843888671875 0.56941708984375 0.68055830078125 0.57643984375 0.676727734375 0.581547265625 0.673535546875 0.5834625 0.6623630859375 0.5866546875 0.66108623046875 0.586973828125 0.65278671875 0.5892083984375 0.64736005859375 0.58825068359375 0.642891015625 0.58729306640625 0.63618759765625 0.5860162109375 0.62916484375 0.5860162109375 0.62373818359375 0.58729306640625 0.61480029296875 0.58569697265625 0.606819921875 0.5716515625 0.60745830078125 0.5639904296875 0.6093736328125 0.55409482421875 0.6144810546875 0.54387998046875 0.613842578125 0.5416455078125 0.61511943359375 0.53621884765625 0.6266111328125 0.5279193359375 0.6470408203125 0.52345029296875 0.65438271484375 0.5110009765625 0.6744931640625 0.533984375
0 0.664916796875 0.52696171875 0.66204384765625 0.518662109375 0.66523603515625 0.51036259765625 0.67481240234375 0.49089052734375 0.6776853515625 0.48131416015625 0.702583984375 0.482591015625 0.7102451171875 0.49440185546875 0.71662939453125 0.51802373046875 0.715991015625 0.52919619140625 0.71247958984375 0.54036865234375 0.705776171875 0.55058349609375 0.69875341796875 0.55920224609375 0.69205 0.5639904296875 0.68853857421875 0.5655865234375 0.6802390625 0.56239443359375 0.67864296875 0.5534564453125 0.6760892578125 0.54962587890625 0.67800458984375 0.54547607421875 0.6760892578125 0.53366513671875 0.664916796875 0.52696171875
0 0.6553404296875 0.4647150390625 0.6553404296875 0.4714185546875 0.6505521484375 0.4835486328125 0.64480634765625 0.48674072265625 0.64416787109375 0.49089052734375 0.6521482421875 0.5074896484375 0.65182900390625 0.51036259765625 0.65087138671875 0.5125970703125 0.64640244140625 0.52153505859375 0.63554912109375 0.52313115234375 0.6349107421875 0.52313115234375 0.63235703125 0.52504638671875 0.62597275390625 0.5314306640625 0.6163962890625 0.537495703125 0.60713916015625 0.53589970703125 0.5991587890625 0.52919619140625 0.58862470703125 0.51227783203125 0.5857517578125 0.50270146484375 0.583198046875 0.48993291015625 0.58511337890625 0.48163330078125 0.59437060546875 0.47205693359375 0.60458544921875 0.4631189453125 0.62533427734375 0.4640765625 0.62852646484375 0.4615228515625 0.642571875 0.4554578125 0.6553404296875 0.4647150390625
0 0.83888828125 0.414279296875 0.83856904296875 0.417790625 0.83856904296875 0.4340705078125 0.83793056640625 0.441731640625 0.8366537109375 0.45226572265625 0.83793056640625 0.46088447265625 0.840803515625 0.46567265625 0.8433572265625 0.4682263671875 0.8468685546875 0.46950322265625 0.8516568359375 0.47269541015625 0.8535720703125 0.47524912109375 0.8567642578125 0.48131416015625 0.8586794921875 0.4876984375 0.85995634765625 0.49440185546875 0.85804111328125 0.49759404296875 0.8500607421875 0.50206298828125 0.839207421875 0.51515078125 0.83441923828125 0.5244080078125 0.8312271484375 0.53174990234375 0.82643896484375 0.53781494140625 0.81909697265625 0.54387998046875 0.8178201171875 0.54547607421875 0.81303193359375 0.55409482421875 0.80856298828125 0.56175595703125 0.801540234375 0.56782099609375 0.78749482421875 0.579951171875 0.776003125 0.58218564453125 0.765469140625 0.56015986328125 0.76866123046875 0.55122197265625 0.77025732421875 0.54196474609375 0.77696083984375 0.5346228515625 0.781110546875 0.5263232421875 0.77983369140625 0.5228119140625 0.77536474609375 0.52345029296875 0.75908486328125 0.5221734375 0.7527005859375 0.51834287109375 0.74727392578125 0.5177044921875 0.74057041015625 0.521854296875 0.7383359375 0.5228119140625 0.72844033203125 0.51706611328125 0.72237529296875 0.5110009765625 0.71950234375 0.501424609375 0.7188638671875 0.49344423828125 0.7210984375 0.48674072265625 0.72269443359375 0.48163330078125 0.72524814453125 0.47716435546875 0.7239712890625 0.47205693359375 0.7236521484375 0.46535341796875 0.726205859375 0.45737314453125 0.72780185546875 0.45258486328125 0.73801669921875 0.443327734375 0.74408173828125 0.43885869140625 0.74823154296875 0.4359857421875 0.7495083984375 0.43023994140625 0.7527005859375 0.42609013671875 0.76578828125 0.42257880859375 0.77536474609375 0.42353642578125 0.776003125 0.41810986328125 0.7766416015625 0.41140634765625 0.79483671875 0.404064453125 0.80090185546875 0.404064453125 0.81367041015625 0.40374521484375 0.82420439453125 0.4066181640625 0.82931181640625 0.411087109375 0.83026943359375 0.41555615234375 0.83888828125 0.414279296875
0 0.71040478515625 0.48051611328125 0.6845484375 0.46870517578125 0.6666724609375 0.4588095703125 0.6555 0.44061435546875 0.65422314453125 0.4246537109375 0.66890693359375 0.4077353515625 0.69029423828125 0.4026279296875 0.70785107421875 0.40294716796875 0.7314728515625 0.40709697265625 0.7400916015625 0.4077353515625 0.75669072265625 0.40805458984375 0.776801171875 0.4048625 0.77871650390625 0.4048625 0.7828662109375 0.40901220703125 0.7803125 0.4195462890625 0.7675439453125 0.424015234375 0.74902958984375 0.42784580078125 0.7432837890625 0.43454931640625 0.737537890625 0.44380654296875 0.72923837890625 0.45082919921875 0.7228541015625 0.46519384765625 0.72349248046875 0.475089453125 0.7254078125 0.48147373046875 0.71583134765625 0.48306982421875 0.71040478515625 0.48051611328125
0 0.74535859375 0.365918359375 0.74727392578125 0.37038740234375 0.7578080078125 0.37900615234375 0.7632345703125 0.3821982421875 0.76961884765625 0.386348046875 0.77791845703125 0.3889017578125 0.77887607421875 0.39592451171875 0.774087890625 0.40039345703125 0.7705765625 0.40198955078125 0.76610751953125 0.40326640625 0.7597232421875 0.4048625 0.7511044921875 0.4077353515625 0.74025126953125 0.4093314453125 0.73354775390625 0.4077353515625 0.7271634765625 0.40805458984375 0.7204599609375 0.4074162109375 0.7137564453125 0.40613935546875 0.70737216796875 0.405181640625 0.69364599609375 0.40198955078125 0.68087744140625 0.3956052734375 0.67577001953125 0.38666728515625 0.677046875 0.37294111328125 0.67736611328125 0.360491796875 0.6792814453125 0.3496384765625 0.69776376953125 0.36203427734375 0.71092158203125 0.3558208984375 0.719693359375 0.3547244140625 0.74535859375 0.365918359375
0 0.82324677734375 0.31947275390625 0.81909697265625 0.32777236328125 0.8175009765625 0.332560546875 0.81813935546875 0.3335181640625 0.82484287109375 0.335752734375 0.82643896484375 0.34086015625 0.82835419921875 0.351075 0.83026943359375 0.3622474609375 0.8261197265625 0.37150458984375 0.82324677734375 0.37405830078125 0.81367041015625 0.38331552734375 0.80664765625 0.3896998046875 0.7989865234375 0.393849609375 0.7878140625 0.39289189453125 0.77440712890625 0.38682685546875 0.75397744140625 0.3743775390625 0.7444009765625 0.3622474609375 0.74663544921875 0.3488404296875 0.75142373046875 0.33543349609375 0.74727392578125 0.3229841796875 0.75940400390625 0.30893876953125 0.78589873046875 0.3025544921875 0.81367041015625 0.3044697265625 0.82324677734375 0.31947275390625
0 0.58495380859375 0.28068837890625 0.59963759765625 0.27398486328125 0.611129296875 0.27590009765625 0.622940234375 0.28004990234375 0.6306013671875 0.2797306640625 0.63666640625 0.278773046875 0.65103095703125 0.2768578125 0.660607421875 0.28611494140625 0.66028818359375 0.29728740234375 0.66252265625 0.30814072265625 0.66571484375 0.31739794921875 0.667630078125 0.32154765625 0.672418359375 0.32793193359375 0.672418359375 0.3343162109375 0.67985458984375 0.3362669921875 0.6800794921875 0.3435734375 0.67752578125 0.35761884765625 0.67369521484375 0.37485634765625 0.670822265625 0.38347509765625 0.6698646484375 0.38762490234375 0.660607421875 0.38092138671875 0.65103095703125 0.38826337890625 0.6436890625 0.39624365234375 0.633155078125 0.4048625 0.62517470703125 0.40965068359375 0.61751357421875 0.4109275390625 0.611129296875 0.4102890625 0.60314892578125 0.40869306640625 0.59580703125 0.40645849609375 0.5916572265625 0.4023087890625 0.59899912109375 0.3924130859375 0.6002759765625 0.3873056640625 0.5913380859375 0.38155986328125 0.5865498046875 0.38060224609375 0.58399609375 0.37836767578125 0.58399609375 0.3608109375 0.58942275390625 0.35187294921875 0.593891796875 0.34516953125 0.5814423828125 0.299202734375 0.58495380859375 0.28068837890625
0 0.71662939453125 0.2794115234375 0.711202734375 0.28611494140625 0.7134373046875 0.2915416015625 0.722069140625 0.2905802734375 0.7333994140625 0.3035552734375 0.7453693359375 0.31150478515625 0.7462830078125 0.321555859375 0.74774501953125 0.3372720703125 0.7398869140625 0.35755693359375 0.7203330078125 0.3535365234375 0.695936328125 0.35600361328125 0.68095107421875 0.32987080078125 0.67385478515625 0.319632421875 0.6639591796875 0.3087791015625 0.65821328125 0.2899455078125 0.661724609375 0.2746232421875 0.66970498046875 0.25802412109375 0.693965234375 0.24493642578125 0.71731767578125 0.2545791015625 0.71662939453125 0.2794115234375
0 0.896187109375 0.2797306640625 0.8901220703125 0.28675341796875 0.8910796875 0.2880302734375 0.89331416015625 0.2940953125 0.8955486328125 0.30909833984375 0.8920373046875 0.31484423828125 0.87511904296875 0.31675947265625 0.85820068359375 0.3237822265625 0.85564697265625 0.32473984375 0.84990107421875 0.32761279296875 0.84319765625 0.33016650390625 0.83457890625 0.3317625 0.8269177734375 0.3272935546875 0.824683203125 0.3241013671875 0.8186181640625 0.3138865234375 0.81223388671875 0.30207568359375 0.8135107421875 0.2829228515625 0.81989501953125 0.27494248046875 0.83074833984375 0.27398486328125 0.838090234375 0.271750390625 0.84032470703125 0.26983505859375 0.8416015625 0.26536611328125 0.84798583984375 0.2573857421875 0.85820068359375 0.256428125 0.865542578125 0.258343359375 0.87448056640625 0.2608970703125 0.88820673828125 0.26313154296875 0.896187109375 0.2797306640625
0 0.7809509765625 0.24349990234375 0.7793548828125 0.2489265625 0.77791845703125 0.2600990234375 0.78318544921875 0.265046875 0.7876544921875 0.2616951171875 0.78988896484375 0.25179951171875 0.79770966796875 0.24254228515625 0.80122099609375 0.24254228515625 0.803136328125 0.25004384765625 0.80553046875 0.258343359375 0.80712646484375 0.265844921875 0.80856298828125 0.27318681640625 0.80824375 0.282284375 0.80600927734375 0.29217998046875 0.8050515625 0.2982451171875 0.80425361328125 0.29984111328125 0.80265751953125 0.300798828125 0.79770966796875 0.3027140625 0.78845244140625 0.30478896484375 0.7785568359375 0.3052677734375 0.77009765625 0.3052677734375 0.76259619140625 0.30718310546875 0.753658203125 0.311013671875 0.7479123046875 0.3119712890625 0.7408896484375 0.3087791015625 0.73195166015625 0.299202734375 0.72812109375 0.2940953125 0.71982158203125 0.2837208984375 0.7153525390625 0.274463671875 0.7167890625 0.26648330078125 0.71838505859375 0.2589818359375 0.7236521484375 0.25163984375 0.72524814453125 0.24685166015625 0.7333880859375 0.23823291015625 0.74456064453125 0.229294921875 0.76435185546875 0.230891015625 0.77472626953125 0.23631767578125 0.7809509765625 0.24349990234375
0 0.84527255859375 0.261535546875 0.8398458984375 0.27079267578125 0.83186552734375 0.2743041015625 0.81526640625 0.27302724609375 0.8040939453125 0.25291669921875 0.803136328125 0.24078662109375 0.814947265625 0.22897568359375 0.828992578125 0.22035693359375 0.840803515625 0.2283373046875 0.84527255859375 0.261535546875
0 0.82596005859375 0.16401572265625 0.82244873046875 0.17071923828125 0.82053349609375 0.1796572265625 0.82085263671875 0.1847646484375 0.824683203125 0.1968947265625 0.8304291015625 0.20583271484375 0.83138671875 0.21094013671875 0.83010986328125 0.21413232421875 0.82564091796875 0.22147421875 0.816064453125 0.22275107421875 0.80616884765625 0.22530478515625 0.8048919921875 0.22626240234375 0.79850771484375 0.2310505859375 0.78478154296875 0.2316890625 0.779993359375 0.228496875 0.7803125 0.22115498046875 0.78222783203125 0.2138130859375 0.78414306640625 0.20423662109375 0.7809509765625 0.197533203125 0.77616279296875 0.19466025390625 0.77137451171875 0.1908296875 0.76945927734375 0.19242578125 0.7656287109375 0.1984908203125 0.76339423828125 0.2000869140625 0.757967578125 0.195937109375 0.7586060546875 0.18508388671875 0.76435185546875 0.1745498046875 0.77360908203125 0.1659310546875 0.78414306640625 0.15890830078125 0.80106142578125 0.1531625 0.82085263671875 0.1560353515625 0.82596005859375 0.16401572265625
0 0.697157421875 0.16146201171875 0.69779580078125 0.17774189453125 0.70130712890625 0.192744921875 0.7051376953125 0.20168291015625 0.7102451171875 0.20679033203125 0.71247958984375 0.20998251953125 0.7137564453125 0.21764365234375 0.71247958984375 0.22211259765625 0.70896826171875 0.2256240234375 0.69907265625 0.232008203125 0.6946037109375 0.23296591796875 0.68502724609375 0.232008203125 0.6744931640625 0.23551962890625 0.67002421875 0.24158466796875 0.6674705078125 0.24573447265625 0.65757490234375 0.24828818359375 0.64480634765625 0.245415234375 0.63618759765625 0.24158466796875 0.627249609375 0.23551962890625 0.6215037109375 0.2205166015625 0.61735400390625 0.21253623046875 0.61065048828125 0.2122169921875 0.6017125 0.21253623046875 0.58862470703125 0.204555859375 0.58958232421875 0.1933833984375 0.6010740234375 0.17678427734375 0.61511943359375 0.1704 0.63363388671875 0.16465419921875 0.6419333984375 0.15188564453125 0.65853251953125 0.1387978515625 0.6796005859375 0.1327328125 0.697157421875 0.16146201171875
0 0.75222177734375 0.18189169921875 0.75254091796875 0.18189169921875 0.7554138671875 0.1866798828125 0.757967578125 0.194341015625 0.76339423828125 0.197533203125 0.77041689453125 0.19817158203125 0.7691400390625 0.2051943359375 0.759563671875 0.2106208984375 0.74743349609375 0.21828203125 0.73977236328125 0.2173244140625 0.7282806640625 0.21253623046875 0.71646982421875 0.2055134765625 0.7110431640625 0.2004060546875 0.70210517578125 0.18540302734375 0.7024244140625 0.1662501953125 0.72253486328125 0.158269921875 0.75222177734375 0.18189169921875
0 0.92667197265625 0.1933833984375 0.9244375 0.19721396484375 0.9199685546875 0.2051943359375 0.9151802734375 0.21157861328125 0.90560390625 0.2122169921875 0.89762353515625 0.2138130859375 0.88453583984375 0.2189205078125 0.868255859375 0.22977373046875 0.84527255859375 0.22115498046875 0.8331423828125 0.2138130859375 0.821969921875 0.18923359375 0.821969921875 0.17933798828125 0.82133154296875 0.1710384765625 0.825162109375 0.163696484375 0.8372921875 0.15954677734375 0.8484646484375 0.15986591796875 0.85133759765625 0.1576314453125 0.857721875 0.14869345703125 0.86793671875 0.139436328125 0.89762353515625 0.1419900390625 0.9132650390625 0.15156640625 0.9269912109375 0.16465419921875 0.92667197265625 0.1933833984375
0 0.76084052734375 0.0995345703125 0.7656287109375 0.104003515625 0.76786318359375 0.1097494140625 0.7672248046875 0.1167720703125 0.76786318359375 0.12794462890625 0.77456669921875 0.13847861328125 0.77967412109375 0.1455013671875 0.779993359375 0.1499703125 0.778397265625 0.1585890625 0.77456669921875 0.1643349609375 0.76594794921875 0.17167685546875 0.7605212890625 0.17678427734375 0.75445625 0.18029560546875 0.74296455078125 0.17582666015625 0.73785712890625 0.168484765625 0.73115361328125 0.16146201171875 0.71998115234375 0.15795068359375 0.70880869140625 0.1455013671875 0.7040205078125 0.13432890625 0.71295849609375 0.12124111328125 0.72413095703125 0.1046419921875 0.74200693359375 0.0979384765625 0.76084052734375 0.0995345703125
0 0.8261197265625 0.0800625 0.8280349609375 0.0739974609375 0.830588671875 0.0724013671875 0.839207421875 0.07080537109375 0.84814541015625 0.07144375 0.8551681640625 0.07303984375 0.85931796875 0.0746359375 0.866340625 0.0822970703125 0.86921357421875 0.09123505859375 0.86921357421875 0.0944271484375 0.868255859375 0.09570400390625 0.86251005859375 0.10272666015625 0.857721875 0.11006865234375 0.8535720703125 0.11709130859375 0.8516568359375 0.129221484375 0.85389130859375 0.1423091796875 0.851018359375 0.14709736328125 0.843995703125 0.15188564453125 0.84016513671875 0.1525240234375 0.82931181640625 0.14965107421875 0.8210123046875 0.14422451171875 0.811755078125 0.1387978515625 0.80441318359375 0.1419900390625 0.78909091796875 0.15539697265625 0.7801529296875 0.15124716796875 0.77217255859375 0.13656337890625 0.76610751953125 0.12251796875 0.76355380859375 0.11198388671875 0.76929970703125 0.10496123046875 0.77791845703125 0.09378876953125 0.79355986328125 0.086766015625 0.7970712890625 0.076551171875 0.80537080078125 0.057717578125 0.8261197265625 0.0800625
0 0.58192119140625 0.03920322265625 0.58830546875 0.035691796875 0.60043564453125 0.03760712890625 0.60905439453125 0.0551638671875 0.61416181640625 0.05261015625 0.625653515625 0.047502734375 0.6368259765625 0.05197177734375 0.647679296875 0.0535677734375 0.651190625 0.07112451171875 0.6607669921875 0.09059658203125 0.66459755859375 0.0807009765625 0.671939453125 0.0755935546875 0.68151591796875 0.07846650390625 0.693965234375 0.08804287109375 0.692369140625 0.1116646484375 0.69332685546875 0.12794462890625 0.6914115234375 0.13305205078125 0.6760892578125 0.13337119140625 0.66715126953125 0.13560576171875 0.64480634765625 0.14869345703125 0.62629189453125 0.14709736328125 0.62341904296875 0.155077734375 0.6061814453125 0.15124716796875 0.598201171875 0.16561181640625 0.5854326171875 0.16305810546875 0.58192119140625 0.03920322265625
0 0.79770966796875 0.06984765625 0.79515595703125 0.0746359375 0.79419833984375 0.08548916015625 0.791325390625 0.08804287109375 0.7801529296875 0.09315029296875 0.7785568359375 0.0995345703125 0.7715341796875 0.103684375 0.76195771484375 0.10336513671875 0.7546158203125 0.095384765625 0.74887001953125 0.09666162109375 0.73673984375 0.0979384765625 0.726205859375 0.1011306640625 0.70801064453125 0.09155419921875 0.71152197265625 0.0771896484375 0.7092875 0.06410185546875 0.7169486328125 0.05229091796875 0.71503330078125 0.0481412109375 0.7210984375 0.03249970703125 0.7389744140625 0.02898837890625 0.752062109375 0.02068876953125 0.7581271484375 0.0210080078125 0.77376865234375 0.0337765625 0.7868564453125 0.030265234375 0.80377470703125 0.02930751953125 0.8123935546875 0.0414376953125 0.803136328125 0.057717578125 0.79770966796875 0.06984765625
0 0.917733984375 0.00025908203125 0.919330078125 0.006643359375 0.9199685546875 0.006643359375 0.93146025390625 0.0056857421875 0.93944052734375 0.0072818359375 0.9423134765625 0.00951630859375 0.94103662109375 0.0165390625 0.93465234375 0.0245193359375 0.9269912109375 0.0280306640625 0.9202876953125 0.03186123046875 0.9151802734375 0.04271455078125 0.912307421875 0.05261015625 0.91198818359375 0.0602712890625 0.90943447265625 0.0672939453125 0.89858125 0.07272060546875 0.880066796875 0.07782802734375 0.86953271484375 0.07687041015625 0.86921357421875 0.067932421875 0.86921357421875 0.05803681640625 0.86251005859375 0.05995205078125 0.85325283203125 0.06314423828125 0.8372921875 0.057717578125 0.82420439453125 0.045906640625 0.82420439453125 0.0277115234375 0.82771572265625 0.01526220703125 0.8296310546875 0.00440888671875 0.8302462890625 0 0.91770439453125 0 0.917733984375 0.00025908203125
0 0.7424857421875 0.00632421875 0.7383359375 0.0072818359375 0.7357822265625 0.00760107421875 0.731632421875 0.00792021484375 0.723013671875 0.0072818359375 0.7134373046875 0.00313203125 0.71164755859375 0 0.747295703125 0 0.7424857421875 0.00632421875
0 0.63163876953125 0.000179296875 0.61791259765625 0.003371484375 0.60961298828125 0.0008177734375 0.6089935546875 0 0.631803125 0 0.63163876953125 0.000179296875
0 0.13896474609375 0.79988779296875 0.18246044921875 0.85080966796875 0.16230390625 0.898548828125 0.1463908203125 0.911279296875 0.0742515625 0.9134009765625 0.03499931640625 0.89430537109375 0.03818193359375 0.835957421875 0.13896474609375 0.79988779296875
0 0.46889560546875 0.835957421875 0.51239130859375 0.80731396484375 0.5484609375 0.81792265625 0.567556640625 0.835957421875 0.56225224609375 0.86566181640625 0.51026953125 0.89642705078125 0.49966083984375 0.898548828125 0.4646521484375 0.8762705078125 0.46889560546875 0.835957421875
0 0.19200830078125 0.7298703125 0.2461126953125 0.761696484375 0.2641474609375 0.79776611328125 0.2461126953125 0.848687890625 0.23550400390625 0.8635400390625 0.20686044921875 0.85611396484375 0.1654865234375 0.82534873046875 0.17291259765625 0.76806171875 0.19200830078125 0.7298703125
0 0.28218232421875 0.70971376953125 0.3087041015625 0.74047900390625 0.318251953125 0.7807921875 0.32461708984375 0.82216611328125 0.31082578125 0.8200443359375 0.2705126953125 0.7892791015625 0.2514169921875 0.786096484375 0.2397474609375 0.78715732421875 0.22277353515625 0.7086529296875 0.28218232421875 0.70971376953125
0 0.36917373046875 0.711835546875 0.40312158203125 0.75002685546875 0.392512890625 0.79458349609375 0.3575041015625 0.80625302734375 0.32567802734375 0.79140087890625 0.318251953125 0.78821826171875 0.32461708984375 0.73729638671875 0.36917373046875 0.711835546875
0 0.0710689453125 0.71926162109375 0.056216796875 0.6778876953125 0.09228642578125 0.6280267578125 0.1156255859375 0.6206005859375 0.15381689453125 0.6216615234375 0.17821689453125 0.62272236328125 0.204738671875 0.636513671875 0.2079212890625 0.6587919921875 0.2015560546875 0.68213115234375 0.19094736328125 0.7086529296875 0.19412998046875 0.73517470703125 0.1771560546875 0.760635546875 0.11986904296875 0.761696484375 0.0710689453125 0.71926162109375
0 0.52856669921875 0.4820271484375 0.55938544921875 0.56100029296875 0.60946591796875 0.60144990234375 0.59116728515625 0.60337607421875 0.56131162109375 0.62360087890625 0.52760361328125 0.6563458984375 0.469818359375 0.64671494140625 0.431294921875 0.6833123046875 0.3956607421875 0.65153037109375 0.35713720703125 0.62552705078125 0.36098955078125 0.55329560546875 0.404328515625 0.5147720703125 0.4370734375 0.4839533203125 0.52856669921875 0.4820271484375