0 0.41248310546875 0.96733837890625 0.42568505859375 0.91641650390625 0.4370009765625 0.90321455078125 0.50112470703125 0.8900126953125 0.5313005859375 0.88812666015625 0.6161703125 0.89567060546875 0.65954814453125 0.91075859375 0.7029259765625 0.952250390625 0.68869072265625 0.9990234375 0.41814111328125 0.9990234375 0.41248310546875 0.96733837890625
0 0.951533203125 0.99652216796875 0.97275068359375 0.95620908203125 0.9990234375 0.95151748046875 0.9990234375 0.9990234375 0.953855859375 0.9990234375 0.951533203125 0.99652216796875
0 0.987172265625 0.45331455078125 0.97692265625 0.3986501953125 0.9990234375 0.3986501953125 0.9990234375 0.50071943359375 0.987172265625 0.45331455078125
0 0.97692265625 0.57118466796875 0.97521435546875 0.55239375 0.9990234375 0.5111248046875 0.9990234375 0.605914453125 0.97692265625 0.57118466796875
0 0.874426953125 0.9094205078125 0.918841796875 0.9094205078125 0.9478822265625 0.94358583984375 0.92738310546875 0.97945927734375 0.94617392578125 0.99141708984375 0.95039970703125 0.9990234375 0.82500751953125 0.9990234375 0.82659560546875 0.9640849609375 0.84367822265625 0.9521271484375 0.874426953125 0.9094205078125
0 0.90517568359375 0.767634765625 0.92909130859375 0.78642568359375 0.9495904296875 0.77617607421875 0.98546396484375 0.7898421875 0.9990234375 0.80611357421875 0.9990234375 0.81940087890625 0.99058876953125 0.8410900390625 0.9990234375 0.83868017578125 0.9990234375 0.90182880859375 0.99742177734375 0.9025875 0.9700896484375 0.93504453125 0.92396650390625 0.92821142578125 0.90517568359375 0.8906296875 0.90517568359375 0.878671875 0.862469140625 0.88379658203125 0.82830390625 0.8615892578125 0.81976259765625 0.83084052734375 0.85563603515625 0.81034130859375 0.85563603515625 0.78130087890625 0.90517568359375 0.767634765625
0 0.60579736328125 0.63634658203125 0.63220126953125 0.62125869140625 0.65860517578125 0.60994267578125 0.696325 0.6269166015625 0.74724677734375 0.66840849609375 0.74536083984375 0.6910404296875 0.7302728515625 0.72498828125 0.7170708984375 0.7513921875 0.696325 0.78345400390625 0.66992109375 0.83060390625 0.6378591796875 0.86832373046875 0.5963673828125 0.8796396484375 0.498295703125 0.872095703125 0.43982998046875 0.84191982421875 0.41908408203125 0.78911201171875 0.40211015625 0.7325322265625 0.40399609375 0.65520654296875 0.4624619140625 0.69481240234375 0.56430546875 0.68726845703125 0.60579736328125 0.63634658203125
0 0.83172041015625 0.7368861328125 0.8470947265625 0.6702638671875 0.87613515625 0.6138912109375 0.9137169921875 0.60876640625 0.97521435546875 0.60876640625 0.9990234375 0.639578125 0.9990234375 0.665312109375 0.99058876953125 0.69588779296875 0.9717978515625 0.73005302734375 0.9325078125 0.7385943359375 0.9154251953125 0.74030263671875 0.89492607421875 0.75909345703125 0.83172041015625 0.7368861328125
0 0.58871533203125 0.55307802734375 0.68207197265625 0.408799609375 0.84756787109375 0.40455615234375 0.89424619140625 0.45123447265625 0.87302880859375 0.582782421875 0.86029833984375 0.620973828125 0.8433244140625 0.65916513671875 0.7584546875 0.64643466796875 0.58871533203125 0.55307802734375
0 0.59448134765625 0.5326169921875 0.57184951171875 0.553362890625 0.51904169921875 0.56279287109375 0.49452373046875 0.57033681640625 0.46057587890625 0.579766796875 0.4379439453125 0.553362890625 0.415312109375 0.526958984375 0.37570625 0.4911251953125 0.3719341796875 0.4666072265625 0.37947822265625 0.432659375 0.415312109375 0.39116748046875 0.45491787109375 0.3741935546875 0.52092763671875 0.38928154296875 0.59448134765625 0.432659375 0.61711328125 0.46849326171875 0.59448134765625 0.5326169921875
0 0.930799609375 0.5575185546875 0.918841796875 0.5336029296875 0.90517568359375 0.50285419921875 0.87613515625 0.46356416015625 0.88467646484375 0.43452373046875 0.9325078125 0.393525390625 0.95813173828125 0.4106080078125 0.9922970703125 0.4430650390625 0.9922970703125 0.5165203125 0.97350615234375 0.5558103515625 0.930799609375 0.5575185546875
0 0.7685146484375 0.03820693359375 0.8351369140625 0.02283251953125 0.88296826171875 0.0604142578125 0.930799609375 0.10141259765625 0.9137169921875 0.14070263671875 0.9085921875 0.188533984375 0.90688388671875 0.23294873046875 0.85051123046875 0.25344794921875 0.8078046875 0.23636533203125 0.761681640625 0.26711396484375 0.7121419921875 0.2619892578125 0.68993466796875 0.23294873046875 0.65576943359375 0.2056166015625 0.636978515625 0.17486787109375 0.61647939453125 0.1492439453125 0.61135458984375 0.10824560546875 0.63356201171875 0.07408037109375 0.66260244140625 0.08603818359375 0.71385029296875 0.1031208984375 0.737766015625 0.0809134765625 0.7685146484375 0.03820693359375
0 0.32761337890625 0.25820498046875 0.282349609375 0.205397265625 0.26726162109375 0.1393875 0.25405966796875 0.099781640625 0.25405966796875 0.0545177734375 0.26914765625 0.02999990234375 0.3141474609375 0 0.456212890625 0 0.47472080078125 0.00925400390625 0.495466796875 0.0149119140625 0.5105546875 0.01868388671875 0.56713447265625 0.06017578125 0.58033642578125 0.088465625 0.5841083984375 0.12995751953125 0.57467841796875 0.1601333984375 0.53884462890625 0.1921953125 0.48226484375 0.24311708984375 0.45963291015625 0.2657490234375 0.457746875 0.26952099609375 0.37476318359375 0.27517900390625 0.32761337890625 0.25820498046875