0 0.5870884765625 0.99074853515625 0.59714716796875 0.94380830078125 0.67091044921875 0.89016220703125 0.721203515625 0.87004501953125 0.82514267578125 0.91698525390625 0.84211611328125 0.9990234375 0.594949609375 0.9990234375 0.5870884765625 0.99074853515625
0 0.94919912109375 0.95386689453125 0.96931640625 0.8834564453125 0.9990234375 0.8788861328125 0.9990234375 0.9990234375 0.91998017578125 0.9990234375 0.94919912109375 0.95386689453125
0 0.71449775390625 0.81639892578125 0.6139115234375 0.85663349609375 0.5401482421875 0.859986328125 0.46303203125 0.7895759765625 0.4194447265625 0.70575400390625 0.44291484375 0.62193212890625 0.50997236328125 0.58505048828125 0.62061728515625 0.544816015625 0.70779208984375 0.58169765625 0.75137939453125 0.66887236328125 0.73796796875 0.712459765625 0.75473232421875 0.81639892578125 0.71449775390625 0.81639892578125
0 0.22429677734375 0.71864169921875 0.22429677734375 0.73372958984375 0.21580986328125 0.7431595703125 0.18846298828125 0.750703515625 0.14414208984375 0.75353251953125 0.1139662109375 0.7375015625 0.0932203125 0.70543974609375 0.09416328125 0.66017587890625 0.12528212890625 0.62905703125 0.16488798828125 0.61962705078125 0.20920888671875 0.62622802734375 0.212980859375 0.62811396484375 0.22429677734375 0.71864169921875
0 0.01117958984375 0.63848701171875 0.0215525390625 0.64697392578125 0.03098251953125 0.65357490234375 0.0347544921875 0.66771982421875 0.0347544921875 0.68375078125 0.027210546875 0.69978173828125 0.01212255859375 0.71204072265625 0 0.71488193359375 0 0.62730732421875 0.01117958984375 0.63848701171875
0 0.0734173828125 0.58567919921875 0.0724744140625 0.59322314453125 0.067759375 0.61962705078125 0.06398740234375 0.6233990234375 0.0592724609375 0.62905703125 0.053614453125 0.63377197265625 0.03946953125 0.644144921875 0.02343857421875 0.64508798828125 0 0.63467080078125 0 0.53333134765625 0.01400859375 0.53381435546875 0.0470134765625 0.5423013671875 0.0734173828125 0.58567919921875
0 0.146028125 0.56116123046875 0.134712109375 0.57342021484375 0.13188310546875 0.57530625 0.11773818359375 0.58756513671875 0.107365234375 0.59228017578125 0.08944833984375 0.58096416015625 0.067759375 0.5705912109375 0.05644345703125 0.55456025390625 0.05078544921875 0.5300423828125 0.054557421875 0.510239453125 0.0658734375 0.49798046875 0.080018359375 0.49420849609375 0.11585224609375 0.50175244140625 0.15168603515625 0.52532734375 0.146028125 0.56116123046875
0 0.957948046875 0.7822939453125 0.94757509765625 0.7681490234375 0.95417607421875 0.7441025390625 0.97020703125 0.72760009765625 0.98010849609375 0.71156923828125 0.97303603515625 0.69836728515625 0.94946103515625 0.67290634765625 0.9522900390625 0.65970439453125 0.9574765625 0.65263193359375 0.98152294921875 0.62811396484375 0.99331044921875 0.62764248046875 0.9990234375 0.62943798828125 0.9990234375 0.78966240234375 0.998496875 0.789837890625 0.97586494140625 0.7954958984375 0.957948046875 0.7822939453125
0 0.94919912109375 0.59846201171875 0.9190232421875 0.59175625 0.922376171875 0.544816015625 0.95255205078125 0.47775849609375 0.9990234375 0.42612353515625 0.9990234375 0.613792578125 0.94919912109375 0.59846201171875
0 0.67761611328125 0.544816015625 0.647440234375 0.49787568359375 0.637381640625 0.44087685546875 0.69438056640625 0.3369376953125 0.76479091796875 0.31682041015625 0.83855419921875 0.407348046875 0.90225888671875 0.4475826171875 0.9190232421875 0.53475732421875 0.88549453125 0.56158037109375 0.794966796875 0.65881376953125 0.67761611328125 0.544816015625
0 0.067759375 0.4630896484375 0.0734173828125 0.47346259765625 0.067759375 0.48572158203125 0.04984248046875 0.50175244140625 0.028153515625 0.51401142578125 0.01683759765625 0.5168404296875 0 0.51633017578125 0 0.42065478515625 0.02438154296875 0.42065478515625 0.067759375 0.4630896484375
0 0.18940595703125 0.403680859375 0.1931779296875 0.42159775390625 0.2054369140625 0.4517736328125 0.21769580078125 0.46686162109375 0.214866796875 0.48100654296875 0.2073228515625 0.4894935546875 0.19789287109375 0.49798046875 0.17808994140625 0.510239453125 0.133769140625 0.511182421875 0.12151015625 0.50080947265625 0.105479296875 0.48194951171875 0.081904296875 0.47063359375 0.0743603515625 0.46026064453125 0.079075390625 0.44140068359375 0.09793525390625 0.4225408203125 0.09699228515625 0.41971181640625 0.08473330078125 0.38670693359375 0.0885052734375 0.36313203125 0.09699228515625 0.3565310546875 0.134712109375 0.36030302734375 0.18940595703125 0.403680859375
0 0.24221376953125 0.36690400390625 0.241270703125 0.37350498046875 0.22335380859375 0.39330791015625 0.2205248046875 0.3970798828125 0.20920888671875 0.4102818359375 0.19694990234375 0.41405380859375 0.18186201171875 0.40085185546875 0.13565517578125 0.36690400390625 0.133769140625 0.33389912109375 0.15640107421875 0.31315322265625 0.21675283203125 0.3037232421875 0.24221376953125 0.36690400390625
0 0.0064646484375 0.1971646484375 0.01589462890625 0.19339267578125 0.02249560546875 0.19339267578125 0.03758349609375 0.2122525390625 0.0338115234375 0.22734052734375 0.02909658203125 0.24620048828125 0.02249560546875 0.26128837890625 0.000806640625 0.2839203125 0 0.28462607421875 0 0.198601171875 0.0064646484375 0.1971646484375
0 0.332269921875 0.1391703125 0.3398138671875 0.14860029296875 0.360559765625 0.150486328125 0.385077734375 0.178776171875 0.3794197265625 0.19386416015625 0.36433173828125 0.21649609375 0.34169990234375 0.2391279296875 0.31718193359375 0.27118984375 0.28323408203125 0.29947978515625 0.2719181640625 0.29570771484375 0.26248818359375 0.2900498046875 0.2191103515625 0.27307587890625 0.1851625 0.257987890625 0.171960546875 0.22215400390625 0.16253056640625 0.18820615234375 0.16441650390625 0.16180224609375 0.1870484375 0.137284375 0.22854033203125 0.12785439453125 0.2587162109375 0.14671435546875 0.27569013671875 0.16557421875 0.332269921875 0.1391703125
0 0.1597015625 0.11559541015625 0.1597015625 0.11653837890625 0.148385546875 0.137284375 0.12952568359375 0.1580302734375 0.11726669921875 0.1712322265625 0.05314296875 0.16557421875 0.06540185546875 0.1306833984375 0.0616298828125 0.1033365234375 0.068230859375 0.06844560546875 0.08237587890625 0.0382697265625 0.10972275390625 0.02978271484375 0.13329765625 0.03166875 0.16441650390625 0.05430068359375 0.1597015625 0.11559541015625
0 0.492579296875 0.02789677734375 0.49446533203125 0.0524146484375 0.4869212890625 0.0637306640625 0.46994736328125 0.0901345703125 0.46240341796875 0.12974033203125 0.42656953125 0.1448283203125 0.41713955078125 0.14105634765625 0.3926216796875 0.125968359375 0.38130576171875 0.125968359375 0.332269921875 0.11465244140625 0.32095390625 0.10899443359375 0.305866015625 0.099564453125 0.2926640625 0.08824853515625 0.279462109375 0.073160546875 0.253058203125 0.0392126953125 0.25127578125 0 0.48514013671875 0 0.492579296875 0.02789677734375
0 0.67426328125 0.07206044921875 0.60385283203125 0.0787662109375 0.601833203125 0 0.93513896484375 0 0.9089646484375 0.06870751953125 0.67426328125 0.07206044921875