0 0.07806728515625 0.988494921875 0.09083583984375 0.97636474609375 0.10488125 0.975087890625 0.123395703125 0.97636474609375 0.143825390625 0.985302734375 0.1596568359375 0.9990234375 0.06753876953125 0.9990234375 0.07806728515625 0.988494921875
0 0.0077869140625 0.96877373046875 0.0148685546875 0.99406533203125 0.01525 0.9990234375 0 0.9990234375 0 0.96607822265625 0.0077869140625 0.96877373046875
0 0.32896923828125 0.9639154296875 0.3171583984375 0.96583076171875 0.30822041015625 0.9543390625 0.30055927734375 0.9584888671875 0.28555625 0.97093818359375 0.29225966796875 0.97189580078125 0.3037513671875 0.97317265625 0.31332783203125 0.97349189453125 0.32481953125 0.97955693359375 0.33152294921875 0.99328310546875 0.332457421875 0.9990234375 0.15897431640625 0.9990234375 0.1502095703125 0.98977177734375 0.1482943359375 0.98306826171875 0.14637900390625 0.97796083984375 0.1466982421875 0.97189580078125 0.14542138671875 0.9604041015625 0.14605986328125 0.95050849609375 0.1518056640625 0.94891240234375 0.1722353515625 0.95401982421875 0.1754275390625 0.9466779296875 0.181492578125 0.93454775390625 0.19074970703125 0.92688671875 0.201922265625 0.921779296875 0.21341396484375 0.92305615234375 0.2268208984375 0.92752509765625 0.236397265625 0.92369453125 0.25203876953125 0.918587109375 0.261615234375 0.91316044921875 0.26576494140625 0.90709541015625 0.2727876953125 0.90039189453125 0.2823640625 0.896561328125 0.29545185546875 0.8956037109375 0.300878515625 0.89241162109375 0.31077412109375 0.88283515625 0.3206697265625 0.882516015625 0.33056533203125 0.8904962890625 0.34205703125 0.90613779296875 0.3410994140625 0.9211408203125 0.326734765625 0.93454775390625 0.32896923828125 0.9639154296875
0 0.0834939453125 0.89943427734375 0.084132421875 0.90709541015625 0.08796298828125 0.93773994140625 0.06434111328125 0.9517853515625 0.053487890625 0.96072333984375 0.02156650390625 0.96072333984375 0 0.94724423828125 0 0.90892998046875 0.01071328125 0.8987958984375 0.053487890625 0.8936884765625 0.0834939453125 0.89943427734375
0 0.68018408203125 0.98961220703125 0.69869853515625 0.9883353515625 0.7181314453125 0.9990234375 0.67197939453125 0.9990234375 0.68018408203125 0.98961220703125
0 0.48956552734375 0.9990234375 0.3899921875 0.9990234375 0.39041787109375 0.998709765625 0.4357462890625 0.988494921875 0.48682041015625 0.98466435546875 0.48956552734375 0.9990234375
0 0.54643359375 0.99168701171875 0.54691240234375 0.99487919921875 0.54818759765625 0.9990234375 0.49329306640625 0.9990234375 0.4967958984375 0.975087890625 0.50924521484375 0.9629578125 0.532707421875 0.9672671875 0.54643359375 0.99168701171875
0 0.59910380859375 0.96343662109375 0.6054880859375 0.9663095703125 0.61921435546875 0.9758859375 0.62655625 0.98961220703125 0.61593056640625 0.9990234375 0.61081708984375 0.9990234375 0.594315625 0.9972732421875 0.5470720703125 0.98450478515625 0.55026416015625 0.96024453125 0.56814013671875 0.951944921875 0.59910380859375 0.96343662109375
0 0.98686865234375 0.97093818359375 0.98495341796875 0.98179140625 0.9811228515625 0.997113671875 0.97004619140625 0.9990234375 0.9610560546875 0.9990234375 0.947924609375 0.98817568359375 0.93643291015625 0.97029970703125 0.91855693359375 0.9543390625 0.90642685546875 0.939016796875 0.89557353515625 0.91220283203125 0.900042578125 0.887942578125 0.89876572265625 0.8630439453125 0.89365830078125 0.8406990234375 0.900042578125 0.8170771484375 0.917280078125 0.7947322265625 0.9351560546875 0.792178515625 0.9421787109375 0.79281689453125 0.968354296875 0.7972859375 0.9913376953125 0.799201171875 0.9990234375 0.81864169921875 0.9990234375 0.96833359375 0.98686865234375 0.97093818359375
0 0.872378125 0.84961708984375 0.901955859375 0.92454736328125 0.89406845703125 0.985674609375 0.8729328125 0.9990234375 0.84263037109375 0.9990234375 0.77378564453125 0.94820947265625 0.7520953125 0.9146880859375 0.7678701171875 0.87919482421875 0.872378125 0.84961708984375
0 0.710748828125 0.8716626953125 0.71298330078125 0.87964306640625 0.71298330078125 0.88921943359375 0.7117064453125 0.90518017578125 0.70787587890625 0.91635263671875 0.69989560546875 0.92944033203125 0.69223447265625 0.94540107421875 0.680104296875 0.9629578125 0.67882744140625 0.97540712890625 0.666378125 0.98721806640625 0.6568017578125 0.99232548828125 0.64020263671875 0.98370673828125 0.6245611328125 0.97476875 0.603173828125 0.9671076171875 0.58657470703125 0.96008486328125 0.570933203125 0.94635869140625 0.56039921875 0.93167490234375 0.55401494140625 0.9246521484375 0.54316162109375 0.91028759765625 0.54475771484375 0.872301171875 0.56007998046875 0.85378671875 0.57125244140625 0.84548720703125 0.59327822265625 0.841656640625 0.61562314453125 0.83431474609375 0.63349912109375 0.828249609375 0.65584404296875 0.82856884765625 0.710748828125 0.8716626953125
0 0.35729951171875 0.84516796875 0.35825712890625 0.84740244140625 0.3640029296875 0.858894140625 0.36081083984375 0.8751740234375 0.34548857421875 0.88155830078125 0.310055859375 0.87134345703125 0.31739775390625 0.8406990234375 0.33431611328125 0.82409990234375 0.3483615234375 0.81580029296875 0.35729951171875 0.84516796875
0 0.56470859375 0.79568984375 0.56853916015625 0.82250380859375 0.5519400390625 0.843571875 0.528956640625 0.838464453125 0.5142728515625 0.81675791015625 0.51554970703125 0.7931361328125 0.546194140625 0.78930556640625 0.56470859375 0.79568984375
0 0.7953404296875 0.74046591796875 0.801086328125 0.75068076171875 0.8036400390625 0.78068681640625 0.79980947265625 0.8119697265625 0.7525658203125 0.870705078125 0.7251134765625 0.87198193359375 0.691915234375 0.84899853515625 0.674677734375 0.829845703125 0.674677734375 0.80750078125 0.6893615234375 0.78387890625 0.702130078125 0.77238720703125 0.712344921875 0.7640876953125 0.732774609375 0.7436580078125 0.75448115234375 0.73280478515625 0.7953404296875 0.74046591796875
0 0.459846875 0.73567763671875 0.4572931640625 0.739508203125 0.45154736328125 0.74653095703125 0.43303291015625 0.75099990234375 0.4215412109375 0.74142353515625 0.41579541015625 0.727378125 0.4189875 0.71141748046875 0.43239453125 0.7024794921875 0.4553779296875 0.70567158203125 0.459846875 0.73567763671875
0 0.60285458984375 0.65970478515625 0.60604677734375 0.66289697265625 0.61626162109375 0.674388671875 0.61881533203125 0.69801044921875 0.611792578125 0.70120263671875 0.60285458984375 0.70631005859375 0.5868939453125 0.71716328125 0.57476376953125 0.7267396484375 0.558803125 0.73440078125 0.52432802734375 0.742700390625 0.51155947265625 0.7318470703125 0.49942939453125 0.70822529296875 0.49432197265625 0.6890724609375 0.4949603515625 0.66800439453125 0.49623720703125 0.64757470703125 0.502621484375 0.636721484375 0.51666689453125 0.62778349609375 0.53518134765625 0.62459130859375 0.556887890625 0.62459130859375 0.581148046875 0.6379982421875 0.60285458984375 0.65970478515625
0 0.81321640625 0.636721484375 0.81193955078125 0.63831748046875 0.80842822265625 0.65427822265625 0.8157701171875 0.67821923828125 0.809705078125 0.69609521484375 0.80076708984375 0.7181208984375 0.7851255859375 0.723866796875 0.74873525390625 0.72801650390625 0.72224052734375 0.72705888671875 0.7081951171875 0.70822529296875 0.6944689453125 0.68811484375 0.7011724609375 0.67087734375 0.709152734375 0.662577734375 0.7219212890625 0.66034326171875 0.73788203125 0.6660890625 0.74969287109375 0.665769921875 0.76214228515625 0.65619345703125 0.76756884765625 0.645659375 0.77586845703125 0.642148046875 0.8004478515625 0.631933203125 0.81321640625 0.636721484375
0 0.62080380859375 0.558528125 0.6751015625 0.5236224609375 0.76430498046875 0.5236224609375 0.830237890625 0.59343388671875 0.8030890625 0.63609638671875 0.7255208984375 0.686515625 0.64795263671875 0.6671236328125 0.62080380859375 0.62833955078125 0.62080380859375 0.558528125
0 0.631663671875 0.5151009765625 0.6342173828125 0.538084375 0.611233984375 0.5763900390625 0.560159765625 0.57766689453125 0.539730078125 0.5304232421875 0.58697373046875 0.49467138671875 0.631663671875 0.5151009765625
0 0.9483236328125 0.730889453125 0.9381087890625 0.781963671875 0.925340234375 0.78324052734375 0.90874111328125 0.817715625 0.884480859375 0.83942216796875 0.82829931640625 0.8406990234375 0.80020849609375 0.80622392578125 0.80786962890625 0.7487654296875 0.85766689453125 0.7130134765625 0.915125390625 0.72195146484375 0.9483236328125 0.730889453125
0 0.9956470703125 0.79441298828125 0.99692392578125 0.7861134765625 0.9990234375 0.781823046875 0.9990234375 0.79664384765625 0.9956470703125 0.79441298828125
0 0.9956470703125 0.75004228515625 0.98862431640625 0.735996875 0.98511298828125 0.7241859375 0.9990234375 0.716200390625 0.9990234375 0.7551873046875 0.9956470703125 0.75004228515625
0 0.935555078125 0.60831142578125 0.93683193359375 0.61086513671875 0.9432162109375 0.64406337890625 0.95726162109375 0.67726162109375 0.9789681640625 0.68875322265625 0.96492275390625 0.72578203125 0.915125390625 0.73216630859375 0.8768197265625 0.7155671875 0.83340673828125 0.68364580078125 0.82574560546875 0.6478939453125 0.843621484375 0.635125390625 0.9023568359375 0.60831142578125 0.935555078125 0.60831142578125
0 0.99692392578125 0.7181208984375 0.9838361328125 0.70886376953125 0.9771326171875 0.69545673828125 0.97649423828125 0.681411328125 0.9720251953125 0.67566552734375 0.9531916015625 0.66545068359375 0.95191474609375 0.6482130859375 0.96308720703125 0.6344869140625 0.99181650390625 0.62618740234375 0.9990234375 0.62516826171875 0.9990234375 0.71826669921875 0.99692392578125 0.7181208984375
0 0.8793734375 0.56489833984375 0.88065029296875 0.58915859375 0.85766689453125 0.63640224609375 0.82063818359375 0.63640224609375 0.783609375 0.6121419921875 0.78999365234375 0.55723720703125 0.809146484375 0.54446865234375 0.8372373046875 0.54957607421875 0.8793734375 0.56489833984375
0 0.98471396484375 0.6242720703125 0.9610921875 0.62554892578125 0.9483236328125 0.61788779296875 0.9208712890625 0.60958828125 0.89405732421875 0.6089498046875 0.8819271484375 0.60001181640625 0.89405732421875 0.5814974609375 0.91384853515625 0.5610677734375 0.932362890625 0.54255341796875 0.9278939453125 0.520846875 0.92725546875 0.49722509765625 0.94130087890625 0.4672189453125 0.9636458984375 0.43848974609375 0.973222265625 0.43274384765625 0.9990234375 0.42829541015625 0.9990234375 0.6186236328125 0.98471396484375 0.6242720703125
0 0.9453365234375 0.44736005859375 0.9137869140625 0.494684375 0.92561796875 0.54792431640625 0.89209658203125 0.57355830078125 0.82111005859375 0.5380650390625 0.7678701171875 0.5144029296875 0.76589833984375 0.46313486328125 0.80730712890625 0.42961337890625 0.8270255859375 0.40200751953125 0.90787138671875 0.41581044921875 0.9453365234375 0.44736005859375
0 0.97343037109375 0.4214572265625 0.9225470703125 0.39507666015625 0.92637763671875 0.34655625 0.935315625 0.31910380859375 0.94127587890625 0.29847451171875 0.97553662109375 0.31208115234375 0.9990234375 0.318035546875 0.9990234375 0.41667353515625 0.97343037109375 0.4214572265625
0 0.98000556640625 0.31750771484375 0.9582990234375 0.306016015625 0.94169990234375 0.28239423828125 0.94680732421875 0.251111328125 0.9990234375 0.22627685546875 0.9990234375 0.319935546875 0.98000556640625 0.31750771484375
0 0.86126513671875 0.12802470703125 0.92719814453125 0.14353837890625 0.99033642578125 0.16156923828125 0.9959716796875 0.19438671875 0.958225390625 0.2404986328125 0.93133125 0.25869580078125 0.8884140625 0.25213388671875 0.8535083984375 0.20947138671875 0.80696748046875 0.20559296875 0.81472421875 0.17068720703125 0.86126513671875 0.12802470703125
0 0.47995732421875 0.42220986328125 0.48059580078125 0.42316748046875 0.483787890625 0.430509375 0.49623720703125 0.44040498046875 0.49623720703125 0.45413125 0.49432197265625 0.45987705078125 0.49527958984375 0.46753818359375 0.50070625 0.46977265625 0.50709052734375 0.47360322265625 0.5118787109375 0.48126435546875 0.50709052734375 0.49403291015625 0.504217578125 0.49658662109375 0.497194921875 0.5080783203125 0.504217578125 0.51925078125 0.50549443359375 0.5253158203125 0.49942939453125 0.537765234375 0.4895337890625 0.54510712890625 0.4847455078125 0.547980078125 0.47133857421875 0.5575564453125 0.46271982421875 0.5645791015625 0.4553779296875 0.575432421875 0.4486744140625 0.577028515625 0.41036875 0.57670927734375 0.38930068359375 0.562025390625 0.3924927734375 0.5498953125 0.3956849609375 0.543191796875 0.398238671875 0.53170009765625 0.39536572265625 0.52371982421875 0.38834306640625 0.51063203125 0.386427734375 0.50169404296875 0.38866220703125 0.4911599609375 0.3940888671875 0.4831796875 0.40238837890625 0.4758376953125 0.42345654296875 0.47200712890625 0.43271376953125 0.46594208984375 0.43973642578125 0.459238671875 0.44963203125 0.4483853515625 0.45665478515625 0.439128125 0.46718876953125 0.42572119140625 0.47995732421875 0.42220986328125
0 0.4264890625 0.37879677734375 0.42489296875 0.38294658203125 0.41052841796875 0.40178017578125 0.40031357421875 0.41199501953125 0.37860703125 0.41614482421875 0.35498515625 0.4091220703125 0.339662890625 0.39571513671875 0.32785205078125 0.37879677734375 0.32178701171875 0.355175 0.3233830078125 0.339852734375 0.3361515625 0.3184654296875 0.36136943359375 0.309208203125 0.3916947265625 0.31144267578125 0.41850869140625 0.32421123046875 0.4264890625 0.37879677734375
0 0.84514384765625 0.209966796875 0.8651435546875 0.22886337890625 0.8806572265625 0.259890625 0.85409404296875 0.2944966796875 0.866027734375 0.330960546875 0.8484587890625 0.3554908203125 0.7604265625 0.32194521484375 0.73327763671875 0.259890625 0.75654814453125 0.190079296875 0.79873525390625 0.19504970703125 0.81860263671875 0.21334970703125 0.84514384765625 0.209966796875
0 0.35115458984375 0.15087822265625 0.351473828125 0.1531126953125 0.3505162109375 0.16715810546875 0.34636640625 0.1786498046875 0.32114853515625 0.18248037109375 0.3128490234375 0.1735423828125 0.29369619140625 0.14928212890625 0.29305771484375 0.1358751953125 0.30391103515625 0.12374501953125 0.3179564453125 0.12342587890625 0.3473240234375 0.12661796875 0.35115458984375 0.15087822265625
0 0.5166375 0.11582373046875 0.5630908203125 0 0.57485419921875 0 0.6492333984375 0.0714041015625 0.744912890625 0.131903125 0.75796201171875 0.17582333984375 0.7261390625 0.20930380859375 0.6091685546875 0.24437705078125 0.5693443359375 0.26632001953125 0.51608671875 0.24437705078125 0.47730263671875 0.1668087890625 0.5044515625 0.13578154296875 0.5166375 0.11582373046875
0 0.42361611328125 0.04170712890625 0.44755712890625 0.07235166015625 0.45074931640625 0.08575859375 0.44149208984375 0.10076162109375 0.43383095703125 0.12087216796875 0.42872353515625 0.13044853515625 0.4172318359375 0.1617314453125 0.39552529296875 0.18918388671875 0.37988388671875 0.189822265625 0.35530439453125 0.179607421875 0.34828173828125 0.16620048828125 0.35115458984375 0.15183583984375 0.3524314453125 0.13619443359375 0.342855078125 0.1256603515625 0.32210615234375 0.11799921875 0.31859482421875 0.11257255859375 0.3163603515625 0.1071458984375 0.31763720703125 0.10076162109375 0.3214677734375 0.09022763671875 0.3284904296875 0.073628515625 0.3422166015625 0.05798701171875 0.3572197265625 0.04585693359375 0.3846720703125 0.03468447265625 0.42361611328125 0.04170712890625
0 0.52592412109375 0.0302154296875 0.52783935546875 0.03308837890625 0.53294677734375 0.04936826171875 0.52815859375 0.05990234375 0.51985908203125 0.08256650390625 0.5067712890625 0.0863970703125 0.48314951171875 0.0863970703125 0.46686962890625 0.0848009765625 0.45186650390625 0.07426689453125 0.44165166015625 0.06054072265625 0.446120703125 0.04936826171875 0.46176220703125 0.0292578125 0.4758076171875 0.017446875 0.4997486328125 0.02127744140625 0.52592412109375 0.0302154296875
0 0.829576171875 0.02478876953125 0.8168076171875 0.05287958984375 0.79382421875 0.07841669921875 0.7044443359375 0.1001232421875 0.66358505859375 0.07586298828125 0.61251083984375 0.0388341796875 0.60337333984375 0 0.824534375 0 0.829576171875 0.02478876953125
0 0.48187265625 0.00180546875 0.4742115234375 0.00755126953125 0.44995126953125 0.00850888671875 0.43877880859375 0.00244384765625 0.43450205078125 0 0.492404296875 0 0.48187265625 0.00180546875
0 0.98958203125 0.07426689453125 0.98064404296875 0.08767392578125 0.95957587890625 0.0780974609375 0.935315625 0.06213681640625 0.940423046875 0.04745302734375 0.93659248046875 0.03915341796875 0.9225470703125 0.0378765625 0.9085017578125 0.02957705078125 0.8931794921875 0.0097857421875 0.8953068359375 0 0.9990234375 0 0.9990234375 0.07579794921875 0.98958203125 0.07426689453125
0 0.15563623046875 0.91028759765625 0.14957119140625 0.90358408203125 0.14957119140625 0.89177314453125 0.14350615234375 0.87549326171875 0.152444140625 0.86559765625 0.16680869140625 0.8544251953125 0.16744716796875 0.8477216796875 0.16776640625 0.83686845703125 0.1671279296875 0.82441904296875 0.17255458984375 0.8186732421875 0.17510830078125 0.8202693359375 0.1875576171875 0.81292734375 0.1977724609375 0.80271259765625 0.21117939453125 0.7947322265625 0.2201173828125 0.7861134765625 0.222351953125 0.77206806640625 0.22650166015625 0.759937890625 0.2338435546875 0.75419208984375 0.24342001953125 0.7538728515625 0.25555009765625 0.76089560546875 0.2695955078125 0.7736640625 0.28012958984375 0.7845173828125 0.29194052734375 0.79281689453125 0.31013564453125 0.80015888671875 0.32162734375 0.80750078125 0.3232234375 0.81931162109375 0.31524306640625 0.8304841796875 0.30981650390625 0.84580634765625 0.30758193359375 0.8544251953125 0.3002400390625 0.8630439453125 0.3085396484375 0.87804697265625 0.3053474609375 0.89177314453125 0.2830025390625 0.8962421875 0.2711916015625 0.9042224609375 0.25969990234375 0.909968359375 0.2328859375 0.92560986328125 0.2095833984375 0.92337529296875 0.1834078125 0.91826787109375 0.15627470703125 0.906776171875 0.15563623046875 0.91028759765625
0 0.1466982421875 0.76696064453125 0.15212490234375 0.76983349609375 0.157870703125 0.77653701171875 0.162978125 0.78834794921875 0.16489345703125 0.79696669921875 0.1671279296875 0.80877763671875 0.1671279296875 0.81899248046875 0.1661703125 0.8304841796875 0.1636166015625 0.84452958984375 0.1534017578125 0.85570205078125 0.13584501953125 0.86240546875 0.14095244140625 0.8716626953125 0.14254853515625 0.87740859375 0.1329720703125 0.88730419921875 0.12307646484375 0.89145390625 0.10168916015625 0.89017705078125 0.09562412109375 0.887942578125 0.08317470703125 0.88475048828125 0.07615205078125 0.89081552734375 0.0585953125 0.88826181640625 0.04295380859375 0.8783662109375 0.04040009765625 0.86847060546875 0.0477419921875 0.85602119140625 0.064021875 0.84516796875 0.072321484375 0.84484873046875 0.08062099609375 0.840060546875 0.0921126953125 0.828249609375 0.10264677734375 0.81484267578125 0.1058388671875 0.7998396484375 0.1080734375 0.7864326171875 0.1259494140625 0.7711103515625 0.1466982421875 0.76696064453125
0 0.0996142578125 0.784676953125 0.10184873046875 0.80031845703125 0.10025263671875 0.82010966796875 0.09578369140625 0.82617470703125 0.0909955078125 0.83096298828125 0.08748408203125 0.8347935546875 0.0791845703125 0.8399009765625 0.0629046875 0.8424546875 0.05109375 0.8434123046875 0.04630556640625 0.84117783203125 0.04024052734375 0.83351669921875 0.03768681640625 0.82362109375 0.04087890625 0.8111716796875 0.05588193359375 0.79776474609375 0.076630859375 0.779250390625 0.093868359375 0.7664818359375 0.0996142578125 0.784676953125
0 0.172873828125 0.8059046875 0.17191611328125 0.8049470703125 0.168085546875 0.79888203125 0.1601052734375 0.78770947265625 0.1569130859375 0.78004833984375 0.1534017578125 0.77494091796875 0.145740625 0.76632216796875 0.1447830078125 0.754511328125 0.16329736328125 0.744296484375 0.1747890625 0.7350392578125 0.18500390625 0.730889453125 0.19394189453125 0.72546279296875 0.20224140625 0.7248244140625 0.208944921875 0.73216630859375 0.21277548828125 0.7417427734375 0.21692529296875 0.7554689453125 0.219159765625 0.7691951171875 0.219159765625 0.78419814453125 0.20862568359375 0.79505146484375 0.172873828125 0.8059046875
0 0.046753125 0.75134287109375 0.0215181640625 0.79307763671875 0 0.8014978515625 0 0.6898001953125 0.002106640625 0.68825537109375 0.0244298828125 0.67757900390625 0.04966484375 0.6892259765625 0.05645888671875 0.70766689453125 0.046753125 0.75134287109375
0 0.1123828125 0.7035966796875 0.115894140625 0.71349228515625 0.1114251953125 0.72849541015625 0.10599853515625 0.74477529296875 0.09259150390625 0.75499013671875 0.0807806640625 0.75179794921875 0.064819921875 0.74254072265625 0.05268984375 0.72530322265625 0.0568396484375 0.7122154296875 0.086845703125 0.69785087890625 0.1123828125 0.7035966796875
0 0.20216162109375 0.66704677734375 0.20280009765625 0.6683236328125 0.20359814453125 0.66928125 0.22003759765625 0.680294140625 0.21237646484375 0.68939169921875 0.20008671875 0.70583115234375 0.19466015625 0.71508837890625 0.18348759765625 0.7170037109375 0.17039990234375 0.723866796875 0.15172587890625 0.72897421875 0.1190064453125 0.72578203125 0.12459267578125 0.69705283203125 0.1367228515625 0.67901728515625 0.15938701171875 0.6694408203125 0.187956640625 0.6627373046875 0.20216162109375 0.66704677734375
0 0.233125390625 0.6431056640625 0.23456181640625 0.64422294921875 0.24733037109375 0.65108603515625 0.26105654296875 0.659864453125 0.26456787109375 0.67486748046875 0.229933203125 0.68332666015625 0.20311923828125 0.668483203125 0.2074287109375 0.6557146484375 0.21620703125 0.6454998046875 0.233125390625 0.6431056640625
0 0.14733671875 0.62267607421875 0.1482943359375 0.62363369140625 0.1534017578125 0.63065634765625 0.15467861328125 0.6395943359375 0.1518056640625 0.6478939453125 0.142229296875 0.6651314453125 0.1294607421875 0.68109208984375 0.10615810546875 0.6788576171875 0.099773828125 0.672792578125 0.0850900390625 0.65970478515625 0.0834939453125 0.64757470703125 0.08604765625 0.6427865234375 0.0994546875 0.63321005859375 0.12690703125 0.62618740234375 0.14733671875 0.62267607421875
0 0.08477080078125 0.59139306640625 0.0764712890625 0.60416162109375 0.0748751953125 0.616291796875 0.06881015625 0.62522978515625 0.06242587890625 0.628421875 0.05157255859375 0.63321005859375 0.04550751953125 0.6395943359375 0.04614599609375 0.643744140625 0.04806123046875 0.65427822265625 0.040080859375 0.6651314453125 0.0324197265625 0.6702388671875 0.0186935546875 0.67566552734375 0.01294775390625 0.66928125 0.00369052734375 0.6581087890625 0 0.653715234375 0 0.5888484375 0.00624423828125 0.58596650390625 0.022843359375 0.57926298828125 0.05157255859375 0.57607080078125 0.069129296875 0.5830935546875 0.08477080078125 0.59139306640625
0 0.00404775390625 0.5387865234375 0.002106640625 0.5717861328125 0 0.57437158203125 0 0.53771513671875 0.00404775390625 0.5387865234375
0 0.22825732421875 0.5202083984375 0.2531560546875 0.51446259765625 0.29720751953125 0.48956396484375 0.3029533203125 0.51063203125 0.30742236328125 0.546383984375 0.29976123046875 0.57511318359375 0.28252373046875 0.59235078125 0.2601787109375 0.61022666015625 0.23336474609375 0.63831748046875 0.2001666015625 0.64661708984375 0.18612119140625 0.642148046875 0.16313779296875 0.62554892578125 0.15164609375 0.6242720703125 0.1286626953125 0.62363369140625 0.11206357421875 0.6140572265625 0.0980181640625 0.6019271484375 0.07695009765625 0.58852021484375 0.0629046875 0.5661751953125 0.06354306640625 0.54702236328125 0.064819921875 0.520846875 0.06354306640625 0.49977880859375 0.0673736328125 0.4723263671875 0.0980181640625 0.45381201171875 0.12993955078125 0.4595578125 0.17207578125 0.474880078125 0.20591240234375 0.488287109375 0.22825732421875 0.5202083984375
0 0.05237060546875 0.4935541015625 0.0536474609375 0.50759951171875 0.0517322265625 0.52228330078125 0.03960205078125 0.528667578125 0.008319140625 0.5363287109375 0 0.53466494140625 0 0.4456671875 0.015341796875 0.44950263671875 0.0332177734375 0.458440625 0.05237060546875 0.4935541015625
0 0.28715224609375 0.44934296875 0.2881099609375 0.45061982421875 0.289067578125 0.46147314453125 0.289067578125 0.4723263671875 0.28427939453125 0.4857333984375 0.2798103515625 0.4962673828125 0.27342607421875 0.50233251953125 0.26544580078125 0.50233251953125 0.25618857421875 0.50424775390625 0.24756982421875 0.5115896484375 0.237993359375 0.51254736328125 0.2287361328125 0.51031279296875 0.2197982421875 0.5064822265625 0.2146908203125 0.49914033203125 0.20511435546875 0.4908408203125 0.190111328125 0.48222197265625 0.18628076171875 0.47360322265625 0.1945802734375 0.46402685546875 0.2038375 0.4570041015625 0.21788291015625 0.4509390625 0.22714013671875 0.438808984375 0.23575888671875 0.43529755859375 0.24788896484375 0.4362552734375 0.26736103515625 0.43848974609375 0.2798103515625 0.4413626953125 0.28715224609375 0.44934296875
0 0.07790771484375 0.4373724609375 0.07599248046875 0.44694892578125 0.069608203125 0.4578021484375 0.05747802734375 0.46418642578125 0.0434326171875 0.45716376953125 0.02938720703125 0.4389685546875 0.03385625 0.42811533203125 0.0568396484375 0.42045419921875 0.07790771484375 0.4373724609375
0 0.04389580078125 0.3615578125 0.04574453125 0.405002734375 0.04019833984375 0.42996044921875 0 0.43127841796875 0 0.3615578125 0.04389580078125 0.3615578125
0 0.25555009765625 0.37720068359375 0.25491171875 0.38039287109375 0.25363486328125 0.3851810546875 0.24693134765625 0.3928421875 0.2472505859375 0.39603427734375 0.25171953125 0.4024185546875 0.25618857421875 0.409760546875 0.25618857421875 0.42029453125 0.25299638671875 0.42667880859375 0.24533525390625 0.434020703125 0.24086630859375 0.4365744140625 0.23160908203125 0.4365744140625 0.2242671875 0.44008583984375 0.21852138671875 0.4464701171875 0.2063912109375 0.4570041015625 0.18532314453125 0.467857421875 0.17351220703125 0.47136875 0.157870703125 0.4704111328125 0.14542138671875 0.45987705078125 0.130418359375 0.44551240234375 0.12658779296875 0.43178623046875 0.128503125 0.4193369140625 0.1364833984375 0.40688759765625 0.14605986328125 0.39507666015625 0.145740625 0.3851810546875 0.14542138671875 0.3749662109375 0.143825390625 0.36538984375 0.14254853515625 0.35485576171875 0.142229296875 0.3443216796875 0.149251953125 0.331553125 0.1569130859375 0.3305955078125 0.17351220703125 0.329637890625 0.18819599609375 0.3235728515625 0.200326171875 0.3261265625 0.21277548828125 0.33634140625 0.22458642578125 0.34623701171875 0.23831259765625 0.35645185546875 0.25108115234375 0.36443212890625 0.25555009765625 0.37720068359375
0 0.12898193359375 0.36523017578125 0.134727734375 0.38055244140625 0.13153564453125 0.38565986328125 0.12259765625 0.40034375 0.10536005859375 0.43481875 0.0791845703125 0.4354572265625 0.06067021484375 0.42077333984375 0.04470947265625 0.38821357421875 0.0434326171875 0.35820751953125 0.0689697265625 0.33011669921875 0.093868359375 0.3262861328125 0.12898193359375 0.36523017578125
0 0.29800556640625 0.39316142578125 0.29481337890625 0.39571513671875 0.2881099609375 0.40178017578125 0.2778951171875 0.4024185546875 0.267041796875 0.39858798828125 0.2590615234375 0.39316142578125 0.25714619140625 0.3816697265625 0.256826953125 0.37368935546875 0.2558693359375 0.368901171875 0.25491171875 0.36538984375 0.24852744140625 0.35932470703125 0.23671650390625 0.35230205078125 0.2303322265625 0.346875390625 0.23735498046875 0.33442607421875 0.2523580078125 0.322934375 0.27406455078125 0.31303876953125 0.28459853515625 0.309208203125 0.300878515625 0.3085697265625 0.3146046875 0.30888896484375 0.3276923828125 0.3082505859375 0.32896923828125 0.3117619140625 0.328330859375 0.32421123046875 0.32545791015625 0.33793740234375 0.32003125 0.3526212890625 0.319712109375 0.37113564453125 0.29800556640625 0.39316142578125
0 0.01780126953125 0.271722265625 0.045559765625 0.2962779296875 0.0562361328125 0.3154953125 0.053033203125 0.3485919921875 0.00392197265625 0.3624712890625 0 0.3624712890625 0 0.25159912109375 0.01780126953125 0.271722265625
0 0.20511435546875 0.29356669921875 0.20351826171875 0.30729287109375 0.201922265625 0.319423046875 0.18979208984375 0.32772255859375 0.1655318359375 0.3286802734375 0.15116728515625 0.32995712890625 0.13935634765625 0.3347453125 0.12563017578125 0.331233984375 0.11637294921875 0.31750771484375 0.113180859375 0.2980357421875 0.12211884765625 0.28367109375 0.1278646484375 0.26707197265625 0.12690703125 0.2501537109375 0.1396755859375 0.24121572265625 0.15467861328125 0.2351505859375 0.17000087890625 0.23706591796875 0.1894728515625 0.2530265625 0.20511435546875 0.29356669921875
0 0.06989599609375 0.2208966796875 0.125824609375 0.2391060546875 0.13492919921875 0.2651193359375 0.125824609375 0.29893662109375 0.10891591796875 0.32104794921875 0.0685953125 0.3223486328125 0.04518330078125 0.28853134765625 0.037379296875 0.26251796875 0.06989599609375 0.2208966796875
0 0.042475 0.266752734375 0.0383251953125 0.27281787109375 0.035771484375 0.27632919921875 0.0297064453125 0.27984052734375 0.02076845703125 0.27984052734375 0.01502265625 0.2744138671875 0.01214970703125 0.27058330078125 0.009915234375 0.261326171875 0.00863837890625 0.252707421875 0.00640380859375 0.242492578125 0.01119208984375 0.2357890625 0.0220453125 0.223978125 0.02938720703125 0.22429736328125 0.04470947265625 0.2246166015625 0.0520513671875 0.23132001953125 0.042475 0.266752734375
0 0.307901171875 0.21695546875 0.30917802734375 0.2185515625 0.31013564453125 0.21918994140625 0.318116015625 0.22685107421875 0.325138671875 0.2351505859375 0.32194658203125 0.24472705078125 0.31364697265625 0.2520689453125 0.3069435546875 0.26004931640625 0.3104548828125 0.2693064453125 0.3120509765625 0.2766484375 0.30470908203125 0.2894169921875 0.29960166015625 0.2929283203125 0.28172568359375 0.29548203125 0.27534140625 0.297078125 0.270233984375 0.30442001953125 0.2641689453125 0.3082505859375 0.2488466796875 0.3085697265625 0.2421431640625 0.3031431640625 0.23448203125 0.2929283203125 0.22362880859375 0.27984052734375 0.2114986328125 0.27217939453125 0.20160302734375 0.2709025390625 0.18628076171875 0.2587724609375 0.18468466796875 0.24600390625 0.19138818359375 0.2348314453125 0.20064541015625 0.2246166015625 0.21532919921875 0.20961357421875 0.227778515625 0.198121875 0.241185546875 0.19109912109375 0.24693134765625 0.1888646484375 0.248208203125 0.18790703125 0.25491171875 0.18503408203125 0.26576494140625 0.18152275390625 0.2782142578125 0.1776921875 0.28619462890625 0.17481923828125 0.2916212890625 0.1668388671875 0.30662431640625 0.16588125 0.307901171875 0.21695546875
0 0.2070296875 0.152155078125 0.210541015625 0.14481318359375 0.21596767578125 0.13715205078125 0.2217134765625 0.133321484375 0.23128984375 0.13810966796875 0.24086630859375 0.15023974609375 0.24182392578125 0.16109306640625 0.2456544921875 0.17066943359375 0.24629296875 0.17896904296875 0.2437392578125 0.18599169921875 0.2389509765625 0.19109912109375 0.23128984375 0.2006755859375 0.22554404296875 0.20705986328125 0.2114986328125 0.2185515625 0.20224140625 0.22525498046875 0.1875576171875 0.2300431640625 0.17510830078125 0.23036240234375 0.168085546875 0.21982841796875 0.1655318359375 0.21057119140625 0.162658984375 0.201633203125 0.15467861328125 0.19939873046875 0.14701748046875 0.1949296875 0.13744111328125 0.1853533203125 0.13680263671875 0.1684349609375 0.14286767578125 0.1540703125 0.1601052734375 0.13810966796875 0.179896484375 0.12853330078125 0.2070296875 0.152155078125
0 0.14877314453125 0.11177451171875 0.14781552734375 0.11241298828125 0.1439849609375 0.11496669921875 0.1423888671875 0.1162435546875 0.13696220703125 0.118797265625 0.13153564453125 0.1181587890625 0.12674736328125 0.12007412109375 0.119086328125 0.12262783203125 0.1184478515625 0.12550068359375 0.1210015625 0.134438671875 0.1270666015625 0.1420998046875 0.13089716796875 0.14401513671875 0.13504697265625 0.14816494140625 0.1356853515625 0.15167626953125 0.1328125 0.1606142578125 0.12642822265625 0.1708291015625 0.11621337890625 0.1759365234375 0.1082330078125 0.1759365234375 0.09929501953125 0.17306357421875 0.08461123046875 0.1711482421875 0.07790771484375 0.170190625 0.07439638671875 0.1762556640625 0.0740771484375 0.18232080078125 0.0638623046875 0.1912587890625 0.0542859375 0.19700458984375 0.05237060546875 0.19285478515625 0.0520513671875 0.19030107421875 0.04822080078125 0.18423603515625 0.04630556640625 0.18583212890625 0.03417548828125 0.19700458984375 0.0252375 0.1931740234375 0.02491826171875 0.185512890625 0.02364140625 0.18263994140625 0.03002568359375 0.17178671875 0.02587587890625 0.1711482421875 0.0226837890625 0.17402119140625 0.01310732421875 0.1778517578125 0.005126953125 0.1711482421875 0.0022541015625 0.1660408203125 0 0.1624818359375 0 0.1117556640625 0.0025732421875 0.110178515625 0.015341796875 0.115605078125 0.01885322265625 0.108582421875 0.01981083984375 0.10666708984375 0.0210876953125 0.10124052734375 0.02364140625 0.0942177734375 0.03353701171875 0.09102568359375 0.0434326171875 0.0875142578125 0.04407109375 0.08687587890625 0.044390234375 0.08464140625 0.044390234375 0.08176845703125 0.04407109375 0.0788955078125 0.04215576171875 0.07155361328125 0.04630556640625 0.06708466796875 0.0542859375 0.06293486328125 0.05907412109375 0.060700390625 0.06067021484375 0.05718896484375 0.0619470703125 0.0530392578125 0.07024658203125 0.04442041015625 0.074715625 0.0447396484375 0.08301513671875 0.05112392578125 0.088441796875 0.05623134765625 0.09354921875 0.05878505859375 0.10440244140625 0.0683615234375 0.1082330078125 0.069319140625 0.11014833984375 0.066126953125 0.1117443359375 0.06485009765625 0.1123828125 0.06421171875 0.11461728515625 0.062615625 0.1200439453125 0.0565505859375 0.1251513671875 0.05208154296875 0.133131640625 0.04952783203125 0.14302734375 0.05782744140625 0.146538671875 0.0667654296875 0.14877314453125 0.11177451171875
0 0.0499765625 0.00659365234375 0.04965732421875 0.01170107421875 0.05061494140625 0.0283001953125 0.05476474609375 0.03979189453125 0.04901884765625 0.05671015625 0.0458267578125 0.06054072265625 0.040080859375 0.0678826171875 0.033058203125 0.07586298828125 0.0305044921875 0.08160888671875 0.0218857421875 0.08863154296875 0.01071328125 0.0899083984375 0.00017919921875 0.08927001953125 0 0.0891470703125 0 0.02029951171875 0.00209443359375 0.0184044921875 0.0084787109375 0.012339453125 0.01709755859375 0.00340146484375 0.023700390625 0 0.03288193359375 0 0.0499765625 0.00659365234375
0 0.19745322265625 0.0094666015625 0.1920265625 0.01521240234375 0.1834078125 0.02031982421875 0.1687240234375 0.03628046875 0.14446376953125 0.04011103515625 0.13073759765625 0.0267041015625 0.12403408203125 0.01617001953125 0.11637294921875 0.0062744140625 0.111759375 0 0.19922822265625 0 0.19745322265625 0.0094666015625
0 0.31955244140625 0.008828125 0.30231494140625 0.03500361328125 0.2838005859375 0.0490490234375 0.25698662109375 0.05032587890625 0.22634208984375 0.04011103515625 0.20655078125 0.03628046875 0.20335869140625 0.034365234375 0.2020818359375 0.034365234375 0.21038134765625 0.01010498046875 0.211433984375 0 0.32661494140625 0 0.31955244140625 0.008828125