0 0.16549697265625 0.9877296875 0.1975587890625 0.958496875 0.21924775390625 0.9528388671875 0.24282265625 0.95000986328125 0.255081640625 0.9528388671875 0.2616826171875 0.9547248046875 0.28714345703125 0.93775087890625 0.31826240234375 0.93397890625 0.334293359375 0.98301474609375 0.36446923828125 0.99621669921875 0.3688013671875 0.9990234375 0.1615109375 0.9990234375 0.16549697265625 0.9877296875
0 0.64171015625 0.89814501953125 0.653026171875 0.91606201171875 0.655855078125 0.9396369140625 0.65019716796875 0.958496875 0.6332232421875 0.9943306640625 0.629789453125 0.9990234375 0.50314140625 0.9990234375 0.49743173828125 0.97547080078125 0.49271669921875 0.95000986328125 0.5030896484375 0.919833984375 0.52572158203125 0.90286005859375 0.55966943359375 0.87928515625 0.64171015625 0.89814501953125
0 0.360697265625 0.98395771484375 0.3550392578125 0.95095283203125 0.37861416015625 0.918891015625 0.38710107421875 0.894373046875 0.3955880859375 0.86985517578125 0.4078470703125 0.85759619140625 0.43330791015625 0.841565234375 0.4474529296875 0.8453373046875 0.46442685546875 0.88211416015625 0.4634837890625 0.90663203125 0.4483958984375 0.92832099609375 0.43990888671875 0.95566787109375 0.442737890625 0.96886982421875 0.43990888671875 0.98584375 0.4342509765625 0.98867275390625 0.41711875 0.9990234375 0.37399052734375 0.9990234375 0.360697265625 0.98395771484375
0 0.8340814453125 0.7397216796875 0.839739453125 0.747265625 0.8482263671875 0.75858154296875 0.867086328125 0.7746125 0.88028828125 0.78970048828125 0.8887751953125 0.813275390625 0.88311728515625 0.82930634765625 0.85199833984375 0.8453373046875 0.8604853515625 0.91040400390625 0.8472833984375 0.92172001953125 0.83030947265625 0.919833984375 0.81616455078125 0.92266298828125 0.80013359375 0.9518958984375 0.7954185546875 0.96132578125 0.7661857421875 0.97735673828125 0.73695283203125 0.9811287109375 0.72563681640625 0.9792427734375 0.693575 0.9782998046875 0.66905703125 0.97547080078125 0.6624560546875 0.9660408203125 0.65868408203125 0.94435185546875 0.6615130859375 0.92172001953125 0.6737720703125 0.89531611328125 0.6888599609375 0.88117109375 0.71054892578125 0.8547671875 0.74826875 0.8198763671875 0.77467265625 0.7925294921875 0.8340814453125 0.7397216796875
0 0 0.97018330078125 0 0.7788982421875 0.06124345703125 0.82925390625 0.0075974609375 0.97007470703125 0 0.97018330078125
0 0.69074599609375 0.91307587890625 0.64296748046875 0.9030171875 0.63039423828125 0.887929296875 0.567527734375 0.87284130859375 0.52729326171875 0.85523876953125 0.509690625 0.81248955078125 0.494602734375 0.74459384765625 0.54238125 0.70687392578125 0.6077623046875 0.6590955078125 0.68823134765625 0.666639453125 0.7234365234375 0.70435927734375 0.7737296875 0.73453515625 0.78378828125 0.792372265625 0.69074599609375 0.91307587890625
0 0.3173193359375 0.66333896484375 0.32109140625 0.66522490234375 0.3305212890625 0.6755978515625 0.35221025390625 0.7001158203125 0.41067607421875 0.74820859375 0.43142197265625 0.75669560546875 0.43142197265625 0.77649853515625 0.42859296875 0.80478837890625 0.42482099609375 0.81799033203125 0.4087900390625 0.83779326171875 0.3965310546875 0.839679296875 0.362583203125 0.84910927734375 0.33146435546875 0.85759619140625 0.309775390625 0.85665322265625 0.2899724609375 0.8340212890625 0.24470869140625 0.83024931640625 0.2503666015625 0.81704736328125 0.2635685546875 0.80856044921875 0.256967578125 0.80101640625 0.230563671875 0.7812134765625 0.2088748046875 0.7746125 0.18718583984375 0.760467578125 0.17869892578125 0.7397216796875 0.20604580078125 0.7020017578125 0.2946875 0.680312890625 0.322034375 0.6887998046875 0.3173193359375 0.66333896484375
0 0.08062724609375 0.65013701171875 0.0910001953125 0.60393017578125 0.1155181640625 0.5680962890625 0.13343505859375 0.5416923828125 0.15418095703125 0.51151650390625 0.17304091796875 0.50491552734375 0.1947298828125 0.5020865234375 0.2418796875 0.50397255859375 0.2880865234375 0.52471845703125 0.30694638671875 0.55017939453125 0.31354736328125 0.58412724609375 0.29091552734375 0.61713212890625 0.27111259765625 0.64447900390625 0.256967578125 0.66805390625 0.25225263671875 0.679369921875 0.17964189453125 0.70483076171875 0.1692689453125 0.71803271484375 0.14003603515625 0.72934873046875 0.095715234375 0.70388779296875 0.08062724609375 0.65013701171875
0 0.08471357421875 0.66161015625 0.06124345703125 0.7320205078125 0.01430322265625 0.7320205078125 0 0.72725283203125 0 0.4359703125 0.021008984375 0.423555859375 0.12159521484375 0.48390771484375 0.08471357421875 0.66161015625
0 0.99721982421875 0.65202294921875 0.96327197265625 0.64259306640625 0.94252607421875 0.5945001953125 0.93781103515625 0.56055234375 0.9255521484375 0.521889453125 0.95007001953125 0.4558796875 0.99721982421875 0.42758984375 0.9990234375 0.42768681640625 0.9990234375 0.65180439453125 0.99721982421875 0.65202294921875
0 0.52980791015625 0.31710205078125 0.494602734375 0.31710205078125 0.494602734375 0.19136923828125 0.57004248046875 0.18382529296875 0.64799677734375 0.1586787109375 0.7133779296875 0.171251953125 0.80642021484375 0.1787958984375 0.81899345703125 0.2693236328125 0.778758984375 0.31961669921875 0.768700390625 0.382483203125 0.64296748046875 0.41265908203125 0.52980791015625 0.31710205078125
0 0.031067578125 0.01450498046875 0.1014779296875 0.04132802734375 0.14841826171875 0.11509130859375 0.15847685546875 0.1787958984375 0.1417125 0.276029296875 0.07465498046875 0.33302822265625 0 0.34609287109375 0 0.01894326171875 0.031067578125 0.01450498046875
0 0.30851806640625 0.0480337890625 0.28335751953125 0 0.53239453125 0 0.494602734375 0.04300439453125 0.494602734375 0.055577734375 0.431736328125 0.08826826171875 0.30851806640625 0.0480337890625
0 0 0.0145337890625 0 0 0.15193994140625 0 0.104830859375 0.02791650390625 0 0.0145337890625