0 0.00510859375 0.64381162109375 0.01548154296875 0.66550048828125 0.00793759765625 0.688132421875 0.00888056640625 0.70322041015625 0.00133662109375 0.71642236328125 0 0.7171154296875 0 0.62998837890625 0.00510859375 0.64381162109375
0 0.9934376953125 0.8988234375 0.9990234375 0.89762646484375 0.9990234375 0.9990234375 0.9160912109375 0.9990234375 0.92023759765625 0.97414521484375 0.9934376953125 0.8988234375
0 0.69538203125 0.9927203125 0.7161279296875 0.98894833984375 0.736278125 0.9990234375 0.6926806640625 0.9990234375 0.69538203125 0.9927203125
0 0.29532607421875 0.9818400390625 0.331199609375 0.99892265625 0.33122333984375 0.9990234375 0.27664853515625 0.9990234375 0.29532607421875 0.9818400390625
0 0.24085771484375 0.9597154296875 0.232370703125 0.97008837890625 0.21472744140625 0.9990234375 0.08059130859375 0.9990234375 0.08054833984375 0.9983783203125 0.0786623046875 0.98234736328125 0.0786623046875 0.96254443359375 0.06828935546875 0.94462744140625 0.05508740234375 0.91539462890625 0.043771484375 0.88333271484375 0.0569734375 0.8597578125 0.072061328125 0.8522138671875 0.08054833984375 0.85692880859375 0.12109716796875 0.86164384765625 0.1899359375 0.8814466796875 0.21822578125 0.89747763671875 0.24085771484375 0.9597154296875
0 0.25311669921875 0.9210525390625 0.22199775390625 0.8805037109375 0.20785283203125 0.83712587890625 0.2719765625 0.8144939453125 0.3172404296875 0.80883603515625 0.3445873046875 0.8144939453125 0.3719341796875 0.8267529296875 0.4087111328125 0.84372685546875 0.418141015625 0.85692880859375 0.3775921875 0.88521875 0.37664921875 0.9059646484375 0.3841931640625 0.93048251953125 0.3719341796875 0.95122841796875 0.32006943359375 0.96914541015625 0.3030955078125 0.97103134765625 0.2719765625 0.967259375 0.26820458984375 0.95028544921875 0.25311669921875 0.9210525390625
0 0.59427197265625 0.67947763671875 0.62843720703125 0.68460244140625 0.6831015625 0.6982685546875 0.7343494140625 0.7443916015625 0.74801552734375 0.78538994140625 0.7326412109375 0.85884521484375 0.70189248046875 0.89813525390625 0.648936328125 0.88617744140625 0.580605859375 0.8913021484375 0.53789931640625 0.89984345703125 0.51056708984375 0.85030390625 0.50885888671875 0.816138671875 0.53789931640625 0.7665990234375 0.5515654296875 0.747808203125 0.568648046875 0.6965603515625 0.59427197265625 0.67947763671875
0 0.01453857421875 0.8003490234375 0.00510859375 0.75791416015625 0.00793759765625 0.73811123046875 0.044714453125 0.69756240234375 0.07300439453125 0.67681650390625 0.12109716796875 0.65795654296875 0.14655810546875 0.65795654296875 0.164475 0.661728515625 0.1701330078125 0.67210146484375 0.16636103515625 0.68530341796875 0.15976005859375 0.712650390625 0.1701330078125 0.72490927734375 0.1842779296875 0.73622529296875 0.204080859375 0.7475412109375 0.21539677734375 0.7598001953125 0.22199775390625 0.7720591796875 0.20596689453125 0.78997607421875 0.1446720703125 0.8144939453125 0.122983203125 0.83523994140625 0.11261015625 0.8531568359375 0.11072421875 0.85504287109375 0.07489033203125 0.83146787109375 0.01453857421875 0.8003490234375
0 0.44863125 0.81292236328125 0.45868994140625 0.79406240234375 0.46371923828125 0.78023173828125 0.45491787109375 0.7525705078125 0.44234462890625 0.73622529296875 0.42851396484375 0.73622529296875 0.38702216796875 0.73496796875 0.37570625 0.70982138671875 0.380735546875 0.68341748046875 0.39959541015625 0.66204287109375 0.4096541015625 0.64318291015625 0.4310287109375 0.64066826171875 0.43982998046875 0.6394109375 0.4725205078125 0.6218083984375 0.48383642578125 0.6167791015625 0.50269638671875 0.60923505859375 0.5202990234375 0.60923505859375 0.54293095703125 0.62055107421875 0.554246875 0.63312431640625 0.52155634765625 0.67838818359375 0.53664423828125 0.67838818359375 0.53161494140625 0.7110787109375 0.50772568359375 0.7324533203125 0.50772568359375 0.7450265625 0.5253283203125 0.77143046875 0.52155634765625 0.80789296875 0.5014390625 0.83806884765625 0.44863125 0.81292236328125
0 0.7838890625 0.5274423828125 0.8248873046875 0.522317578125 0.83342861328125 0.544525 0.82659560546875 0.5616076171875 0.8470947265625 0.5803984375 0.8248873046875 0.60431416015625 0.7907220703125 0.6196884765625 0.79413857421875 0.64531240234375 0.76338994140625 0.647020703125 0.72922470703125 0.63164638671875 0.693351171875 0.61285546875 0.68993466796875 0.5855232421875 0.73947421875 0.55819111328125 0.7838890625 0.5274423828125
0 0.97009853515625 0.7386318359375 0.9990234375 0.73158603515625 0.9990234375 0.85913818359375 0.995559375 0.855327734375 0.977524609375 0.8203189453125 0.96903759765625 0.81925810546875 0.95418544921875 0.80971025390625 0.94145498046875 0.77788408203125 0.97009853515625 0.7386318359375
0 0.98229853515625 0.7025623046875 0.9929072265625 0.60708388671875 0.9990234375 0.6075056640625 0.9990234375 0.70765244140625 0.98229853515625 0.7025623046875
0 0.8369591796875 0.13340498046875 0.852872265625 0.0718744140625 0.92182880859375 0.044291796875 0.983359375 0.044291796875 0.9990234375 0.057449609375 0.9990234375 0.2557556640625 0.9982115234375 0.256466015625 0.9685072265625 0.28935302734375 0.96320283203125 0.29465732421875 0.91334189453125 0.319057421875 0.8995505859375 0.32330087890625 0.88151572265625 0.30738779296875 0.84120263671875 0.18963115234375 0.8369591796875 0.13340498046875
0 0 0.58698662109375 0 0.506146875 0.02019658203125 0.48350224609375 0.045657421875 0.48538818359375 0.08243427734375 0.51462109375 0.097522265625 0.5334810546875 0.0786623046875 0.57874482421875 0.06263134765625 0.59854775390625 0.05320146484375 0.61835068359375 0.05320146484375 0.6268376953125 0.0107666015625 0.607034765625 0 0.58698662109375
0 0.36194833984375 0.4949853515625 0.411487890625 0.4932771484375 0.43540361328125 0.5274423828125 0.41832099609375 0.57527373046875 0.4046548828125 0.60089765625 0.3721978515625 0.61456376953125 0.3380326171875 0.60089765625 0.298742578125 0.59918935546875 0.274826953125 0.578690234375 0.27311865234375 0.544525 0.2679939453125 0.51890107421875 0.3038673828125 0.51206796875 0.36194833984375 0.4949853515625
0 0.48475 0.4399966796875 0.57174140625 0.40180537109375 0.6502458984375 0.44424013671875 0.6629763671875 0.5142576171875 0.64600244140625 0.54184033203125 0.552645703125 0.56942294921875 0.48475 0.4399966796875
0 0.50202578125 0.353199609375 0.50202578125 0.32074267578125 0.512275390625 0.29511875 0.54814892578125 0.2917021484375 0.5635232421875 0.3070765625 0.5754810546875 0.32757568359375 0.58231416015625 0.353199609375 0.58231416015625 0.3685740234375 0.56693974609375 0.38736484375 0.5344828125 0.3924896484375 0.512275390625 0.3822400390625 0.50202578125 0.353199609375
0 0.87101044921875 0.29341044921875 0.9137169921875 0.329283984375 0.92055 0.37199052734375 0.898342578125 0.442029296875 0.8573443359375 0.46252841796875 0.7787642578125 0.46936142578125 0.717266796875 0.4488623046875 0.67456025390625 0.41298876953125 0.6540611328125 0.3583244140625 0.647228125 0.31049306640625 0.6660189453125 0.23874609375 0.68993466796875 0.19774775390625 0.73093291015625 0.1823734375 0.75997333984375 0.17895693359375 0.79413857421875 0.17895693359375 0.8009716796875 0.20970556640625 0.8351369140625 0.22678818359375 0.87101044921875 0.29341044921875
0 0.25432783203125 0.35490791015625 0.23212041015625 0.36344921875 0.2133294921875 0.39419794921875 0.17233125 0.39419794921875 0.14329072265625 0.3685740234375 0.12620810546875 0.31561787109375 0.150123828125 0.28657744140625 0.1791642578125 0.2558287109375 0.23895341796875 0.2114138671875 0.28849306640625 0.2336212890625 0.32095 0.2575369140625 0.319241796875 0.2899939453125 0.3089921875 0.34465830078125 0.25432783203125 0.35490791015625
0 0.54473232421875 0.2899939453125 0.556690234375 0.24728740234375 0.59085546875 0.2233716796875 0.63527021484375 0.23191298828125 0.6438115234375 0.2677865234375 0.65235283203125 0.29341044921875 0.648936328125 0.31732607421875 0.62331240234375 0.32586748046875 0.580605859375 0.3241591796875 0.54473232421875 0.2899939453125
0 0.70872548828125 0.08329423828125 0.74289072265625 0.05596201171875 0.773639453125 0.05596201171875 0.7787642578125 0.069628125 0.8009716796875 0.059378515625 0.830012109375 0.07133642578125 0.83342861328125 0.0969603515625 0.81463779296875 0.12941728515625 0.8231791015625 0.15845771484375 0.8026798828125 0.17554033203125 0.76338994140625 0.172123828125 0.74118251953125 0.1669990234375 0.7001841796875 0.15674951171875 0.7104337890625 0.136250390625 0.70872548828125 0.08329423828125
0 0.21445380859375 0.17137041015625 0.19465087890625 0.16854140625 0.17956298828125 0.154396484375 0.15598798828125 0.12422060546875 0.18710693359375 0.0959306640625 0.19370791015625 0.08744375 0.17956298828125 0.0563248046875 0.1701330078125 0.02426298828125 0.18239189453125 0.00728896484375 0.20025 0 0.32230224609375 0 0.3313853515625 0.0157759765625 0.33987236328125 0.04029384765625 0.3294994140625 0.0544388671875 0.33515732421875 0.08461474609375 0.3445873046875 0.10536064453125 0.34175830078125 0.12610654296875 0.336100390625 0.14685244140625 0.32572744140625 0.16571240234375 0.3228984375 0.17702841796875 0.310639453125 0.181743359375 0.258774609375 0.17891435546875 0.21445380859375 0.17137041015625
0 0.56556279296875 0.06984111328125 0.55047490234375 0.09750234375 0.532872265625 0.12013427734375 0.51024033203125 0.14025146484375 0.459947265625 0.14025146484375 0.417198046875 0.13270751953125 0.3568462890625 0.112590234375 0.34175830078125 0.06732646484375 0.33672900390625 0.0371505859375 0.34949951171875 0 0.52565361328125 0 0.56556279296875 0.06984111328125