0 0.9990234375 0.98385234375 0.9990234375 0.9990234375 0.9618029296875 0.9990234375 0.9990234375 0.98385234375
0 0.50109609375 0.7127625 0.53422333984375 0.6282880859375 0.58722685546875 0.63325712890625 0.57231962890625 0.6696970703125 0.63029228515625 0.696198828125 0.6667322265625 0.71441884765625 0.66010673828125 0.765766015625 0.6203541015625 0.79723681640625 0.57563232421875 0.812144140625 0.52262880859375 0.812144140625 0.4911580078125 0.7690787109375 0.50109609375 0.7127625
0 0.57231962890625 0.65644619140625 0.605446875 0.60675537109375 0.6385740234375 0.58853544921875 0.704828515625 0.5984736328125 0.7661138671875 0.63822626953125 0.7379556640625 0.684604296875 0.70317216796875 0.70944970703125 0.6203541015625 0.6895734375 0.57231962890625 0.65644619140625
0 0.17533525390625 0.21394775390625 0.19001904296875 0.2279931640625 0.17788896484375 0.25799931640625 0.1912958984375 0.2720447265625 0.169589453125 0.30843505859375 0.14469072265625 0.31545771484375 0.094893359375 0.29566650390625 0.08148642578125 0.27587529296875 0.07957119140625 0.2535302734375 0.10191611328125 0.22416259765625 0.1229841796875 0.2075634765625 0.17533525390625 0.21394775390625
0 0.3157892578125 0.20788271484375 0.326642578125 0.2276740234375 0.32791943359375 0.254487890625 0.3208966796875 0.27364072265625 0.285783203125 0.29343203125 0.26726875 0.2908783203125 0.24109326171875 0.27364072265625 0.2302400390625 0.24810361328125 0.2302400390625 0.22575869140625 0.255138671875 0.209798046875 0.2934443359375 0.204690625 0.3157892578125 0.20788271484375
0 0.39814638671875 0.17787666015625 0.38857001953125 0.19319892578125 0.3789935546875 0.2040521484375 0.35984072265625 0.2193744140625 0.33558056640625 0.2225666015625 0.3138740234375 0.2091595703125 0.3036591796875 0.1919220703125 0.2934443359375 0.17276923828125 0.28642158203125 0.1510626953125 0.292805859375 0.12233349609375 0.313235546875 0.1133955078125 0.3585638671875 0.11211865234375 0.38601630859375 0.1133955078125 0.39814638671875 0.17787666015625
0 0.34451845703125 0.06647109375 0.3432416015625 0.07381298828125 0.3311115234375 0.0862623046875 0.32025830078125 0.08849677734375 0.31291630859375 0.08753916015625 0.2969556640625 0.0843470703125 0.28131416015625 0.07445146484375 0.27684521484375 0.06008681640625 0.284187109375 0.0485951171875 0.301424609375 0.03901865234375 0.32823857421875 0.0399763671875 0.34451845703125 0.06647109375
0 0.242210546875 0.02433486328125 0.23837998046875 0.04667978515625 0.24029521484375 0.04987197265625 0.2773240234375 0.05625625 0.286900390625 0.0741322265625 0.279877734375 0.12520634765625 0.26072490234375 0.13797490234375 0.23008037109375 0.1347828125 0.1956052734375 0.14818974609375 0.19624375 0.17245 0.184113671875 0.2037330078125 0.13623154296875 0.2005408203125 0.09026484375 0.150105078125 0.08132685546875 0.13350595703125 0.071750390625 0.1149916015625 0.0621740234375 0.1047767578125 0.0359984375 0.10094619140625 0.00726923828125 0.09520029296875 0 0.09592724609375 0 0 0.2337869140625 0 0.242210546875 0.02433486328125
0 0.3531373046875 0.0230580078125 0.3346228515625 0.030719140625 0.32376962890625 0.0313576171875 0.29376357421875 0.04157236328125 0.27078017578125 0.0505103515625 0.24971201171875 0.03774189453125 0.23758193359375 0.013481640625 0.2327884765625 0 0.35474599609375 0 0.3531373046875 0.0230580078125
0 0.2117255859375 0.3266302734375 0.21874833984375 0.3355681640625 0.2251326171875 0.35025205078125 0.224494140625 0.37323544921875 0.2149177734375 0.3968572265625 0.20853349609375 0.40834892578125 0.18555009765625 0.4275017578125 0.14532919921875 0.45623095703125 0.10383134765625 0.45431572265625 0.0725484375 0.4326091796875 0.0476498046875 0.40898740234375 0.03551962890625 0.37834287109375 0.0444576171875 0.34769833984375 0.077655859375 0.31705380859375 0.118515234375 0.30683896484375 0.2117255859375 0.3266302734375
0 0.82995615234375 0.949052734375 0.83345625 0.893051171875 0.8807076171875 0.86680048828125 0.91395849609375 0.8983013671875 0.9104583984375 0.9560529296875 0.901708203125 0.97355341796875 0.8527068359375 0.98055361328125 0.82995615234375 0.949052734375
0 0.9104583984375 0.90355146484375 0.93495908203125 0.85280009765625 0.9990234375 0.84067978515625 0.9990234375 0.9752580078125 0.96996005859375 0.9823037109375 0.93495908203125 0.99280400390625 0.91395849609375 0.9683033203125 0.9104583984375 0.90355146484375
0 0.9962107421875 0.72504658203125 0.9664599609375 0.6795453125 0.97696025390625 0.6182935546875 0.99796083984375 0.60079306640625 0.99096064453125 0.497540234375 0.9990234375 0.498548046875 0.9990234375 0.72504658203125 0.9962107421875 0.72504658203125
0 0.91395849609375 0.50629052734375 0.91395849609375 0.4467888671875 0.961209765625 0.40303759765625 0.9990234375 0.4226447265625 0.9990234375 0.52532197265625 0.99796083984375 0.52904111328125 0.945459375 0.54479150390625 0.91395849609375 0.50629052734375
0 0.99220302734375 0.421755859375 0.9934798828125 0.387280859375 0.9990234375 0.38139794921875 0.9990234375 0.4353966796875 0.99220302734375 0.421755859375
0 0.8662732421875 0.3559978515625 0.86659248046875 0.36908564453125 0.861804296875 0.38919609375 0.85127021484375 0.4054759765625 0.8372248046875 0.41345634765625 0.8113685546875 0.40675283203125 0.80083447265625 0.3968572265625 0.7909388671875 0.37834287109375 0.79413095703125 0.363658984375 0.80498427734375 0.33971796875 0.82988291015625 0.3215228515625 0.8662732421875 0.3559978515625
0 0.70379345703125 0.41345634765625 0.69166337890625 0.4412279296875 0.6699568359375 0.45527333984375 0.63612021484375 0.44665458984375 0.61824423828125 0.4239904296875 0.61920185546875 0.4080296875 0.6373970703125 0.38919609375 0.6530384765625 0.3780236328125 0.6833638671875 0.37578916015625 0.70379345703125 0.41345634765625
0 0.44411318359375 0.3489751953125 0.449858984375 0.363658984375 0.44922060546875 0.373873828125 0.439644140625 0.38345029296875 0.4198529296875 0.39366513671875 0.405169140625 0.39877255859375 0.381547265625 0.3949419921875 0.36303291015625 0.384088671875 0.3413263671875 0.3662126953125 0.3343037109375 0.35152890625 0.3362189453125 0.33429130859375 0.3413263671875 0.31450009765625 0.34004951171875 0.29917783203125 0.354094921875 0.28449404296875 0.38601630859375 0.28449404296875 0.4147455078125 0.31769228515625 0.44411318359375 0.3489751953125
0 0.572437109375 0.320884375 0.57052177734375 0.33109921875 0.56796806640625 0.34003720703125 0.5615837890625 0.3540826171875 0.54817685546875 0.37834287109375 0.531577734375 0.3866423828125 0.51434013671875 0.3815349609375 0.4862494140625 0.36302060546875 0.49007998046875 0.346421484375 0.4881646484375 0.33492978515625 0.4856109375 0.31705380859375 0.483695703125 0.29917783203125 0.49263369140625 0.2857708984375 0.51242490234375 0.27683291015625 0.572437109375 0.320884375
0 0.4779498046875 0.308754296875 0.48241884765625 0.3132232421875 0.48688779296875 0.325991796875 0.4856109375 0.3413140625 0.483695703125 0.35727470703125 0.47539609375 0.36302060546875 0.45432802734375 0.35727470703125 0.4370904296875 0.333014453125 0.42815244140625 0.31386171875 0.4275140625 0.29981630859375 0.442836328125 0.28704775390625 0.4779498046875 0.308754296875
0 0.68990771484375 0.254487890625 0.6930998046875 0.26087216796875 0.68926923828125 0.27874814453125 0.68671552734375 0.2959857421875 0.68990771484375 0.31960751953125 0.6656474609375 0.353444140625 0.66245537109375 0.35535947265625 0.63627978515625 0.35535947265625 0.6145732421875 0.346421484375 0.59158984375 0.33492978515625 0.582651953125 0.32471494140625 0.57626767578125 0.3215228515625 0.57882138671875 0.2979009765625 0.58584404296875 0.26406435546875 0.62414970703125 0.24938046875 0.64394091796875 0.23661201171875 0.68990771484375 0.254487890625
0 0.7320439453125 0.20086005859375 0.73523603515625 0.20852119140625 0.75183515625 0.22384345703125 0.76588056640625 0.23852724609375 0.76588056640625 0.2551263671875 0.76332685546875 0.27427919921875 0.7473662109375 0.29151669921875 0.7243828125 0.288324609375 0.7084220703125 0.27874814453125 0.6911845703125 0.25831845703125 0.68990771484375 0.23341982421875 0.69373828125 0.2244818359375 0.7320439453125 0.20086005859375
0 0.5443462890625 0.186176171875 0.5462615234375 0.18553779296875 0.55519951171875 0.17979189453125 0.59286669921875 0.17404609375 0.59095146484375 0.19447578125 0.5673296875 0.21043642578125 0.57754453125 0.23341982421875 0.5698833984375 0.247465234375 0.5641375 0.2595953125 0.5641375 0.27364072265625 0.5545611328125 0.28449404296875 0.5290240234375 0.28704775390625 0.50476376953125 0.2774712890625 0.47411923828125 0.2621490234375 0.46454287109375 0.24363466796875 0.453051171875 0.21554384765625 0.46135068359375 0.19447578125 0.4709271484375 0.1868146484375 0.48688779296875 0.179153515625 0.49965634765625 0.1714923828125 0.5264703125 0.15808544921875 0.5443462890625 0.186176171875
0 0.709060546875 0.1765998046875 0.709060546875 0.19256044921875 0.698845703125 0.2091595703125 0.6860771484375 0.227035546875 0.6860771484375 0.2276740234375 0.67458544921875 0.23661201171875 0.6605400390625 0.240442578125 0.6381951171875 0.2449115234375 0.61201953125 0.25129580078125 0.5852056640625 0.24810361328125 0.56286064453125 0.22384345703125 0.57435234375 0.20852119140625 0.582651953125 0.186176171875 0.5673296875 0.17723818359375 0.53349296875 0.1714923828125 0.5462615234375 0.14659375 0.5845671875 0.1338251953125 0.61074267578125 0.1261640625 0.6554326171875 0.13701728515625 0.709060546875 0.1765998046875
0 0.75215439453125 0.07636669921875 0.75343125 0.0821125 0.75917705078125 0.1050958984375 0.77003037109375 0.1440400390625 0.78790634765625 0.196391015625 0.796205859375 0.21171328125 0.78471416015625 0.227035546875 0.75470810546875 0.22575869140625 0.7406626953125 0.2123517578125 0.72342509765625 0.19511416015625 0.700441796875 0.179153515625 0.6749046875 0.16063916015625 0.66022080078125 0.148508984375 0.63276845703125 0.12744091796875 0.61999990234375 0.1025421875 0.61744619140625 0.07381298828125 0.6365990234375 0.0572138671875 0.676819921875 0.0521064453125 0.72278671875 0.06359814453125 0.75215439453125 0.07636669921875
0 0.46550048828125 0.0444453125 0.4712462890625 0.05242568359375 0.478907421875 0.06359814453125 0.4814611328125 0.07508984375 0.4897607421875 0.088816015625 0.49263369140625 0.10190380859375 0.4964642578125 0.114353125 0.49710263671875 0.1255255859375 0.492314453125 0.1373365234375 0.48178037109375 0.15840458984375 0.4760345703125 0.15297802734375 0.471884765625 0.14818974609375 0.460073828125 0.141486328125 0.43645205078125 0.13861337890625 0.401976953125 0.13031376953125 0.36973642578125 0.10956494140625 0.3566486328125 0.09424267578125 0.36750185546875 0.08338935546875 0.3856970703125 0.07477060546875 0.40070009765625 0.07381298828125 0.4112341796875 0.06519423828125 0.422406640625 0.0501912109375 0.43836728515625 0.03263447265625 0.46550048828125 0.0444453125
0 0.84951455078125 0.267894921875 0.83483076171875 0.28960146484375 0.82397744140625 0.30173154296875 0.8124857421875 0.3081158203125 0.7901408203125 0.305562109375 0.784394921875 0.29981630859375 0.77801064453125 0.28704775390625 0.777372265625 0.267894921875 0.77609541015625 0.24810361328125 0.77864912109375 0.23916572265625 0.802909375 0.2276740234375 0.83355390625 0.22895087890625 0.84951455078125 0.267894921875
0 0.9950759765625 0.29023984375 0.995714453125 0.26853330078125 0.9990234375 0.26258935546875 0.9990234375 0.29591865234375 0.9950759765625 0.29023984375
0 0.88271279296875 0.21107490234375 0.88207431640625 0.189368359375 0.90058876953125 0.1631927734375 0.92484892578125 0.1542548828125 0.95293974609375 0.16000068359375 0.96634677734375 0.1785150390625 0.9727310546875 0.20022158203125 0.97145419921875 0.22065126953125 0.96634677734375 0.23214296875 0.9574087890625 0.240442578125 0.9267642578125 0.227035546875 0.88271279296875 0.21107490234375
0 0.87600927734375 0.03742265625 0.88111669921875 0.042530078125 0.8875009765625 0.05849072265625 0.884947265625 0.09105048828125 0.8875009765625 0.11977978515625 0.884947265625 0.14978583984375 0.85557958984375 0.18106875 0.837065234375 0.206605859375 0.8083359375 0.220012890625 0.77705302734375 0.18745302734375 0.77003037109375 0.1612775390625 0.76428447265625 0.1287177734375 0.75981552734375 0.09424267578125 0.87600927734375 0.03742265625
0 0.97448671875 0.14787060546875 0.9463958984375 0.1494666015625 0.9412884765625 0.13542119140625 0.95086484375 0.12137578125 0.9684216796875 0.10637275390625 0.9770404296875 0.09360419921875 0.98789365234375 0.06615185546875 0.9926818359375 0.0674287109375 0.9990234375 0.0733611328125 0.9990234375 0.1333302734375 0.97448671875 0.14787060546875
0 0.96554873046875 0.0792396484375 0.96650634765625 0.08658154296875 0.97320986328125 0.09871162109375 0.97225224609375 0.1050958984375 0.957568359375 0.11594921875 0.94256533203125 0.11658759765625 0.92820068359375 0.1047767578125 0.92788154296875 0.0929658203125 0.9438421875 0.0776435546875 0.96554873046875 0.0792396484375
0 0.9805517578125 0.00645888671875 0.98597841796875 0.0185890625 0.990128125 0.03039990234375 0.98533994140625 0.04221083984375 0.97991337890625 0.05689462890625 0.97065615234375 0.06679033203125 0.96044130859375 0.0658326171875 0.95182255859375 0.059767578125 0.94001162109375 0.0469990234375 0.93139287109375 0.04125322265625 0.9173474609375 0.0469990234375 0.897875390625 0.0505103515625 0.89883310546875 0.029123046875 0.90330205078125 0.0128431640625 0.9015361328125 0 0.9768609375 0 0.9805517578125 0.00645888671875
0 0.89324677734375 0.0035859375 0.86643291015625 0.03359208984375 0.8466416015625 0.0501912109375 0.8364267578125 0.06679033203125 0.8211044921875 0.07125927734375 0.79556748046875 0.07508984375 0.7610923828125 0.07125927734375 0.7253404296875 0.04572216796875 0.6921421875 0.039337890625 0.67362783203125 0.0214619140625 0.66132939453125 0 0.894143359375 0 0.89324677734375 0.0035859375
0 0.61585009765625 0.0897736328125 0.610104296875 0.1204181640625 0.5820134765625 0.13765576171875 0.5494537109375 0.14212470703125 0.52519345703125 0.1357404296875 0.4983794921875 0.12169501953125 0.4913568359375 0.09615791015625 0.483695703125 0.06934404296875 0.48944150390625 0.0469990234375 0.51753232421875 0.0144392578125 0.56796806640625 0.0093318359375 0.61585009765625 0.0897736328125
0 0.4214490234375 0.04157236328125 0.4182568359375 0.0607251953125 0.40548828125 0.07540908203125 0.36782109375 0.07030166015625 0.35952158203125 0.068386328125 0.34930673828125 0.06647109375 0.34675302734375 0.0639173828125 0.335261328125 0.0505103515625 0.33909189453125 0.0402955078125 0.34930673828125 0.0230580078125 0.355691015625 0.01156630859375 0.3570255859375 0 0.46546640625 0 0.461669921875 0.0026283203125 0.4214490234375 0.04157236328125