0 0.30551005859375 0.28002470703125 0.35321533203125 0.2520595703125 0.3910505859375 0.2602845703125 0.38611552734375 0.32772998046875 0.37460048828125 0.36721025390625 0.3252501953125 0.35569521484375 0.28083486328125 0.329375 0.30551005859375 0.28002470703125
0 0.1952943359375 0.21751435546875 0.2594498046875 0.204354296875 0.307155078125 0.1862591796875 0.35650537109375 0.23231943359375 0.34170029296875 0.2750896484375 0.300575 0.29482978515625 0.27918984375 0.33760009765625 0.213389453125 0.30963486328125 0.16732919921875 0.3030548828125 0.17061923828125 0.2701546875 0.1952943359375 0.21751435546875
0 0.5555515625 0.3178599609375 0.5292314453125 0.3474701171875 0.48317109375 0.34582509765625 0.438755859375 0.32443994140625 0.4272408203125 0.284959765625 0.42559580078125 0.24876953125 0.43382080078125 0.20270927734375 0.4420458984375 0.1681640625 0.47494609375 0.15664892578125 0.48152607421875 0.11881376953125 0.5078462890625 0.10565361328125 0.57693671875 0.07604345703125 0.62793203125 0.0924935546875 0.65918720703125 0.13361884765625 0.664122265625 0.1879041015625 0.62957705078125 0.2240943359375 0.6575421875 0.24876953125 0.64767216796875 0.2964748046875 0.614771875 0.3112798828125 0.562131640625 0.314569921875 0.5555515625 0.3178599609375
0 0.8602755859375 0.4294169921875 0.85069912109375 0.4479314453125 0.8315462890625 0.4600615234375 0.79324072265625 0.4651689453125 0.770895703125 0.442185546875 0.77536474609375 0.42367119140625 0.791325390625 0.41090263671875 0.82580048828125 0.3968572265625 0.8602755859375 0.4294169921875
0 0.752952734375 0.18954912109375 0.78256298828125 0.2010642578125 0.7924330078125 0.27344462890625 0.7776279296875 0.3030548828125 0.70360244140625 0.30634482421875 0.67070224609375 0.29153974609375 0.67728232421875 0.2240943359375 0.7052474609375 0.212579296875 0.752952734375 0.18954912109375
0 0.75685029296875 0.1357404296875 0.7632345703125 0.14276318359375 0.76770361328125 0.158723828125 0.76259619140625 0.17213076171875 0.7511044921875 0.18234560546875 0.74408173828125 0.19256044921875 0.723013671875 0.206605859375 0.7000302734375 0.20341376953125 0.6802390625 0.196391015625 0.6604478515625 0.1817072265625 0.66810888671875 0.138294140625 0.70896826171875 0.1459552734375 0.75685029296875 0.1357404296875
0 0.712798828125 0.042530078125 0.73195166015625 0.05912919921875 0.7479123046875 0.07892041015625 0.7562119140625 0.09871162109375 0.750466015625 0.121056640625 0.72812109375 0.13510205078125 0.695561328125 0.1491474609375 0.661724609375 0.14787060546875 0.64065654296875 0.1408478515625 0.627249609375 0.11658759765625 0.62788798828125 0.10701123046875 0.62788798828125 0.0948810546875 0.6317185546875 0.07700517578125 0.647679296875 0.0552986328125 0.677046875 0.0444453125 0.712798828125 0.042530078125
0 0.8107974609375 0.00230908203125 0.81654326171875 0.01826982421875 0.8229275390625 0.03263447265625 0.832184765625 0.040933984375 0.849422265625 0.0418916015625 0.85229521484375 0.05082958984375 0.8341 0.0680671875 0.82420439453125 0.0792396484375 0.7964328125 0.1066919921875 0.7785568359375 0.1098841796875 0.760680859375 0.10413828125 0.7546158203125 0.09775400390625 0.741528125 0.0821125 0.72780185546875 0.0680671875 0.7185447265625 0.05338330078125 0.705776171875 0.03518818359375 0.69205 0.01986591796875 0.69173076171875 0.00965107421875 0.7032224609375 0.0035859375 0.70449931640625 0.00198994140625 0.70555771484375 0 0.8091392578125 0 0.8107974609375 0.00230908203125
0 0.68662333984375 0.0061396484375 0.68566572265625 0.01731220703125 0.6792814453125 0.0313576171875 0.664916796875 0.0399763671875 0.65246748046875 0.0358265625 0.64161416015625 0.02784619140625 0.63139931640625 0.0160353515625 0.62668310546875 0 0.68555556640625 0 0.68662333984375 0.0061396484375
0 0.85740263671875 0.00454365234375 0.87974755859375 0.0179505859375 0.8567642578125 0.03518818359375 0.8459109375 0.04476455078125 0.8286734375 0.04284921875 0.820373828125 0.02433486328125 0.8095583984375 0 0.85668525390625 0 0.85740263671875 0.00454365234375
0 0.996260546875 0.29566650390625 0.98285361328125 0.27587529296875 0.98093837890625 0.2535302734375 0.9990234375 0.229761328125 0.9990234375 0.29676455078125 0.996260546875 0.29566650390625
0 0.99163203125 0.150105078125 0.98269404296875 0.13350595703125 0.973117578125 0.1149916015625 0.9635412109375 0.1047767578125 0.937365625 0.10094619140625 0.90863642578125 0.09520029296875 0.8767150390625 0.09839248046875 0.8416015625 0.10413828125 0.83074833984375 0.0843470703125 0.84862421875 0.04923349609375 0.86203125 0.02688857421875 0.89395263671875 0.00390517578125 0.8978578125 0 0.9990234375 0 0.9990234375 0.15821513671875 0.99163203125 0.150105078125
0 0.175554296875 0.131973828125 0.20351943359375 0.07604345703125 0.2676748046875 0.06781845703125 0.32031513671875 0.0776884765625 0.3614404296875 0.1138787109375 0.387760546875 0.161583984375 0.34992529296875 0.2010642578125 0.30880009765625 0.18132412109375 0.256159765625 0.21093427734375 0.19693935546875 0.20270927734375 0.175554296875 0.131973828125
0 0.0340833984375 0.0661734375 0.0702736328125 0.0184681640625 0.132783984375 0.01682314453125 0.16732919921875 0.06123837890625 0.16074912109375 0.11223369140625 0.154169140625 0.15664892578125 0.11633388671875 0.1681640625 0.06862861328125 0.153358984375 0.02914833984375 0.11552373046875 0.0340833984375 0.0661734375
0 0.0192783203125 0.0266931640625 0.0275033203125 0.059593359375 0.01763330078125 0.09742861328125 0 0.09831025390625 0 0.01319833984375 0.0192783203125 0.0266931640625
0 0.3910505859375 0.02504814453125 0.39244208984375 0 0.53766376953125 0 0.53910146484375 0.03162822265625 0.511136328125 0.051368359375 0.47330107421875 0.029983203125 0.44862587890625 0.03656318359375 0.3910505859375 0.02504814453125
0 0 0.01182666015625 0 0 0.10286064453125 0 0.08343369140625 0.02175810546875 0.0636935546875 0.0266931640625 0.02092333984375 0.038208203125 0 0.01182666015625
0 0.24464462890625 0.04972333984375 0.17390927734375 0.04478828125 0.16047275390625 0 0.27917470703125 0 0.24464462890625 0.04972333984375
0 0.973915625 0.4326091796875 0.9490169921875 0.40898740234375 0.93688681640625 0.37834287109375 0.9458248046875 0.34769833984375 0.979023046875 0.31705380859375 0.9990234375 0.3120537109375 0.9990234375 0.450030859375 0.973915625 0.4326091796875