0 0.1063921875 0.986659765625 0.212479296875 0.986659765625 0.22237021484375 0.9990234375 0.09142568359375 0.9990234375 0.1063921875 0.986659765625
0 0.5562015625 0.9643814453125 0.68774951171875 0.9643814453125 0.69544775390625 0.9990234375 0.52624091796875 0.9990234375 0.5562015625 0.9643814453125
0 0.4713318359375 0.90072919921875 0.44799267578125 0.849807421875 0.52013193359375 0.83283349609375 0.57954072265625 0.76705947265625 0.6028798828125 0.75220732421875 0.65380166015625 0.78191171875 0.68774951171875 0.84556396484375 0.68562783203125 0.8837552734375 0.68138427734375 0.90072919921875 0.67926259765625 0.924068359375 0.54559287109375 0.95589453125 0.4713318359375 0.90072919921875
0 0.810810546875 0.81055517578125 0.7556453125 0.89542490234375 0.649558203125 0.82328564453125 0.6707755859375 0.74478115234375 0.73442783203125 0.687494140625 0.79383662109375 0.69810283203125 0.810810546875 0.81055517578125
0 0.1785314453125 0.65142451171875 0.212479296875 0.58565048828125 0.28886201171875 0.5538244140625 0.324931640625 0.55806787109375 0.37373173828125 0.6344505859375 0.350392578125 0.70234638671875 0.24006201171875 0.725685546875 0.1785314453125 0.65142451171875
0 0.450114453125 0.7087115234375 0.42041005859375 0.70234638671875 0.35463603515625 0.64293759765625 0.36100126953125 0.5538244140625 0.39494912109375 0.51775478515625 0.4586013671875 0.513511328125 0.5583232421875 0.52412001953125 0.57954072265625 0.59625927734375 0.524375390625 0.65142451171875 0.450114453125 0.7087115234375
0 0.52225361328125 0.34589365234375 0.59439287109375 0.33952841796875 0.6028798828125 0.44985908203125 0.6304625 0.47744169921875 0.56681025390625 0.54321572265625 0.4713318359375 0.53685048828125 0.38858388671875 0.5156330078125 0.43314052734375 0.39893720703125 0.52225361328125 0.34589365234375
0 0.66653212890625 0.44985908203125 0.62621904296875 0.401058984375 0.6644103515625 0.3204328125 0.711088671875 0.28436318359375 0.73230615234375 0.275876171875 0.7768626953125 0.31194580078125 0.78534970703125 0.33316318359375 0.798080078125 0.3798416015625 0.798080078125 0.39893720703125 0.7047234375 0.4689546875 0.66653212890625 0.44985908203125
0 0.86809765625 0.2291978515625 0.93174990234375 0.2737544921875 0.93811513671875 0.326798046875 0.93811513671875 0.37135458984375 0.8956802734375 0.39681552734375 0.83202802734375 0.375598046875 0.80656708984375 0.35650244140625 0.7895931640625 0.34377197265625 0.81293232421875 0.25890224609375 0.86809765625 0.2291978515625
0 0.312201171875 0.3692328125 0.312201171875 0.33952841796875 0.32917509765625 0.2546587890625 0.363123046875 0.1740326171875 0.43314052734375 0.18251953125 0.53286240234375 0.2101021484375 0.5583232421875 0.27799794921875 0.5095232421875 0.33952841796875 0.4586013671875 0.38196328125 0.42889697265625 0.40318076171875 0.312201171875 0.3692328125
0 0.88082802734375 0.0700671875 0.93811513671875 0.0743107421875 0.9763064453125 0.1167455078125 0.9890369140625 0.1358412109375 0.99328037109375 0.163423828125 0.99115869140625 0.18464130859375 0.9635759765625 0.21222392578125 0.91689765625 0.23131962890625 0.798080078125 0.23131962890625 0.7832279296875 0.1485716796875 0.88082802734375 0.0700671875
0 0.55407978515625 0.11886728515625 0.52649716796875 0.16554560546875 0.5052796875 0.1803978515625 0.42041005859375 0.188884765625 0.38221865234375 0.101893359375 0.42041005859375 0.03824111328125 0.42677529296875 0.02551064453125 0.49467099609375 0.0170236328125 0.55407978515625 0.11886728515625
0 0 0.14766748046875 0 0.02199423828125 0.001366015625 0.02055986328125 0.0890646484375 0.01207294921875 0.13715751953125 0.01207294921875 0.14564443359375 0.1280615234375 0 0.14766748046875
0 0.02788779296875 0.8678421875 0.025766015625 0.8720857421875 0 0.91610263671875 0 0.80277080078125 0.02788779296875 0.8678421875
0 0.4808796875 0.0180845703125 0.4627951171875 0 0.55723662109375 0 0.4808796875 0.0180845703125