0 0.04788701171875 0.86636826171875 0.08607841796875 0.92789873046875 0.096687109375 0.9830640625 0.08222392578125 0.9990234375 0 0.9990234375 0 0.831373828125 0.04788701171875 0.86636826171875
0 0.79367939453125 0.96609013671875 0.832931640625 0.95017705078125 0.86263603515625 0.99685537109375 0.86446171875 0.9990234375 0.71891181640625 0.9990234375 0.79367939453125 0.96609013671875
0 0.36084404296875 0.988368359375 0.40433974609375 0.93744658203125 0.42555712890625 0.91198564453125 0.4488962890625 0.92047265625 0.46268759765625 0.939568359375 0.47647890625 0.96184658203125 0.4902703125 0.98412490234375 0.49739560546875 0.9990234375 0.35754599609375 0.9990234375 0.36084404296875 0.988368359375
0 0.29478671875 0.9990234375 0.21538623046875 0.9990234375 0.20171337890625 0.9798814453125 0.1815568359375 0.94062919921875 0.1741306640625 0.9109248046875 0.24202646484375 0.87591611328125 0.29478671875 0.9990234375
0 0.26324384765625 0.88758564453125 0.30037431640625 0.85682041015625 0.35447880859375 0.8610638671875 0.3863048828125 0.8928900390625 0.39691357421875 0.91941181640625 0.3873658203125 0.96290751953125 0.3619048828125 0.99579453125 0.35956669921875 0.9990234375 0.29527177734375 0.9990234375 0.283400390625 0.96609013671875 0.26324384765625 0.88758564453125
0 0.00757392578125 0.66586357421875 0.02879140625 0.70723759765625 0.04258271484375 0.7549767578125 0.04576533203125 0.789985546875 0.02666962890625 0.814385546875 0.0192435546875 0.82181162109375 0.0065130859375 0.83454208984375 0 0.833430078125 0 0.66289990234375 0.00757392578125 0.66586357421875
0 0 0.646982421875 0 0.513051953125 0.03303486328125 0.50142861328125 0.07971318359375 0.53855908203125 0.10517412109375 0.589480859375 0.10093056640625 0.6053939453125 0.01500009765625 0.6563158203125 0 0.646982421875
0 0.757609765625 0.6934462890625 0.82444462890625 0.63828095703125 0.86794033203125 0.6552548828125 0.89976650390625 0.6998115234375 0.895523046875 0.74755068359375 0.88703603515625 0.76240283203125 0.85839248046875 0.7984724609375 0.84354033203125 0.81544638671875 0.7851923828125 0.751794140625 0.757609765625 0.6934462890625
0 0.56665302734375 0.702994140625 0.60166171875 0.6181244140625 0.632426953125 0.61282001953125 0.65682705078125 0.6488896484375 0.66000966796875 0.7082984375 0.65894873046875 0.72951591796875 0.61014873046875 0.76346376953125 0.56665302734375 0.702994140625
0 0.02030439453125 0.6679853515625 0.0404609375 0.63828095703125 0.0818349609375 0.61388095703125 0.10199150390625 0.6053939453125 0.121087109375 0.62236787109375 0.13912197265625 0.6435853515625 0.15397412109375 0.6616201171875 0.1560958984375 0.69662890625 0.15185244140625 0.71678544921875 0.133817578125 0.7422462890625 0.07971318359375 0.7677072265625 0.046826171875 0.74542890625 0.041521875 0.714663671875 0.02030439453125 0.6679853515625
0 0.70350537109375 0.42186328125 0.75230537109375 0.39215888671875 0.7862533203125 0.41337626953125 0.79049677734375 0.42610673828125 0.73745322265625 0.47702861328125 0.70350537109375 0.42186328125
0 0.5677138671875 0.36033271484375 0.582566015625 0.37624580078125 0.5857486328125 0.42186328125 0.57195732421875 0.452628515625 0.55710517578125 0.46323720703125 0.52209638671875 0.47915029296875 0.5114876953125 0.4812720703125 0.4860267578125 0.4844546875 0.46693115234375 0.48233291015625 0.445713671875 0.47702861328125 0.40646142578125 0.46323720703125 0.384183203125 0.42610673828125 0.36402666015625 0.3815501953125 0.37569619140625 0.3497240234375 0.42237451171875 0.31683701171875 0.47647890625 0.328506640625 0.5677138671875 0.36033271484375
0 0.757609765625 0.36351533203125 0.81277509765625 0.32214140625 0.86581865234375 0.31683701171875 0.89340126953125 0.35821103515625 0.870062109375 0.4006458984375 0.7788271484375 0.43565458984375 0.757609765625 0.36351533203125
0 0.13593935546875 0.303045703125 0.1868611328125 0.27652392578125 0.21762646484375 0.2850109375 0.24202646484375 0.30516748046875 0.2621830078125 0.34654140625 0.2621830078125 0.359271875 0.234600390625 0.41337626953125 0.21656552734375 0.43565458984375 0.21338291015625 0.440958984375 0.12957412109375 0.37730673828125 0.13593935546875 0.303045703125
0 0.62818349609375 0.22029775390625 0.6228791015625 0.13648896484375 0.6483400390625 0.10890634765625 0.6982009765625 0.104662890625 0.744879296875 0.153462890625 0.8042880859375 0.1874107421875 0.832931640625 0.204384765625 0.85096640625 0.2340890625 0.74063583984375 0.2881935546875 0.62818349609375 0.22029775390625
0 0 0.12937177734375 0 0.00534384765625 0.016031640625 0 0.09199169921875 0 0.11472197265625 0.016610546875 0.15079150390625 0.06859326171875 0.15503505859375 0.1067845703125 0.133817578125 0.129062890625 0.0447044921875 0.17680205078125 0 0.12937177734375
0 0.67167919921875 0.0505583984375 0.7479453125 0 0.8778515625 0 0.8923404296875 0.01448876953125 0.89021865234375 0.1195150390625 0.89658388671875 0.153462890625 0.8891578125 0.16513251953125 0.76503583984375 0.17786298828125 0.6854705078125 0.09617587890625 0.67167919921875 0.0505583984375
0 0.9888796875 0.90880302734375 0.9990234375 0.90133876953125 0.9990234375 0.9747376953125 0.9888796875 0.90880302734375
0 0 0.4374240234375 0 0.34673681640625 0.01818271484375 0.33275009765625 0.06698271484375 0.3444197265625 0.0871392578125 0.39215888671875 0.08289580078125 0.4494458984375 0.04894794921875 0.48339375 0.0065130859375 0.44838505859375 0 0.4374240234375
0 0 0.284703125 0 0.2159392578125 0.0065130859375 0.2065064453125 0.04894794921875 0.18316728515625 0.08607841796875 0.203323828125 0.11047841796875 0.2256021484375 0.134878515625 0.26803701171875 0.12957412109375 0.32108056640625 0.10517412109375 0.3507849609375 0.041521875 0.34229794921875 0 0.284703125
0 0.01500009765625 0.1513412109375 0.01818271484375 0.19271513671875 0 0.22138779296875 0 0.13134111328125 0.01500009765625 0.1513412109375
0 0.1879220703125 0.0017583984375 0.1905947265625 0 0.32188486328125 0 0.3237134765625 0.0017583984375 0.35129619140625 0.04843671875 0.321591796875 0.09723671875 0.2239916015625 0.08026279296875 0.1879220703125 0.0017583984375