0 0.8726716796875 0.89744267578125 0.93197705078125 0.93980361328125 0.946271484375 0.9990234375 0.85807802734375 0.9990234375 0.84301904296875 0.95886611328125 0.8726716796875 0.89744267578125
0 0.48739150390625 0.9916197265625 0.48739150390625 0.9941734375 0.48617900390625 0.9990234375 0.35464091796875 0.9990234375 0.3581099609375 0.98204326171875 0.3648134765625 0.9644865234375 0.38843525390625 0.94309921875 0.4168453125 0.9322458984375 0.4280177734375 0.9303306640625 0.4663234375 0.937991796875 0.4758998046875 0.95171796875 0.48547626953125 0.977255078125 0.48739150390625 0.9916197265625
0 0.01479560546875 0.95538896484375 0.02756416015625 0.9719880859375 0.03841748046875 0.990183203125 0.03791591796875 0.9990234375 0 0.9990234375 0 0.96187080078125 0.01479560546875 0.95538896484375
0 0.48364072265625 0.96656142578125 0.490025 0.94740859375 0.50662412109375 0.9346400390625 0.5283306640625 0.93336318359375 0.55003720703125 0.93336318359375 0.5742974609375 0.93719375 0.59345029296875 0.93591689453125 0.6138798828125 0.9448548828125 0.6189873046875 0.94868544921875 0.62240009765625 0.9990234375 0.480935546875 0.9990234375 0.48364072265625 0.96656142578125
0 0.68666064453125 0.94102431640625 0.67772265625 0.96145400390625 0.63047900390625 0.962730859375 0.6087724609375 0.94613173828125 0.6240947265625 0.90527236328125 0.641970703125 0.8988880859375 0.66623095703125 0.90271865234375 0.68666064453125 0.94102431640625
0 0.55003720703125 0.8937806640625 0.55003720703125 0.89761123046875 0.54748349609375 0.9167640625 0.4874712890625 0.9397474609375 0.444058203125 0.89505751953125 0.454273046875 0.86696669921875 0.49130185546875 0.84015283203125 0.52450009765625 0.84526025390625 0.55003720703125 0.8937806640625
0 0.57614482421875 0.772477734375 0.62697802734375 0.80213046875 0.6312140625 0.8783802734375 0.588853125 0.914387109375 0.54861015625 0.90803291015625 0.53590185546875 0.86355390625 0.57614482421875 0.772477734375
0 0.2572384765625 0.7945052734375 0.254684765625 0.8187654296875 0.24830048828125 0.85579423828125 0.2419162109375 0.8672859375 0.2163791015625 0.88133134765625 0.18445771484375 0.8596248046875 0.14870576171875 0.83536455078125 0.13593720703125 0.81365810546875 0.107846484375 0.78173671875 0.1027390625 0.7536458984375 0.11550751953125 0.73193935546875 0.14615205078125 0.71406337890625 0.16658173828125 0.71150966796875 0.2368087890625 0.72683193359375 0.2572384765625 0.7945052734375
0 0.3077873046875 0.674516015625 0.38502236328125 0.6230259765625 0.46998095703125 0.61530244140625 0.5420669921875 0.70026103515625 0.54464150390625 0.76977255859375 0.53691796875 0.78779404296875 0.47770439453125 0.8006666015625 0.48027890625 0.81611357421875 0.47770439453125 0.859880078125 0.433937890625 0.888199609375 0.35927734375 0.88562509765625 0.31036181640625 0.859880078125 0.27689326171875 0.75432548828125 0.3077873046875 0.674516015625
0 0.8088396484375 0.72044765625 0.826715625 0.7230013671875 0.85608330078125 0.7510921875 0.84331474609375 0.7842904296875 0.8062859375 0.80855068359375 0.78177060546875 0.838391015625 0.6926458984375 0.83536455078125 0.6517865234375 0.81493486328125 0.6211419921875 0.79578212890625 0.6019892578125 0.75236904296875 0.60326611328125 0.71917080078125 0.61475771484375 0.68086513671875 0.64029482421875 0.62851416015625 0.6773236328125 0.60553076171875 0.7590423828125 0.60553076171875 0.82033134765625 0.6374521484375 0.8088396484375 0.72044765625
0 0.8504552734375 0.70149599609375 0.8780611328125 0.63839677734375 0.94904765625 0.6226220703125 0.96876611328125 0.68572119140625 0.94313212890625 0.7350173828125 0.91355439453125 0.77248251953125 0.860314453125 0.7606513671875 0.8504552734375 0.70149599609375
0 0.98057666015625 0.6103189453125 0.9990234375 0.59271064453125 0.9990234375 0.6440501953125 0.98057666015625 0.6103189453125
0 0.61930654296875 0.67033115234375 0.58100087890625 0.72268212890625 0.5426953125 0.70480615234375 0.522265625 0.64990146484375 0.5644017578125 0.60648837890625 0.5976 0.61159580078125 0.61930654296875 0.67033115234375
0 0.22787080078125 0.6514974609375 0.22787080078125 0.65277431640625 0.224040234375 0.6923568359375 0.2163791015625 0.705125390625 0.18956513671875 0.72044765625 0.14615205078125 0.7178939453125 0.13593720703125 0.715340234375 0.1052927734375 0.70384853515625 0.10656962890625 0.6617123046875 0.132106640625 0.64128271484375 0.14870576171875 0.6272373046875 0.15381318359375 0.6068076171875 0.16913544921875 0.58382421875 0.17679658203125 0.5863779296875 0.2061642578125 0.6170224609375 0.22787080078125 0.6514974609375
0 0.0913271484375 0.5897296875 0.0881349609375 0.610478515625 0.05525595703125 0.632504296875 0.0316341796875 0.5890912109375 0.04504111328125 0.5565314453125 0.064832421875 0.555573828125 0.08175068359375 0.56451181640625 0.0913271484375 0.5897296875
0 0.264020703125 0.4917263671875 0.35927734375 0.50202431640625 0.4184908203125 0.55351435546875 0.39274580078125 0.6127279296875 0.348979296875 0.64877099609375 0.25887177734375 0.625600390625 0.23827568359375 0.55093984375 0.264020703125 0.4917263671875
0 0.89821953125 0.5097666015625 0.90460380859375 0.51359716796875 0.9288640625 0.5455185546875 0.9365251953125 0.58765478515625 0.92758720703125 0.60808447265625 0.893112109375 0.65532802734375 0.87651298828125 0.66809658203125 0.85736015625 0.66043544921875 0.826715625 0.640005859375 0.79479423828125 0.61063818359375 0.756488671875 0.59786962890625 0.72201357421875 0.5914853515625 0.7028607421875 0.5455185546875 0.73222841796875 0.491890625 0.77564150390625 0.457415625 0.81650078125 0.4497544921875 0.89821953125 0.5097666015625
0 0.53790703125 0.457415625 0.53471494140625 0.47082255859375 0.5248193359375 0.4823142578125 0.50407041015625 0.48869853515625 0.47661806640625 0.4778453125 0.4670416015625 0.45805400390625 0.48459833984375 0.413044921875 0.50343203125 0.4088951171875 0.52641533203125 0.4175138671875 0.53790703125 0.457415625
0 0.31036181640625 0.39132080078125 0.387596875 0.355277734375 0.46483193359375 0.38617177734375 0.4674064453125 0.44281083984375 0.4468103515625 0.49430087890625 0.3541283203125 0.514896875 0.2794677734375 0.4994498046875 0.27431875 0.46083232421875 0.31036181640625 0.39132080078125
0 0.22723232421875 0.3389873046875 0.2336166015625 0.35558642578125 0.23489345703125 0.36580126953125 0.244469921875 0.39644580078125 0.25085419921875 0.43730517578125 0.2234017578125 0.47497236328125 0.1787119140625 0.508808984375 0.11806123046875 0.54136875 0.0510263671875 0.5439224609375 0.01016708984375 0.51774697265625 0 0.49931923828125 0 0.36217939453125 0.01208232421875 0.33962578125 0.03187353515625 0.314088671875 0.0797556640625 0.2911052734375 0.1429599609375 0.27450615234375 0.19148046875 0.28918994140625 0.22723232421875 0.3389873046875
0 0.7660650390625 0.33962578125 0.7718109375 0.34856376953125 0.7781951171875 0.37856982421875 0.77308779296875 0.40921435546875 0.746273828125 0.433474609375 0.695199609375 0.43730517578125 0.6620013671875 0.423259765625 0.63518740234375 0.40346845703125 0.6262494140625 0.38112353515625 0.63007998046875 0.35814013671875 0.66583193359375 0.3294109375 0.7149908203125 0.32494189453125 0.7660650390625 0.33962578125
0 0.91226494140625 0.1991716796875 0.91673388671875 0.21130185546875 0.9263103515625 0.232369921875 0.930779296875 0.25216123046875 0.93205615234375 0.27195244140625 0.9365251953125 0.27961357421875 0.95503955078125 0.28216728515625 0.9741923828125 0.28216728515625 0.98759931640625 0.29238212890625 0.9990234375 0.30380625 0.9990234375 0.3321673828125 0.992068359375 0.35303271484375 0.98568408203125 0.3638859375 0.96780810546875 0.372185546875 0.96525439453125 0.39580732421875 0.9588701171875 0.4053837890625 0.958231640625 0.40921435546875 0.95248583984375 0.41879072265625 0.93716357421875 0.43219775390625 0.90971123046875 0.45454267578125 0.8873662109375 0.45262734375 0.85416806640625 0.45135048828125 0.8299078125 0.45454267578125 0.81777763671875 0.44432783203125 0.80309384765625 0.4258134765625 0.801178515625 0.40857587890625 0.790963671875 0.38559248046875 0.77308779296875 0.35814013671875 0.7558501953125 0.3287724609375 0.76159609375 0.30451220703125 0.78011044921875 0.27897509765625 0.79990166015625 0.2534380859375 0.8324615234375 0.22023984375 0.88608935546875 0.2023638671875 0.91226494140625 0.1991716796875
0 0.99669697265625 0.29238212890625 0.987758984375 0.2757830078125 0.97243671875 0.25790703125 0.962221875 0.2304546875 0.96286025390625 0.20619443359375 0.964137109375 0.1819341796875 0.9590296875 0.1595892578125 0.97052138671875 0.1314984375 0.98967421875 0.1104302734375 0.9990234375 0.10326259765625 0.9990234375 0.29739306640625 0.99669697265625 0.29238212890625
0 0.47974775390625 0.2716330078125 0.5329876953125 0.2479708984375 0.58228388671875 0.2736048828125 0.64143935546875 0.26571748046875 0.64143935546875 0.32684482421875 0.6197490234375 0.40571875 0.6158052734375 0.44318388671875 0.55073427734375 0.45107119140625 0.55467802734375 0.39388759765625 0.5053818359375 0.401775 0.4777759765625 0.37022548828125 0.46988857421875 0.35445068359375 0.47974775390625 0.2716330078125
0 0.6769326171875 0.22628056640625 0.73805986328125 0.198674609375 0.77355322265625 0.2420552734375 0.77355322265625 0.3051544921875 0.747919140625 0.3347322265625 0.688763671875 0.32684482421875 0.6631296875 0.29726708984375 0.6769326171875 0.22628056640625
0 0.29242216796875 0.19275908203125 0.34960576171875 0.2164212890625 0.3594650390625 0.257830078125 0.32199990234375 0.318957421875 0.25101337890625 0.29726708984375 0.25692890625 0.24008349609375 0.29242216796875 0.19275908203125
0 0.65524228515625 0.1316318359375 0.68482001953125 0.16318134765625 0.68284814453125 0.23613974609375 0.62763642578125 0.26571748046875 0.55073427734375 0.26374560546875 0.521156640625 0.198674609375 0.53890322265625 0.11980068359375 0.572424609375 0.11388515625 0.65524228515625 0.1316318359375
0 0.8281521484375 0.16533505859375 0.8332595703125 0.177465234375 0.8332595703125 0.22023984375 0.8096376953125 0.23620048828125 0.78856962890625 0.2272625 0.77452421875 0.22087822265625 0.71515048828125 0.20300224609375 0.69152861328125 0.18384951171875 0.687698046875 0.1595892578125 0.70493564453125 0.12958310546875 0.728557421875 0.10787666015625 0.800061328125 0.1187298828125 0.8281521484375 0.16533505859375
0 0.4738322265625 0.0685326171875 0.52707216796875 0.13557548828125 0.517212890625 0.22430869140625 0.48566328125 0.2755767578125 0.39693017578125 0.28149228515625 0.3594650390625 0.23613974609375 0.33580283203125 0.17106875 0.32594365234375 0.0981103515625 0.3614369140625 0.0409267578125 0.4738322265625 0.0685326171875
0 0.61119892578125 0 0.72489462890625 0 0.74397548828125 0.025151953125 0.72622880859375 0.09022294921875 0.68284814453125 0.12571630859375 0.6158052734375 0.12177255859375 0.5901712890625 0.0705044921875 0.61119892578125 0
0 0.8881642578125 0.007005078125 0.88497216796875 0.02807314453125 0.87348046875 0.05616396484375 0.87731103515625 0.08233955078125 0.8600734375 0.10276923828125 0.83198271484375 0.1206451171875 0.78793115234375 0.11681455078125 0.766224609375 0.10021552734375 0.75090244140625 0.088723828125 0.73813388671875 0.06446357421875 0.75728662109375 0.0370111328125 0.76047880859375 0.0153046875 0.74802158203125 0 0.880933203125 0 0.8881642578125 0.007005078125
0 0.6066177734375 0.007005078125 0.59767978515625 0.03126533203125 0.58554970703125 0.0497796875 0.581719140625 0.0657404296875 0.5721427734375 0.0861701171875 0.54979775390625 0.1085150390625 0.52745283203125 0.1104302734375 0.5057462890625 0.09957705078125 0.45914111328125 0.075316796875 0.44062666015625 0.0734015625 0.42785810546875 0.05871767578125 0.42530439453125 0.04403388671875 0.4118974609375 0.02360419921875 0.40619990234375 0 0.6054818359375 0 0.6066177734375 0.007005078125
0 0.19020361328125 0.01402783203125 0.18190400390625 0.0076435546875 0.160884375 0 0.19826953125 0 0.19020361328125 0.01402783203125
0 0.13657568359375 0.01147412109375 0.12380712890625 0.02168896484375 0.12380712890625 0.0248810546875 0.135298828125 0.0472259765625 0.13146826171875 0.05871767578125 0.12125341796875 0.06446357421875 0.10337744140625 0.0657404296875 0.08550146484375 0.06957099609375 0.08358623046875 0.08042421875 0.0797556640625 0.095746484375 0.0612412109375 0.098938671875 0.046557421875 0.08680849609375 0.03506572265625 0.06893251953125 0.01718974609375 0.052971875 0.00505966796875 0.037649609375 0 0.02514931640625 0 0 0.139802734375 0 0.13657568359375 0.01147412109375
0 0.9190482421875 0.16533505859375 0.91649453125 0.17554990234375 0.89989541015625 0.19597958984375 0.86669716796875 0.204917578125 0.80285439453125 0.1666119140625 0.8245609375 0.11426083984375 0.87691201171875 0.12702939453125 0.9190482421875 0.16533505859375
0 0.919469921875 0.01923642578125 0.94904765625 0.05078603515625 0.95299140625 0.09022294921875 0.95693505859375 0.12571630859375 0.9056669921875 0.15332216796875 0.88397666015625 0.145434765625 0.862286328125 0.10796962890625 0.88397666015625 0.0567015625 0.919469921875 0.01923642578125
0 0.99834384765625 0.0172646484375 0.95496318359375 0.03501123046875 0.92932919921875 0.00346162109375 0.93092685546875 0 0.9990234375 0 0.9990234375 0.01545244140625 0.99834384765625 0.0172646484375
0 0.000588671875 0.02318017578125 0 0.02774208984375 0 0.02168896484375 0.000588671875 0.02318017578125
0 0.40040576171875 0.00189765625 0.3914677734375 0.017219921875 0.3710380859375 0.03062685546875 0.351246875 0.03573427734375 0.32762509765625 0.027434765625 0.31741025390625 0.0153046875 0.2977328125 0 0.40091865234375 0 0.40040576171875 0.00189765625