0 0.5588537109375 0.88758564453125 0.63523642578125 0.9363857421875 0.673427734375 0.96609013671875 0.64891923828125 0.9990234375 0.5119580078125 0.9990234375 0.5588537109375 0.88758564453125
0 0.1287130859375 0.9990234375 0 0.9990234375 0 0.99748916015625 0.01019912109375 0.99163408203125 0.01270546875 0.96012548828125 0.04327041015625 0.864246484375 0.0941921875 0.889707421875 0.1287130859375 0.9990234375
0 0.6649408203125 0.97457705078125 0.69676689453125 0.92153349609375 0.7338974609375 0.89713349609375 0.76254091796875 0.89607265625 0.7837583984375 0.9554814453125 0.78481923828125 0.99049013671875 0.78652587890625 0.9990234375 0.6702884765625 0.9990234375 0.6649408203125 0.97457705078125
0 0.75617568359375 0.8918291015625 0.81982802734375 0.83242041015625 0.89408896484375 0.82605517578125 0.94925419921875 0.86636826171875 0.98744560546875 0.92789873046875 0.998054296875 0.9830640625 0.98359111328125 0.9990234375 0.80211611328125 0.9990234375 0.75617568359375 0.8918291015625
0 0.11753134765625 0.96184658203125 0.10267919921875 0.84727255859375 0.1345052734375 0.79635078125 0.1726966796875 0.77301162109375 0.238470703125 0.789985546875 0.274540234375 0.84515078125 0.31060986328125 0.90668134765625 0.23247421875 0.9990234375 0.18473564453125 0.9990234375 0.11753134765625 0.96184658203125
0 0.56309716796875 0.8674291015625 0.57901025390625 0.80908115234375 0.62993203125 0.78468115234375 0.66600166015625 0.801655078125 0.687219140625 0.82499423828125 0.7020712890625 0.8483333984375 0.71904521484375 0.87485517578125 0.71904521484375 0.8981943359375 0.70737568359375 0.92471611328125 0.6585755859375 0.93108134765625 0.65539296875 0.939568359375 0.59492333984375 0.91516826171875 0.56309716796875 0.8674291015625
0 0.3445578125 0.82075078125 0.31697509765625 0.72951591796875 0.3530447265625 0.6828375 0.412453515625 0.64676796875 0.4273056640625 0.62555048828125 0.499444921875 0.69132451171875 0.50793193359375 0.73482021484375 0.537636328125 0.7677072265625 0.55461025390625 0.78468115234375 0.54718408203125 0.8239333984375 0.56415810546875 0.84408994140625 0.54187978515625 0.8865248046875 0.42942744140625 0.88228134765625 0.3445578125 0.82075078125
0 0.77845400390625 0.6934462890625 0.82194970703125 0.71572451171875 0.8017931640625 0.71254189453125 0.8580193359375 0.79422900390625 0.83043671875 0.82923779296875 0.79436708984375 0.84090732421875 0.748749609375 0.8610638671875 0.742384375 0.84408994140625 0.7434453125 0.8175681640625 0.6957060546875 0.8302986328125 0.6840365234375 0.79528984375 0.69464521484375 0.77513330078125 0.68085390625 0.74542890625 0.69782783203125 0.702994140625 0.7084365234375 0.67647236328125 0.72965390625 0.66692451171875 0.7455669921875 0.6807158203125 0.7773931640625 0.64676796875 0.80709755859375 0.67116796875 0.77845400390625 0.6934462890625
0 0.85059326171875 0.67859404296875 0.88454111328125 0.6563158203125 0.90894111328125 0.66586357421875 0.93015859375 0.70723759765625 0.94394990234375 0.7549767578125 0.94713251953125 0.789985546875 0.92803681640625 0.814385546875 0.9206107421875 0.82181162109375 0.9078802734375 0.83454208984375 0.8643845703125 0.827116015625 0.84953232421875 0.827116015625 0.811341015625 0.7178462890625 0.82194970703125 0.71254189453125 0.85059326171875 0.67859404296875
0 0.5153580078125 0.640402734375 0.54718408203125 0.6329765625 0.57901025390625 0.62130703125 0.60977548828125 0.639341796875 0.6267494140625 0.66268095703125 0.6405408203125 0.67859404296875 0.623566796875 0.7061767578125 0.6394798828125 0.739063671875 0.65327119140625 0.76664638671875 0.64478427734375 0.7804376953125 0.6023494140625 0.79104638671875 0.56734072265625 0.788924609375 0.52914931640625 0.764524609375 0.512175390625 0.740124609375 0.499444921875 0.67647236328125 0.5153580078125 0.640402734375
0 0.18330537109375 0.74542890625 0.1472357421875 0.6998115234375 0.126018359375 0.6308548828125 0.23316630859375 0.6000896484375 0.2904533203125 0.61918525390625 0.3339490234375 0.62555048828125 0.35728818359375 0.64146357421875 0.362592578125 0.6584375 0.3530447265625 0.6860201171875 0.2692359375 0.7422462890625 0.18330537109375 0.74542890625
0 0.6904017578125 0.57675048828125 0.7275322265625 0.50142861328125 0.76678447265625 0.4685416015625 0.80391494140625 0.4865763671875 0.8336193359375 0.5088546875 0.85695849609375 0.53219384765625 0.872871484375 0.57356787109375 0.86862802734375 0.62555048828125 0.8834802734375 0.65419404296875 0.86332373046875 0.6828375 0.82194970703125 0.7061767578125 0.711619140625 0.6552548828125 0.6904017578125 0.57675048828125
0 0.86862802734375 0.62661142578125 0.86544541015625 0.56932431640625 0.8771150390625 0.52158515625 0.93440205078125 0.50142861328125 0.98108037109375 0.53855908203125 0.9990234375 0.57444521484375 0.9990234375 0.60733427734375 0.91636728515625 0.6563158203125 0.86862802734375 0.62661142578125
0 0.23953154296875 0.57675048828125 0.25226201171875 0.52052431640625 0.28090546875 0.515219921875 0.2915142578125 0.478089453125 0.30742724609375 0.45793291015625 0.33925341796875 0.44732421875 0.35410556640625 0.44838505859375 0.3594099609375 0.48021123046875 0.3774447265625 0.48551552734375 0.40078388671875 0.5120373046875 0.3965404296875 0.5364373046875 0.38593173828125 0.5682634765625 0.374262109375 0.5926634765625 0.3339490234375 0.61918525390625 0.2801232421875 0.6050880859375 0.23953154296875 0.57675048828125
0 0.08146171875 0.53219384765625 0.05812255859375 0.47172421875 0.1101052734375 0.44201982421875 0.1355662109375 0.42186328125 0.19285322265625 0.4006458984375 0.2225576171875 0.4186806640625 0.243775 0.4621763671875 0.2416533203125 0.4929416015625 0.23316630859375 0.51628076171875 0.23316630859375 0.55128955078125 0.23210546875 0.57356787109375 0.22043583984375 0.59160263671875 0.12071396484375 0.57356787109375 0.08146171875 0.53219384765625
0 0.0220529296875 0.614941796875 0.00720078125 0.6372201171875 0 0.6361123046875 0 0.58857412109375 0.0220529296875 0.614941796875
0 0.00826162109375 0.4505068359375 0.04433125 0.4865763671875 0.05918349609375 0.5088546875 0.05918349609375 0.5247677734375 0 0.57595341796875 0 0.4449990234375 0.00826162109375 0.4505068359375
0 0.92167158203125 0.6679853515625 0.941828125 0.63828095703125 0.9832021484375 0.61388095703125 0.9990234375 0.6072193359375 0.9990234375 0.7592634765625 0.98108037109375 0.7677072265625 0.948193359375 0.74542890625 0.9428890625 0.714663671875 0.92167158203125 0.6679853515625
0 0.85908017578125 0.08450625 0.8707498046875 0.01554970703125 0.917398828125 0 0.99335888671875 0 0.9990234375 0.004139453125 0.9990234375 0.14843505859375 0.9460716796875 0.17680205078125 0.85908017578125 0.08450625
0 0.7084365234375 0.4377763671875 0.7084365234375 0.43883720703125 0.69994951171875 0.46005458984375 0.6957060546875 0.47278505859375 0.6925234375 0.48233291015625 0.6893408203125 0.4865763671875 0.6585755859375 0.5184025390625 0.65539296875 0.52264599609375 0.649027734375 0.53007216796875 0.62568857421875 0.552350390625 0.611897265625 0.565080859375 0.5832537109375 0.57887216796875 0.5524884765625 0.57038525390625 0.5280884765625 0.553411328125 0.51641884765625 0.5428025390625 0.4930796875 0.503550390625 0.475044921875 0.4812720703125 0.437914453125 0.4441416015625 0.45382744140625 0.3879154296875 0.494140625 0.36351533203125 0.542940625 0.33593271484375 0.61720166015625 0.340176171875 0.7084365234375 0.4377763671875
0 0.8643845703125 0.3751849609375 0.91954990234375 0.33275009765625 0.96834990234375 0.3444197265625 0.9885064453125 0.39215888671875 0.98426298828125 0.4494458984375 0.95031513671875 0.48339375 0.9078802734375 0.44838505859375 0.8643845703125 0.3751849609375
0 0.76360185546875 0.3868544921875 0.79436708984375 0.33911533203125 0.85377587890625 0.32638486328125 0.87181064453125 0.34548056640625 0.88454111328125 0.37624580078125 0.85908017578125 0.42186328125 0.8389236328125 0.46005458984375 0.7890626953125 0.44626328125 0.76360185546875 0.3868544921875
0 0.64690595703125 0.20756728515625 0.71055830078125 0.191654296875 0.76572353515625 0.22454130859375 0.80603662109375 0.2500021484375 0.83149755859375 0.30835009765625 0.80285400390625 0.3497240234375 0.7826974609375 0.3815501953125 0.75723662109375 0.4091328125 0.71586259765625 0.42186328125 0.65539296875 0.4091328125 0.637358203125 0.39852412109375 0.61083642578125 0.303045703125 0.64690595703125 0.20756728515625
0 0.8771150390625 0.2510630859375 0.9078802734375 0.2065064453125 0.95031513671875 0.18316728515625 0.98744560546875 0.203323828125 0.9990234375 0.213894921875 0.9990234375 0.34978251953125 0.9428890625 0.34229794921875 0.8771150390625 0.2510630859375
0 0.05281826171875 0.26379345703125 0.050696484375 0.1874107421875 0.15572275390625 0.11845419921875 0.2278619140625 0.11845419921875 0.2660533203125 0.1513412109375 0.29787939453125 0.17786298828125 0.312731640625 0.20226298828125 0.29575771484375 0.2510630859375 0.28090546875 0.315776171875 0.2915142578125 0.35502841796875 0.27984462890625 0.38261103515625 0.26393154296875 0.40170673828125 0.138748828125 0.37200234375 0.05281826171875 0.26379345703125
0 0.73495830078125 0.14921943359375 0.80391494140625 0.08981064453125 0.848471484375 0.0823845703125 0.88135849609375 0.104662890625 0.91636728515625 0.1513412109375 0.91954990234375 0.19271513671875 0.8919671875 0.23621083984375 0.86014111328125 0.2818283203125 0.84953232421875 0.29243701171875 0.73495830078125 0.21499345703125 0.73495830078125 0.14921943359375
0 0.41669697265625 0.11739326171875 0.50474931640625 0.0855671875 0.52914931640625 0.13012373046875 0.52278408203125 0.16831513671875 0.49732314453125 0.19801953125 0.42624482421875 0.18634990234375 0.41669697265625 0.11739326171875
0 0.542940625 0.04313232421875 0.61083642578125 0.02721923828125 0.65963642578125 0.04737578125 0.6829755859375 0.0940541015625 0.69676689453125 0.140732421875 0.68509736328125 0.17998466796875 0.64690595703125 0.204384765625 0.59810595703125 0.22772392578125 0.573705859375 0.23302822265625 0.53551455078125 0.17468037109375 0.542940625 0.04313232421875
0 0 0.154533984375 0 0 0.09448720703125 0 0.1037400390625 0.00600185546875 0.13980966796875 0.02828017578125 0.16208798828125 0.05586279296875 0.175879296875 0.09723671875 0.137687890625 0.1375498046875 0.0453921875 0.178923828125 0 0.154533984375
0 0.013566015625 0.22454130859375 0.0422095703125 0.2372716796875 0.063426953125 0.27015869140625 0.08358349609375 0.28076748046875 0.1037400390625 0.3009240234375 0.126018359375 0.328506640625 0.1217748046875 0.3433587890625 0.1281400390625 0.3688197265625 0.15466181640625 0.3942806640625 0.1281400390625 0.42080244140625 0.0941921875 0.4505068359375 0.06873134765625 0.47278505859375 0.04645302734375 0.47596767578125 0.00613994140625 0.46429814453125 0 0.42193271484375 0 0.227053515625 0.013566015625 0.22454130859375
0 0.21088798828125 0.02085400390625 0.2724185546875 0.01448876953125 0.30106201171875 0.02721923828125 0.32334033203125 0.06859326171875 0.3286447265625 0.09617587890625 0.2405923828125 0.11421064453125 0.21088798828125 0.02085400390625
0 0.3286447265625 0.0696541015625 0.3138431640625 0 0.45647880859375 0 0.46655791015625 0.01448876953125 0.494140625 0.02297578125 0.50687099609375 0.04949755859375 0.425183984375 0.10784541015625 0.3286447265625 0.0696541015625
0 0.19232275390625 0.05391787109375 0.11028212890625 0.0256279296875 0.08662548828125 0 0.20295234375 0 0.200809765625 0.017141015625 0.19232275390625 0.05391787109375
0 0.51199853515625 0.03411494140625 0.44114453125 0 0.601694921875 0 0.57140732421875 0.0256279296875 0.51199853515625 0.03411494140625
0 0.61401162109375 0 0.8335890625 0 0.8261931640625 0.02403662109375 0.75405400390625 0.07283671875 0.70101044921875 0.07283671875 0.61401904296875 0.0006974609375 0.61401162109375 0