0 0.4019142578125 0.9877296875 0.41323017578125 0.98961572265625 0.42831806640625 0.99527373046875 0.432901171875 0.9990234375 0.3355517578125 0.9990234375 0.36042236328125 0.97641376953125 0.4019142578125 0.9877296875
0 0.79420078125 0.9943306640625 0.798111328125 0.9990234375 0.70758662109375 0.9990234375 0.7215900390625 0.98584375 0.75836689453125 0.97547080078125 0.79420078125 0.9943306640625
0 0.969598046875 0.96981279296875 0.98374306640625 0.9396369140625 0.9990234375 0.9348947265625 0.9990234375 0.9990234375 0.96407177734375 0.9990234375 0.969598046875 0.96981279296875
0 0.58296953125 0.93680791015625 0.56599560546875 0.91606201171875 0.556565625 0.8745701171875 0.57919755859375 0.865140234375 0.62634736328125 0.865140234375 0.6697251953125 0.893430078125 0.68481318359375 0.90663203125 0.701787109375 0.91794794921875 0.716875 0.9330359375 0.71121708984375 0.946237890625 0.60560146484375 0.97641376953125 0.58296953125 0.93680791015625
0 0.37928232421875 0.97075576171875 0.3434484375 0.91040400390625 0.356650390625 0.86891220703125 0.3905982421875 0.8349642578125 0.40757216796875 0.8274203125 0.47169599609375 0.838736328125 0.4848978515625 0.87079814453125 0.5226177734375 0.8990880859375 0.5377056640625 0.90851806640625 0.5490216796875 0.9273779296875 0.556565625 0.96886982421875 0.55467958984375 0.98395771484375 0.543363671875 0.9915017578125 0.4170021484375 0.9877296875 0.37928232421875 0.97075576171875
0 0.053424609375 0.93654599609375 0.04671884765625 0.8896056640625 0.05007177734375 0.8191953125 0.0936591796875 0.7588435546875 0.1540109375 0.708550390625 0.21771552734375 0.70519755859375 0.3149490234375 0.7219619140625 0.32836044921875 0.74543203125 0.3518306640625 0.782313671875 0.34512490234375 0.8829 0.2981845703125 0.94660458984375 0.2314697265625 0.9990234375 0.16588408203125 0.9990234375 0.053424609375 0.93654599609375
0 0.66218125 0.8877720703125 0.6367203125 0.8585392578125 0.60748740234375 0.83024931640625 0.61408837890625 0.7934724609375 0.66312421875 0.75198056640625 0.72536201171875 0.7406646484375 0.76025283203125 0.74632265625 0.7894857421875 0.77744150390625 0.79797275390625 0.79724443359375 0.79797275390625 0.8349642578125 0.7885427734375 0.87079814453125 0.77911279296875 0.892487109375 0.75082294921875 0.90851806640625 0.68009814453125 0.9009740234375 0.66218125 0.8877720703125
0 0.00161220703125 0.748680078125 0.0317880859375 0.79677294921875 0.02895908203125 0.8052599609375 0.025187109375 0.81280390625 0.0195291015625 0.81751884765625 0.00066923828125 0.8194048828125 0 0.81947177734375 0 0.7454556640625 0.00161220703125 0.748680078125
0 0.09591181640625 0.68267041015625 0.1109998046875 0.70341630859375 0.12231572265625 0.72510517578125 0.11571474609375 0.7411361328125 0.09025390625 0.7609390625 0.0657359375 0.775083984375 0.051591015625 0.76471103515625 0.03933203125 0.75150908203125 0.00915615234375 0.7279341796875 0 0.72141201171875 0 0.61162626953125 0.051591015625 0.64306455078125 0.09591181640625 0.68267041015625
0 0.5504361328125 0.72510517578125 0.54760712890625 0.73264921875 0.53817724609375 0.745851171875 0.53157626953125 0.7533951171875 0.504229296875 0.77602705078125 0.451421484375 0.747737109375 0.42784658203125 0.719447265625 0.42690361328125 0.68361337890625 0.44104853515625 0.64400751953125 0.47311044921875 0.60440166015625 0.51931728515625 0.59874365234375 0.5617521484375 0.61760361328125 0.5504361328125 0.72510517578125
0 0.7899572265625 0.6553234375 0.770154296875 0.68361337890625 0.7484654296875 0.7005873046875 0.714517578125 0.720390234375 0.689999609375 0.72321923828125 0.6560517578125 0.7128462890625 0.63436279296875 0.68927138671875 0.61927490234375 0.65438046875 0.6296478515625 0.62514755859375 0.65888076171875 0.61005966796875 0.69377158203125 0.60440166015625 0.741864453125 0.6081736328125 0.78524228515625 0.61194560546875 0.7899572265625 0.6553234375
0 0.18172451171875 0.586484765625 0.18172451171875 0.59119970703125 0.1788955078125 0.59874365234375 0.1628646484375 0.61005966796875 0.12891669921875 0.6223185546875 0.10817080078125 0.62703359375 0.0440470703125 0.62514755859375 0.036503125 0.61854658203125 0.0327310546875 0.59780068359375 0.00161220703125 0.5685677734375 0.01387119140625 0.54310693359375 0.04027509765625 0.520475 0.078937890625 0.49595703125 0.10628486328125 0.4893560546875 0.16003564453125 0.48558408203125 0.18172451171875 0.586484765625
0 0.95215263671875 0.45729423828125 0.9634685546875 0.47143916015625 0.96535458984375 0.50444404296875 0.9634685546875 0.52424697265625 0.94555166015625 0.56479580078125 0.93895068359375 0.57516875 0.93140673828125 0.57611181640625 0.91066083984375 0.57611181640625 0.89368681640625 0.57233974609375 0.87199794921875 0.5676248046875 0.85313798828125 0.5685677734375 0.83710703125 0.57045380859375 0.81730419921875 0.57705478515625 0.80693115234375 0.5817697265625 0.7880712890625 0.59025673828125 0.743750390625 0.58931376953125 0.7107455078125 0.57233974609375 0.69848662109375 0.561966796875 0.6975435546875 0.5412208984375 0.70225859375 0.520475 0.7107455078125 0.5016150390625 0.714517578125 0.4865271484375 0.73149150390625 0.46672421875 0.75883837890625 0.45635126953125 0.794672265625 0.4488072265625 0.85973896484375 0.429004296875 0.89840185546875 0.427118359375 0.95215263671875 0.45729423828125
0 0.661709765625 0.59968671875 0.63153388671875 0.626090625 0.62398984375 0.63174853515625 0.608901953125 0.6355205078125 0.59381396484375 0.6279765625 0.55232216796875 0.6072306640625 0.52780419921875 0.60345869140625 0.47876845703125 0.5676248046875 0.48065439453125 0.535562890625 0.51460224609375 0.47709716796875 0.52026025390625 0.46578115234375 0.51837431640625 0.454465234375 0.5108302734375 0.4488072265625 0.476882421875 0.39788544921875 0.49197041015625 0.37148154296875 0.503286328125 0.35262158203125 0.5240322265625 0.32621767578125 0.59192802734375 0.35827958984375 0.5957 0.37713955078125 0.64473583984375 0.3695955078125 0.66076669921875 0.38845546875 0.6815126953125 0.41391640625 0.7088595703125 0.4346623046875 0.71923251953125 0.4601232421875 0.6956576171875 0.4865271484375 0.661709765625 0.59968671875
0 0.11382880859375 0.37242451171875 0.1383466796875 0.42523232421875 0.13457470703125 0.4346623046875 0.09308291015625 0.4610662109375 0.06856494140625 0.479926171875 0.00066923828125 0.5157599609375 0 0.5146892578125 0 0.3811244140625 0.0176431640625 0.37053857421875 0.02895908203125 0.3667666015625 0.06856494140625 0.36488056640625 0.11382880859375 0.37242451171875
0 0.33071796875 0.348849609375 0.30714306640625 0.3422486328125 0.290169140625 0.31773076171875 0.27508115234375 0.2564359375 0.2845111328125 0.23097509765625 0.30148505859375 0.21211513671875 0.3495779296875 0.19231220703125 0.3825828125 0.19231220703125 0.40710068359375 0.203628125 0.4287896484375 0.2224880859375 0.4570794921875 0.25455 0.46650947265625 0.28472587890625 0.4580224609375 0.29698486328125 0.41275869140625 0.32338876953125 0.33071796875 0.348849609375
0 0.001455078125 0.14610537109375 0.03917490234375 0.1637080078125 0.04420419921875 0.20142783203125 0 0.24755400390625 0 0.1431953125 0.001455078125 0.14610537109375
0 0.74705087890625 0.0635931640625 0.7149890625 0.05227724609375 0.65795927734375 0 0.827505859375 0 0.83380654296875 0.01832939453125 0.81117470703125 0.04661923828125 0.74705087890625 0.0635931640625