0 0.050166015625 0.99652216796875 0.07138349609375 0.95620908203125 0.13079228515625 0.94560029296875 0.14564443359375 0.95620908203125 0.16474013671875 0.98591337890625 0.16543017578125 0.9990234375 0.052488671875 0.9990234375 0.050166015625 0.99652216796875
0 0.76910986328125 0.98970888671875 0.78619248046875 0.95554365234375 0.82035771484375 0.948710546875 0.834023828125 0.969209765625 0.85281474609375 0.993125390625 0.85253388671875 0.9990234375 0.7735646484375 0.9990234375 0.76910986328125 0.98970888671875
0 0.902354296875 0.93333623046875 0.92627001953125 0.91625361328125 0.95531044921875 0.9299197265625 0.95018564453125 0.95554365234375 0.9399361328125 0.97433447265625 0.95018564453125 0.9880005859375 0.9416443359375 0.9982501953125 0.926179296875 0.9990234375 0.9063103515625 0.9990234375 0.89893779296875 0.993125390625 0.8972294921875 0.97433447265625 0.902354296875 0.93333623046875
0 0.629032421875 0.912837109375 0.65123984375 0.91112880859375 0.6700306640625 0.94358583984375 0.67857197265625 0.97945927734375 0.67056845703125 0.9990234375 0.48723896484375 0.9990234375 0.48553837890625 0.981167578125 0.46333095703125 0.97091796875 0.44966484375 0.92650322265625 0.46162275390625 0.9025875 0.49237138671875 0.88208837890625 0.53849453125 0.8615892578125 0.5794927734375 0.83254873046875 0.60340849609375 0.88208837890625 0.629032421875 0.912837109375
0 0.81864951171875 0.94358583984375 0.8271908203125 0.89917099609375 0.85452294921875 0.88721318359375 0.8852716796875 0.90600400390625 0.8972294921875 0.9316279296875 0.8955212890625 0.9657931640625 0.880146875 0.9862923828125 0.8630642578125 0.99483369140625 0.8442734375 0.98458408203125 0.84768994140625 0.97091796875 0.81864951171875 0.94358583984375
0 0.28992294921875 0.95620908203125 0.2814359375 0.907408984375 0.3408447265625 0.8543654296875 0.36842734375 0.8480001953125 0.400253515625 0.85224365234375 0.43632314453125 0.88831328125 0.44268837890625 0.92438291015625 0.44268837890625 0.9413568359375 0.33660126953125 0.97106123046875 0.28992294921875 0.95620908203125
0 0.7605685546875 0.94016923828125 0.73323642578125 0.92137841796875 0.72981982421875 0.8855048828125 0.74690244140625 0.8615892578125 0.76910986328125 0.8291322265625 0.75544375 0.80863310546875 0.76398505859375 0.76934306640625 0.82548251953125 0.75738525390625 0.83573212890625 0.79155048828125 0.83744033203125 0.81546611328125 0.8391486328125 0.86671396484375 0.83060732421875 0.90600400390625 0.79815029296875 0.92650322265625 0.7605685546875 0.94016923828125
0 0.57635810546875 0.81829580078125 0.6081841796875 0.794956640625 0.6527408203125 0.794956640625 0.68456689453125 0.81193056640625 0.69517568359375 0.83102626953125 0.69517568359375 0.85860888671875 0.69093212890625 0.89255673828125 0.68244521484375 0.90104375 0.61667119140625 0.894678515625 0.57635810546875 0.81829580078125
0 0.82884541015625 0.7673740234375 0.9073498046875 0.73130439453125 0.98161083984375 0.7737392578125 0.9990234375 0.82423583984375 0.9990234375 0.8433548828125 0.96888037109375 0.907408984375 0.960393359375 0.920139453125 0.81611494140625 0.87133935546875 0.82884541015625 0.7673740234375
0 0.11169658203125 0.79071318359375 0.14564443359375 0.71220869140625 0.19232275390625 0.69735654296875 0.2538533203125 0.71433046875 0.29416640625 0.7355478515625 0.3026533203125 0.75252177734375 0.3026533203125 0.82466103515625 0.2962880859375 0.86285234375 0.21778369140625 0.881948046875 0.11169658203125 0.79071318359375
0 0.3984169921875 0.7368861328125 0.359126953125 0.7146787109375 0.37279306640625 0.66684736328125 0.40525009765625 0.642931640625 0.42404091796875 0.62072421875 0.4701640625 0.61730771484375 0.49578798828125 0.6480564453125 0.50945400390625 0.66684736328125 0.5214119140625 0.69759609375 0.5231201171875 0.72151171875 0.47870537109375 0.73517783203125 0.447956640625 0.755676953125 0.3984169921875 0.7368861328125
0 0.12851162109375 0.630973828125 0.13363642578125 0.60534990234375 0.15755205078125 0.5797259765625 0.19000908203125 0.58143427734375 0.20196689453125 0.60022509765625 0.22417431640625 0.60022509765625 0.232715625 0.62755732421875 0.234423828125 0.65318125 0.222466015625 0.67197216796875 0.20879990234375 0.687346484375 0.19000908203125 0.68563818359375 0.154135546875 0.6600142578125 0.12851162109375 0.630973828125
0 0.26517255859375 0.55410205078125 0.32154521484375 0.53701943359375 0.3540021484375 0.562643359375 0.379626171875 0.58143427734375 0.403541796875 0.59851689453125 0.40695830078125 0.6360986328125 0.38987568359375 0.66172255859375 0.3522939453125 0.675388671875 0.34375263671875 0.70101259765625 0.3181287109375 0.7044291015625 0.28225517578125 0.6924712890625 0.28054697265625 0.64976474609375 0.2446734375 0.6480564453125 0.232715625 0.6138912109375 0.2446734375 0.59339208984375 0.26517255859375 0.55410205078125
0 0.6591060546875 0.61248681640625 0.7651931640625 0.51276494140625 0.8521845703125 0.508521484375 0.90947158203125 0.582782421875 0.89461943359375 0.65704345703125 0.873401953125 0.69099130859375 0.7524626953125 0.70584345703125 0.6591060546875 0.61248681640625
0 0.2446734375 0.59339208984375 0.222466015625 0.59339208984375 0.18146767578125 0.58143427734375 0.17975947265625 0.5575185546875 0.19171728515625 0.52676982421875 0.2053833984375 0.494312890625 0.23784033203125 0.4994376953125 0.266880859375 0.518228515625 0.27029736328125 0.53701943359375 0.25492294921875 0.57118466796875 0.2446734375 0.59339208984375
0 0.085805078125 0.45331455078125 0.07555546875 0.3986501953125 0.1199703125 0.3986501953125 0.1609685546875 0.4396484375 0.18659248046875 0.482355078125 0.19171728515625 0.5336029296875 0.16780166015625 0.57801767578125 0.131928125 0.60534990234375 0.09947119140625 0.60876640625 0.07555546875 0.57118466796875 0.07384716796875 0.55239375 0.09947119140625 0.50797900390625 0.085805078125 0.45331455078125
0 0.96569775390625 0.95514814453125 0.96781953125 0.869217578125 0.9990234375 0.86415751953125 0.9990234375 0.97713154296875 0.98797607421875 0.9795482421875 0.96569775390625 0.95514814453125
0 0.92220205078125 0.61248681640625 0.94129775390625 0.57853896484375 0.9990234375 0.546690234375 0.9990234375 0.71220869140625 0.9710021484375 0.71220869140625 0.92220205078125 0.61248681640625
0 0.9519064453125 0.41516484375 0.8712802734375 0.3302951171875 0.88188896484375 0.25391240234375 0.9328107421875 0.21996455078125 0.97524560546875 0.20723408203125 0.9990234375 0.20564892578125 0.9990234375 0.37518671875 0.9519064453125 0.41516484375
0 0.017474609375 0.9094205078125 0.0465150390625 0.94358583984375 0.02601591796875 0.97945927734375 0.04480673828125 0.99141708984375 0.04903251953125 0.9990234375 0 0.9990234375 0 0.9094205078125 0.017474609375 0.9094205078125
0 0.00380849609375 0.767634765625 0.02772412109375 0.78642568359375 0.0482232421875 0.77617607421875 0.08409677734375 0.7898421875 0.10117939453125 0.81034130859375 0.08922158203125 0.8410900390625 0.1250951171875 0.83084052734375 0.142177734375 0.8632974609375 0.12851162109375 0.88721318359375 0.09605458984375 0.9025875 0.0687224609375 0.93504453125 0.02259931640625 0.92821142578125 0.00380849609375 0.8906296875 0.00380849609375 0.878671875 0 0.87912880859375 0 0.76868544921875 0.00380849609375 0.767634765625
0 0.0123498046875 0.60876640625 0.07384716796875 0.60876640625 0.1028876953125 0.6463482421875 0.08922158203125 0.69588779296875 0.0704306640625 0.73005302734375 0.031140625 0.7385943359375 0.0140580078125 0.74030263671875 0 0.75318916015625 0 0.61045048828125 0.0123498046875 0.60876640625
0 0.029432421875 0.5575185546875 0.017474609375 0.5336029296875 0.00380849609375 0.50285419921875 0 0.4977015625 0 0.4202173828125 0.031140625 0.393525390625 0.05676455078125 0.4106080078125 0.0909298828125 0.4430650390625 0.0909298828125 0.5165203125 0.07213896484375 0.5558103515625 0.029432421875 0.5575185546875
0 0.029432421875 0.10141259765625 0.0123498046875 0.14070263671875 0.007225 0.188533984375 0.00551669921875 0.23294873046875 0 0.2349548828125 0 0.07618486328125 0.029432421875 0.10141259765625
0 0.22417431640625 0.48577158203125 0.2053833984375 0.449898046875 0.2173412109375 0.41402451171875 0.246381640625 0.41231630859375 0.2839634765625 0.4157328125 0.33179482421875 0.43110712890625 0.35058564453125 0.45843935546875 0.36254345703125 0.47039716796875 0.3642517578125 0.49602109375 0.359126953125 0.53189462890625 0.34546083984375 0.56093505859375 0.302754296875 0.550685546875 0.2737138671875 0.54897724609375 0.27542216796875 0.518228515625 0.25663125 0.50968720703125 0.22417431640625 0.48577158203125
0 0.8044453125 0.383338671875 0.849001953125 0.383338671875 0.87870634765625 0.3928865234375 0.89355849609375 0.41622568359375 0.886132421875 0.43956484375 0.8765845703125 0.4554779296875 0.860671484375 0.4671474609375 0.84263671875 0.471391015625 0.80974970703125 0.47775625 0.78747138671875 0.4809388671875 0.7704974609375 0.483060546875 0.7588279296875 0.407738671875 0.8044453125 0.383338671875
0 0.67183642578125 0.31013857421875 0.73867138671875 0.320747265625 0.748219140625 0.35469521484375 0.73124521484375 0.39394736328125 0.70047998046875 0.41516484375 0.67607998046875 0.4278953125 0.6644103515625 0.43213876953125 0.63258427734375 0.4247126953125 0.6060625 0.40986044921875 0.5901494140625 0.39819091796875 0.60075810546875 0.35045166015625 0.67183642578125 0.31013857421875
0 0.36083525390625 0.2961544921875 0.3864591796875 0.313237109375 0.3967087890625 0.349110546875 0.39500048828125 0.3918171875 0.36596005859375 0.43110712890625 0.30958740234375 0.4225658203125 0.28225517578125 0.4106080078125 0.2497982421875 0.405483203125 0.2292990234375 0.3747345703125 0.2292990234375 0.34056923828125 0.2634642578125 0.3422775390625 0.3061708984375 0.33886103515625 0.3403361328125 0.32177841796875 0.36083525390625 0.2961544921875
0 0.40695830078125 0.32690322265625 0.40183349609375 0.28248837890625 0.42404091796875 0.25515615234375 0.459914453125 0.27053056640625 0.47358056640625 0.280780078125 0.49066318359375 0.31152880859375 0.504329296875 0.33886103515625 0.48553837890625 0.37985927734375 0.46845576171875 0.40206669921875 0.447956640625 0.41402451171875 0.403541796875 0.39694189453125 0.40012529296875 0.36277666015625 0.40695830078125 0.32690322265625
0 0.28992294921875 0.23481669921875 0.33872294921875 0.2496689453125 0.34827080078125 0.29104287109375 0.33978388671875 0.3186255859375 0.306896875 0.33984296875 0.26870546875 0.34196474609375 0.231575 0.3122603515625 0.249609765625 0.26346025390625 0.28992294921875 0.23481669921875
0 0.47239267578125 0.24542548828125 0.48936669921875 0.18813837890625 0.51907109375 0.158433984375 0.53180146484375 0.1499470703125 0.599697265625 0.13933837890625 0.62515810546875 0.13933837890625 0.66759296875 0.183894921875 0.68456689453125 0.2433037109375 0.68456689453125 0.27300810546875 0.673958203125 0.296347265625 0.5806015625 0.36424296875 0.47239267578125 0.24542548828125
0 0.21884453125 0.1308513671875 0.2846185546875 0.09796435546875 0.32068818359375 0.109633984375 0.3408447265625 0.1743470703125 0.337662109375 0.21678193359375 0.3217490234375 0.2369384765625 0.21778369140625 0.2061732421875 0.21884453125 0.1308513671875
0 0.9041671875 0.0290078125 0.89992373046875 0.04492080078125 0.886132421875 0.0778078125 0.88082802734375 0.08841650390625 0.87764541015625 0.09478173828125 0.85430625 0.096903515625 0.799141015625 0.08841650390625 0.75988876953125 0.05128603515625 0.74185400390625 0.034312109375 0.74152080078125 0 0.92455107421875 0 0.9041671875 0.0290078125