0 0.97531455078125 0.928733984375 0.98537314453125 0.9362779296875 0.9990234375 0.945728125 0.9990234375 0.9990234375 0.8130451171875 0.9990234375 0.8319791015625 0.97148310546875 0.8898162109375 0.928733984375 0.97531455078125 0.928733984375
0 0.7291728515625 0.96735751953125 0.76736416015625 0.94295751953125 0.7907033203125 0.91537490234375 0.80237294921875 0.90158349609375 0.812981640625 0.888853125 0.8214685546875 0.8846095703125 0.83207734375 0.8856705078125 0.85541650390625 0.90052265625 0.868146875 0.91855751953125 0.8532947265625 0.9344705078125 0.79600771484375 0.9906966796875 0.8007453125 0.9990234375 0.70518349609375 0.9990234375 0.7291728515625 0.96735751953125
0 0.60440263671875 0.88221279296875 0.6370931640625 0.9211900390625 0.6572103515625 0.94885126953125 0.64840908203125 0.97022578125 0.628291796875 0.98279912109375 0.61116611328125 0.9990234375 0.4834994140625 0.9990234375 0.4786697265625 0.99788701171875 0.46358173828125 0.96645380859375 0.48495634765625 0.9211900390625 0.517646875 0.88472744140625 0.5943439453125 0.8520369140625 0.60440263671875 0.88221279296875
0 0.79300185546875 0.9098740234375 0.77791396484375 0.9149033203125 0.76408330078125 0.918675390625 0.75528203125 0.9237046875 0.74396611328125 0.93250595703125 0.723848828125 0.9475939453125 0.69115830078125 0.95639521484375 0.66726904296875 0.93502060546875 0.6421224609375 0.907359375 0.62451982421875 0.87466884765625 0.6421224609375 0.84826494140625 0.68738623046875 0.82186103515625 0.72762080078125 0.81431708984375 0.765340625 0.8256330078125 0.8106044921875 0.823118359375 0.79300185546875 0.9098740234375
0 0.5050736328125 0.938792578125 0.46735380859375 0.95639521484375 0.4258619140625 0.95890986328125 0.3529369140625 0.92244736328125 0.34539287109375 0.8683822265625 0.33030498046875 0.81934638671875 0.3227609375 0.77659716796875 0.35042216796875 0.73510537109375 0.40071533203125 0.707444140625 0.449751171875 0.707444140625 0.49124296875 0.73007607421875 0.539021484375 0.770310546875 0.5629107421875 0.79168515625 0.5704546875 0.81683173828125 0.5465654296875 0.85580888671875 0.51387490234375 0.8897568359375 0.5050736328125 0.938792578125
0 0.439692578125 0.66595234375 0.4107740234375 0.63200439453125 0.4359205078125 0.60811513671875 0.48495634765625 0.60308583984375 0.5314775390625 0.61691650390625 0.5893146484375 0.6395484375 0.6232625 0.6571509765625 0.64589443359375 0.70367216796875 0.654695703125 0.7413919921875 0.64840908203125 0.77659716796875 0.63332119140625 0.80928779296875 0.6056599609375 0.823118359375 0.59560126953125 0.82689033203125 0.45603779296875 0.6948708984375 0.439692578125 0.66595234375
0 0.263037890625 0.601828515625 0.27246787109375 0.60622919921875 0.3001291015625 0.62131708984375 0.30390107421875 0.63137578125 0.30138642578125 0.654636328125 0.29572841796875 0.6753822265625 0.31395966796875 0.69801416015625 0.315845703125 0.707444140625 0.31710302734375 0.72441806640625 0.3070443359375 0.74076337890625 0.3001291015625 0.75647998046875 0.2888130859375 0.7809978515625 0.2573798828125 0.804887109375 0.246692578125 0.8042583984375 0.233490625 0.80362978515625 0.2158880859375 0.8042583984375 0.18822685546875 0.8023724609375 0.17439619140625 0.7998578125 0.15427890625 0.8023724609375 0.1417056640625 0.80048642578125 0.1234744140625 0.80111513671875 0.08261123046875 0.7973431640625 0.07318125 0.7791119140625 0.078210546875 0.76716728515625 0.0920412109375 0.7395060546875 0.1020998046875 0.71121611328125 0.08512587890625 0.68606953125 0.08512587890625 0.65086435546875 0.0895265625 0.62131708984375 0.10901513671875 0.601828515625 0.1442203125 0.5942845703125 0.1781681640625 0.59617060546875 0.23034736328125 0.599942578125 0.263037890625 0.601828515625
0 0.0046568359375 0.623203125 0.01597275390625 0.63451904296875 0.03671875 0.68041162109375 0.04866337890625 0.723789453125 0.03986201171875 0.760251953125 0.0310607421875 0.7659099609375 0.0128294921875 0.77345390625 0 0.77436220703125 0 0.62140048828125 0.0046568359375 0.623203125
0 0.77162734375 0.7363626953125 0.7477380859375 0.725675390625 0.72447744140625 0.717502734375 0.7163048828125 0.70241484375 0.71756220703125 0.68418359375 0.74396611328125 0.64772099609375 0.765340625 0.6156591796875 0.76974130859375 0.61125849609375 0.77477060546875 0.61188720703125 0.7810572265625 0.6175451171875 0.79048720703125 0.6307470703125 0.8005458984375 0.63703369140625 0.82820712890625 0.66092294921875 0.82757841796875 0.67475361328125 0.82757841796875 0.6948708984375 0.831350390625 0.717502734375 0.82632109375 0.73573408203125 0.82443505859375 0.7464212890625 0.82443505859375 0.750193359375 0.804946484375 0.75836591796875 0.77162734375 0.7363626953125
0 0.71881953125 0.56913798828125 0.69870224609375 0.5515353515625 0.671041015625 0.4936982421875 0.66601171875 0.44340517578125 0.671041015625 0.40819990234375 0.68612890625 0.3679654296875 0.7163048828125 0.34030419921875 0.776656640625 0.34281884765625 0.81437646484375 0.35287744140625 0.8319791015625 0.3780240234375 0.84455234375 0.39814130859375 0.8470669921875 0.4157439453125 0.839523046875 0.45346376953125 0.829464453125 0.486154296875 0.82694970703125 0.50878623046875 0.7791712890625 0.55656474609375 0.71881953125 0.56913798828125
0 0.5704546875 0.3252162109375 0.5704546875 0.33778955078125 0.5679400390625 0.35539208984375 0.56039609375 0.370480078125 0.52519091796875 0.38808271484375 0.4975296875 0.3830533203125 0.47489775390625 0.370480078125 0.4623244140625 0.302584375 0.47992705078125 0.27492314453125 0.5151322265625 0.2573205078125 0.555366796875 0.254805859375 0.5704546875 0.3252162109375
0 0.12219638671875 0.232508203125 0.1358625 0.20688427734375 0.17856904296875 0.2051759765625 0.2195673828125 0.22396689453125 0.2315251953125 0.25300732421875 0.24006650390625 0.27350654296875 0.22810869140625 0.3059634765625 0.20419296875 0.32133779296875 0.16661123046875 0.31450478515625 0.13244599609375 0.28546435546875 0.12219638671875 0.232508203125
0 0.094555859375 0.17245078125 0.0970705078125 0.210170703125 0.1121583984375 0.2680078125 0.1020998046875 0.3409328125 0.094555859375 0.3409328125 0.0895265625 0.3434474609375 0.06940927734375 0.3434474609375 0.04677734375 0.35350615234375 0.031689453125 0.36859404296875 0 0.37049541015625 0 0.156291015625 0.0492919921875 0.14478955078125 0.094555859375 0.17245078125
0 0.58051337890625 0.159248828125 0.5629107421875 0.17685146484375 0.5528521484375 0.191939453125 0.54027880859375 0.2145712890625 0.5101029296875 0.23720322265625 0.47489775390625 0.2497765625 0.4044873046875 0.23217392578125 0.3843701171875 0.2045126953125 0.36425283203125 0.17433681640625 0.35922353515625 0.13158759765625 0.37682607421875 0.07626513671875 0.41706064453125 0.07626513671875 0.517646875 0.08129453125 0.58051337890625 0.159248828125
0 0.71881953125 0.1617634765625 0.70876083984375 0.12907294921875 0.7263634765625 0.091353125 0.75653935546875 0.06369189453125 0.7842005859375 0.05866259765625 0.82443505859375 0.06620654296875 0.8546109375 0.13410224609375 0.8546109375 0.16679287109375 0.8420376953125 0.22714462890625 0.8319791015625 0.2497765625 0.76659794921875 0.212056640625 0.71881953125 0.1617634765625
0 0.031689453125 0.01654208984375 0.02917470703125 0.0442033203125 0.0342041015625 0.07186455078125 0.02414541015625 0.094496484375 0 0.11864189453125 0 0 0.05059462890625 0 0.031689453125 0.01654208984375
0 0.9526826171875 0.94633662109375 0.89736015625 0.9312486328125 0.84455234375 0.885984765625 0.87724287109375 0.823118359375 0.940109375 0.76528125 0.99291708984375 0.7527080078125 0.9990234375 0.75392919921875 0.9990234375 0.9379109375 0.9526826171875 0.94633662109375
0 0.97720048828125 0.54399140625 0.95551162109375 0.5241884765625 0.96871357421875 0.4713806640625 0.9990234375 0.43728203125 0.9990234375 0.562605078125 0.97720048828125 0.54399140625
0 0.91496279296875 0.40725693359375 0.93005068359375 0.4166869140625 0.945138671875 0.43460380859375 0.947024609375 0.451577734375 0.93759462890625 0.47232373046875 0.9262787109375 0.48552568359375 0.91024775390625 0.4968416015625 0.86875595703125 0.51381552734375 0.852725 0.502499609375 0.83480810546875 0.46855166015625 0.85178203125 0.43648984375 0.88195791015625 0.4100859375 0.91496279296875 0.40725693359375
0 0.82349208984375 0.27523740234375 0.82915009765625 0.2592064453125 0.86404091796875 0.2299736328125 0.88855888671875 0.2167716796875 0.92816474609375 0.212056640625 0.9526826171875 0.22620166015625 0.96871357421875 0.2573205078125 0.96399853515625 0.30729931640625 0.95551162109375 0.33558916015625 0.94325263671875 0.357278125 0.90458984375 0.37425205078125 0.89044482421875 0.3780240234375 0.85366796875 0.31390029296875 0.82349208984375 0.27523740234375
0 0.9922884765625 0.1243580078125 0.98285849609375 0.1111560546875 0.98191552734375 0.0970111328125 0.9800294921875 0.08098017578125 0.9800294921875 0.06117724609375 0.96965654296875 0.04326025390625 0.95645458984375 0.01402744140625 0.9515037109375 0 0.9990234375 0 0.9990234375 0.12828671875 0.9922884765625 0.1243580078125