0 0.206009765625 0.99882314453125 0.21141298828125 0.99395107421875 0.22004853515625 0.9804279296875 0.22166474609375 0.97610234375 0.23409267578125 0.96527470703125 0.2389494140625 0.95716142578125 0.24056826171875 0.95445693359375 0.26544111328125 0.943068359375 0.272466796875 0.937653125 0.27786728515625 0.9311599609375 0.28814853515625 0.93114296875 0.2897791015625 0.9354630859375 0.2968154296875 0.9365322265625 0.29681279296875 0.9349111328125 0.30004609375 0.92680048828125 0.30924423828125 0.926244921875 0.322772265625 0.9262224609375 0.33413583984375 0.9262037109375 0.34280810546875 0.93483505859375 0.3476853515625 0.9391498046875 0.3558146484375 0.9467013671875 0.362326953125 0.95803798828125 0.3623412109375 0.96668369140625 0.35045263671875 0.9764296875 0.37209658203125 0.975853515625 0.3856041015625 0.96340302734375 0.39804453125 0.96014033203125 0.4061640625 0.96174794921875 0.412669140625 0.96876181640625 0.4202537109375 0.97415283203125 0.4229701171875 0.9806326171875 0.42731689453125 0.99143251953125 0.427325 0.996295703125 0.4273294921875 0.9990234375 0.20591689453125 0.9990234375 0.206009765625 0.99882314453125
0 0.191299609375 0.9990234375 0.05159287109375 0.9990234375 0.06500859375 0.92523681640625 0.1681095703125 0.92523681640625 0.191299609375 0.9990234375
0 0.67719013671875 0.9341560546875 0.65809443359375 0.90339072265625 0.675068359375 0.8811125 0.687798828125 0.85777333984375 0.70159013671875 0.84504287109375 0.719625 0.8312515625 0.73023369140625 0.8206427734375 0.7344771484375 0.812155859375 0.73872060546875 0.80472978515625 0.78221640625 0.805790625 0.79812939453125 0.79730361328125 0.811920703125 0.80366884765625 0.8225294921875 0.80685146484375 0.83101640625 0.812155859375 0.8469294921875 0.7962427734375 0.8649642578125 0.7962427734375 0.89148603515625 0.80366884765625 0.89466865234375 0.80366884765625 0.91906875 0.8026080078125 0.9222513671875 0.80791240234375 0.91906875 0.8217037109375 0.89148603515625 0.85034716796875 0.8936078125 0.87899072265625 0.899973046875 0.8832341796875 0.91058173828125 0.88535595703125 0.92331220703125 0.8959646484375 0.92649482421875 0.90763427734375 0.93286005859375 0.924608203125 0.93604267578125 0.937338671875 0.9275556640625 0.96067783203125 0.91906875 0.9712865234375 0.8967904296875 0.96916474609375 0.8649642578125 0.97022568359375 0.837381640625 0.97552998046875 0.8225294921875 0.98507783203125 0.8034337890625 0.99674736328125 0.7996404296875 0.9990234375 0.7212623046875 0.9990234375 0.7164423828125 0.9956865234375 0.73129453125 0.97022568359375 0.69522490234375 0.94794736328125 0.67719013671875 0.9341560546875
0 0.97953837890625 0.95112998046875 0.95089482421875 0.937338671875 0.94771220703125 0.911877734375 0.96362529296875 0.8906603515625 0.96362529296875 0.8832341796875 0.94877314453125 0.8524689453125 0.94452958984375 0.82912978515625 0.961503515625 0.8026080078125 0.986964453125 0.787755859375 0.9990234375 0.792703125 0.9990234375 0.94092353515625 0.97953837890625 0.95112998046875
0 0.9965123046875 0.78881669921875 0.96786875 0.7962427734375 0.94877314453125 0.79518193359375 0.94452958984375 0.79306015625 0.9180078125 0.7718427734375 0.9095208984375 0.736833984375 0.91058173828125 0.71137314453125 0.91058173828125 0.6901556640625 0.9222513671875 0.6562078125 0.93816435546875 0.64241650390625 0.98059921875 0.62650341796875 0.9990234375 0.6320306640625 0.9990234375 0.78982119140625 0.9965123046875 0.78881669921875
0 0.92012958984375 0.35173779296875 0.90846005859375 0.3103638671875 0.93604267578125 0.263685546875 0.95619921875 0.239285546875 0.9837818359375 0.23079853515625 0.9990234375 0.22493642578125 0.9990234375 0.431303125 0.98908623046875 0.431303125 0.95619921875 0.42705966796875 0.91694697265625 0.40159873046875 0.92012958984375 0.35173779296875
0 0.99863408203125 0.10349404296875 0.98059921875 0.05257216796875 0.97317314453125 0.026050390625 0.98166015625 0.014380859375 0.986964453125 0.01332001953125 0.99149326171875 0 0.9990234375 0 0.9990234375 0.10446748046875 0.99863408203125 0.10349404296875
0 0.975294921875 0.0430244140625 0.9721123046875 0.051511328125 0.96044267578125 0.06530263671875 0.962564453125 0.0822765625 0.97635576171875 0.0981896484375 0.98272099609375 0.10349404296875 0.98802529296875 0.10985927734375 0.9990234375 0.115908203125 0.9990234375 0.14297470703125 0.98908623046875 0.17775498046875 0.98272099609375 0.183059375 0.9689296875 0.1851810546875 0.94452958984375 0.17457236328125 0.94346875 0.16184189453125 0.93922529296875 0.1416853515625 0.9275556640625 0.13744189453125 0.9158861328125 0.13425927734375 0.90209482421875 0.114102734375 0.87981650390625 0.114102734375 0.85435556640625 0.1109201171875 0.84586865234375 0.10879833984375 0.83632080078125 0.09394619140625 0.84162509765625 0.0822765625 0.84586865234375 0.06636357421875 0.84586865234375 0.04938955078125 0.83950341796875 0.03453740234375 0.8288947265625 0.01862431640625 0.84219775390625 0 0.88989453125 0 0.89785126953125 0.00589384765625 0.8967904296875 0.00058955078125 0.89737998046875 0 0.97294814453125 0 0.975294921875 0.0430244140625
0 0.17062421875 0.900090234375 0.1580509765625 0.90511962890625 0.08764052734375 0.91266357421875 0.059979296875 0.86991435546875 0.09266982421875 0.784416015625 0.127875 0.74921083984375 0.19577080078125 0.80704794921875 0.17062421875 0.900090234375
0 0.31898896484375 0.75926943359375 0.30138642578125 0.774357421875 0.25863720703125 0.774357421875 0.20582939453125 0.76178408203125 0.14296298828125 0.731608203125 0.127875 0.68634443359375 0.1781681640625 0.63605126953125 0.20582939453125 0.58072880859375 0.2862984375 0.53797958984375 0.3265330078125 0.57821416015625 0.36173818359375 0.6083900390625 0.33910625 0.6662271484375 0.31898896484375 0.75926943359375
0 0.36676748046875 0.605875390625 0.36676748046875 0.5656408203125 0.3843701171875 0.52289169921875 0.4044873046875 0.490201171875 0.43214853515625 0.447451953125 0.46986845703125 0.4549958984375 0.47992705078125 0.500259765625 0.54279345703125 0.5052890625 0.54530810546875 0.57318486328125 0.517646875 0.6134193359375 0.43466318359375 0.65113916015625 0.36676748046875 0.605875390625
0 0.6685263671875 0.63102197265625 0.60063056640625 0.58827275390625 0.59308662109375 0.543008984375 0.618233203125 0.4927158203125 0.64337978515625 0.4499666015625 0.6785849609375 0.40218818359375 0.70624619140625 0.3770416015625 0.77162734375 0.374526953125 0.796773828125 0.3921294921875 0.81689111328125 0.4927158203125 0.7892298828125 0.59330205078125 0.6685263671875 0.63102197265625
0 0.07506728515625 0.51534775390625 0.03986201171875 0.57569951171875 0 0.56183447265625 0 0.33888466796875 0.059979296875 0.36195361328125 0.1153017578125 0.3971587890625 0.1253603515625 0.485171875 0.07506728515625 0.51534775390625
0 0.33134619140625 0.34855517578125 0.32498095703125 0.276416015625 0.34619833984375 0.2297376953125 0.36529404296875 0.1979115234375 0.39924189453125 0.16820712890625 0.4798681640625 0.1724505859375 0.5286681640625 0.1851810546875 0.5413986328125 0.225494140625 0.52442470703125 0.26580732421875 0.4798681640625 0.3358248046875 0.4735029296875 0.34855517578125 0.3695375 0.388868359375 0.33134619140625 0.34855517578125
0 0.20834404296875 0.33680703125 0.165594921875 0.31668984375 0.1077578125 0.29405791015625 0.11781640625 0.23119140625 0.1102724609375 0.18089833984375 0.14044833984375 0.13563447265625 0.233490625 0.100429296875 0.30641572265625 0.13060517578125 0.31144501953125 0.18089833984375 0.3416208984375 0.216103515625 0.3516794921875 0.24125009765625 0.32401826171875 0.35943896484375 0.20834404296875 0.33680703125
0 0.67481298828125 0.126833203125 0.6836142578125 0.14192109375 0.7125328125 0.17209697265625 0.7100181640625 0.18844228515625 0.6836142578125 0.19850087890625 0.66223974609375 0.20101552734375 0.64966640625 0.2022728515625 0.62200517578125 0.20730224609375 0.56919736328125 0.189699609375 0.56668271484375 0.189699609375 0.5578814453125 0.1758689453125 0.5339921875 0.15449443359375 0.53273486328125 0.11928916015625 0.53022021484375 0.08911328125 0.5465654296875 0.07276806640625 0.53273486328125 0.05265078125 0.53524951171875 0.011158984375 0.56165341796875 0.00110029296875 0.58805732421875 0.01493095703125 0.60691728515625 0.03253349609375 0.61697587890625 0.06145205078125 0.63332119140625 0.074025390625 0.6685263671875 0.09414267578125 0.67481298828125 0.126833203125
0 0.1781681640625 0.04384951171875 0.10398583984375 0.0237322265625 0.08653564453125 0 0.31417294921875 0 0.3152169921875 0.04384951171875 0.30641572265625 0.07276806640625 0.3051583984375 0.0765400390625 0.24103466796875 0.08534130859375 0.1781681640625 0.04384951171875
0 0.32401826171875 0.062709375 0.3202462890625 0.0400775390625 0.308685546875 0 0.42205068359375 0 0.413288671875 0.03504814453125 0.39317138671875 0.05893740234375 0.34036357421875 0.0928853515625 0.32401826171875 0.062709375