0 0.0837640625 0.9990234375 0 0.9990234375 0 0.99622548828125 0.076269140625 0.9911408203125 0.0837640625 0.9990234375
0 0.30753759765625 0.9990234375 0.14770361328125 0.9990234375 0.15024697265625 0.99369453125 0.1732302734375 0.9617732421875 0.2326041015625 0.95985791015625 0.28878564453125 0.974541796875 0.30753759765625 0.9990234375
0 0 0.89892255859375 0 0.76985869140625 0.00612197265625 0.7700853515625 0.03165908203125 0.7748736328125 0.03995859375 0.77646962890625 0.05496162109375 0.77742734375 0.063899609375 0.78221552734375 0.07379521484375 0.7901958984375 0.0833716796875 0.80360283203125 0.0884791015625 0.82818232421875 0.09997080078125 0.8380779296875 0.09805546875 0.84893115234375 0.08943671875 0.868083984375 0.08369091796875 0.8808525390625 0.07539130859375 0.8878751953125 0.070603125 0.88979052734375 0.0405970703125 0.89745166015625 0 0.89892255859375
0 0.008994921875 0.57089609375 0.0118677734375 0.57728037109375 0.01282548828125 0.57823798828125 0.02942451171875 0.58589912109375 0.04442763671875 0.58781435546875 0.06326123046875 0.59196416015625 0.0696455078125 0.5983484375 0.08049873046875 0.62516240234375 0.07187998046875 0.629312109375 0.04634287109375 0.63761171875 0.0460236328125 0.6538916015625 0.06230361328125 0.6711291015625 0.08305244140625 0.6947509765625 0.0680494140625 0.711030859375 0.04889658203125 0.71326533203125 0.04378916015625 0.72092646484375 0.04474677734375 0.74390986328125 0.01282548828125 0.7672125 0 0.7706326171875 0 0.56000751953125 0.008994921875 0.57089609375
0 0.212892578125 0.61606474609375 0.212892578125 0.61670322265625 0.1911861328125 0.63457919921875 0.17011796875 0.6479861328125 0.142665625 0.6633083984375 0.10627529296875 0.66777744140625 0.09159140625 0.658839453125 0.08584560546875 0.63330234375 0.08776083984375 0.61095732421875 0.08265341796875 0.5930814453125 0.05967001953125 0.58158974609375 0.03349453125 0.5643521484375 0.03477138671875 0.5471146484375 0.0583931640625 0.526046484375 0.09606044921875 0.5145548828125 0.11776689453125 0.51263955078125 0.13308916015625 0.51327802734375 0.1630953125 0.50689375 0.1931013671875 0.50306318359375 0.20395458984375 0.5266849609375 0.2186384765625 0.55349892578125 0.2256611328125 0.57903603515625 0.212892578125 0.61606474609375
0 0.27330380859375 0.56227724609375 0.27170771484375 0.56291572265625 0.2624505859375 0.56068125 0.25383173828125 0.56131962890625 0.24010556640625 0.56227724609375 0.22797548828125 0.54759345703125 0.2394671875 0.531951953125 0.2573431640625 0.53482490234375 0.27234619140625 0.5412091796875 0.27330380859375 0.56227724609375
0 0.1909466796875 0.4505525390625 0.19222353515625 0.4626826171875 0.1899890625 0.47353583984375 0.18552001953125 0.48885810546875 0.1807318359375 0.49556162109375 0.16796328125 0.5070533203125 0.1500873046875 0.513118359375 0.13029609375 0.5140759765625 0.1108240234375 0.5140759765625 0.0900751953125 0.51503369140625 0.0747529296875 0.5089685546875 0.04953505859375 0.49364638671875 0.04315078125 0.4697052734375 0.05655771484375 0.438103125 0.0750720703125 0.417354296875 0.10986640625 0.4096931640625 0.15072578125 0.422780859375 0.17083623046875 0.4387416015625 0.1909466796875 0.4505525390625
0 0.34480771484375 0.43906083984375 0.343530859375 0.444806640625 0.3275701171875 0.46587470703125 0.30650205078125 0.48055859375 0.27011171875 0.48630439453125 0.22542177734375 0.46204423828125 0.22222958984375 0.42820751953125 0.24968203125 0.3918171875 0.2796880859375 0.3771333984375 0.3224626953125 0.39054033203125 0.34480771484375 0.43906083984375
0 0.06541591796875 0.36324755859375 0.06701201171875 0.38016591796875 0.060946875 0.3884654296875 0.0555203125 0.39453046875 0.04402861328125 0.4057029296875 0.0318984375 0.41623701171875 0.0140224609375 0.421663671875 0.00125390625 0.421663671875 0 0.420683984375 0 0.31955400390625 0.01019189453125 0.31376943359375 0.0309408203125 0.3115349609375 0.0513705078125 0.31472705078125 0.06541591796875 0.36324755859375
0 0.18520087890625 0.3739412109375 0.1858392578125 0.38990185546875 0.1807318359375 0.4045857421875 0.160940625 0.41863115234375 0.1398724609375 0.414162109375 0.1175275390625 0.38990185546875 0.09837470703125 0.36500322265625 0.1092279296875 0.32925126953125 0.1449798828125 0.308183203125 0.17945498046875 0.3158443359375 0.18520087890625 0.3739412109375
0 0.000934765625 0.29876640625 0 0.3002822265625 0 0.28817275390625 0.000934765625 0.29876640625
0 0.0855263671875 0.2706755859375 0.0804189453125 0.28918994140625 0.07148095703125 0.29940478515625 0.04594384765625 0.30898125 0.02168359375 0.29876640625 0.00316923828125 0.27195244140625 0.02040673828125 0.245776953125 0.04849755859375 0.232369921875 0.0753115234375 0.23428525390625 0.0855263671875 0.2706755859375
0 0.357576171875 0.14283046875 0.367791015625 0.16006806640625 0.3684294921875 0.17985927734375 0.36396044921875 0.2290181640625 0.3256548828125 0.2424251953125 0.2745806640625 0.239871484375 0.27075009765625 0.178582421875 0.294371875 0.1453841796875 0.32948544921875 0.12495458984375 0.357576171875 0.14283046875
0 0.15136416015625 0.17985927734375 0.1532794921875 0.22071865234375 0.13412666015625 0.24561728515625 0.0900751953125 0.2526400390625 0.03261669921875 0.22837978515625 0 0.19343330078125 0 0.1695525390625 0.0038875 0.14410732421875 0.0307013671875 0.11218603515625 0.0817755859375 0.10644013671875 0.13093447265625 0.1160166015625 0.15136416015625 0.17985927734375
0 0.2420208984375 0.089841015625 0.25862001953125 0.103248046875 0.26691953125 0.13006201171875 0.2739421875 0.171559765625 0.26691953125 0.20411953125 0.22542177734375 0.226464453125 0.1839240234375 0.21050380859375 0.1603021484375 0.13197724609375 0.1737091796875 0.09686376953125 0.2235064453125 0.07068818359375 0.2420208984375 0.089841015625
0 0.35262841796875 0.0657404296875 0.353266796875 0.08361640625 0.35198994140625 0.09510810546875 0.34752099609375 0.1155376953125 0.32772978515625 0.1238373046875 0.28303984375 0.09766181640625 0.30474638671875 0.06893251953125 0.33985986328125 0.04850283203125 0.35262841796875 0.0657404296875
0 0.1194427734375 0.011314453125 0.132211328125 0.06366552734375 0.1347650390625 0.08664892578125 0.11369697265625 0.10388642578125 0.08113720703125 0.1077169921875 0.03708564453125 0.09877900390625 0.01091015625 0.05728125 0.02431708984375 0.021529296875 0.04848271484375 0 0.12490498046875 0 0.1194427734375 0.011314453125
0 0.25095888671875 0.0138681640625 0.24968203125 0.04068212890625 0.22989072265625 0.06877294921875 0.16413271484375 0.06111181640625 0.13093447265625 0.0368515625 0.1438033203125 0 0.24024248046875 0 0.25095888671875 0.0138681640625