0 0.11300546875 0.9919216796875 0.12728046875 0.9832123046875 0.140302734375 0.9683009765625 0.145241015625 0.94906015625 0.1557822265625 0.9366345703125 0.16944326171875 0.93226904296875 0.18250771484375 0.94279423828125 0.20991630859375 0.986176953125 0.21733515625 0.9990234375 0.11030966796875 0.9990234375 0.11300546875 0.9919216796875
0 0.01362470703125 0.84933564453125 0.090007421875 0.88328349609375 0.13456396484375 0.94269228515625 0.14092919921875 0.9660314453125 0.13942958984375 0.9990234375 0 0.9990234375 0 0.851684765625 0.01362470703125 0.84933564453125
0 0.14158896484375 0.9011400390625 0.14376142578125 0.89989560546875 0.1608296875 0.88963056640625 0.1623654296875 0.87908115234375 0.1691701171875 0.86138828125 0.17910498046875 0.8579595703125 0.1809595703125 0.8523728515625 0.18000029296875 0.83593369140625 0.1868302734375 0.83344072265625 0.1986341796875 0.83311083984375 0.21478857421875 0.8337044921875 0.2219466796875 0.8417578125 0.22909404296875 0.84329697265625 0.23282119140625 0.84298056640625 0.240273046875 0.84079677734375 0.25362802734375 0.83922353515625 0.26078564453125 0.84696669921875 0.2713650390625 0.85749599609375 0.283178125 0.8627498046875 0.29219140625 0.86552666015625 0.2956162109375 0.8701740234375 0.29470546875 0.88289375 0.289441015625 0.89282900390625 0.28573544921875 0.90617392578125 0.2829619140625 0.9195171875 0.27303115234375 0.9254275390625 0.26309111328125 0.925754296875 0.24196796875 0.926099609375 0.22583115234375 0.93605283203125 0.21465888671875 0.94258564453125 0.2044041015625 0.94043134765625 0.19879599609375 0.93051416015625 0.18543330078125 0.927434375 0.17921533203125 0.92434267578125 0.17019072265625 0.91474140625 0.156825390625 0.910110546875 0.14158896484375 0.9011400390625
0 0.0922154296875 0.81886328125 0.09282021484375 0.80893583984375 0.0983994140625 0.80148173828125 0.11142373046875 0.7878111328125 0.12011962890625 0.78655595703125 0.1325431640625 0.78529443359375 0.146831640625 0.78465029296875 0.15988896484375 0.7908326171875 0.1698521484375 0.8044650390625 0.17050439453125 0.82307607421875 0.1680408203125 0.83610869140625 0.16120986328125 0.83798125 0.15066044921875 0.84544365234375 0.13948037109375 0.8473234375 0.12519814453125 0.85168994140625 0.10283193359375 0.8517271484375 0.0966046875 0.84305185546875 0.0922154296875 0.81886328125
0 0.00776630859375 0.84630146484375 0.00776015625 0.84257900390625 0.012084375 0.82768212890625 0.01703916015625 0.81836787109375 0.0300685546875 0.80779931640625 0.04247158203125 0.79412978515625 0.04742529296875 0.7841951171875 0.054865234375 0.77487666015625 0.0629388671875 0.77300205078125 0.0728845703125 0.7760875 0.08098388671875 0.78972294921875 0.07975576171875 0.79841064453125 0.0772830078125 0.80585966796875 0.0748123046875 0.8145494140625 0.07793623046875 0.82509111328125 0.08045234375 0.8436990234375 0.073011328125 0.8523970703125 0.04134140625 0.86175576171875 0.00776630859375 0.84630146484375
0 0.0008693359375 0.80846826171875 0 0.8079595703125 0 0.72334287109375 0.02745048828125 0.727771484375 0.0417482421875 0.7327109375 0.0542130859375 0.756265625 0.0486431640625 0.7693033203125 0.04182138671875 0.7767595703125 0.03936103515625 0.7916533203125 0.01951298828125 0.8115392578125 0.0008693359375 0.80846826171875
0 0.00322275390625 0.448784765625 0.015915234375 0.422396484375 0.03267392578125 0.41275234375 0.04477392578125 0.403736328125 0.05470263671875 0.39658515625 0.0668150390625 0.3950140625 0.0876326171875 0.3977712890625 0.09820888671875 0.40643935546875 0.11003955078125 0.4222400390625 0.11505419921875 0.44890908203125 0.1147759765625 0.46845234375 0.11012509765625 0.47373349609375 0.104241015625 0.48460029296875 0.1017759765625 0.49670234375 0.093723046875 0.51098505859375 0.08690078125 0.51813095703125 0.07882978515625 0.521556640625 0.06579462890625 0.52871298828125 0.06301640625 0.539264453125 0.04966552734375 0.54331923828125 0.03816923828125 0.54178740234375 0.0266708984375 0.5390146484375 0.02510634765625 0.5321927734375 0.02477763671875 0.52133623046875 0.01854619140625 0.510179296875 0.00921103515625 0.50057861328125 0 0.49186953125 0 0.46432705078125 0.00322275390625 0.448784765625
0 0.02177705078125 0.21113896484375 0.0416611328125 0.21296708984375 0.06530390625 0.233401171875 0.0749513671875 0.24393203125 0.06066337890625 0.244886328125 0.065649609375 0.2544943359375 0.067215234375 0.26193662109375 0.07563037109375 0.27867353515625 0.0849634765625 0.28703349609375 0.0911892578125 0.29477822265625 0.098969140625 0.30314072265625 0.10334189453125 0.317402734375 0.10305185546875 0.329811328125 0.0937537109375 0.3425451171875 0.08226513671875 0.3456662109375 0.07108466796875 0.34723583984375 0.05649169921875 0.3516029296875 0.04563212890625 0.3593759765625 0.03259658203125 0.3662220703125 0.0279271484375 0.36033603515625 0.020459375 0.35290361328125 0.01268818359375 0.349814453125 0.0030546875 0.34765908203125 0 0.34288310546875 0 0.22361328125 0.02177705078125 0.21113896484375
0 0.00682109375 0.37091796875 0.01552783203125 0.376176953125 0.01865068359375 0.3860982421875 0.01618203125 0.39602880859375 0.0146458984375 0.40626806640625 0.00969931640625 0.42054560546875 0.0025751953125 0.43296552734375 0 0.43748310546875 0 0.36784716796875 0.00682109375 0.37091796875
0 0.55412919921875 0.9987884765625 0.523358203125 0.9882927734375 0.482324609375 0.9709896484375 0.480122265625 0.9542423828125 0.4996236328125 0.9126427734375 0.5172904296875 0.88872783203125 0.5306408203125 0.88436279296875 0.5527087890625 0.89177099609375 0.5869201171875 0.9162201171875 0.59749638671875 0.92488818359375 0.59969248046875 0.9379130859375 0.60967998046875 0.9661248046875 0.622418359375 0.96734453125 0.649450390625 0.97102197265625 0.6640783203125 0.98774853515625 0.659721875 0.9990234375 0.55441396484375 0.9990234375 0.55412919921875 0.9987884765625
0 0.67930107421875 0.98849873046875 0.67929697265625 0.9860171875 0.68176865234375 0.97794775390625 0.68050810546875 0.9670927734375 0.66092421875 0.95906005859375 0.65343896484375 0.94108076171875 0.6506255859375 0.93053857421875 0.64998212890625 0.9172009765625 0.651825390625 0.90478984375 0.65615986328125 0.89609697265625 0.665155078125 0.88801669921875 0.67074150390625 0.88490537109375 0.6785044921875 0.88303125 0.6906236328125 0.8854927734375 0.6968447265625 0.89044560546875 0.70958974609375 0.89569794921875 0.7245078125 0.90001591796875 0.73724404296875 0.8999947265625 0.75215439453125 0.899659765625 0.76893369140625 0.9024236328125 0.78385634765625 0.90953349609375 0.7947462890625 0.9200623046875 0.80315166015625 0.93090537109375 0.802233203125 0.93897216796875 0.7994642578125 0.95510732421875 0.79762568359375 0.97031025390625 0.7905138671875 0.99017509765625 0.78144375 0.9990234375 0.73590791015625 0.9990234375 0.7321236328125 0.996476171875 0.71690419921875 0.99774228515625 0.70850966796875 0.9934134765625 0.703534765625 0.9906298828125 0.68582822265625 0.990659375 0.67930107421875 0.98849873046875
0 0.319821484375 0.85524404296875 0.32164619140625 0.831665625 0.3334232421875 0.81520537109375 0.35669814453125 0.80120751953125 0.37160947265625 0.80149296875 0.38187509765625 0.8101615234375 0.3936578125 0.7971134765625 0.39736279296875 0.7834583984375 0.397330859375 0.76422587890625 0.42030078125 0.7536408203125 0.44235634765625 0.75360419921875 0.49709013671875 0.79011708984375 0.4964904296875 0.80314658203125 0.502730078125 0.81926669921875 0.5042998046875 0.829190625 0.49064189453125 0.8354173828125 0.476345703125 0.83140849609375 0.4611169921875 0.827091015625 0.4524345703125 0.83641142578125 0.45740888671875 0.83888486328125 0.46425751953125 0.84755908203125 0.45591396484375 0.87394013671875 0.44972431640625 0.8879095703125 0.431134375 0.91709951171875 0.40782998046875 0.9134158203125 0.3941333984375 0.89637744140625 0.3761115234375 0.89361552734375 0.359328125 0.88837001953125 0.34252822265625 0.873198046875 0.319821484375 0.85524404296875
0 0.5162734375 0.83754619140625 0.521816015625 0.80806767578125 0.5398033203125 0.79004609375 0.56184443359375 0.78132373046875 0.58296181640625 0.7775662109375 0.59882783203125 0.79149892578125 0.61438876953125 0.80884443359375 0.61627373046875 0.8215595703125 0.61599609375 0.84141298828125 0.60856904296875 0.8584865234375 0.5933744140625 0.87464228515625 0.57318115234375 0.87374521484375 0.55204462890625 0.86602529296875 0.52873779296875 0.860790625 0.5162734375 0.83754619140625
0 0.67925380859375 0.773218359375 0.685448046875 0.7620408203125 0.6990966796875 0.75023046875 0.725169921875 0.73777900390625 0.7344984375 0.7433470703125 0.74010751953125 0.75388466796875 0.756915234375 0.77370966796875 0.775598046875 0.8003560546875 0.77375283203125 0.8115263671875 0.76817978515625 0.8227029296875 0.75203466796875 0.82769296875 0.73712705078125 0.82957900390625 0.7104201171875 0.83458662109375 0.70295849609375 0.83087666015625 0.6973390625 0.81413505859375 0.67925380859375 0.773218359375
0 0.48899453125 0.59191123046875 0.4905353515625 0.5844638671875 0.49487919921875 0.58135458984375 0.5017060546875 0.577000390625 0.5113189453125 0.56674775390625 0.51626240234375 0.550608984375 0.5302216796875 0.538798046875 0.53984228515625 0.5331984375 0.549157421875 0.5307013671875 0.56718125 0.53470400390625 0.5824166015625 0.5430541015625 0.59609931640625 0.55171708984375 0.60357119140625 0.56163115234375 0.61198173828125 0.57557626953125 0.62723564453125 0.59509365234375 0.63719736328125 0.60779541015625 0.64995478515625 0.62049248046875 0.64966064453125 0.63041943359375 0.64254169921875 0.64594140625 0.6435283203125 0.67882119140625 0.6342234375 0.68752236328125 0.60006064453125 0.69223212890625 0.57367265625 0.7022025390625 0.54415859375 0.70039033203125 0.532340234375 0.6920345703125 0.50402392578125 0.6632328125 0.50027919921875 0.65300234375 0.49807841796875 0.63718564453125 0.490595703125 0.620757421875 0.489021875 0.608351953125 0.48899453125 0.59191123046875
0 0.63716083984375 0.49240009765625 0.66567998046875 0.45636923828125 0.6805876953125 0.454483203125 0.70668876953125 0.45878271484375 0.7408861328125 0.47485634765625 0.75521689453125 0.49964873046875 0.75649765625 0.5226015625 0.74535068359375 0.54433427734375 0.73979931640625 0.5685392578125 0.71683564453125 0.58284677734375 0.676465625 0.5909791015625 0.6397955078125 0.5823544921875 0.6360275390625 0.55816494140625 0.63845185546875 0.52155703125 0.63716083984375 0.49240009765625
0 0.72527412109375 0.42680087890625 0.719676953125 0.423398046875 0.7044265625 0.40605205078125 0.6941341796875 0.3812529296875 0.692233203125 0.35892158203125 0.66673681640625 0.34469462890625 0.66175166015625 0.33570703125 0.6648322265625 0.320191796875 0.67537861328125 0.3108681640625 0.69088798828125 0.2971935546875 0.7017505859375 0.291281640625 0.7098267578125 0.2909580078125 0.72287314453125 0.29062607421875 0.743365234375 0.28438798828125 0.76231796875 0.28652783203125 0.78313916015625 0.2914564453125 0.80024765625 0.305387109375 0.810828515625 0.31684697265625 0.81924267578125 0.33296357421875 0.81708671875 0.344134375 0.81093115234375 0.3785771484375 0.8134255859375 0.384156640625 0.80691708984375 0.39316328125 0.79171220703125 0.4031150390625 0.78052705078125 0.40189287109375 0.7680837890625 0.39136669921875 0.753476953125 0.38735830078125 0.7379666015625 0.40041259765625 0.734275 0.42213291015625 0.72527412109375 0.42680087890625
0 0.91610712890625 0.85968125 0.9235615234375 0.8590484375 0.9422 0.8590173828125 0.95153056640625 0.8658263671875 0.97514560546875 0.86950947265625 0.9990234375 0.87038681640625 0.9990234375 0.96490693359375 0.99891328125 0.9650123046875 0.9852646484375 0.97682265625 0.9703671875 0.9849126953125 0.94675224609375 0.98122958984375 0.9324482421875 0.97256767578125 0.90880751953125 0.95337451171875 0.9007091796875 0.94035947265625 0.895098046875 0.9285810546875 0.905614453125 0.9012658203125 0.91610712890625 0.85968125
0 0.78088623046875 0.8046900390625 0.7790162109375 0.800970703125 0.77931025390625 0.79104375 0.7820931640625 0.78328408203125 0.787037109375 0.76745556640625 0.7873375 0.7612509765625 0.79012451171875 0.75597294921875 0.79570517578125 0.7494494140625 0.81090703125 0.73763642578125 0.82394931640625 0.73482294921875 0.8357568359375 0.736664453125 0.83887353515625 0.74286337890625 0.85504853515625 0.75586494140625 0.86438427734375 0.76577587890625 0.8628470703125 0.7753947265625 0.859142578125 0.7893599609375 0.85668330078125 0.80487421875 0.85111337890625 0.81791201171875 0.8436677734375 0.8238181640625 0.83466279296875 0.82600458984375 0.82316953125 0.82633388671875 0.80453671875 0.8297771484375 0.78088623046875 0.8046900390625
0 0.93465859375 0.43374248046875 0.9343283203125 0.42195537109375 0.9386349609375 0.3965115234375 0.9447998046875 0.36765244140625 0.95936748046875 0.348085546875 0.98048642578125 0.34525859375 0.998516015625 0.3526734375 0.9990234375 0.35362666015625 0.9990234375 0.46771279296875 0.9912587890625 0.47180322265625 0.93465859375 0.43374248046875
0 0.90691328125 0.09458232421875 0.90597978515625 0.09365322265625 0.8988283203125 0.08963251953125 0.8907470703125 0.0868541015625 0.8863826171875 0.0775552734375 0.8863603515625 0.0642166015625 0.89007109375 0.053973828125 0.89347060546875 0.0434212890625 0.898425390625 0.03410693359375 0.8984078125 0.02356005859375 0.89156025390625 0.01550625 0.88533662109375 0.00900234375 0.8853232421875 0.000937109375 0.886478515625 0 0.9990234375 0 0.9990234375 0.09179248046875 0.985521484375 0.1040677734375 0.97775859375 0.10594189453125 0.9687556640625 0.109369140625 0.9631775390625 0.11744365234375 0.95883212890625 0.11962236328125 0.94765009765625 0.120261328125 0.93553662109375 0.121212109375 0.9203095703125 0.1178251953125 0.9112736328125 0.10139951171875 0.90691328125 0.09458232421875
0 0.0225306640625 0.19733369140625 0.01752490234375 0.17593798828125 0.0178091796875 0.1601171875 0.02180322265625 0.133433203125 0.02830400390625 0.1197734375 0.0401068359375 0.1188232421875 0.05877314453125 0.1355431640625 0.0706068359375 0.153205078125 0.08150146484375 0.1665255859375 0.09238525390625 0.17333203125 0.10544453125 0.18075517578125 0.11198818359375 0.1928421875 0.09897626953125 0.21395751953125 0.07911533203125 0.2260884765625 0.0225306640625 0.19733369140625
0 0.048775390625 0.10112734375 0.0584052734375 0.101111328125 0.080461328125 0.10138486328125 0.09630654296875 0.1029095703125 0.1112271484375 0.10877861328125 0.115264453125 0.10815146484375 0.12550791015625 0.1034814453125 0.138234375 0.09756640625 0.146005078125 0.1003453125 0.1587625 0.1130423828125 0.16001845703125 0.12110556640625 0.15599453125 0.12979794921875 0.15104228515625 0.14066328125 0.14423603515625 0.15742548828125 0.13338427734375 0.16985166015625 0.11941162109375 0.173597265625 0.10325 0.1686609375 0.08149326171875 0.16156240234375 0.07308740234375 0.15040908203125 0.051612890625 0.1262490234375 0.048775390625 0.10112734375
0 0.05402900390625 0.08467783203125 0.05213525390625 0.0666892578125 0.0527384765625 0.05583115234375 0.056144140625 0.04900107421875 0.06794443359375 0.04649990234375 0.0859580078125 0.04429853515625 0.0993197265625 0.04675791015625 0.112066796875 0.0532509765625 0.1226451171875 0.06315986328125 0.12360537109375 0.08021943359375 0.11678154296875 0.086434765625 0.09971435546875 0.09732021484375 0.08480361328125 0.09734501953125 0.06181611328125 0.097383203125 0.05402900390625 0.08467783203125
0 0.02348994140625 0.02687587890625 0.00515546875 0.02287373046875 0 0.01639296875 0 0 0.1027259765625 0 0.1007984375 0.00193125 0.0883845703125 0.0090865234375 0.08497275390625 0.01219423828125 0.08281162109375 0.0202630859375 0.08064482421875 0.0249197265625 0.0763015625 0.02833916015625 0.07320078125 0.03175654296875 0.07321064453125 0.03765029296875 0.0707306640625 0.0407564453125 0.06172978515625 0.04542451171875 0.0558291015625 0.04636484375 0.0508583984375 0.04606298828125 0.0452498046875 0.035835546875 0.02348994140625 0.02687587890625
0 0.30230966796875 0 0.4130728515625 0 0.41548232421875 0.00404482421875 0.417058203125 0.01769111328125 0.41365556640625 0.02638251953125 0.4102447265625 0.030110546875 0.39906318359375 0.031059765625 0.38476796875 0.0276712890625 0.3738759765625 0.0159017578125 0.36082900390625 0.0159234375 0.35741923828125 0.020271875 0.3437525390625 0.02122529296875 0.336284765625 0.0137927734375 0.31734287109375 0.01816708984375 0.30230966796875 0
0 0.39596787109375 0.22463115234375 0.3797892578125 0.209458203125 0.3732431640625 0.1958201171875 0.36857529296875 0.1908646484375 0.35427080078125 0.181892578125 0.34400361328125 0.172293359375 0.344297265625 0.16205625 0.35265576171875 0.14467099609375 0.3641251953125 0.13007236328125 0.38057265625 0.1201185546875 0.3904998046875 0.11203681640625 0.405105078125 0.11511455078125 0.41412353515625 0.12099345703125 0.4234685546875 0.13648798828125 0.4343517578125 0.1429841796875 0.446799609375 0.1563021484375 0.4586271484375 0.1702416015625 0.4626845703125 0.1817123046875 0.46301328125 0.19256884765625 0.46646435546875 0.2130365234375 0.46523525390625 0.22110380859375 0.4580982421875 0.22576875 0.44600224609375 0.23726630859375 0.4345271484375 0.24845263671875 0.41308876953125 0.24600673828125 0.40374833984375 0.23330390625 0.39596787109375 0.22463115234375
0 0.502491015625 0.20832353515625 0.49066552734375 0.19562490234375 0.48411318359375 0.178264453125 0.4784943359375 0.16183310546875 0.46978349609375 0.154092578125 0.4598341796875 0.14883564453125 0.45422197265625 0.1364369140625 0.45761171875 0.11999052734375 0.47188056640625 0.10755869140625 0.4849130859375 0.0988513671875 0.49546767578125 0.094491015625 0.50943984375 0.09043515625 0.52994365234375 0.091331640625 0.53989755859375 0.09938037109375 0.54612646484375 0.10898623046875 0.54987421875 0.1210779296875 0.55735283203125 0.135024609375 0.565755078125 0.14400654296875 0.57043486328125 0.15609658203125 0.57605009765625 0.17035654296875 0.58041611328125 0.18058603515625 0.5838486328125 0.189886328125 0.5866603515625 0.19949794921875 0.58512724609375 0.2115984375 0.57955478515625 0.22308515625 0.572106640625 0.22744033203125 0.56744599609375 0.226827734375 0.55189697265625 0.21661689453125 0.53883447265625 0.20733251953125 0.53168564453125 0.20486279296875 0.52699970703125 0.18905029296875 0.52265283203125 0.19029833984375 0.52546923828125 0.2027017578125 0.5242560546875 0.22038525390625 0.502491015625 0.20832353515625
0 0.6087525390625 0.22148564453125 0.59383193359375 0.2156166015625 0.59225498046875 0.20134990234375 0.58632548828125 0.18491904296875 0.57636591796875 0.17345810546875 0.5716861328125 0.16136796875 0.566690625 0.1461763671875 0.5666673828125 0.13221728515625 0.56944873046875 0.12352705078125 0.57968388671875 0.11389375 0.59053984375 0.10394921875 0.6072830078125 0.0849990234375 0.6156580078125 0.077540234375 0.6215560546875 0.075048828125 0.6361556640625 0.07471435546875 0.6519931640625 0.0715859375 0.66161171875 0.0647455078125 0.6734166015625 0.06503603515625 0.6836734375 0.06843125 0.6914498046875 0.07462236328125 0.69954658203125 0.0867068359375 0.71262236328125 0.10405634765625 0.732830078125 0.1136390625 0.74653388671875 0.13502021484375 0.738791015625 0.1489921875 0.720781640625 0.1536751953125 0.69594375 0.16178173828125 0.68102978515625 0.1599453125 0.65431826171875 0.16216123046875 0.65807744140625 0.18107724609375 0.65250966796875 0.195355859375 0.61713212890625 0.21681865234375 0.6087525390625 0.22148564453125
0 0.74152236328125 0.11021240234375 0.73747158203125 0.10277421875 0.73589365234375 0.08788720703125 0.7327666015625 0.07548427734375 0.72903271484375 0.07176806640625 0.70137890625 0.0677814453125 0.67962734375 0.0637849609375 0.679926171875 0.0566498046875 0.68363681640625 0.04640693359375 0.6870451171875 0.04112783203125 0.695713671875 0.0234318359375 0.70563251953125 0.0103869140625 0.71494091796875 0.00385712890625 0.7258123046875 0.00321865234375 0.7351408203125 0.00878681640625 0.7416673828125 0.01063720703125 0.75719794921875 0.00968076171875 0.7693185546875 0.01307275390625 0.78081640625 0.01553525390625 0.795115234375 0.0210951171875 0.79917001953125 0.03101484375 0.79671123046875 0.0468392578125 0.79704248046875 0.059246875 0.8038828125 0.06295791015625 0.81352197265625 0.06852548828125 0.8172662109375 0.07844580078125 0.82909638671875 0.09393623046875 0.8381271484375 0.10725986328125 0.8384501953125 0.11470419921875 0.8319359375 0.12029873046875 0.825425390625 0.12806455078125 0.8201501953125 0.131485546875 0.81272001953125 0.1466978515625 0.80403916015625 0.15694892578125 0.79256708984375 0.16999658203125 0.781076953125 0.172187109375 0.77516650390625 0.16723369140625 0.77172578125 0.1529701171875 0.77015341796875 0.14149521484375 0.758016796875 0.1284869140625 0.74868515625 0.12105751953125 0.74152236328125 0.11021240234375
0 0.55174375 0.12448701171875 0.5498669921875 0.11673515625 0.54425791015625 0.10619755859375 0.53896513671875 0.0990716796875 0.536779296875 0.09225087890625 0.5361482421875 0.08635810546875 0.5361353515625 0.07860302734375 0.52928115234375 0.06651650390625 0.5264595703125 0.0510111328125 0.527998828125 0.04263310546875 0.53356875 0.0295953125 0.54039248046875 0.02337998046875 0.54969521484375 0.01343798828125 0.5670767578125 0.0047234375 0.5736001953125 0.00471259765625 0.58323828125 0.009659765625 0.5888298828125 0.00965048828125 0.59473203125 0.00964072265625 0.60250478515625 0.0136603515625 0.60904111328125 0.02140458984375 0.6149634765625 0.03349267578125 0.62647001953125 0.041228515625 0.62959345703125 0.05146005859375 0.62683017578125 0.071007421875 0.62000283203125 0.0750513671875 0.61131005859375 0.07816787109375 0.6041787109375 0.08624501953125 0.5942546875 0.09618798828125 0.58556337890625 0.10023505859375 0.58214482421875 0.09931005859375 0.5734427734375 0.09684296875 0.57035126953125 0.1058439453125 0.56478037109375 0.118261328125 0.55174375 0.12448701171875