0 0.14306171875 0.9979060546875 0.145296484375 0.9990234375 0.14082685546875 0.9990234375 0.14306171875 0.9979060546875
0 0.2052994140625 0.93566826171875 0.224159375 0.9054923828125 0.263765234375 0.90172041015625 0.292055078125 0.93566826171875 0.2977130859375 0.96018623046875 0.30148505859375 0.98281806640625 0.30958779296875 0.9990234375 0.19986904296875 0.9990234375 0.2052994140625 0.93566826171875
0 0.8285048828125 0.9990234375 0.61377529296875 0.9990234375 0.6200607421875 0.97118779296875 0.67370673828125 0.96448203125 0.75752861328125 0.96112919921875 0.83799765625 0.9410119140625 0.8285048828125 0.9990234375
0 0.4957423828125 0.90737841796875 0.502343359375 0.913036328125 0.52497529296875 0.94132626953125 0.51460224609375 0.96961611328125 0.50045732421875 0.9847041015625 0.48489287109375 0.9990234375 0.34362490234375 0.9990234375 0.3316609375 0.98187509765625 0.3363759765625 0.94698427734375 0.35900791015625 0.92812431640625 0.36749482421875 0.92623828125 0.40615771484375 0.912093359375 0.4372765625 0.8932333984375 0.46179453125 0.8979484375 0.4957423828125 0.90737841796875
0 0.8514091796875 0.99801083984375 0.87152646484375 0.9309533203125 0.874879296875 0.88401298828125 0.94193681640625 0.84042568359375 0.9989357421875 0.84042568359375 0.9990234375 0.84047431640625 0.9990234375 0.9990234375 0.85288916015625 0.9990234375 0.8514091796875 0.99801083984375
0 0.64567880859375 0.84796962890625 0.65416572265625 0.857399609375 0.6758546875 0.88286044921875 0.6758546875 0.885689453125 0.65888076171875 0.93661123046875 0.6305908203125 0.97716015625 0.60560419921875 0.9990234375 0.53539833984375 0.9990234375 0.52780419921875 0.98847607421875 0.51931728515625 0.9715021484375 0.5108302734375 0.9460412109375 0.50800126953125 0.92906728515625 0.502343359375 0.90926435546875 0.49951435546875 0.9036064453125 0.4957423828125 0.8790884765625 0.49197041015625 0.87343046875 0.48536943359375 0.84608359375 0.503286328125 0.82816669921875 0.54006318359375 0.8111927734375 0.64567880859375 0.84796962890625
0 0.01319013671875 0.8303669921875 0 0.83403095703125 0 0.8105818359375 0.01319013671875 0.8303669921875
0 0.88614287109375 0.76970087890625 0.90688876953125 0.79610478515625 0.89840185546875 0.83382470703125 0.8946298828125 0.88097451171875 0.89745888671875 0.92340927734375 0.88519990234375 0.9328392578125 0.850308984375 0.9177513671875 0.821076171875 0.8781455078125 0.78241328125 0.90832138671875 0.741864453125 0.91397939453125 0.7239474609375 0.88757548828125 0.7220615234375 0.8507986328125 0.70697353515625 0.831938671875 0.69848662109375 0.8121357421875 0.7032015625 0.80176279296875 0.7286625 0.780073828125 0.75129443359375 0.7461259765625 0.7475224609375 0.7329240234375 0.75318037109375 0.67728720703125 0.78712822265625 0.6867171875 0.796558203125 0.6914322265625 0.8437080078125 0.7197220703125 0.873883984375 0.7310380859375 0.88614287109375 0.76970087890625
0 0.334987109375 0.87750830078125 0.31540888671875 0.8728875 0.30048564453125 0.8654671875 0.29674111328125 0.85523671875 0.2780794921875 0.8413083984375 0.2482193359375 0.8180923828125 0.21835927734375 0.7948763671875 0.20713935546875 0.7725603515625 0.21268955078125 0.74742490234375 0.22850791015625 0.7325091796875 0.23964052734375 0.70178095703125 0.25354912109375 0.6589501953125 0.2609494140625 0.62543623046875 0.2823517578125 0.6058583984375 0.300996484375 0.60955009765625 0.3177712890625 0.6095224609375 0.33081220703125 0.60577861328125 0.35316474609375 0.59736640625 0.37739189453125 0.59546533203125 0.3932623046875 0.6121900390625 0.4128681640625 0.63356171875 0.41473203125 0.63355859375 0.41844287109375 0.62331591796875 0.4230841796875 0.612141015625 0.4398375 0.5990849609375 0.4593927734375 0.5897466796875 0.4854806640625 0.58598134765625 0.53113466796875 0.5793919921875 0.55627841796875 0.56818330078125 0.57398515625 0.56815419921875 0.59731103515625 0.58486669921875 0.604789453125 0.5988134765625 0.604827734375 0.622078515625 0.604869140625 0.64720478515625 0.6011796875 0.6704759765625 0.60121953125 0.69467158203125 0.6096482421875 0.71978408203125 0.61154892578125 0.7421154296875 0.600390234375 0.7570234375 0.5929623046875 0.77378662109375 0.58179599609375 0.7840416015625 0.57155849609375 0.79243388671875 0.5464376953125 0.8176015625 0.5268748046875 0.82228681640625 0.511045703125 0.83068828125 0.4915119140625 0.85305498046875 0.4663833984375 0.87356962890625 0.43843466796875 0.87919921875 0.39743876953125 0.884850390625 0.334987109375 0.87750830078125
0 0 0.7311208984375 0 0.43894052734375 0.0052908203125 0.4378748046875 0.02487666015625 0.4471486328125 0.04634326171875 0.46665595703125 0.0677853515625 0.47127373046875 0.08549970703125 0.47589765625 0.108833203125 0.4972630859375 0.1107169921875 0.50935791015625 0.12287197265625 0.53353359375 0.13968193359375 0.55490986328125 0.15275498046875 0.57070859375 0.1676873046875 0.5837125 0.19008125 0.6004265625 0.20876435546875 0.62738330078125 0.2181341796875 0.6580779296875 0.21815869140625 0.67296748046875 0.20235869140625 0.69905048828125 0.18746005859375 0.70651982421875 0.171635546875 0.7177130859375 0.15115908203125 0.73356708984375 0.12601533203125 0.74477568359375 0.10737666015625 0.74480634765625 0.08034755859375 0.7429896484375 0.0477314453125 0.743973828125 0 0.7311208984375
0 0.9097177734375 0.6659712890625 0.89745888671875 0.68577421875 0.88425693359375 0.6923751953125 0.8701119140625 0.69614716796875 0.8550240234375 0.70180517578125 0.8305060546875 0.70086220703125 0.80693115234375 0.68766025390625 0.7890142578125 0.6782302734375 0.75223740234375 0.65559833984375 0.7626103515625 0.62825146484375 0.796558203125 0.60184755859375 0.796558203125 0.59524658203125 0.78335625 0.57544365234375 0.7890142578125 0.53017978515625 0.80504521484375 0.49057392578125 0.83239208984375 0.446253125 0.83899306640625 0.4396521484375 0.87954189453125 0.4264501953125 0.89745888671875 0.4273931640625 0.93800771484375 0.43682314453125 0.9990234375 0.4244431640625 0.9990234375 0.5647369140625 0.99081552734375 0.566013671875 0.95969658203125 0.58958857421875 0.94460869140625 0.6065625 0.9097177734375 0.6659712890625
0 0.6312568359375 0.54246826171875 0.59769501953125 0.5350787109375 0.5734341796875 0.51650654296875 0.557565234375 0.50071240234375 0.55379462890625 0.47466162109375 0.5695869140625 0.44392568359375 0.58539453125 0.42249580078125 0.6105322265625 0.40756474609375 0.62541552734375 0.39078935546875 0.63471181640625 0.37681494140625 0.6411986328125 0.3544697265625 0.64956455078125 0.3414275390625 0.66817412109375 0.3237154296875 0.6858654296875 0.31438017578125 0.7063587890625 0.308762890625 0.73619130859375 0.3152279296875 0.7557802734375 0.32636298828125 0.7790892578125 0.3328388671875 0.803334765625 0.34210498046875 0.81079794921875 0.346745703125 0.82292373046875 0.35323994140625 0.832266015625 0.36718369140625 0.832305859375 0.391379296875 0.8313984375 0.4062705078125 0.837949609375 0.423010546875 0.8398501953125 0.4453419921875 0.84175234375 0.46860390625 0.8277994140625 0.48444716796875 0.80266943359375 0.50403125 0.77099453125 0.51059765625 0.752357421875 0.511558984375 0.7271998046875 0.5143921875 0.71509853515625 0.52278759765625 0.70859189453125 0.5330349609375 0.7086056640625 0.5414103515625 0.717014453125 0.554425 0.71982255859375 0.56186513671875 0.71518740234375 0.5767625 0.708674609375 0.58328740234375 0.6965625 0.5851685546875 0.6742115234375 0.59451142578125 0.65929443359375 0.59081357421875 0.65647724609375 0.57778974609375 0.65646650390625 0.57127548828125 0.653630859375 0.54708447265625 0.6312568359375 0.54246826171875
0 0.309184765625 0.4885580078125 0.3017001953125 0.4708888671875 0.29981494140625 0.4578634765625 0.30353037109375 0.4504125 0.3091158203125 0.44668095703125 0.31561640625 0.4327111328125 0.31651767578125 0.41409755859375 0.3314025390625 0.39825283203125 0.34257041015625 0.38892841796875 0.365847265625 0.37586162109375 0.3798017578125 0.36094892578125 0.4049486328125 0.3516015625 0.42077919921875 0.3441306640625 0.433791015625 0.3227052734375 0.453333984375 0.305922265625 0.47661083984375 0.29285546875 0.49897109375 0.2890962890625 0.52507587890625 0.29556748046875 0.55026865234375 0.31413818359375 0.56987294921875 0.33457919921875 0.5820216796875 0.35503251953125 0.58765009765625 0.37735771484375 0.586744140625 0.3931794921875 0.5802466796875 0.40901044921875 0.575625390625 0.432283203125 0.5616724609375 0.44812646484375 0.54584033203125 0.45466669921875 0.52442119140625 0.4640080078125 0.51978603515625 0.47890537109375 0.5244763671875 0.497509765625 0.5300771484375 0.50308408203125 0.53381865234375 0.51145341796875 0.5347689453125 0.522619140625 0.53572236328125 0.53564599609375 0.53853037109375 0.54308623046875 0.5357560546875 0.55611923828125 0.5171357421875 0.5673171875 0.50503134765625 0.57385126953125 0.492928515625 0.58131611328125 0.478020703125 0.58320185546875 0.46961337890625 0.5711177734375 0.45747216796875 0.55531748046875 0.44068369140625 0.5469697265625 0.42017958984375 0.5460728515625 0.3726587890625 0.5508041015625 0.35773251953125 0.54152255859375 0.32133515625 0.50994189453125 0.309184765625 0.4885580078125
0 0.34512490234375 0.1463802734375 0.422241015625 0.22684931640625 0.432299609375 0.26373095703125 0.40547666015625 0.32072978515625 0.36859501953125 0.34755283203125 0.3250076171875 0.37102294921875 0.274714453125 0.3877873046875 0.2244212890625 0.38108154296875 0.1674224609375 0.38108154296875 0.09701201171875 0.33749423828125 0.0668361328125 0.29725966796875 0.08360048828125 0.2771423828125 0.1405994140625 0.216790625 0.23447998046875 0.1832619140625 0.29483173828125 0.1564388671875 0.34512490234375 0.1463802734375
0 0.70821806640625 0.30596796875 0.686765234375 0.29483603515625 0.67740908203125 0.27251689453125 0.68109697265625 0.24831513671875 0.684794140625 0.22969697265625 0.68753623046875 0.1971212890625 0.68935107421875 0.16733896484375 0.70237666015625 0.1542890625 0.72100458984375 0.147744140625 0.74614677734375 0.1356048828125 0.76850400390625 0.129984375 0.781544921875 0.12624052734375 0.80576591796875 0.1206169921875 0.825342578125 0.1243072265625 0.8496095703125 0.1466017578125 0.85707734375 0.15403427734375 0.87665703125 0.15958564453125 0.8915986328125 0.17817314453125 0.897230078125 0.20235966796875 0.90845302734375 0.2265369140625 0.928996875 0.25162939453125 0.92529375 0.2665251953125 0.91508076171875 0.28980712890625 0.90486015625 0.30843603515625 0.8946150390625 0.31217529296875 0.87878447265625 0.31964619140625 0.86948203125 0.32989814453125 0.84992373046875 0.3373751953125 0.83314892578125 0.33740283203125 0.80983837890625 0.32999638671875 0.7883779296875 0.31421142578125 0.76693740234375 0.31052431640625 0.70821806640625 0.30596796875
0 0.02787255859375 0.00231474609375 0.0558611328125 0.02088076171875 0.08199501953125 0.04503349609375 0.10253115234375 0.06547294921875 0.11187646484375 0.08127783203125 0.1091005859375 0.0933802734375 0.09889072265625 0.1185234375 0.10264443359375 0.1343375 0.1110625 0.1529357421875 0.116680078125 0.16874677734375 0.11021015625 0.20132861328125 0.09812265625 0.2180994140625 0.09348291015625 0.2302048828125 0.08886455078125 0.25533876953125 0.06651962890625 0.26840400390625 0.039507421875 0.27682392578125 0.00595947265625 0.27780966796875 0 0.27781953125 0 0.002360546875 0.02787255859375 0.00231474609375