0 0.15418095703125 0.96081298828125 0.19807568359375 0.9990234375 0.0604357421875 0.9990234375 0.15418095703125 0.96081298828125
0 0.86606572265625 0.920269921875 0.86893974609375 0.8900919921875 0.894806640625 0.8699732421875 0.867502734375 0.838358203125 0.88762138671875 0.8067431640625 0.92354755859375 0.80530615234375 0.9264216796875 0.8699732421875 0.95228857421875 0.920269921875 0.922110546875 0.95619609375 0.876125 0.947573828125 0.86606572265625 0.920269921875
0 0.71811181640625 0.95978154296875 0.73478564453125 0.9439671875 0.7621169921875 0.9420763671875 0.820217578125 0.99037890625 0.8276939453125 0.9990234375 0.7170978515625 0.9990234375 0.71811181640625 0.95978154296875
0 0.311849609375 0.88255087890625 0.35910087890625 0.8493 0.4046021484375 0.87380068359375 0.40985234375 0.893051171875 0.4168525390625 0.921051953125 0.437853125 0.95255283203125 0.4186025390625 0.98930390625 0.3608509765625 0.98930390625 0.34406259765625 0.9990234375 0.29583017578125 0.9990234375 0.29259912109375 0.9980541015625 0.283848828125 0.963053125 0.311849609375 0.88255087890625
0 0.4466033203125 0.85980029296875 0.47635419921875 0.87730078125 0.49910478515625 0.90180146484375 0.4886044921875 0.94555263671875 0.46410380859375 0.9683033203125 0.425602734375 0.9420525390625 0.41510244140625 0.891301171875 0.4466033203125 0.85980029296875
0 0.707360546875 0.83354951171875 0.7546119140625 0.81079892578125 0.817613671875 0.81779912109375 0.86311484375 0.82129921875 0.8841154296875 0.86680048828125 0.8561146484375 0.91580185546875 0.83686416015625 0.9420525390625 0.80186318359375 0.97180341796875 0.76511220703125 0.9403025390625 0.75811201171875 0.91755185546875 0.70211044921875 0.88080087890625 0.707360546875 0.83354951171875
0 0.49035458984375 0.7145462890625 0.52360546875 0.6725451171875 0.52710556640625 0.6182935546875 0.58135703125 0.5745423828125 0.63910869140625 0.5902927734375 0.6583591796875 0.6602947265625 0.61985810546875 0.6812953125 0.63560859375 0.72679658203125 0.63910869140625 0.76879775390625 0.6023576171875 0.7932984375 0.56210654296875 0.7932984375 0.5306056640625 0.76704775390625 0.49035458984375 0.7145462890625
0 0.31709970703125 0.64104423828125 0.3818515625 0.6165435546875 0.425602734375 0.63579404296875 0.43435302734375 0.69004560546875 0.40635224609375 0.71804638671875 0.35910087890625 0.721546484375 0.310099609375 0.69879580078125 0.31709970703125 0.64104423828125
0 0.7563619140625 0.70404599609375 0.74761171875 0.6462943359375 0.74761171875 0.6042931640625 0.80711337890625 0.5902927734375 0.8543646484375 0.61479345703125 0.877115234375 0.6462943359375 0.8823654296875 0.693545703125 0.8561146484375 0.71279619140625 0.80011318359375 0.7145462890625 0.7563619140625 0.70404599609375
0 0.40810224609375 0.4625392578125 0.451853515625 0.45203896484375 0.51135517578125 0.47303955078125 0.5148552734375 0.52204091796875 0.49910478515625 0.55879189453125 0.45010341796875 0.5902927734375 0.3888517578125 0.55879189453125 0.3836015625 0.4905400390625 0.40810224609375 0.4625392578125
0 0.7843626953125 0.5027904296875 0.82811396484375 0.48528994140625 0.86486494140625 0.469539453125 0.90861611328125 0.48178984375 0.92086650390625 0.5167908203125 0.9103662109375 0.5605419921875 0.84211435546875 0.581542578125 0.78086259765625 0.56579208984375 0.7843626953125 0.5027904296875
0 0.93156494140625 0.362541796875 0.93204375 0.36318017578125 0.93475703125 0.37419306640625 0.93268212890625 0.38456748046875 0.933958984375 0.38967490234375 0.93587431640625 0.39909169921875 0.93507626953125 0.4011666015625 0.929649609375 0.39973017578125 0.90937958984375 0.40084736328125 0.89693017578125 0.400208984375 0.8879921875 0.4054759765625 0.880171484375 0.41441396484375 0.86277431640625 0.412019921875 0.84537724609375 0.40499716796875 0.844100390625 0.3917498046875 0.84904814453125 0.37754482421875 0.85623046875 0.365255078125 0.8630935546875 0.357753515625 0.8697970703125 0.3499328125 0.87953310546875 0.3414736328125 0.89517451171875 0.35120966796875 0.90570859375 0.35711513671875 0.9247017578125 0.365255078125 0.93156494140625 0.362541796875
0 0.89046611328125 0.27507724609375 0.89557353515625 0.27507724609375 0.90387314453125 0.2782693359375 0.92621806640625 0.27699248046875 0.93834814453125 0.280823046875 0.94345556640625 0.28593046875 0.944732421875 0.3089138671875 0.9351560546875 0.321682421875 0.9255796875 0.32551298828125 0.896850390625 0.33508935546875 0.88599716796875 0.3370046875 0.87514384765625 0.3395583984375 0.8617369140625 0.34594267578125 0.847053125 0.35296533203125 0.821516015625 0.3542421875 0.811301171875 0.34275048828125 0.82470810546875 0.32998193359375 0.821516015625 0.3191287109375 0.81449326171875 0.3191287109375 0.8036400390625 0.31785185546875 0.7934251953125 0.30763701171875 0.79725576171875 0.29231474609375 0.797894140625 0.28273837890625 0.7857640625 0.26869296875 0.76852646484375 0.24954013671875 0.77427236328125 0.2271951171875 0.80491689453125 0.229748828125 0.82023916015625 0.23421787109375 0.84003037109375 0.23677158203125 0.85535263671875 0.243155859375 0.89046611328125 0.27507724609375
0 0.998998828125 0.27108701171875 0.99197607421875 0.257680078125 0.9811228515625 0.23341982421875 0.97473857421875 0.22575869140625 0.9658005859375 0.21362861328125 0.9760154296875 0.19447578125 0.98750712890625 0.1836224609375 0.998998828125 0.1842609375 0.9990234375 0.184280859375 0.9990234375 0.27118017578125 0.998998828125 0.27108701171875
0 0.94154033203125 0.2142669921875 0.94122109375 0.21458623046875 0.92941025390625 0.2244818359375 0.92972939453125 0.23948486328125 0.92398359375 0.26087216796875 0.91249189453125 0.27300234375 0.89716962890625 0.27108701171875 0.8821666015625 0.2621490234375 0.86588671875 0.2509765625 0.8534373046875 0.23437744140625 0.8582255859375 0.2101171875 0.87131328125 0.2014984375 0.8840818359375 0.19479501953125 0.898446484375 0.1801111328125 0.8958927734375 0.16000068359375 0.9112150390625 0.15489326171875 0.92270673828125 0.1593623046875 0.937709765625 0.17691904296875 0.94154033203125 0.2142669921875
0 0.8187228515625 0.4412279296875 0.8298953125 0.44601611328125 0.8324490234375 0.453996484375 0.8289376953125 0.45718857421875 0.81425390625 0.46293447265625 0.804358203125 0.46293447265625 0.747857421875 0.45942314453125 0.73221591796875 0.46038076171875 0.7143400390625 0.45974228515625 0.70572119140625 0.45527333984375 0.70667890625 0.4428240234375 0.71689365234375 0.42303271484375 0.7331736328125 0.39621884765625 0.73796181640625 0.38887685546875 0.75136875 0.372277734375 0.76796787109375 0.3642974609375 0.77977880859375 0.37259697265625 0.79414345703125 0.3847271484375 0.80627353515625 0.39813408203125 0.8171267578125 0.413137109375 0.81553076171875 0.4259056640625 0.8187228515625 0.4412279296875
0 0.46782724609375 0.37355458984375 0.47740361328125 0.394303515625 0.4930451171875 0.42303271484375 0.47899970703125 0.44601611328125 0.41164560546875 0.45016591796875 0.37429765625 0.43388603515625 0.36823251953125 0.40930654296875 0.3905775390625 0.37674677734375 0.41994521484375 0.3642974609375 0.43877880859375 0.35982841796875 0.46782724609375 0.37355458984375
0 0.6414794921875 0.3018912109375 0.65137509765625 0.31178681640625 0.6520134765625 0.3293435546875 0.6459484375 0.34498505859375 0.63413759765625 0.3551998046875 0.62743408203125 0.36062646484375 0.601577734375 0.36732998046875 0.570933203125 0.35903037109375 0.5543341796875 0.34019677734375 0.55848388671875 0.32232080078125 0.57221005859375 0.31019072265625 0.61530390625 0.3002951171875 0.6414794921875 0.3018912109375
0 0.69702265625 0.26422392578125 0.70085322265625 0.26741611328125 0.713941015625 0.28018466796875 0.722559765625 0.29454921875 0.72128291015625 0.3159365234375 0.7097912109375 0.3261513671875 0.67531611328125 0.328705078125 0.6603130859375 0.3159365234375 0.669889453125 0.28976103515625 0.68393486328125 0.27284267578125 0.69702265625 0.26422392578125
0 0.41675302734375 0.2516150390625 0.42249892578125 0.25831845703125 0.43271376953125 0.27268310546875 0.43111767578125 0.293751171875 0.40813427734375 0.31354248046875 0.36567880859375 0.30268916015625 0.33726884765625 0.2806634765625 0.34492998046875 0.26055302734375 0.360890625 0.245869140625 0.39025830078125 0.240442578125 0.41675302734375 0.2516150390625
0 0.67116630859375 0.24826328125 0.67850830078125 0.254966796875 0.67850830078125 0.26773525390625 0.66861259765625 0.2833767578125 0.65584404296875 0.2961453125 0.63924501953125 0.29582607421875 0.61402705078125 0.2967837890625 0.5801904296875 0.28912265625 0.58944765625 0.2664583984375 0.6050890625 0.24539033203125 0.6245611328125 0.231344921875 0.64116025390625 0.22911044921875 0.67116630859375 0.24826328125
0 0.56359130859375 0.1714923828125 0.56359130859375 0.17276923828125 0.56103759765625 0.1817072265625 0.55720703125 0.209798046875 0.55337646484375 0.2276740234375 0.54826904296875 0.2429962890625 0.5393310546875 0.254487890625 0.5189013671875 0.2672564453125 0.48314951171875 0.26597958984375 0.4716578125 0.27619443359375 0.45761240234375 0.2774712890625 0.4384595703125 0.26597958984375 0.42952158203125 0.24171943359375 0.43207529296875 0.19575263671875 0.46782724609375 0.18298408203125 0.52528564453125 0.15361640625 0.56359130859375 0.1714923828125
0 0.41946630859375 0.1765998046875 0.428404296875 0.1817072265625 0.43542705078125 0.199583203125 0.43287333984375 0.2251203125 0.406059375 0.24810361328125 0.38754501953125 0.24171943359375 0.3728611328125 0.230227734375 0.3454087890625 0.2174591796875 0.35115458984375 0.1938373046875 0.383714453125 0.168938671875 0.41946630859375 0.1765998046875
0 0.8480107421875 0.17979189453125 0.84960673828125 0.19926396484375 0.84258408203125 0.22160888671875 0.83141162109375 0.23948486328125 0.802682421875 0.23756962890625 0.78863701171875 0.22352421875 0.78416796875 0.204690625 0.7848064453125 0.19256044921875 0.802682421875 0.17947275390625 0.82885791015625 0.177557421875 0.8480107421875 0.17979189453125
0 0.83492294921875 0.12935615234375 0.83843427734375 0.13254833984375 0.8444994140625 0.141486328125 0.84832998046875 0.1545740234375 0.8397111328125 0.1734076171875 0.82215439453125 0.1781958984375 0.797894140625 0.1785150390625 0.782571875 0.16510810546875 0.78544482421875 0.14659375 0.8004478515625 0.13318671875 0.83492294921875 0.12935615234375
0 0.91616279296875 0.05402177734375 0.92893134765625 0.0706208984375 0.93978466796875 0.088816015625 0.93723095703125 0.1338251953125 0.93116591796875 0.14723212890625 0.92605849609375 0.15233955078125 0.9062671875 0.15074345703125 0.89892529296875 0.1734076171875 0.8848798828125 0.19319892578125 0.8641310546875 0.1928796875 0.8558314453125 0.18489931640625 0.85200087890625 0.17404609375 0.8523201171875 0.160319921875 0.84529736328125 0.1459552734375 0.83795546875 0.1389326171875 0.82997509765625 0.1341443359375 0.81624892578125 0.1306330078125 0.80763017578125 0.119460546875 0.8047572265625 0.10541513671875 0.80763017578125 0.090412109375 0.8251869140625 0.07636669921875 0.85870439453125 0.071578515625 0.88264541015625 0.06870556640625 0.91616279296875 0.05402177734375
0 0.01259130859375 0.8983013671875 0.0090912109375 0.9560529296875 0.000341015625 0.97355341796875 0 0.9736021484375 0 0.88637275390625 0.01259130859375 0.8983013671875
0 0.0090912109375 0.90355146484375 0.03359189453125 0.85280009765625 0.09834365234375 0.84054970703125 0.143844921875 0.85105 0.14559501953125 0.9123017578125 0.12634443359375 0.9683033203125 0.06859287109375 0.9823037109375 0.03359189453125 0.99280400390625 0.01259130859375 0.9683033203125 0.0090912109375 0.90355146484375
0 0.198096484375 0.85980029296875 0.22959736328125 0.82129921875 0.27859873046875 0.83354951171875 0.30834951171875 0.87905078125 0.29259912109375 0.92980224609375 0.2698484375 0.97355341796875 0.2208470703125 0.94380263671875 0.198096484375 0.85980029296875
0 0.1070939453125 0.81254892578125 0.12634443359375 0.7722978515625 0.1910962890625 0.779298046875 0.19459638671875 0.83354951171875 0.17359580078125 0.865050390625 0.142094921875 0.85455009765625 0.1070939453125 0.81254892578125
0 0.20334658203125 0.70754609375 0.226097265625 0.68479541015625 0.27159853515625 0.6812953125 0.2908490234375 0.71804638671875 0.29784921875 0.76529765625 0.2610982421875 0.78104814453125 0.227847265625 0.76004755859375 0.20334658203125 0.70754609375
0 0.0948435546875 0.72504658203125 0.0650927734375 0.6795453125 0.07559306640625 0.6182935546875 0.09659365234375 0.60079306640625 0.08959345703125 0.497540234375 0.13159462890625 0.5027904296875 0.18584609375 0.51504072265625 0.23134736328125 0.509790625 0.2488478515625 0.53429130859375 0.282098828125 0.60779326171875 0.28559892578125 0.65154453125 0.2610982421875 0.667294921875 0.2208470703125 0.68479541015625 0.16659560546875 0.72504658203125 0.0948435546875 0.72504658203125
0 0.01259130859375 0.50629052734375 0.01259130859375 0.4467888671875 0.059842578125 0.40303759765625 0.1070939453125 0.42753828125 0.115844140625 0.4625392578125 0.10359384765625 0.5045404296875 0.09659365234375 0.52904111328125 0.0440921875 0.54479150390625 0.01259130859375 0.50629052734375
0 0.20830654296875 0.39302666015625 0.2146908203125 0.40387998046875 0.2150099609375 0.42207509765625 0.20415673828125 0.45208125 0.1945802734375 0.45910390625 0.16744716796875 0.4686802734375 0.12371484375 0.45910390625 0.10168916015625 0.44346240234375 0.09083583984375 0.421755859375 0.0921126953125 0.387280859375 0.10775419921875 0.37068173828125 0.1722353515625 0.35727470703125 0.20830654296875 0.39302666015625
0 0.29449423828125 0.2075634765625 0.29896318359375 0.2037330078125 0.309497265625 0.19990244140625 0.3155623046875 0.21650146484375 0.3257771484375 0.23214296875 0.3379072265625 0.23948486328125 0.33663037109375 0.2567224609375 0.33120380859375 0.264702734375 0.3257771484375 0.2825787109375 0.32865009765625 0.3116271484375 0.31620068359375 0.33588740234375 0.28172568359375 0.34705986328125 0.26321123046875 0.34450615234375 0.256826953125 0.32982236328125 0.2472505859375 0.317373046875 0.21788291015625 0.320884375 0.19904931640625 0.31801142578125 0.197133984375 0.303646875 0.2028798828125 0.28896298828125 0.21947900390625 0.2669373046875 0.22394794921875 0.2279931640625 0.22745927734375 0.201179296875 0.24437763671875 0.18904912109375 0.29449423828125 0.2075634765625
0 0.21884052734375 0.2535302734375 0.208944921875 0.27779052734375 0.19841083984375 0.298539453125 0.18628076171875 0.3116271484375 0.162658984375 0.3234380859375 0.11190400390625 0.3164154296875 0.0937087890625 0.29023984375 0.094347265625 0.26853330078125 0.111584765625 0.23756962890625 0.12563017578125 0.22160888671875 0.137121875 0.2075634765625 0.149251953125 0.19319892578125 0.1601052734375 0.18266484375 0.172873828125 0.17468447265625 0.18787685546875 0.17117314453125 0.19043056640625 0.1730884765625 0.217563671875 0.21299013671875 0.21884052734375 0.2535302734375
0 0 0.21783369140625 0 0.1629060546875 0.02348173828125 0.1542548828125 0.05157255859375 0.16000068359375 0.06497958984375 0.1785150390625 0.0713638671875 0.20022158203125 0.07008701171875 0.22065126953125 0.06497958984375 0.23214296875 0.0560416015625 0.240442578125 0.0253970703125 0.227035546875 0 0.21783369140625
0 0.12132080078125 0.1149916015625 0.1200439453125 0.11594921875 0.11078671875 0.12329111328125 0.09897578125 0.13254833984375 0.07311953125 0.14787060546875 0.0450287109375 0.1494666015625 0.0399212890625 0.13542119140625 0.04949765625 0.12137578125 0.0670544921875 0.10637275390625 0.0756732421875 0.09360419921875 0.08652646484375 0.06615185546875 0.0913146484375 0.0674287109375 0.1012103515625 0.0766859375 0.115894140625 0.0964771484375 0.12132080078125 0.1149916015625
0 0.06418154296875 0.0792396484375 0.06513916015625 0.08658154296875 0.07184267578125 0.09871162109375 0.07088505859375 0.1050958984375 0.056201171875 0.11594921875 0.04119814453125 0.11658759765625 0.02683349609375 0.1047767578125 0.02651435546875 0.0929658203125 0.042475 0.0776435546875 0.06418154296875 0.0792396484375
0 0.278852734375 0.04125322265625 0.27246845703125 0.062959765625 0.24693134765625 0.087219921875 0.183088671875 0.08849677734375 0.152444140625 0.06934404296875 0.15116728515625 0.0348689453125 0.156594921875 0 0.27241455078125 0 0.278852734375 0.04125322265625
0 0.0791845703125 0.00645888671875 0.08461123046875 0.0185890625 0.0887609375 0.03039990234375 0.08397275390625 0.04221083984375 0.07854619140625 0.05689462890625 0.06928896484375 0.06679033203125 0.05907412109375 0.0658326171875 0.05045537109375 0.059767578125 0.03864443359375 0.0469990234375 0.03002568359375 0.04125322265625 0.0159802734375 0.0469990234375 0 0.04988076171875 0 0.0198916015625 0.00193486328125 0.0128431640625 0.0001689453125 0 0.07549375 0 0.0791845703125 0.00645888671875
0 0.38322880859375 0.16277587890625 0.375709765625 0.10620361328125 0.408471484375 0.066459765625 0.452376171875 0.04690869140625 0.46296650390625 0.04267255859375 0.49050107421875 0.07867939453125 0.492619140625 0.14433896484375 0.47596435546875 0.17154814453125 0.452376171875 0.178227734375 0.38322880859375 0.16277587890625
0 0.35801826171875 0 0.39447802734375 0 0.425691015625 0.00805498046875 0.43462900390625 0.02593095703125 0.4282447265625 0.0476375 0.4078150390625 0.06423662109375 0.3618482421875 0.0999884765625 0.33631123046875 0.10381904296875 0.3146046875 0.0948810546875 0.30311298828125 0.06934404296875 0.3426955078125 0.02593095703125 0.35801826171875 0
0 0.49069189453125 0 0.62287001953125 0 0.62393818359375 0.03631845703125 0.53498017578125 0.09350576171875 0.50532744140625 0.076561328125 0.4862650390625 0.02361015625 0.49069189453125 0