0 0.88082802734375 0.971434375 0.93811513671875 0.9756779296875 0.95912607421875 0.9990234375 0.84652822265625 0.9990234375 0.88082802734375 0.971434375
0 0.541706640625 0.9990234375 0.3847609375 0.9990234375 0.42041005859375 0.93960830078125 0.42677529296875 0.92687783203125 0.49467099609375 0.9183908203125 0.541706640625 0.9990234375
0 0.001366015625 0.92192705078125 0.0890646484375 0.91344013671875 0.13715751953125 0.91344013671875 0.14341962890625 0.9990234375 0 0.9990234375 0 0.92336142578125 0.001366015625 0.92192705078125
0 0 0.7277560546875 0 0.47428671875 0.03213125 0.448425 0.09366181640625 0.454790234375 0.150948828125 0.548146875 0.18277490234375 0.6627208984375 0.0109138671875 0.7327384765625 0 0.7277560546875
0 0.4808796875 0.9194517578125 0.44481005859375 0.88338212890625 0.42571435546875 0.83033857421875 0.4532970703125 0.766686328125 0.52967978515625 0.7221296875 0.63576689453125 0.71152099609375 0.6336451171875 0.8260951171875 0.561505859375 0.9003560546875 0.4808796875 0.9194517578125
0 0.63470595703125 0.729555859375 0.62834072265625 0.69560791015625 0.64743642578125 0.67226875 0.72169736328125 0.7189470703125 0.67501904296875 0.766686328125 0.63470595703125 0.729555859375
0 0.62940166015625 0.66166005859375 0.63576689453125 0.628773046875 0.68562783203125 0.59906865234375 0.74291484375 0.5736078125 0.8086888671875 0.641503515625 0.80020185546875 0.69560791015625 0.736549609375 0.71152099609375 0.67820166015625 0.68393837890625 0.62940166015625 0.66166005859375
0 0.30104609375 0.23696044921875 0.323253515625 0.2113365234375 0.359126953125 0.2096283203125 0.37791787109375 0.23866875 0.3762095703125 0.260876171875 0.359126953125 0.2779587890625 0.3403361328125 0.28308359375 0.31300390625 0.27625048828125 0.30104609375 0.23696044921875
0 0.050166015625 0.09515498046875 0.07138349609375 0.05484189453125 0.13079228515625 0.04423310546875 0.14564443359375 0.05484189453125 0.16474013671875 0.08454619140625 0.1668619140625 0.124859375 0.162618359375 0.14395498046875 0.1604966796875 0.15032021484375 0.10533134765625 0.15456376953125 0.050166015625 0.09515498046875
0 0.78790078125 0.12763173828125 0.76910986328125 0.08834169921875 0.78619248046875 0.05417646484375 0.82035771484375 0.047343359375 0.834023828125 0.067842578125 0.85281474609375 0.091758203125 0.8511064453125 0.12763173828125 0.834023828125 0.1412978515625 0.810108203125 0.13788125 0.78790078125 0.12763173828125
0 0.902354296875 0.03196904296875 0.92627001953125 0.01488642578125 0.95531044921875 0.0285525390625 0.95018564453125 0.05417646484375 0.9399361328125 0.07296728515625 0.95018564453125 0.0866333984375 0.9416443359375 0.0968830078125 0.9074791015625 0.0985912109375 0.89893779296875 0.091758203125 0.8972294921875 0.07296728515625 0.902354296875 0.03196904296875
0 0.629032421875 0.011469921875 0.65123984375 0.00976162109375 0.6700306640625 0.04221865234375 0.67857197265625 0.07809208984375 0.66319765625 0.11567392578125 0.63757373046875 0.124215234375 0.60511669921875 0.13958955078125 0.584617578125 0.15154736328125 0.56924326171875 0.17375478515625 0.54191103515625 0.16692177734375 0.5060375 0.1532556640625 0.4889548828125 0.11567392578125 0.48553837890625 0.079800390625 0.46333095703125 0.06955078125 0.44966484375 0.02513603515625 0.46162275390625 0.0012203125 0.46345322265625 0 0.61947412109375 0 0.629032421875 0.011469921875
0 0.81864951171875 0.04221865234375 0.82676845703125 0 0.8776841796875 0 0.8852716796875 0.00463681640625 0.8972294921875 0.0302607421875 0.8955212890625 0.0644259765625 0.880146875 0.0849251953125 0.8630642578125 0.09346650390625 0.8442734375 0.08321689453125 0.84768994140625 0.06955078125 0.81864951171875 0.04221865234375
0 0.28992294921875 0.05484189453125 0.2814359375 0.006041796875 0.288202734375 0 0.4386267578125 0 0.44268837890625 0.02301572265625 0.44268837890625 0.0399896484375 0.33660126953125 0.06969404296875 0.28992294921875 0.05484189453125
0 0.7605685546875 0.03880205078125 0.73323642578125 0.02001123046875 0.73133056640625 0 0.83161533203125 0 0.83060732421875 0.00463681640625 0.79815029296875 0.02513603515625 0.7605685546875 0.03880205078125
0 0.96888037109375 0.006041796875 0.960393359375 0.018772265625 0.90489287109375 0 0.97172353515625 0 0.96888037109375 0.006041796875
0 0.96569775390625 0.05378095703125 0.96702568359375 0 0.9990234375 0 0.9990234375 0.07576435546875 0.98797607421875 0.0781810546875 0.96569775390625 0.05378095703125
0 0.017474609375 0.0080533203125 0.0465150390625 0.04221865234375 0.02601591796875 0.07809208984375 0.04480673828125 0.09004990234375 0.06188935546875 0.1207986328125 0.03968193359375 0.14983916015625 0.007225 0.1549638671875 0 0.1539673828125 0 0.0080533203125 0.017474609375 0.0080533203125
0 0.09605458984375 0.0012203125 0.0687224609375 0.03367734375 0.02259931640625 0.02684423828125 0.00917724609375 0 0.098630859375 0 0.09605458984375 0.0012203125