0 0.45987822265625 0.87835234375 0.55960009765625 0.8380392578125 0.62325234375 0.8910828125 0.65507841796875 0.92927412109375 0.65719208984375 0.9990234375 0.50689287109375 0.9990234375 0.45987822265625 0.87835234375
0 0.05586318359375 0.86084794921875 0.088396484375 0.81982763671875 0.13083134765625 0.80851162109375 0.21570107421875 0.8297291015625 0.24257646484375 0.8962103515625 0.22277353515625 0.9230857421875 0.154877734375 0.94571767578125 0.115271875 0.9485466796875 0.10254150390625 0.9499611328125 0.05869208984375 0.9103552734375 0.05586318359375 0.86084794921875
0 0.31984326171875 0.666178125 0.3834955078125 0.62798681640625 0.44926943359375 0.6322302734375 0.491704296875 0.67042158203125 0.50867822265625 0.7128564453125 0.46836513671875 0.759534765625 0.430173828125 0.797726171875 0.3771302734375 0.80833486328125 0.3516693359375 0.75529130859375 0.31984326171875 0.666178125
0 0.9172904296875 0.8042681640625 0.965383203125 0.84670302734375 0.9979166015625 0.9089408203125 0.9990234375 0.91149501953125 0.9990234375 0.9990234375 0.88408662109375 0.9990234375 0.8112033203125 0.889137890625 0.9172904296875 0.8042681640625
0 0.95610595703125 0.17130390625 0.9647833984375 0.1588814453125 0.97965908203125 0.137762890625 0.992676171875 0.119749609375 0.9990234375 0.11362568359375 0.9990234375 0.209603515625 0.9685935546875 0.208507421875 0.95610595703125 0.17130390625
0 0.8025087890625 0 0.9990234375 0 0.9990234375 0.13450732421875 0.840730859375 0.111342578125 0.8025087890625 0
0 0.80784384765625 0.8380392578125 0.86088740234375 0.8932044921875 0.85876572265625 0.971708984375 0.83925537109375 0.9990234375 0.72552314453125 0.9990234375 0.70175673828125 0.87623056640625 0.80784384765625 0.8380392578125
0 0.5735681640625 0.71656953125 0.61600302734375 0.66140419921875 0.65702333984375 0.6189693359375 0.6655103515625 0.61331142578125 0.71643212890625 0.5963375 0.75603798828125 0.610482421875 0.75179453125 0.664233203125 0.72633359375 0.69393759765625 0.74896552734375 0.72788544921875 0.750380078125 0.759004296875 0.7319916015625 0.78729423828125 0.7319916015625 0.78870869140625 0.58346962890625 0.76607685546875 0.5735681640625 0.71656953125
0 0.641287109375 0.48052568359375 0.70918291015625 0.46779521484375 0.75161767578125 0.52083876953125 0.75586123046875 0.5569083984375 0.72191328125 0.5950998046875 0.628556640625 0.5760041015625 0.641287109375 0.48052568359375
0 0.76222646484375 0.4699169921875 0.80466123046875 0.442334375 0.83012216796875 0.448699609375 0.8386091796875 0.47416044921875 0.840730859375 0.5017431640625 0.85770478515625 0.5632736328125 0.828000390625 0.58024755859375 0.7452525390625 0.535691015625 0.76222646484375 0.4699169921875
0 0.77283515625 0.2959341796875 0.75586123046875 0.17499482421875 0.83648740234375 0.13468173828125 0.89589619140625 0.1771166015625 0.92984404296875 0.21955146484375 0.9446962890625 0.31927333984375 0.8810439453125 0.348977734375 0.77283515625 0.2959341796875
0 0.26998232421875 0.4699169921875 0.3336345703125 0.4508212890625 0.37394765625 0.48052568359375 0.38455634765625 0.4953779296875 0.38455634765625 0.52508232421875 0.34424326171875 0.57388232421875 0.25937353515625 0.54629970703125 0.26998232421875 0.4699169921875
0 0 0.50387099609375 0 0.324082421875 0.00476455078125 0.31502978515625 0.093877734375 0.32563857421875 0.19147783203125 0.32776025390625 0.2275474609375 0.3701951171875 0.180869140625 0.48052568359375 0.068416796875 0.548421484375 0 0.50387099609375
0 0.29119970703125 0.39353427734375 0.35060849609375 0.3956560546875 0.36333896484375 0.41262998046875 0.36333896484375 0.4571865234375 0.28695625 0.45294306640625 0.29119970703125 0.39353427734375
0 0.3203736328125 0.13521220703125 0.3868548828125 0.145113671875 0.39392734375 0.1804759765625 0.37553896484375 0.24129931640625 0.34300556640625 0.26817470703125 0.30339970703125 0.2738326171875 0.24399091796875 0.2441283203125 0.22277353515625 0.227154296875 0.2538923828125 0.1663310546875 0.3203736328125 0.13521220703125
0 0.30905771484375 0.0319541015625 0.38402587890625 0.06873095703125 0.36139404296875 0.13662666015625 0.285011328125 0.1649166015625 0.248234375 0.1663310546875 0.20438505859375 0.0588294921875 0.30905771484375 0.0319541015625
0 0.02863408203125 0.00101201171875 0.028312109375 0 0.0788705078125 0 0.0774341796875 0.0031337890625 0.02863408203125 0.00101201171875