0 0.9990234375 0.98324677734375 0.9990234375 0.9990234375 0.9859513671875 0.9990234375 0.9990234375 0.98324677734375
0 0.0206095703125 0.795770703125 0.03569755859375 0.8693244140625 0.0470134765625 0.8938423828125 0.08473330078125 0.90327236328125 0.07718935546875 0.96928212890625 0.09399970703125 0.9990234375 0 0.9990234375 0 0.790618359375 0.0206095703125 0.795770703125
0 0.6203552734375 0.8693244140625 0.59395146484375 0.8825263671875 0.57697744140625 0.89195634765625 0.53548564453125 0.90515830078125 0.4996517578125 0.90327236328125 0.4600458984375 0.86178046875 0.44872998046875 0.80897265625 0.46570390625 0.78634072265625 0.5241697265625 0.7090150390625 0.54302958984375 0.69958505859375 0.59017939453125 0.69958505859375 0.62601328125 0.73164697265625 0.6335572265625 0.741076953125 0.6203552734375 0.8693244140625
0 0.9990234375 0.8505134765625 0.9990234375 0.9437158203125 0.99378193359375 0.94476416015625 0.94097412109375 0.9353341796875 0.88816630859375 0.91836025390625 0.84290244140625 0.87121044921875 0.86176240234375 0.8353765625 0.92022822265625 0.82594658203125 0.93343017578125 0.82594658203125 0.98623798828125 0.83914853515625 0.9990234375 0.8505134765625
0 0.9990234375 0.7053552734375 0.9990234375 0.82463623046875 0.98623798828125 0.8278326171875 0.97492197265625 0.81274462890625 0.97115 0.79954267578125 0.97303603515625 0.75805087890625 0.97492197265625 0.75427890625 0.99378193359375 0.7203310546875 0.9990234375 0.7053552734375
0 0.852332421875 0.78256875 0.84290244140625 0.77313876953125 0.83913046875 0.75239287109375 0.83913046875 0.73919091796875 0.84101650390625 0.7335330078125 0.852332421875 0.7203310546875 0.8843943359375 0.6939271484375 0.93531611328125 0.6826111328125 0.95606201171875 0.68449716796875 0.97115 0.714673046875 0.98812392578125 0.72598896484375 0.9918958984375 0.74484892578125 0.98246591796875 0.76370888671875 0.95983408203125 0.80897265625 0.95417607421875 0.8146306640625 0.91645625 0.80331474609375 0.852332421875 0.78256875
0 0.99378193359375 0.64489130859375 0.9504041015625 0.6298033203125 0.9522900390625 0.59774150390625 0.9990234375 0.5665859375 0.9990234375 0.64643291015625 0.99378193359375 0.64489130859375
0 0.773120703125 0.59774150390625 0.78632265625 0.59585546875 0.810840625 0.59962744140625 0.82027060546875 0.62603134765625 0.799524609375 0.67318115234375 0.78820869140625 0.68638310546875 0.76746279296875 0.70524306640625 0.72974287109375 0.72410302734375 0.6976810546875 0.71844501953125 0.68070712890625 0.714673046875 0.6524171875 0.7071291015625 0.64110126953125 0.70147109375 0.59583740234375 0.65243525390625 0.60149541015625 0.6279173828125 0.60338134765625 0.622259375 0.62224130859375 0.59962744140625 0.64298720703125 0.5901974609375 0.6976810546875 0.59962744140625 0.7391728515625 0.6147154296875 0.773120703125 0.59774150390625
0 0.30963798828125 0.66830908203125 0.32221123046875 0.67333837890625 0.2769474609375 0.78146865234375 0.25683017578125 0.7714099609375 0.20653701171875 0.7512927734375 0.12606796875 0.72866083984375 0.07828955078125 0.7160875 0.02548173828125 0.6607650390625 0.04308427734375 0.605442578125 0.116009375 0.542576171875 0.183905078125 0.49479765625 0.24425693359375 0.50234169921875 0.29957939453125 0.49479765625 0.4077095703125 0.5400615234375 0.30963798828125 0.66830908203125
0 0.63402880859375 0.50988564453125 0.58373564453125 0.542576171875 0.563618359375 0.552634765625 0.51583984375 0.552634765625 0.47560537109375 0.537546875 0.4504587890625 0.50234169921875 0.46806142578125 0.44198994140625 0.52086923828125 0.4143287109375 0.5661330078125 0.40175537109375 0.6315140625 0.426901953125 0.63402880859375 0.50988564453125
0 0.7372869140625 0.529845703125 0.73162890625 0.53927568359375 0.71465498046875 0.554363671875 0.6844791015625 0.57322353515625 0.65430322265625 0.57322353515625 0.60903935546875 0.554363671875 0.61469736328125 0.54116171875 0.6184693359375 0.52418779296875 0.6203552734375 0.52041572265625 0.62224130859375 0.4940119140625 0.62412734375 0.4694939453125 0.62412734375 0.4544060546875 0.63544326171875 0.42611611328125 0.65618916015625 0.38651025390625 0.68259306640625 0.38085224609375 0.71654091796875 0.37896630859375 0.76746279296875 0.42611611328125 0.7372869140625 0.529845703125
0 0.99566787109375 0.41102822265625 0.96172001953125 0.42045810546875 0.931544140625 0.42045810546875 0.878736328125 0.40725615234375 0.88062236328125 0.39405419921875 0.903254296875 0.341246484375 0.929658203125 0.314842578125 0.9522900390625 0.2978685546875 0.98057998046875 0.3035265625 0.9990234375 0.3338265625 0.9990234375 0.40893095703125 0.99566787109375 0.41102822265625
0 0.46303203125 0.43193125 0.39932744140625 0.458754296875 0.35909287109375 0.468812890625 0.29538828125 0.44198994140625 0.258506640625 0.42522548828125 0.21491923828125 0.3816380859375 0.2551537109375 0.27434609375 0.29874111328125 0.2609345703125 0.32221123046875 0.247523046875 0.3557400390625 0.22070009765625 0.4026802734375 0.21734716796875 0.4395619140625 0.247523046875 0.48650224609375 0.30116904296875 0.46303203125 0.43193125
0 0.52039765625 0.181880078125 0.5402005859375 0.20639794921875 0.54397255859375 0.2309158203125 0.53642861328125 0.262034765625 0.53642861328125 0.28089462890625 0.52794169921875 0.29975458984375 0.51851171875 0.30729853515625 0.49116484375 0.31201357421875 0.47701982421875 0.289381640625 0.4647609375 0.27712265625 0.4449580078125 0.26109169921875 0.42326904296875 0.24034580078125 0.40440908203125 0.21299892578125 0.38177724609375 0.17245009765625 0.38837822265625 0.155476171875 0.4138390625 0.1366162109375 0.46287490234375 0.1432171875 0.4873927734375 0.14604619140625 0.504366796875 0.15359013671875 0.52039765625 0.181880078125
0 0.61055859375 0.1603482421875 0.6507931640625 0.136878125 0.68096904296875 0.089937890625 0.73126220703125 0.089937890625 0.74467373046875 0.1134080078125 0.80502548828125 0.1502896484375 0.82514267578125 0.1871712890625 0.8452599609375 0.21734716796875 0.82849560546875 0.27769892578125 0.81173125 0.34140361328125 0.76479091796875 0.3447564453125 0.71449775390625 0.3447564453125 0.6608517578125 0.33805068359375 0.61055859375 0.33134501953125 0.58373564453125 0.31793349609375 0.5770298828125 0.27769892578125 0.5770298828125 0.247523046875 0.58038271484375 0.22070009765625 0.60385283203125 0.227405859375 0.61055859375 0.1603482421875
0 0.13109736328125 0.163701171875 0.08415703125 0.163701171875 0.0137466796875 0.1402310546875 0 0.130825390625 0 0 0.15659091796875 0 0.20150771484375 0.03293896484375 0.18809619140625 0.09329072265625 0.13109736328125 0.163701171875