0 0.9377912109375 0.983329296875 0.95270068359375 0.9990234375 0.84260537109375 0.9990234375 0.84337373046875 0.9928771484375 0.85610419921875 0.97484228515625 0.87095634765625 0.970598828125 0.91020859375 0.9674162109375 0.921878125 0.97484228515625 0.9377912109375 0.983329296875
0 0.4025818359375 0.91543349609375 0.40364267578125 0.91543349609375 0.430164453125 0.95256396484375 0.42592099609375 0.9727205078125 0.4078861328125 0.98969453125 0.38413974609375 0.9990234375 0.37379306640625 0.9990234375 0.3463556640625 0.98439013671875 0.33150341796875 0.96847705078125 0.32619912109375 0.9430162109375 0.3272599609375 0.91225087890625 0.33150341796875 0.88997265625 0.33256435546875 0.85920732421875 0.355903515625 0.8549638671875 0.3643904296875 0.8676943359375 0.367573046875 0.882546484375 0.38666875 0.91012919921875 0.4025818359375 0.91543349609375
0 0.728799609375 0.94407705078125 0.70652138671875 0.9610509765625 0.69697353515625 0.9674162109375 0.68106044921875 0.96953798828125 0.673634375 0.95680751953125 0.66514736328125 0.9430162109375 0.64286904296875 0.93134658203125 0.63544296875 0.91861611328125 0.63650380859375 0.91225087890625 0.64605166015625 0.8931552734375 0.64605166015625 0.87830302734375 0.65666044921875 0.86451171875 0.667269140625 0.858146484375 0.6757560546875 0.858146484375 0.68954736328125 0.8613291015625 0.7075822265625 0.8676943359375 0.7128865234375 0.882546484375 0.722434375 0.8984595703125 0.728799609375 0.94407705078125
0 0.1957119140625 0.91861611328125 0.17979892578125 0.9355900390625 0.17555537109375 0.9355900390625 0.1585814453125 0.9430162109375 0.11614658203125 0.9483205078125 0.0959900390625 0.945137890625 0.092807421875 0.945137890625 0.0715900390625 0.9355900390625 0.07477265625 0.9239205078125 0.08219873046875 0.9048248046875 0.08538134765625 0.89421611328125 0.092807421875 0.883607421875 0.1087205078125 0.8740595703125 0.118268359375 0.86981611328125 0.12675537109375 0.86345087890625 0.1373640625 0.86026826171875 0.16600751953125 0.8549638671875 0.187225 0.8867900390625 0.1957119140625 0.91861611328125
0 0.2954337890625 0.91331181640625 0.286946875 0.91543349609375 0.28164248046875 0.91649443359375 0.26891201171875 0.920737890625 0.25087724609375 0.933468359375 0.2392076171875 0.9355900390625 0.22541630859375 0.932407421875 0.2148076171875 0.92498134765625 0.205259765625 0.90058134765625 0.2031380859375 0.89103349609375 0.20101630859375 0.8676943359375 0.21056416015625 0.84011171875 0.22859892578125 0.83480732421875 0.22965986328125 0.8369291015625 0.23814677734375 0.84753779296875 0.24769462890625 0.85178125 0.27209462890625 0.86345087890625 0.292251171875 0.87830302734375 0.2954337890625 0.91331181640625
0 0.1522162109375 0.833746484375 0.1522162109375 0.84117255859375 0.130998828125 0.86026826171875 0.11084228515625 0.86981611328125 0.0959900390625 0.86663349609375 0.081137890625 0.86557255859375 0.04506826171875 0.85708564453125 0.0217291015625 0.8422333984375 0 0.818176171875 0 0.7946228515625 0.005816015625 0.783885546875 0.0524943359375 0.77221591796875 0.09917265625 0.7743376953125 0.1522162109375 0.833746484375
0 0.2339033203125 0.78812900390625 0.243451171875 0.795555078125 0.243451171875 0.8051029296875 0.2370859375 0.82525947265625 0.22859892578125 0.8358681640625 0.22329462890625 0.833746484375 0.1957119140625 0.82844208984375 0.192529296875 0.83480732421875 0.18298154296875 0.84965947265625 0.1713119140625 0.84965947265625 0.15752060546875 0.8422333984375 0.14479013671875 0.8295029296875 0.1373640625 0.80298115234375 0.142668359375 0.79025078125 0.16282490234375 0.75948544921875 0.18510322265625 0.76054638671875 0.2339033203125 0.78812900390625
0 0.72137353515625 0.75099853515625 0.704399609375 0.77539853515625 0.68954736328125 0.81040732421875 0.6757560546875 0.80722470703125 0.65984296875 0.80934638671875 0.641808203125 0.79979853515625 0.64074736328125 0.76585068359375 0.61846904296875 0.7616072265625 0.5983125 0.758424609375 0.567547265625 0.74038984375 0.53572109375 0.72235498046875 0.53466025390625 0.6937115234375 0.55587763671875 0.64491142578125 0.59406904296875 0.61308525390625 0.62165166015625 0.59823310546875 0.6513560546875 0.5992939453125 0.68954736328125 0.6120244140625 0.7012169921875 0.6438505859375 0.70864306640625 0.645972265625 0.765930078125 0.6374853515625 0.77441708984375 0.65658095703125 0.72137353515625 0.75099853515625
0 0.53636943359375 0.71037109375 0.52882548828125 0.715400390625 0.48607626953125 0.73048837890625 0.408121875 0.7204296875 0.350284765625 0.6651072265625 0.37291669921875 0.58463818359375 0.43829775390625 0.56703564453125 0.5061935546875 0.599726171875 0.53134013671875 0.61984345703125 0.53636943359375 0.71037109375
0 0.6369556640625 0.536859765625 0.624382421875 0.57960888671875 0.571574609375 0.609784765625 0.49864951171875 0.58715283203125 0.43829775390625 0.52680107421875 0.4609296875 0.46393466796875 0.5112228515625 0.431244140625 0.5740892578125 0.4387880859375 0.60426513671875 0.46393466796875 0.6369556640625 0.536859765625
0 0.9060240234375 0.6072701171875 0.87081884765625 0.5393744140625 0.88842138671875 0.45639072265625 0.97643447265625 0.41364150390625 0.9990234375 0.4312107421875 0.9990234375 0.60321953125 0.98397841796875 0.6072701171875 0.9060240234375 0.6072701171875
0 0.88842138671875 0.46644931640625 0.86578955078125 0.4915958984375 0.8507015625 0.4915958984375 0.792864453125 0.47902265625 0.73502734375 0.45639072265625 0.76520322265625 0.39855361328125 0.7903498046875 0.3759216796875 0.855730859375 0.3708923828125 0.88842138671875 0.39855361328125 0.88842138671875 0.46644931640625
0 0.30073818359375 0.783885546875 0.2890685546875 0.7807029296875 0.26254677734375 0.783885546875 0.22223369140625 0.7870681640625 0.21268583984375 0.77539853515625 0.211625 0.75630283203125 0.2148076171875 0.7361462890625 0.2148076171875 0.7297810546875 0.21692939453125 0.708563671875 0.23178154296875 0.6735548828125 0.242390234375 0.66082451171875 0.2954337890625 0.6799201171875 0.32407734375 0.69158974609375 0.33256435546875 0.70325927734375 0.33150341796875 0.71280712890625 0.3272599609375 0.72235498046875 0.30710341796875 0.7552419921875 0.30073818359375 0.783885546875
0 0.27233037109375 0.42621484375 0.25724248046875 0.4337587890625 0.234610546875 0.441302734375 0.1742587890625 0.4362734375 0.10133369140625 0.421185546875 0.08624580078125 0.39352431640625 0.09378974609375 0.35328974609375 0.123965625 0.3180845703125 0.1767734375 0.310540625 0.21700791015625 0.3281431640625 0.234610546875 0.35831904296875 0.27233037109375 0.42621484375
0 0.76520322265625 0.368377734375 0.76268857421875 0.368377734375 0.75765927734375 0.39855361328125 0.7375419921875 0.441302734375 0.6797048828125 0.46393466796875 0.64198505859375 0.45387607421875 0.58414794921875 0.4287294921875 0.59923583984375 0.3759216796875 0.64701435546875 0.335687109375 0.71491005859375 0.30802587890625 0.76520322265625 0.368377734375
0 0.971405078125 0.40609755859375 0.92362666015625 0.41615615234375 0.8582455078125 0.368377734375 0.88590673828125 0.28287939453125 0.961346484375 0.2577328125 0.9990234375 0.27596357421875 0.9990234375 0.393208984375 0.971405078125 0.40609755859375
0 0.7953791015625 0.06661884765625 0.82806962890625 0.1018240234375 0.845672265625 0.1596611328125 0.8381283203125 0.17223447265625 0.77274716796875 0.18480771484375 0.71993935546875 0.17474912109375 0.6797048828125 0.1546318359375 0.64701435546875 0.099309375 0.68221953125 0.06913349609375 0.75514462890625 0.0439869140625 0.7953791015625 0.06661884765625
0 0.94625859375 0.13451455078125 0.96637578125 0.02386962890625 0.9990234375 0.02386962890625 0.9990234375 0.164062890625 0.94625859375 0.13451455078125
0 0.66461689453125 0.07164814453125 0.64449970703125 0.104338671875 0.58666259765625 0.1068533203125 0.53134013671875 0.0967947265625 0.508708203125 0.0917654296875 0.48104697265625 0.07164814453125 0.455900390625 0.03644296875 0.455900390625 0.00375244140625 0.4577765625 0 0.66883154296875 0 0.66461689453125 0.07164814453125
0 0.98900771484375 0.01129638671875 0.98169833984375 0 0.9990234375 0 0.9990234375 0.0102232421875 0.98900771484375 0.01129638671875