0 0.9040099609375 0.95611044921875 0.95281005859375 0.9699017578125 0.99842744140625 0.96777998046875 0.9990234375 0.9700787109375 0.9990234375 0.9990234375 0.87517783203125 0.9990234375 0.9040099609375 0.95611044921875
0 0.76609677734375 0.9635365234375 0.770340234375 0.916858203125 0.8223228515625 0.8956408203125 0.8721837890625 0.90943212890625 0.8912794921875 0.9327712890625 0.87748818359375 0.96777998046875 0.882792578125 0.997484375 0.87565703125 0.9990234375 0.8147880859375 0.9990234375 0.76609677734375 0.9635365234375
0 0.745940234375 0.804405859375 0.80110546875 0.78106669921875 0.84672294921875 0.7386318359375 0.87430556640625 0.7142318359375 0.9040099609375 0.7269623046875 0.9220447265625 0.76833623046875 0.9220447265625 0.80016240234375 0.9135578125 0.82244072265625 0.894462109375 0.84365810546875 0.85627080078125 0.8733625 0.75336630859375 0.8733625 0.745940234375 0.804405859375
0 0.9888796875 0.680283984375 0.9990234375 0.65365654296875 0.9990234375 0.68586767578125 0.9888796875 0.680283984375
0 0.570896484375 0.9889974609375 0.6430357421875 0.98687568359375 0.65055576171875 0.9990234375 0.50472490234375 0.9990234375 0.570896484375 0.9889974609375
0 0.67486181640625 0.95292783203125 0.733209765625 0.96565830078125 0.770340234375 0.97732783203125 0.78568583984375 0.9990234375 0.6420103515625 0.9990234375 0.6419748046875 0.9985453125 0.67486181640625 0.95292783203125
0 0.21656552734375 0.90837119140625 0.29719169921875 0.86805810546875 0.32689609375 0.9508060546875 0.34457587890625 0.9990234375 0.1782126953125 0.9990234375 0.21656552734375 0.90837119140625
0 0.10199150390625 0.8330494140625 0.17625244140625 0.89351904296875 0.1932263671875 0.916858203125 0.17943505859375 0.9635365234375 0.1370001953125 0.9953626953125 0.07759140625 0.98051044921875 0.07016533203125 0.98157138671875 0.02985224609375 0.86805810546875 0.10199150390625 0.8330494140625
0 0.3396265625 0.89988427734375 0.333261328125 0.82562333984375 0.36084404296875 0.80652763671875 0.40221796875 0.79697978515625 0.42237451171875 0.8012232421875 0.4435919921875 0.8266841796875 0.45738330078125 0.86593642578125 0.46056591796875 0.8945798828125 0.46056591796875 0.905188671875 0.42873974609375 0.96035390625 0.3396265625 0.89988427734375
0 0.0807740234375 0.81289287109375 0.109417578125 0.749240625 0.16458291015625 0.6961970703125 0.21762646484375 0.71635361328125 0.2430873046875 0.7386318359375 0.26960908203125 0.77788408203125 0.27915693359375 0.8203189453125 0.27915693359375 0.85002333984375 0.18261767578125 0.8733625 0.0807740234375 0.81289287109375
0 0.62181826171875 0.7025623046875 0.664253125 0.66861435546875 0.7172966796875 0.69831875 0.744879296875 0.72590146484375 0.74912275390625 0.74711884765625 0.74700107421875 0.8022841796875 0.732148828125 0.842597265625 0.72790537109375 0.8447189453125 0.632426953125 0.798040625 0.62181826171875 0.7025623046875
0 0.01465322265625 0.53598369140625 0.03002763671875 0.55989931640625 0.0385689453125 0.59918935546875 0.01294501953125 0.62139677734375 0 0.62139677734375 0 0.53692900390625 0.01465322265625 0.53598369140625
0 0.26405947265625 0.62139677734375 0.2896833984375 0.64872900390625 0.306766015625 0.691435546875 0.3340982421875 0.7085181640625 0.327265234375 0.74609990234375 0.28455869140625 0.76147421875 0.2435603515625 0.74951640625 0.20597861328125 0.715351171875 0.19060419921875 0.68972724609375 0.18889599609375 0.65556201171875 0.16839677734375 0.62139677734375 0.17864638671875 0.59748115234375 0.22818603515625 0.60431416015625 0.26405947265625 0.62139677734375
0 0.327265234375 0.54110849609375 0.39217919921875 0.53598369140625 0.407553515625 0.58723154296875 0.45709306640625 0.59235634765625 0.49467490234375 0.64360419921875 0.47930048828125 0.68972724609375 0.431469140625 0.70680986328125 0.4024287109375 0.747808203125 0.3785130859375 0.75293291015625 0.3563056640625 0.72560078125 0.3221404296875 0.71193466796875 0.29651650390625 0.67947763671875 0.28114208984375 0.6299380859375 0.2879751953125 0.5735654296875 0.327265234375 0.54110849609375
0 0.18261767578125 0.592231640625 0.159278515625 0.50948369140625 0.1868611328125 0.45431845703125 0.22717421875 0.42037060546875 0.2738525390625 0.418248828125 0.2865830078125 0.41612705078125 0.32901787109375 0.47977939453125 0.3438701171875 0.48826630859375 0.36296572265625 0.50736201171875 0.30143525390625 0.60920556640625 0.18261767578125 0.592231640625
0 0.42237451171875 0.56252724609375 0.41600927734375 0.42673583984375 0.48814853515625 0.40976181640625 0.545435546875 0.42885751953125 0.5857486328125 0.46280537109375 0.5899921875 0.51160546875 0.5921138671875 0.5391880859375 0.5114876953125 0.61132734375 0.42237451171875 0.56252724609375
0 0.76821845703125 0.3280748046875 0.76609677734375 0.3344400390625 0.76185322265625 0.34186611328125 0.75018369140625 0.393848828125 0.74381845703125 0.42037060546875 0.7289662109375 0.4331009765625 0.68440966796875 0.4394662109375 0.6674357421875 0.4277966796875 0.6610705078125 0.3906662109375 0.65258349609375 0.36732705078125 0.65576611328125 0.34823134765625 0.67592265625 0.32064873046875 0.7300271484375 0.30155302734375 0.76821845703125 0.3280748046875
0 0.03038271484375 0.1376484375 0.06114794921875 0.144013671875 0.10146103515625 0.119613671875 0.1194958984375 0.13658759765625 0.13646982421875 0.163109375 0.146017578125 0.18538759765625 0.1438958984375 0.211909375 0.14177412109375 0.219335546875 0.13859150390625 0.23630947265625 0.134348046875 0.2469181640625 0.12373935546875 0.26070947265625 0.1035828125 0.27343994140625 0.07600009765625 0.25752685546875 0.03674794921875 0.22039638671875 0.0123478515625 0.1779615234375 0.03038271484375 0.1376484375
0 0.60166171875 0.07452666015625 0.632426953125 0.0225439453125 0.6791052734375 0.02148310546875 0.69714013671875 0.0289091796875 0.70880966796875 0.03845703125 0.72790537109375 0.0596744140625 0.732148828125 0.06497880859375 0.75230537109375 0.1042310546875 0.74381845703125 0.1222658203125 0.72472275390625 0.1413615234375 0.70350537109375 0.16470068359375 0.70244443359375 0.1657615234375 0.62181826171875 0.1339353515625 0.60166171875 0.07452666015625
0 0.195878515625 0.02095263671875 0.17784375 0.02519609375 0.16086982421875 0.0156482421875 0.13963291015625 0 0.2256177734375 0 0.195878515625 0.02095263671875
0 0.0070435546875 0.0469439453125 0 0.08040068359375 0 0.04157744140625 0.0070435546875 0.0469439453125
0 0.95419736328125 0.55819111328125 0.99690390625 0.57698193359375 0.9990234375 0.5821041015625 0.9990234375 0.657154296875 0.9917791015625 0.669228125 0.96103046875 0.70168505859375 0.90294951171875 0.70680986328125 0.8551181640625 0.68289423828125 0.8329107421875 0.63847939453125 0.81924462890625 0.59748115234375 0.84145205078125 0.55989931640625 0.8534099609375 0.546233203125 0.8892833984375 0.5325671875 0.95419736328125 0.55819111328125
0 0.87112294921875 0.33284873046875 0.87112294921875 0.2909443359375 0.8976447265625 0.2718486328125 0.9225751953125 0.26707470703125 0.93371435546875 0.269196484375 0.957053515625 0.28033564453125 0.9729666015625 0.28882255859375 0.98622744140625 0.29465732421875 0.99047099609375 0.31746611328125 0.93689697265625 0.36361396484375 0.87112294921875 0.33284873046875
0 0.9225751953125 0.23577900390625 0.91514912109375 0.18803984375 0.956523046875 0.1466658203125 0.98941005859375 0.12757021484375 0.9990234375 0.13647138671875 0.9990234375 0.24459775390625 0.95864482421875 0.25805732421875 0.9225751953125 0.23577900390625
0 0.76927939453125 0.11271796875 0.80216630859375 0.0724048828125 0.8350533203125 0.043761328125 0.91886220703125 0.03103095703125 0.94007958984375 0.07452666015625 0.94007958984375 0.106352734375 0.932653515625 0.1349962890625 0.9294708984375 0.143483203125 0.91567958984375 0.17000498046875 0.81171416015625 0.17637021484375 0.76927939453125 0.11271796875
0 0.94644482421875 0.01193525390625 0.9454501953125 0 0.9990234375 0 0.9990234375 0.0441650390625 0.9856970703125 0.0480048828125 0.94644482421875 0.01193525390625