0 0.88861826171875 0.99036767578125 0.88380947265625 0.9990234375 0.83569345703125 0.9990234375 0.8362671875 0.9973904296875 0.86052744140625 0.97504541015625 0.88861826171875 0.97504541015625 0.88861826171875 0.99036767578125
0 0.61865625 0.96936044921875 0.64831923828125 0.9990234375 0.59373935546875 0.9990234375 0.61865625 0.96936044921875
0 0.73411884765625 0.91247958984375 0.76412490234375 0.91694853515625 0.7979615234375 0.931632421875 0.8081763671875 0.96227685546875 0.8011537109375 0.986537109375 0.80243056640625 0.98781396484375 0.8185720703125 0.9990234375 0.6483580078125 0.9990234375 0.63452412109375 0.98270654296875 0.626224609375 0.9737685546875 0.6306935546875 0.95397734375 0.64729267578125 0.941847265625 0.66772236328125 0.94759306640625 0.6836830078125 0.95716953125 0.69517470703125 0.96100009765625 0.7041126953125 0.97313017578125 0.7124123046875 0.97823759765625 0.714966015625 0.9788759765625 0.7200734375 0.96036162109375 0.7073048828125 0.93993193359375 0.73411884765625 0.91247958984375
0 0.39144287109375 0.9565310546875 0.39559267578125 0.96195771484375 0.4026154296875 0.9728109375 0.4061267578125 0.977918359375 0.40836123046875 0.993240625 0.41041318359375 0.9990234375 0.3468986328125 0.9990234375 0.3534564453125 0.9836642578125 0.3719708984375 0.9686611328125 0.39144287109375 0.9565310546875
0 0.50595478515625 0.68046357421875 0.53611435546875 0.71538515625 0.53135224609375 0.75665615234375 0.5170662109375 0.8058638671875 0.4726205078125 0.8138005859375 0.41351962890625 0.8352087890625 0.38189091796875 0.82076953125 0.3743275390625 0.7692009765625 0.4038935546875 0.7324154296875 0.42005166015625 0.7028494140625 0.442741796875 0.66847041015625 0.47883984375 0.69975537109375 0.50595478515625 0.68046357421875
0 0.5959791015625 0.7674767578125 0.58512578125 0.76205009765625 0.57937998046875 0.75502744140625 0.57331494140625 0.747685546875 0.57012275390625 0.7400244140625 0.56756904296875 0.73364013671875 0.55895029296875 0.72885185546875 0.552566015625 0.7333208984375 0.5484162109375 0.737470703125 0.53756298828125 0.735874609375 0.5362861328125 0.73204404296875 0.53724375 0.7179986328125 0.5378822265625 0.70714541015625 0.53883984375 0.703633984375 0.543947265625 0.69980341796875 0.552566015625 0.69788818359375 0.562780859375 0.6959728515625 0.56661142578125 0.6956537109375 0.56597294921875 0.6924615234375 0.56597294921875 0.6838427734375 0.5720380859375 0.676181640625 0.57618779296875 0.67298955078125 0.5822529296875 0.67139345703125 0.58544501953125 0.67075498046875 0.5876794921875 0.66213623046875 0.595340625 0.64841005859375 0.6010865234375 0.6445794921875 0.60555546875 0.64330263671875 0.61704716796875 0.643621875 0.62311220703125 0.64521787109375 0.631092578125 0.648729296875 0.63811533203125 0.65383671875 0.64162666015625 0.6614978515625 0.6438611328125 0.67043583984375 0.64641484375 0.6812890625 0.64928779296875 0.68671572265625 0.65216064453125 0.69373837890625 0.6540759765625 0.69437685546875 0.65694892578125 0.686396484375 0.66141787109375 0.6803314453125 0.6738671875 0.6812890625 0.67482490234375 0.69214228515625 0.68025146484375 0.6956537109375 0.68535888671875 0.69724970703125 0.687593359375 0.70044189453125 0.6866357421875 0.706826171875 0.68344365234375 0.71512568359375 0.68376279296875 0.72055234375 0.678974609375 0.72629814453125 0.6812091796875 0.73204404296875 0.68727421875 0.73874755859375 0.6850396484375 0.7480046875 0.6815283203125 0.756304296875 0.677059375 0.757900390625 0.66812138671875 0.75758115234375 0.6658869140625 0.75343134765625 0.66556767578125 0.75343134765625 0.66461005859375 0.756304296875 0.6626947265625 0.75758115234375 0.66046025390625 0.7588580078125 0.658544921875 0.757900390625 0.65375673828125 0.75821953125 0.64769169921875 0.75662353515625 0.64258427734375 0.756304296875 0.6403498046875 0.75821953125 0.63843447265625 0.76141171875 0.6368384765625 0.7639654296875 0.63651923828125 0.76460380859375 0.63588076171875 0.76556142578125 0.6301349609375 0.76556142578125 0.62311220703125 0.7630078125 0.61800478515625 0.75949638671875 0.612258984375 0.75917724609375 0.6097052734375 0.7588580078125 0.6045978515625 0.75917724609375 0.602044140625 0.759815625 0.60427861328125 0.7639654296875 0.5959791015625 0.7674767578125
0 0.03807333984375 0.9890908203125 0.0383837890625 0.9990234375 0 0.9990234375 0 0.9740478515625 0.00966337890625 0.96961884765625 0.03711572265625 0.969299609375 0.03807333984375 0.9890908203125
0 0.2337513671875 0.92301357421875 0.246519921875 0.92971708984375 0.24971201171875 0.93546298828125 0.25481943359375 0.9479123046875 0.25705400390625 0.959084765625 0.2576923828125 0.9641921875 0.2557771484375 0.96898037109375 0.23981640625 0.976003125 0.24013564453125 0.9769607421875 0.24173173828125 0.9804720703125 0.237165234375 0.9990234375 0.1778056640625 0.9990234375 0.183315625 0.99196376953125 0.17884658203125 0.99292138671875 0.1571400390625 0.99004853515625 0.1721431640625 0.950466015625 0.19736103515625 0.92780185546875 0.2337513671875 0.92301357421875
0 0.0691966796875 0.969299609375 0.08483818359375 0.99547509765625 0.085528125 0.9990234375 0.043040625 0.9990234375 0.0417443359375 0.98589873046875 0.027060546875 0.9600423828125 0.0468517578125 0.95270048828125 0.0691966796875 0.969299609375
0 0.13335869140625 0.977918359375 0.13782763671875 0.9887716796875 0.13782763671875 0.9990234375 0.08448623046875 0.9990234375 0.07558095703125 0.98015283203125 0.1065447265625 0.97153408203125 0.13335869140625 0.977918359375
0 0.31100107421875 0.92301357421875 0.32057744140625 0.91758701171875 0.32313115234375 0.91311796875 0.3295154296875 0.9019455078125 0.33175 0.9003494140625 0.3362189453125 0.9019455078125 0.3371765625 0.90992587890625 0.33749580078125 0.91439482421875 0.3397302734375 0.92173671875 0.34260322265625 0.926525 0.34962587890625 0.9361013671875 0.35281806640625 0.94057041015625 0.3550525390625 0.94535859375 0.3566486328125 0.950466015625 0.35792548828125 0.96483056640625 0.35058359375 0.9785568359375 0.3327076171875 0.998348046875 0.33223486328125 0.9990234375 0.25401162109375 0.9990234375 0.253542578125 0.998348046875 0.25386181640625 0.98526025390625 0.255138671875 0.96451142578125 0.26407666015625 0.9479123046875 0.26407666015625 0.94216640625 0.25801162109375 0.93131318359375 0.26152294921875 0.9156716796875 0.27876044921875 0.90226474609375 0.2969556640625 0.90992587890625 0.31100107421875 0.92301357421875
0 0.15410751953125 0.8626822265625 0.158895703125 0.87257783203125 0.164003125 0.87832373046875 0.170706640625 0.88406953125 0.17421796875 0.88726171875 0.18475205078125 0.88949619140625 0.19337080078125 0.8901345703125 0.202947265625 0.90066865234375 0.2007126953125 0.91311796875 0.18570966796875 0.92971708984375 0.17900625 0.9376974609375 0.1764525390625 0.9412087890625 0.16942978515625 0.9463162109375 0.15825732421875 0.94823154296875 0.14612724609375 0.94567783203125 0.14133896484375 0.95174287109375 0.143254296875 0.95685029296875 0.1458080078125 0.9651498046875 0.14197744140625 0.97919521484375 0.1339970703125 0.97919521484375 0.10750234375 0.9728109375 0.08388056640625 0.97440703125 0.0778154296875 0.95876552734375 0.09952197265625 0.93737822265625 0.10877919921875 0.9274826171875 0.10622548828125 0.91184111328125 0.0998412109375 0.8866232421875 0.114205859375 0.880558203125 0.12569755859375 0.87864296875 0.1324009765625 0.85980927734375 0.15410751953125 0.8626822265625
0 0.34435888671875 0.92620576171875 0.34084755859375 0.92014072265625 0.339570703125 0.90322236328125 0.33510166015625 0.899391796875 0.329355859375 0.9051376953125 0.32392919921875 0.91918310546875 0.3044572265625 0.91854462890625 0.29328466796875 0.90992587890625 0.288496484375 0.89588046875 0.2977537109375 0.88119658203125 0.30573408203125 0.87672763671875 0.31531044921875 0.86363984375 0.32297158203125 0.84959443359375 0.329355859375 0.85023291015625 0.336059375 0.85278662109375 0.351381640625 0.86683203125 0.3593619140625 0.8677896484375 0.389048828125 0.85789404296875 0.39543310546875 0.85885166015625 0.38777197265625 0.900987890625 0.37500341796875 0.91407568359375 0.37244970703125 0.92716337890625 0.3558505859375 0.93578212890625 0.34435888671875 0.92620576171875
0 0.1226650390625 0.83331455078125 0.1124501953125 0.85278662109375 0.10319296875 0.86747041015625 0.098085546875 0.8866232421875 0.09680869140625 0.90162626953125 0.11053486328125 0.91407568359375 0.1022353515625 0.93514375 0.09074365234375 0.9463162109375 0.080848046875 0.9444009765625 0.07478291015625 0.93737822265625 0.070633203125 0.93227080078125 0.0581837890625 0.92492890625 0.057226171875 0.91758701171875 0.05690693359375 0.91503330078125 0.0495650390625 0.91152197265625 0.038392578125 0.9086490234375 0.031369921875 0.902583984375 0.01764365234375 0.8968380859375 0.0103017578125 0.8824734375 0.01062099609375 0.86300146484375 0.0205166015625 0.85470185546875 0.02179345703125 0.85023291015625 0.0118978515625 0.84097568359375 0.00966337890625 0.8352298828125 0.0103017578125 0.829483984375 0.02147421875 0.820865234375 0.029773828125 0.810650390625 0.0237087890625 0.7924552734375 0.029773828125 0.7806443359375 0.04190390625 0.7771330078125 0.05179951171875 0.77426005859375 0.05084189453125 0.759576171875 0.07542138671875 0.76500283203125 0.0885091796875 0.77074873046875 0.09585107421875 0.78511328125 0.1022353515625 0.798839453125 0.094893359375 0.81448095703125 0.1159615234375 0.81416171875 0.1226650390625 0.83331455078125
0 0.2431681640625 0.82565341796875 0.24428544921875 0.82453623046875 0.24971201171875 0.82038642578125 0.25146767578125 0.82166328125 0.25386181640625 0.8234189453125 0.25561748046875 0.82645146484375 0.25721357421875 0.82980322265625 0.25896923828125 0.8320376953125 0.2596076171875 0.83746435546875 0.259448046875 0.8406564453125 0.25912880859375 0.84448701171875 0.2600865234375 0.84767919921875 0.262640234375 0.84927529296875 0.2651939453125 0.85119052734375 0.26774765625 0.8559787109375 0.26886484375 0.8583728515625 0.2687052734375 0.86140537109375 0.26758798828125 0.8642783203125 0.26567275390625 0.86826845703125 0.26327861328125 0.87241826171875 0.26136337890625 0.87401435546875 0.2560962890625 0.874652734375 0.2525849609375 0.877844921875 0.25130810546875 0.88167548828125 0.24955244140625 0.88279267578125 0.24540263671875 0.8847080078125 0.2364646484375 0.88454833984375 0.2296015625 0.88343115234375 0.22130205078125 0.88263310546875 0.21810986328125 0.87944091796875 0.21555615234375 0.87577001953125 0.21076796875 0.8705029296875 0.20502216796875 0.8634802734375 0.20677783203125 0.85805361328125 0.21076796875 0.85103095703125 0.2048625 0.84001806640625 0.2192271484375 0.829483984375 0.22992080078125 0.8266111328125 0.2431681640625 0.82565341796875
0 0.20103193359375 0.85023291015625 0.20262802734375 0.8566171875 0.202947265625 0.86747041015625 0.19464765625 0.87768525390625 0.18060224609375 0.8824734375 0.15761884765625 0.87002412109375 0.1442119140625 0.8524673828125 0.1477232421875 0.84097568359375 0.1579380859375 0.82054599609375 0.16751455078125 0.8029892578125 0.18283681640625 0.79660498046875 0.18602890625 0.8250150390625 0.20103193359375 0.85023291015625
0 0.9735291015625 0.9922830078125 0.98629755859375 0.9769607421875 0.9990234375 0.973779296875 0.9990234375 0.9990234375 0.97387470703125 0.9990234375 0.9735291015625 0.9922830078125
0 0.96906005859375 0.99355986328125 0.96949716796875 0.9990234375 0.88598095703125 0.9990234375 0.88797978515625 0.99355986328125 0.899471484375 0.9769607421875 0.91798583984375 0.95780791015625 0.95118408203125 0.95397734375 0.97161376953125 0.97057646484375 0.96906005859375 0.99355986328125
0 0.90840947265625 0.94104921875 0.9063345703125 0.9555734375 0.9039404296875 0.96371337890625 0.89899267578125 0.972012890625 0.89468330078125 0.9742474609375 0.88351083984375 0.97472626953125 0.87074228515625 0.97552431640625 0.8592505859375 0.9785568359375 0.84456669921875 0.98941005859375 0.83514990234375 0.99196376953125 0.827967578125 0.985419921875 0.820146875 0.9734494140625 0.81360302734375 0.9624365234375 0.8124857421875 0.94759306640625 0.812326171875 0.935941796875 0.81791240234375 0.927323046875 0.8294041015625 0.918225390625 0.84376865234375 0.9070529296875 0.85206826171875 0.89795537109375 0.86994423828125 0.89284794921875 0.90840947265625 0.94104921875
0 0.9899685546875 0.94057041015625 0.961877734375 0.94312412109375 0.94783232421875 0.94599697265625 0.93155244140625 0.952062109375 0.90920751953125 0.94823154296875 0.89133154296875 0.9239712890625 0.877924609375 0.90577607421875 0.881755078125 0.88853857421875 0.8986734375 0.88343115234375 0.92899873046875 0.882154296875 0.95102451171875 0.86204384765625 0.943044140625 0.839698828125 0.96028173828125 0.83459140625 0.98007294921875 0.84321015625 0.99731044921875 0.85821328125 0.9990234375 0.85935517578125 0.9990234375 0.9402033203125 0.9899685546875 0.94057041015625
0 0.99651240234375 0.858532421875 0.99188388671875 0.85438271484375 0.9864572265625 0.83762392578125 0.98693603515625 0.82900517578125 0.9875744140625 0.8215037109375 0.99124541015625 0.81192724609375 0.9966720703125 0.8096927734375 0.9990234375 0.80925185546875 0.9990234375 0.8604275390625 0.99651240234375 0.858532421875
0 0.89484287109375 0.761172265625 0.90250400390625 0.786709375 0.91112275390625 0.8071390625 0.91271884765625 0.8080966796875 0.92101845703125 0.809054296875 0.92740263671875 0.8080966796875 0.934425390625 0.8080966796875 0.94080966796875 0.813842578125 0.9420865234375 0.822461328125 0.9436826171875 0.83395302734375 0.944640234375 0.842891015625 0.9471939453125 0.84416787109375 0.95453583984375 0.84512548828125 0.9558126953125 0.8473599609375 0.951662890625 0.86140537109375 0.9455978515625 0.87002412109375 0.941448046875 0.8764083984375 0.9283603515625 0.88534638671875 0.9197416015625 0.88534638671875 0.91367646484375 0.8760892578125 0.9072921875 0.86651279296875 0.90346162109375 0.8661935546875 0.89739658203125 0.8738546875 0.88845859375 0.880558203125 0.88047822265625 0.887580859375 0.864517578125 0.89109228515625 0.8405765625 0.88694248046875 0.81376259765625 0.88343115234375 0.79844033203125 0.870343359375 0.79397138671875 0.85502109375 0.79077919921875 0.834272265625 0.78950234375 0.822461328125 0.794290625 0.80777744140625 0.8006748046875 0.7985203125 0.806420703125 0.7924552734375 0.8083359375 0.784794140625 0.81184736328125 0.7755369140625 0.813443359375 0.76819501953125 0.81535869140625 0.75478798828125 0.82653115234375 0.74776533203125 0.8466416015625 0.743934765625 0.85111064453125 0.73595439453125 0.8728171875 0.73180458984375 0.89484287109375 0.761172265625
0 0.9990234375 0.6164765625 0.9990234375 0.7954697265625 0.97104697265625 0.79475244140625 0.93295068359375 0.7820537109375 0.936125390625 0.71221044921875 0.9662849609375 0.68205087890625 0.9662849609375 0.655066015625 0.9583482421875 0.62966845703125 0.9990234375 0.6164765625
0 0.9805517578125 0.6168876953125 0.96969853515625 0.62391044921875 0.95884521484375 0.627741015625 0.95182255859375 0.63795576171875 0.93650029296875 0.64370166015625 0.9224548828125 0.641786328125 0.91862431640625 0.6219951171875 0.94863037109375 0.5996501953125 0.94671513671875 0.59071220703125 0.9428845703125 0.56134453125 0.92820068359375 0.5415533203125 0.95884521484375 0.5307 0.97991337890625 0.535807421875 0.9990234375 0.517259375 0.9990234375 0.621109765625 0.9805517578125 0.6168876953125
0 0.94392197265625 0.59988955078125 0.93626083984375 0.60850830078125 0.92604599609375 0.61265810546875 0.9203001953125 0.61616943359375 0.91646962890625 0.62287294921875 0.916150390625 0.62606513671875 0.91040458984375 0.62606513671875 0.8947630859375 0.61872314453125 0.89252861328125 0.61297734375 0.89189013671875 0.61106201171875 0.89189013671875 0.6018048828125 0.887101953125 0.597655078125 0.88678271484375 0.5966974609375 0.883590625 0.59542060546875 0.880079296875 0.59542060546875 0.8743333984375 0.6002087890625 0.869864453125 0.60403935546875 0.85518056640625 0.6088275390625 0.84464658203125 0.61106201171875 0.84145439453125 0.61010439453125 0.83634697265625 0.61010439453125 0.83443173828125 0.6069123046875 0.8331548828125 0.60116640625 0.83570859375 0.59542060546875 0.84273125 0.58680185546875 0.84305048828125 0.5829712890625 0.84113515625 0.577225390625 0.8385814453125 0.5711603515625 0.839219921875 0.5625416015625 0.83985830078125 0.5609455078125 0.8401775390625 0.5593494140625 0.8401775390625 0.544665625 0.84113515625 0.5354083984375 0.85007314453125 0.5216822265625 0.85262685546875 0.52040537109375 0.87209892578125 0.51689404296875 0.8826330078125 0.5156171875 0.88167529296875 0.49582587890625 0.8912517578125 0.4942298828125 0.8963591796875 0.50604072265625 0.8982744140625 0.512105859375 0.90306259765625 0.51370185546875 0.90880849609375 0.5200861328125 0.9116814453125 0.5267896484375 0.9116814453125 0.52710888671875 0.91646962890625 0.53477001953125 0.9203001953125 0.537962109375 0.92604599609375 0.5405158203125 0.927961328125 0.5440271484375 0.93019580078125 0.5488154296875 0.93434560546875 0.55519970703125 0.93466474609375 0.5577533203125 0.9407298828125 0.57754462890625 0.94392197265625 0.59988955078125
0 0.37484384765625 0.804744921875 0.375641796875 0.80873515625 0.376120703125 0.81336376953125 0.37643984375 0.81847109375 0.378833984375 0.82278056640625 0.3821857421875 0.82533427734375 0.38601630859375 0.82724951171875 0.38793154296875 0.83028203125 0.39639072265625 0.8363470703125 0.400380859375 0.83762392578125 0.400380859375 0.83826240234375 0.4002212890625 0.83890078125 0.3986251953125 0.84241220703125 0.3967099609375 0.8473599609375 0.3952734375 0.85007333984375 0.39208134765625 0.853425 0.38825078125 0.8566171875 0.3856970703125 0.8566171875 0.3797916015625 0.8559787109375 0.377237890625 0.85805361328125 0.375641796875 0.8607669921875 0.36925751953125 0.8652359375 0.36558662109375 0.86667236328125 0.35521220703125 0.8661935546875 0.3483490234375 0.86236298828125 0.3414859375 0.85901123046875 0.3287173828125 0.85182900390625 0.3240888671875 0.84847724609375 0.32041787109375 0.8446466796875 0.31531044921875 0.838581640625 0.3157892578125 0.83315498046875 0.31770458984375 0.826770703125 0.31435283203125 0.819269140625 0.316746875 0.80841591796875 0.32265234375 0.80251044921875 0.33494208984375 0.8028296875 0.33749580078125 0.8021912109375 0.33988994140625 0.7959666015625 0.348189453125 0.79133798828125 0.35473330078125 0.79405126953125 0.368619140625 0.80314892578125 0.37484384765625 0.804744921875
0 0.22688828125 0.7723447265625 0.2361455078125 0.77968671875 0.24189130859375 0.78830546875 0.24636025390625 0.80330849609375 0.239018359375 0.819269140625 0.2176310546875 0.82980322265625 0.2055009765625 0.84097568359375 0.192732421875 0.8403373046875 0.18602890625 0.8112888671875 0.1844328125 0.793412890625 0.2003935546875 0.78128271484375 0.22688828125 0.7723447265625
0 0.313235546875 0.719195703125 0.31531044921875 0.72382431640625 0.32584453125 0.733719921875 0.341166796875 0.74010419921875 0.34946630859375 0.73946572265625 0.35441416015625 0.74170029296875 0.3531373046875 0.750957421875 0.35026435546875 0.76484326171875 0.33653818359375 0.77856943359375 0.3283982421875 0.78303837890625 0.3181833984375 0.79117841796875 0.308128125 0.79979716796875 0.28977333984375 0.79979716796875 0.2747703125 0.7942109375 0.26583232421875 0.790220703125 0.26024609375 0.7748984375 0.262161328125 0.75925703125 0.2703013671875 0.7484037109375 0.2704609375 0.739625390625 0.2824314453125 0.72158974609375 0.29232705078125 0.714886328125 0.313235546875 0.719195703125
0 0.10343232421875 0.6991650390625 0.107262890625 0.70810302734375 0.1063052734375 0.71736025390625 0.09736728515625 0.7247021484375 0.09640966796875 0.73044794921875 0.0925791015625 0.7400244140625 0.08427958984375 0.74640869140625 0.08012978515625 0.75247373046875 0.06161533203125 0.75758115234375 0.04533544921875 0.757900390625 0.03767431640625 0.7505583984375 0.030332421875 0.7572619140625 0.0258634765625 0.7502392578125 0.02299052734375 0.7282134765625 0.02043681640625 0.7144873046875 0.01022197265625 0.70554931640625 0.00160322265625 0.6959728515625 0.00766826171875 0.67905458984375 0.018521484375 0.6701166015625 0.0360783203125 0.657348046875 0.0533158203125 0.65192138671875 0.0737455078125 0.654155859375 0.081406640625 0.66820126953125 0.107262890625 0.68160830078125 0.10343232421875 0.6991650390625
0 0.36534716796875 0.6769796875 0.3647087890625 0.6862369140625 0.363751171875 0.7015591796875 0.36502802734375 0.7120931640625 0.36438955078125 0.7264578125 0.35864375 0.73443818359375 0.348748046875 0.738587890625 0.33182978515625 0.73475732421875 0.31906123046875 0.7290115234375 0.3136345703125 0.71847744140625 0.30469658203125 0.71847744140625 0.29288564453125 0.71400849609375 0.2932048828125 0.6967708984375 0.2963970703125 0.680491015625 0.3066119140625 0.670276171875 0.3187419921875 0.660061328125 0.3324681640625 0.65814609375 0.35002490234375 0.6658072265625 0.36534716796875 0.6769796875
0 0.26096435546875 0.73667265625 0.2539416015625 0.74241845703125 0.24213076171875 0.74912197265625 0.23191591796875 0.7462490234375 0.22265869140625 0.7408224609375 0.20989013671875 0.73028837890625 0.20222900390625 0.72262724609375 0.2079748046875 0.70570888671875 0.21499755859375 0.69772861328125 0.21659365234375 0.688790625 0.2127630859375 0.678894921875 0.21659365234375 0.6712337890625 0.22202021484375 0.6693185546875 0.23446962890625 0.6709146484375 0.23957705078125 0.66516875 0.25681455078125 0.64601591796875 0.26639091796875 0.6504849609375 0.2657525390625 0.6677224609375 0.27469052734375 0.67921416015625 0.28330927734375 0.6881521484375 0.2896935546875 0.7050705078125 0.28650146484375 0.7203927734375 0.26958310546875 0.73731103515625 0.26096435546875 0.73667265625
0 0.21180537109375 0.590153515625 0.22521240234375 0.59909150390625 0.22617001953125 0.60483740234375 0.2181896484375 0.61600986328125 0.222339453125 0.62718232421875 0.22776611328125 0.63292822265625 0.23638486328125 0.63835478515625 0.24500361328125 0.64154697265625 0.2472380859375 0.64410068359375 0.24819580078125 0.64665439453125 0.2478765625 0.64856962890625 0.2437267578125 0.6571884765625 0.24149228515625 0.66197666015625 0.23766171875 0.66963779296875 0.230958203125 0.67219150390625 0.2229779296875 0.668680078125 0.21595517578125 0.66899931640625 0.2127630859375 0.67506435546875 0.2162744140625 0.68081025390625 0.21914736328125 0.6855984375 0.2162744140625 0.69453642578125 0.2095708984375 0.7050705078125 0.2025482421875 0.71337001953125 0.19297177734375 0.711135546875 0.19105654296875 0.7053896484375 0.186268359375 0.69964384765625 0.18020322265625 0.693898046875 0.172861328125 0.68847138671875 0.16551943359375 0.67059541015625 0.16073125 0.66740322265625 0.15179326171875 0.66740322265625 0.14764345703125 0.6728298828125 0.1463666015625 0.67921416015625 0.143812890625 0.6862369140625 0.13583251953125 0.69262119140625 0.12370244140625 0.690705859375 0.116360546875 0.68432158203125 0.106145703125 0.67538359375 0.1055072265625 0.65080419921875 0.1106146484375 0.64633515625 0.114764453125 0.64410068359375 0.11189150390625 0.63228974609375 0.13487490234375 0.6128177734375 0.14317451171875 0.6112216796875 0.1652001953125 0.6080294921875 0.17062685546875 0.60547578125 0.1821185546875 0.59366494140625 0.201909765625 0.58536533203125 0.21180537109375 0.590153515625
0 0.085716015625 0.6179251953125 0.08635439453125 0.6182443359375 0.08763125 0.62207490234375 0.08922734375 0.62622470703125 0.09050419921875 0.62782080078125 0.09305791015625 0.62973603515625 0.09784609375 0.63133212890625 0.1019958984375 0.63484345703125 0.10997626953125 0.6421853515625 0.1102955078125 0.644419921875 0.10838017578125 0.6472927734375 0.1055072265625 0.65942294921875 0.1071033203125 0.66804169921875 0.1055072265625 0.67666044921875 0.08348154296875 0.67506435546875 0.0764587890625 0.65846533203125 0.0643287109375 0.6524001953125 0.046452734375 0.65591162109375 0.03336494140625 0.65686923828125 0.03815322265625 0.63739716796875 0.046452734375 0.6316513671875 0.056667578125 0.6316513671875 0.06560556640625 0.62973603515625 0.085716015625 0.6179251953125
0 0.08284306640625 0.56046669921875 0.08858896484375 0.56812783203125 0.09465400390625 0.57578896484375 0.09625009765625 0.5754697265625 0.10391123046875 0.5754697265625 0.10646494140625 0.57834267578125 0.1086994140625 0.581534765625 0.106145703125 0.5927072265625 0.0968884765625 0.6102640625 0.08284306640625 0.61760595703125 0.0694361328125 0.6265439453125 0.05283701171875 0.63388583984375 0.03974921875 0.62813994140625 0.0458142578125 0.60132607421875 0.04421826171875 0.58121552734375 0.05315625 0.56748935546875 0.07039375 0.55791298828125 0.08284306640625 0.56046669921875
0 0.0172447265625 0.472842578125 0.0191599609375 0.47443857421875 0.02714033203125 0.48561103515625 0.02714033203125 0.4961451171875 0.025225 0.5047638671875 0.0210751953125 0.510509765625 0.0124564453125 0.5200861328125 0.0079875 0.5267896484375 0 0.53384833984375 0 0.46422646484375 0.00000712890625 0.46422373046875 0.0172447265625 0.472842578125
0 0.7836767578125 0.59893193359375 0.79038017578125 0.5995703125 0.796764453125 0.6021240234375 0.80346796875 0.60563544921875 0.80346796875 0.61074287109375 0.80378720703125 0.61297734375 0.80666015625 0.6174462890625 0.810490625 0.6190423828125 0.8146404296875 0.62 0.8181517578125 0.6225537109375 0.82262080078125 0.6273419921875 0.8315587890625 0.635003125 0.83475087890625 0.63627998046875 0.83634697265625 0.63915283203125 0.83730458984375 0.64202578125 0.83730458984375 0.6512830078125 0.8385814453125 0.660859375 0.839219921875 0.6669244140625 0.8331548828125 0.67490478515625 0.83187802734375 0.67586240234375 0.8283666015625 0.6768201171875 0.82517451171875 0.6771392578125 0.81942861328125 0.677777734375 0.808575390625 0.677777734375 0.808575390625 0.683204296875 0.80666015625 0.686396484375 0.80570244140625 0.687992578125 0.80378720703125 0.6905462890625 0.80314873046875 0.69182314453125 0.80123349609375 0.695015234375 0.80059501953125 0.69884580078125 0.796764453125 0.70459169921875 0.79038017578125 0.7093798828125 0.78239990234375 0.71321044921875 0.7734619140625 0.715444921875 0.7728234375 0.7179986328125 0.77058896484375 0.72342529296875 0.76356630859375 0.724063671875 0.7565435546875 0.72597900390625 0.7530322265625 0.7298095703125 0.75015927734375 0.73300166015625 0.74217890625 0.7368322265625 0.73675234375 0.73970517578125 0.72494140625 0.7419396484375 0.71696103515625 0.73970517578125 0.711215234375 0.73778984375 0.7070654296875 0.7352361328125 0.70483095703125 0.72853271484375 0.701000390625 0.7231060546875 0.699404296875 0.71767939453125 0.69812744140625 0.71480654296875 0.6933392578125 0.713848828125 0.6866357421875 0.71193359375 0.6901470703125 0.705230078125 0.6898279296875 0.7007611328125 0.6882318359375 0.6956537109375 0.6831244140625 0.69437685546875 0.67546328125 0.69182314453125 0.67418642578125 0.6857580078125 0.68025146484375 0.68001220703125 0.67833623046875 0.679373828125 0.67259033203125 0.67809697265625 0.66556767578125 0.67490478515625 0.6575873046875 0.669158984375 0.6559912109375 0.6618169921875 0.65694892578125 0.65511357421875 0.65503359375 0.64936767578125 0.65184150390625 0.64585634765625 0.64769169921875 0.64426025390625 0.64194580078125 0.64426025390625 0.63651923828125 0.63308779296875 0.6368384765625 0.62702275390625 0.6438611328125 0.61776552734375 0.6473724609375 0.61585029296875 0.6610986328125 0.61010439453125 0.66556767578125 0.60244326171875 0.66971748046875 0.59478212890625 0.67163271484375 0.59127080078125 0.67482490234375 0.5883978515625 0.6796130859375 0.58680185546875 0.68599736328125 0.5864826171875 0.69110478515625 0.585844140625 0.70323486328125 0.5864826171875 0.70993837890625 0.58935556640625 0.71249208984375 0.59031318359375 0.71791875 0.5915900390625 0.72462216796875 0.59190927734375 0.7274951171875 0.58392890625 0.73324091796875 0.5762677734375 0.73739072265625 0.57594853515625 0.7447326171875 0.57914072265625 0.74856318359375 0.58265205078125 0.75111689453125 0.5899939453125 0.7546283203125 0.59701669921875 0.75941650390625 0.60659306640625 0.7667583984375 0.6139349609375 0.7836767578125 0.59893193359375
0 0.58424794921875 0.617526171875 0.5855248046875 0.61944140625 0.5931859375 0.64050947265625 0.591270703125 0.64817060546875 0.5855248046875 0.6596623046875 0.58169423828125 0.66891953125 0.57435234375 0.6759421875 0.57052177734375 0.68232646484375 0.5641375 0.69254130859375 0.5596685546875 0.69796796875 0.54658076171875 0.70339462890625 0.5274279296875 0.7072251953125 0.5085943359375 0.69669111328125 0.5018908203125 0.68392255859375 0.51082880859375 0.66923876953125 0.533173828125 0.6545548828125 0.5239166015625 0.631571484375 0.533173828125 0.62071826171875 0.55871083984375 0.6101841796875 0.58424794921875 0.617526171875
0 0.353536328125 0.579938671875 0.38896904296875 0.579938671875 0.40173759765625 0.60004921875 0.40429130859375 0.60930634765625 0.41386767578125 0.61760595703125 0.42344404296875 0.61441376953125 0.440681640625 0.6182443359375 0.45281171875 0.63324736328125 0.452492578125 0.64569677734375 0.442596875 0.65782685546875 0.43589345703125 0.66740322265625 0.42759384765625 0.6709146484375 0.425359375 0.6814486328125 0.42057119140625 0.689109765625 0.4161021484375 0.69262119140625 0.4090794921875 0.69453642578125 0.39503408203125 0.6964517578125 0.3886498046875 0.69964384765625 0.380988671875 0.702516796875 0.37109306640625 0.70028232421875 0.3663048828125 0.6916634765625 0.36247431640625 0.68017177734375 0.35481318359375 0.6712337890625 0.3391716796875 0.66229580078125 0.3270416015625 0.6555923828125 0.31906123046875 0.64825048828125 0.314273046875 0.639631640625 0.30980400390625 0.622394140625 0.31395380859375 0.61505224609375 0.33278740234375 0.60994482421875 0.35257861328125 0.60930634765625 0.34555595703125 0.59621865234375 0.353536328125 0.579938671875
0 0.488803125 0.68551865234375 0.4862494140625 0.685837890625 0.4744384765625 0.684241796875 0.4626275390625 0.67721904296875 0.453051171875 0.6679619140625 0.44826298828125 0.65806630859375 0.44953984375 0.64625537109375 0.449858984375 0.63125234375 0.43645205078125 0.6200798828125 0.42208740234375 0.61656845703125 0.4163416015625 0.6117802734375 0.422406640625 0.60539599609375 0.4386865234375 0.59358505859375 0.45081669921875 0.586881640625 0.4712462890625 0.58305107421875 0.49359130859375 0.59518115234375 0.51338251953125 0.6219951171875 0.53125849609375 0.6491283203125 0.488803125 0.68551865234375
0 0.4303072265625 0.54929423828125 0.4349357421875 0.55041142578125 0.43525498046875 0.55025185546875 0.439085546875 0.5488154296875 0.44467177734375 0.55200751953125 0.4475447265625 0.55488046875 0.44818310546875 0.55695537109375 0.44626787109375 0.561903125 0.4448314453125 0.56924501953125 0.440681640625 0.57690615234375 0.44020283203125 0.58201357421875 0.44036240234375 0.5848865234375 0.43940478515625 0.590632421875 0.4349357421875 0.59893193359375 0.43349931640625 0.6018048828125 0.4244017578125 0.60739111328125 0.41626181640625 0.60116640625 0.4098775390625 0.60818916015625 0.4074833984375 0.6080294921875 0.40093955078125 0.5986126953125 0.398226171875 0.59111123046875 0.3920015625 0.5840884765625 0.3862556640625 0.57690615234375 0.3845 0.56988349609375 0.3845 0.5636587890625 0.386894140625 0.55759375 0.39327841796875 0.55009228515625 0.397428125 0.54275029296875 0.40205673828125 0.53939853515625 0.41721943359375 0.53413154296875 0.4306263671875 0.53397197265625 0.4303072265625 0.54929423828125
0 0.55009208984375 0.56613271484375 0.550411328125 0.56677119140625 0.55551875 0.580178125 0.56030693359375 0.59358505859375 0.55073056640625 0.60699208984375 0.5408349609375 0.61114189453125 0.5264703125 0.61082265625 0.5137017578125 0.6047576171875 0.50029482421875 0.5964580078125 0.489122265625 0.58752001953125 0.47922666015625 0.5859240234375 0.4661388671875 0.580178125 0.45337041015625 0.5638982421875 0.4473052734375 0.5504912109375 0.44666689453125 0.5364458984375 0.46039306640625 0.5307 0.48752626953125 0.53038076171875 0.55009208984375 0.56613271484375
0 0.65184150390625 0.6037201171875 0.63907294921875 0.61297734375 0.62758125 0.61425419921875 0.624069921875 0.61138125 0.62023935546875 0.6053162109375 0.61417421875 0.599251171875 0.6097052734375 0.5935052734375 0.6061939453125 0.587440234375 0.6061939453125 0.57945986328125 0.61034365234375 0.57339482421875 0.61513193359375 0.56477607421875 0.62055849609375 0.559987890625 0.6250275390625 0.55360361328125 0.6269427734375 0.54179267578125 0.6269427734375 0.51402109375 0.62821962890625 0.50508310546875 0.634284765625 0.49678359375 0.64418037109375 0.48816474609375 0.65216064453125 0.48273818359375 0.658544921875 0.479865234375 0.66812138671875 0.47763076171875 0.67769775390625 0.47954599609375 0.69142392578125 0.48273818359375 0.69908505859375 0.4833765625 0.70387333984375 0.48114208984375 0.708023046875 0.47763076171875 0.71408818359375 0.4722041015625 0.7290912109375 0.4619892578125 0.74345576171875 0.4635853515625 0.75367060546875 0.46486220703125 0.76388544921875 0.46645830078125 0.77729248046875 0.46996962890625 0.78271904296875 0.47411943359375 0.788145703125 0.4824189453125 0.79101865234375 0.4926337890625 0.79101865234375 0.497102734375 0.79484921875 0.4977412109375 0.80059501953125 0.4993373046875 0.8050640625 0.49678359375 0.8146404296875 0.49678359375 0.83123955078125 0.50157177734375 0.837623828125 0.50348701171875 0.8459234375 0.50923291015625 0.85007314453125 0.51721318359375 0.8459234375 0.52391669921875 0.84209287109375 0.527747265625 0.8382623046875 0.5338123046875 0.840816015625 0.54083505859375 0.84209287109375 0.54785771484375 0.83698544921875 0.55264599609375 0.83538935546875 0.556795703125 0.83475087890625 0.5628607421875 0.83570859375 0.5676490234375 0.83570859375 0.58009833984375 0.83283564453125 0.58775947265625 0.83443173828125 0.59382451171875 0.83283564453125 0.6002087890625 0.83251640625 0.6021240234375 0.829005078125 0.604677734375 0.82166318359375 0.60499697265625 0.81336357421875 0.60659306640625 0.80666015625 0.60595458984375 0.8009142578125 0.604677734375 0.79165703125 0.5995703125 0.7820806640625 0.5982935546875 0.77505791015625 0.596058984375 0.7718658203125 0.59446298828125 0.7702697265625 0.5880787109375 0.7642046875 0.58871708984375 0.7546283203125 0.5899939453125 0.752074609375 0.58392890625 0.74760556640625 0.57850224609375 0.7444134765625 0.57658701171875 0.73356015625 0.57499091796875 0.73036806640625 0.57754462890625 0.7274951171875 0.585525 0.72462216796875 0.5883978515625 0.71696103515625 0.5899939453125 0.71089599609375 0.5899939453125 0.7061078125 0.58616337890625 0.701000390625 0.58456728515625 0.69461611328125 0.585525 0.6866357421875 0.58775947265625 0.68184755859375 0.58871708984375 0.677059375 0.58871708984375 0.66301396484375 0.60659306640625 0.65184150390625 0.6037201171875
0 0.63907294921875 0.49806044921875 0.62981572265625 0.5028486328125 0.62311220703125 0.51114814453125 0.6215162109375 0.51880927734375 0.6234314453125 0.52902412109375 0.62821962890625 0.54243115234375 0.62726201171875 0.55009228515625 0.624069921875 0.5577533203125 0.61960087890625 0.56413759765625 0.61513193359375 0.56892587890625 0.60842841796875 0.57435244140625 0.60268251953125 0.577225390625 0.59310615234375 0.580417578125 0.5739533203125 0.5676490234375 0.564376953125 0.55871103515625 0.55735419921875 0.5488154296875 0.543947265625 0.541154296875 0.5458625 0.5558380859375 0.5429896484375 0.56381845703125 0.54011669921875 0.56413759765625 0.52990185546875 0.55807255859375 0.51298349609375 0.544665625 0.49670361328125 0.536046875 0.49159619140625 0.52391669921875 0.4970228515625 0.50508310546875 0.50691845703125 0.4942298828125 0.5168140625 0.4824189453125 0.5244751953125 0.479865234375 0.53692451171875 0.478269140625 0.54522412109375 0.47092724609375 0.5618232421875 0.45560498046875 0.58289130859375 0.447624609375 0.61289736328125 0.452412890625 0.62470830078125 0.461031640625 0.6387537109375 0.4808228515625 0.63907294921875 0.49806044921875
0 0.491276953125 0.43230244140625 0.504683984375 0.4294294921875 0.51904853515625 0.43070634765625 0.52734814453125 0.4262373046875 0.5397974609375 0.41378798828125 0.54969306640625 0.41123427734375 0.55799267578125 0.41506484375 0.56246162109375 0.421768359375 0.56501533203125 0.4313447265625 0.5618232421875 0.4431556640625 0.55990791015625 0.45400888671875 0.54426650390625 0.4722041015625 0.51553720703125 0.4843341796875 0.5091529296875 0.488483984375 0.4970228515625 0.4945490234375 0.4986189453125 0.5069984375 0.496065234375 0.5146595703125 0.487765625 0.52200146484375 0.463824609375 0.51944775390625 0.44626787109375 0.49742197265625 0.43764912109375 0.4792267578125 0.43445693359375 0.45911630859375 0.44116044921875 0.4431556640625 0.45712109375 0.4364521484375 0.472443359375 0.43230244140625 0.47691240234375 0.449220703125 0.491276953125 0.43230244140625
0 0.773621484375 0.46853310546875 0.772025390625 0.46821396484375 0.763406640625 0.46725625 0.75191494140625 0.46310654296875 0.74840361328125 0.46310654296875 0.74106171875 0.46246806640625 0.73244296875 0.46055283203125 0.72893154296875 0.4611912109375 0.72350498046875 0.46310654296875 0.717120703125 0.46757548828125 0.7113748046875 0.473959765625 0.70211767578125 0.484174609375 0.6992447265625 0.487366796875 0.69190283203125 0.48449384765625 0.686476171875 0.48385537109375 0.6781765625 0.48034404296875 0.6670041015625 0.47332138671875 0.6523203125 0.47587509765625 0.6414669921875 0.4698099609375 0.63731728515625 0.46310654296875 0.63572119140625 0.45895673828125 0.6379556640625 0.44299609375 0.64529755859375 0.4321427734375 0.6497666015625 0.42926982421875 0.65934296875 0.42895068359375 0.6756228515625 0.42735458984375 0.677857421875 0.426077734375 0.68424169921875 0.422885546875 0.68934912109375 0.41873583984375 0.6957333984375 0.41075546875 0.7113748046875 0.41011708984375 0.71584384765625 0.41362841796875 0.72127041015625 0.417458984375 0.725739453125 0.4235240234375 0.7298892578125 0.4270353515625 0.7369119140625 0.4302275390625 0.7487228515625 0.436292578125 0.756703125 0.43756943359375 0.7624490234375 0.44203837890625 0.77489833984375 0.4525724609375 0.77872890625 0.46342568359375 0.773621484375 0.46853310546875
0 0.98637744140625 0.4651814453125 0.991165625 0.47699228515625 0.99435771484375 0.4859302734375 0.99499619140625 0.49135693359375 0.99340009765625 0.49742197265625 0.9905271484375 0.49997568359375 0.98829267578125 0.500294921875 0.9819083984375 0.4926337890625 0.97775859375 0.49071845703125 0.974247265625 0.49039931640625 0.9768009765625 0.4993373046875 0.97360888671875 0.50316787109375 0.9621171875 0.50380625 0.95924423828125 0.50157177734375 0.95573291015625 0.49646435546875 0.94871015625 0.48784560546875 0.946794921875 0.486887890625 0.94232587890625 0.48976083984375 0.93689931640625 0.4891224609375 0.93434560546875 0.48784560546875 0.93274951171875 0.48784560546875 0.93019580078125 0.49742197265625 0.926365234375 0.50380625 0.9218962890625 0.5069984375 0.9126390625 0.50763681640625 0.90625478515625 0.5063599609375 0.90114736328125 0.5063599609375 0.888698046875 0.49391064453125 0.88231376953125 0.4891224609375 0.87114130859375 0.4891224609375 0.86284169921875 0.490080078125 0.85326533203125 0.49071845703125 0.846242578125 0.49295302734375 0.84145439453125 0.49550673828125 0.8341125 0.49678359375 0.8280474609375 0.49837958984375 0.825812890625 0.49901806640625 0.8213439453125 0.4993373046875 0.8146404296875 0.49837958984375 0.80825615234375 0.4977412109375 0.80314873046875 0.4961451171875 0.801552734375 0.4926337890625 0.8009142578125 0.4875263671875 0.8044255859375 0.4840150390625 0.8009142578125 0.47858837890625 0.798360546875 0.47411943359375 0.79772216796875 0.4702888671875 0.80059501953125 0.46326611328125 0.80378720703125 0.4600740234375 0.8079369140625 0.4549666015625 0.80985224609375 0.4498591796875 0.80985224609375 0.4431556640625 0.80921376953125 0.43357919921875 0.808575390625 0.42719501953125 0.808575390625 0.42368359375 0.81176748046875 0.4192146484375 0.8146404296875 0.4176185546875 0.82102470703125 0.421768359375 0.82964345703125 0.42208759765625 0.83251640625 0.42144912109375 0.83730458984375 0.418576171875 0.847838671875 0.41187275390625 0.85326533203125 0.41793779296875 0.8539037109375 0.4208107421875 0.85773427734375 0.42368359375 0.87050283203125 0.42687578125 0.87880244140625 0.42655654296875 0.88678271484375 0.4348560546875 0.89029404296875 0.43868662109375 0.8912517578125 0.439005859375 0.89252861328125 0.43772900390625 0.8966783203125 0.42911025390625 0.89859365234375 0.428471875 0.904339453125 0.43006787109375 0.91136220703125 0.43517529296875 0.91838486328125 0.439005859375 0.9218962890625 0.4399634765625 0.92508837890625 0.44187880859375 0.929557421875 0.44602861328125 0.9340263671875 0.450816796875 0.93881455078125 0.452412890625 0.94456044921875 0.4552857421875 0.95030625 0.45592421875 0.95509443359375 0.45305126953125 0.95988271484375 0.45815869140625 0.96084033203125 0.459435546875 0.96690537109375 0.4533705078125 0.98637744140625 0.4651814453125
0 0.9931607421875 0.4528119140625 0.98518037109375 0.4435546875 0.9797537109375 0.4445123046875 0.9730501953125 0.44419306640625 0.9711349609375 0.43908564453125 0.96634677734375 0.4272748046875 0.96826201171875 0.4221673828125 0.97241181640625 0.41578310546875 0.97432705078125 0.410994921875 0.9727310546875 0.40716435546875 0.9730501953125 0.40301455078125 0.9730501953125 0.397587890625 0.97560390625 0.39120361328125 0.98581875 0.3899267578125 0.992522265625 0.3854578125 0.9982681640625 0.37811591796875 0.9990234375 0.37615205078125 0.9990234375 0.4610197265625 0.9931607421875 0.4528119140625
0 0.8599328125 0.405852734375 0.85517080078125 0.34712099609375 0.90914052734375 0.32489814453125 0.9742216796875 0.32489814453125 0.9821583984375 0.366169140625 0.96469765625 0.42648828125 0.9186646484375 0.43918701171875 0.8599328125 0.405852734375
0 0.81160791015625 0.35760634765625 0.81160791015625 0.3585640625 0.81080986328125 0.35920244140625 0.80921376953125 0.35808525390625 0.8060216796875 0.356169921875 0.80394677734375 0.35313740234375 0.799956640625 0.349147265625 0.79788173828125 0.3477107421875 0.7964453125 0.34723193359375 0.79293388671875 0.344837890625 0.79038017578125 0.34052841796875 0.788145703125 0.3355806640625 0.78942255859375 0.3304732421875 0.79022060546875 0.32760029296875 0.7879861328125 0.32233330078125 0.7879861328125 0.32057763671875 0.78734765625 0.31738544921875 0.78670927734375 0.31467216796875 0.78670927734375 0.3108416015625 0.78686884765625 0.309405078125 0.7891033203125 0.30589375 0.7906994140625 0.3041380859375 0.7964453125 0.301584375 0.799956640625 0.3025419921875 0.80027587890625 0.302382421875 0.80043544921875 0.3004671875 0.801552734375 0.296476953125 0.805862109375 0.29456171875 0.8084158203125 0.2963173828125 0.81001181640625 0.29839228515625 0.8135232421875 0.30174404296875 0.81575771484375 0.3033400390625 0.81751337890625 0.30349970703125 0.821503515625 0.30429775390625 0.82677060546875 0.305574609375 0.831718359375 0.30621298828125 0.834910546875 0.3081283203125 0.838421875 0.309883984375 0.84145439453125 0.3133953125 0.84161396484375 0.31658740234375 0.840337109375 0.32520625 0.84225244140625 0.32839833984375 0.840337109375 0.33079248046875 0.8385814453125 0.33190966796875 0.83698544921875 0.333026953125 0.83395283203125 0.33621904296875 0.8331548828125 0.33845361328125 0.8326759765625 0.3418052734375 0.830122265625 0.34515703125 0.82788779296875 0.34882802734375 0.82198232421875 0.3528181640625 0.8138423828125 0.35154130859375 0.81160791015625 0.35760634765625
0 0.99731044921875 0.339491015625 0.99124541015625 0.33885263671875 0.97911533203125 0.33151064453125 0.9653890625 0.32129580078125 0.96826201171875 0.3145923828125 0.97496552734375 0.31171943359375 0.973688671875 0.30565439453125 0.96730439453125 0.30054697265625 0.9676236328125 0.2960779296875 0.970496484375 0.28713994140625 0.975284765625 0.2858630859375 0.9829458984375 0.28618232421875 0.995714453125 0.2906513671875 0.9990234375 0.2902935546875 0.9990234375 0.339491015625 0.99731044921875 0.339491015625
0 0.93466474609375 0.22034453125 0.93019580078125 0.21842919921875 0.91966171875 0.20981044921875 0.9270037109375 0.19959560546875 0.93019580078125 0.18938076171875 0.9356224609375 0.1865078125 0.9493486328125 0.19289208984375 0.9579673828125 0.203426171875 0.96243642578125 0.20981044921875 0.96020185546875 0.19768037109375 0.95732900390625 0.186188671875 0.96084033203125 0.18076201171875 0.96690537109375 0.1778890625 0.98222763671875 0.18395419921875 0.98478134765625 0.194807421875 0.9854197265625 0.2059798828125 0.9854197265625 0.213641015625 0.98637744140625 0.2228982421875 0.9870158203125 0.2280056640625 0.9879734375 0.23183623046875 0.99435771484375 0.22960166015625 0.991165625 0.21587548828125 0.9990234375 0.21194658203125 0.9990234375 0.23874794921875 0.99595380859375 0.24396630859375 0.99244248046875 0.25258505859375 0.99244248046875 0.256415625 0.9956345703125 0.25928857421875 0.9990234375 0.26301630859375 0.9990234375 0.289480078125 0.99850751953125 0.2896138671875 0.993080859375 0.2880177734375 0.99180400390625 0.28737939453125 0.9870158203125 0.28674091796875 0.98222763671875 0.28578330078125 0.98063154296875 0.28578330078125 0.97712021484375 0.285144921875 0.97201279296875 0.28833701171875 0.97009755859375 0.2947212890625 0.96913984375 0.29887109375 0.968820703125 0.29950947265625 0.967224609375 0.300786328125 0.96913984375 0.30110556640625 0.97392802734375 0.30525537109375 0.9748857421875 0.30780908203125 0.9748857421875 0.31068193359375 0.97456650390625 0.312597265625 0.97009755859375 0.31483173828125 0.968820703125 0.31547021484375 0.96499013671875 0.31547021484375 0.96371328125 0.31738544921875 0.95669052734375 0.31483173828125 0.95254072265625 0.31802392578125 0.94998701171875 0.31993916015625 0.94647568359375 0.31642783203125 0.94456044921875 0.314193359375 0.9426451171875 0.30621298828125 0.94232587890625 0.303978515625 0.938176171875 0.3065322265625 0.93083427734375 0.3090859375 0.9289189453125 0.3084474609375 0.9270037109375 0.309405078125 0.92445 0.3119587890625 0.9222154296875 0.31227802734375 0.9167888671875 0.31068193359375 0.91072373046875 0.30621298828125 0.904339453125 0.3014248046875 0.90114736328125 0.29855185546875 0.898912890625 0.28993310546875 0.898912890625 0.28418720703125 0.90210498046875 0.280356640625 0.9084892578125 0.2768453125 0.91104296875 0.270141796875 0.91391591796875 0.2672689453125 0.9167888671875 0.26503447265625 0.917746484375 0.2637576171875 0.92349228515625 0.26120390625 0.92572685546875 0.26120390625 0.93721845703125 0.261523046875 0.94487958984375 0.2589693359375 0.94551806640625 0.25801171875 0.9461564453125 0.256415625 0.9426451171875 0.25226591796875 0.9375376953125 0.247796875 0.938176171875 0.2452431640625 0.94136826171875 0.24300869140625 0.94328359375 0.24205107421875 0.94551806640625 0.24045498046875 0.9461564453125 0.23981650390625 0.945198828125 0.2359859375 0.93466474609375 0.22034453125
0 0.91998095703125 0.14756376953125 0.92413076171875 0.14852138671875 0.92668447265625 0.1494791015625 0.9305150390625 0.15171357421875 0.93115341796875 0.153948046875 0.93434560546875 0.15586337890625 0.93785693359375 0.15777861328125 0.93881455078125 0.16128994140625 0.9410490234375 0.16607822265625 0.93274951171875 0.17469697265625 0.93179189453125 0.1778890625 0.92445 0.1804427734375 0.9212578125 0.17629306640625 0.91231982421875 0.1753353515625 0.91072373046875 0.175973828125 0.8931669921875 0.175973828125 0.892209375 0.16895107421875 0.8826330078125 0.167355078125 0.87816396484375 0.157459375 0.88915361328125 0.13782998046875 0.9163130859375 0.1405802734375 0.91998095703125 0.14756376953125
0 0.9560208984375 0.10001298828125 0.9990234375 0.08248515625 0.9990234375 0.20234599609375 0.9988267578125 0.20214931640625 0.9953154296875 0.19448818359375 0.99595380859375 0.1836349609375 0.99435771484375 0.1778890625 0.98925029296875 0.17661220703125 0.97775859375 0.1718240234375 0.97297041015625 0.157140234375 0.96020185546875 0.14820224609375 0.9560208984375 0.10001298828125
0 0.39838583984375 0.497102734375 0.38753251953125 0.507317578125 0.37699853515625 0.5095521484375 0.363272265625 0.50348701171875 0.3639107421875 0.48050361328125 0.36614521484375 0.46230849609375 0.3808291015625 0.44411328125 0.39040546875 0.43517529296875 0.3929591796875 0.42144912109375 0.4015779296875 0.409957421875 0.40604697265625 0.3971888671875 0.41306962890625 0.38282431640625 0.41817705078125 0.37516318359375 0.4408412109375 0.38378193359375 0.443394921875 0.40357314453125 0.45488662109375 0.40612685546875 0.46063251953125 0.40931904296875 0.46861279296875 0.4176185546875 0.47116650390625 0.42719501953125 0.4679744140625 0.43326005859375 0.46318623046875 0.4364521484375 0.44882158203125 0.437090625 0.4443525390625 0.43868662109375 0.43956435546875 0.4425171875 0.43349931640625 0.45656259765625 0.4357337890625 0.46933115234375 0.43669140625 0.48018447265625 0.43158408203125 0.4875263671875 0.42328447265625 0.49327216796875 0.414346484375 0.49550673828125 0.40860068359375 0.4951875 0.407323828125 0.48816474609375 0.39838583984375 0.497102734375
0 0.51521806640625 0.42815263671875 0.4919154296875 0.43230244140625 0.474039453125 0.428471875 0.465420703125 0.40931904296875 0.46254775390625 0.3920814453125 0.4765931640625 0.38058974609375 0.463824609375 0.36079853515625 0.4663783203125 0.3406880859375 0.48968095703125 0.32760029296875 0.52128310546875 0.3202583984375 0.5490546875 0.32664267578125 0.56405771484375 0.350264453125 0.56597294921875 0.36558671875 0.56150400390625 0.38825087890625 0.55224677734375 0.40772294921875 0.5254328125 0.42464130859375 0.51521806640625 0.42815263671875
0 0.80905419921875 0.3665443359375 0.81511923828125 0.37197099609375 0.82501494140625 0.37101337890625 0.83459130859375 0.36877890625 0.84321005859375 0.373886328125 0.8409755859375 0.38058974609375 0.83044150390625 0.3987849609375 0.81511923828125 0.4007001953125 0.811288671875 0.3783552734375 0.80713896484375 0.3844203125 0.8087349609375 0.391123828125 0.80969267578125 0.39240068359375 0.81001181640625 0.39750810546875 0.80969267578125 0.399742578125 0.80809658203125 0.40421162109375 0.805862109375 0.408361328125 0.79947783203125 0.411553515625 0.7982009765625 0.41442646484375 0.79532802734375 0.4227259765625 0.78894375 0.4262373046875 0.7863900390625 0.42464130859375 0.77649443359375 0.4211298828125 0.76564111328125 0.42368359375 0.75702236328125 0.4243220703125 0.7573416015625 0.42687578125 0.756383984375 0.4338984375 0.75287255859375 0.43836748046875 0.74329619140625 0.43326005859375 0.7369119140625 0.42751416015625 0.737550390625 0.41793779296875 0.72957001953125 0.4166609375 0.72286650390625 0.41442646484375 0.71584384765625 0.4109150390625 0.7062673828125 0.40485 0.7011599609375 0.39080458984375 0.6890298828125 0.38633564453125 0.68200712890625 0.3799513671875 0.6701962890625 0.37707841796875 0.6609390625 0.37452470703125 0.65359716796875 0.3671828125 0.6618966796875 0.35505263671875 0.65072421875 0.34196494140625 0.65870458984375 0.32057763671875 0.65774697265625 0.31898154296875 0.65040498046875 0.30685146484375 0.65200107421875 0.2982326171875 0.65519326171875 0.28674091796875 0.6532779296875 0.274930078125 0.67243076171875 0.26439599609375 0.68519931640625 0.2596078125 0.69541416015625 0.25322353515625 0.71600341796875 0.2538619140625 0.71759951171875 0.2538619140625 0.7274951171875 0.25322353515625 0.73643310546875 0.24939296875 0.741859765625 0.251308203125 0.74537109375 0.25481962890625 0.7530322265625 0.2589693359375 0.76260859375 0.26439599609375 0.770908203125 0.26599208984375 0.77505791015625 0.27205712890625 0.7814421875 0.28322958984375 0.7836767578125 0.295359765625 0.77825009765625 0.30717060546875 0.78431513671875 0.31323564453125 0.7906994140625 0.324408203125 0.78942255859375 0.3349421875 0.7938916015625 0.3441994140625 0.80123349609375 0.34898759765625 0.80905419921875 0.3665443359375
0 0.4604728515625 0.31977958984375 0.47196455078125 0.3347826171875 0.46749560546875 0.3418052734375 0.4639841796875 0.35489306640625 0.47292216796875 0.3714921875 0.47324140625 0.38138779296875 0.45664228515625 0.38457998046875 0.44291611328125 0.3858568359375 0.433978125 0.383303125 0.41897509765625 0.37468427734375 0.41386767578125 0.36000048828125 0.408121875 0.3501048828125 0.40524892578125 0.344358984375 0.40461044921875 0.33861318359375 0.4074833984375 0.32903681640625 0.408441015625 0.325525390625 0.3972685546875 0.320098828125 0.39854541015625 0.31211845703125 0.40939873046875 0.30796865234375 0.4135484375 0.29934990234375 0.42089033203125 0.29583857421875 0.42695546875 0.29583857421875 0.44451220703125 0.2974345703125 0.4604728515625 0.31977958984375
0 0.531019140625 0.30701103515625 0.5284654296875 0.31818349609375 0.51537763671875 0.3229716796875 0.498778515625 0.3261638671875 0.48345625 0.33286728515625 0.45983447265625 0.328717578125 0.4457890625 0.3047765625 0.447704296875 0.2974345703125 0.4620689453125 0.28849658203125 0.471326171875 0.28658134765625 0.4748375 0.27700498046875 0.47771044921875 0.26104423828125 0.490159765625 0.25497919921875 0.50101298828125 0.2613634765625 0.52144267578125 0.2664708984375 0.52718857421875 0.2786009765625 0.531019140625 0.30701103515625
0 0.4050892578125 0.14724453125 0.4133888671875 0.1478830078125 0.4510560546875 0.145329296875 0.46829365234375 0.14756376953125 0.47340107421875 0.1478830078125 0.4749970703125 0.14915986328125 0.47755078125 0.15682099609375 0.47978525390625 0.16128994140625 0.48201982421875 0.16352451171875 0.48489267578125 0.1667166015625 0.48648876953125 0.16958955078125 0.49159619140625 0.1750162109375 0.4935115234375 0.1804427734375 0.49734208984375 0.18395419921875 0.49925732421875 0.1855501953125 0.49989580078125 0.1897 0.4989380859375 0.1989572265625 0.4954267578125 0.20629912109375 0.49255380859375 0.2091720703125 0.49223466796875 0.212044921875 0.494469140625 0.2161947265625 0.496065234375 0.22002529296875 0.49798046875 0.22513271484375 0.50340712890625 0.22896328125 0.50659921875 0.23183623046875 0.5056416015625 0.23758203125 0.501491796875 0.24237021484375 0.49925732421875 0.2436470703125 0.4935115234375 0.2468392578125 0.48936171875 0.24939296875 0.48712724609375 0.2519466796875 0.48616953125 0.2538619140625 0.48297744140625 0.256096484375 0.47723154296875 0.2589693359375 0.4759546875 0.2640767578125 0.47531630859375 0.27716455078125 0.4714857421875 0.2861025390625 0.46414384765625 0.28865625 0.45712109375 0.2896138671875 0.45073681640625 0.2896138671875 0.44116044921875 0.29408291015625 0.4322224609375 0.29663662109375 0.42807265625 0.29663662109375 0.41562333984375 0.29887109375 0.41147353515625 0.309405078125 0.40891982421875 0.31132041015625 0.40125869140625 0.312597265625 0.393916796875 0.31387412109375 0.38753251953125 0.31834306640625 0.38146748046875 0.3186623046875 0.37540244140625 0.3272810546875 0.3709333984375 0.32664267578125 0.36933740234375 0.321216015625 0.36167626953125 0.31323564453125 0.35688798828125 0.3090859375 0.3511421875 0.30270166015625 0.34731162109375 0.29663662109375 0.34826923828125 0.292167578125 0.349226953125 0.2880177734375 0.349226953125 0.28418720703125 0.34954609375 0.28067587890625 0.3505037109375 0.2774837890625 0.35178056640625 0.273333984375 0.35241904296875 0.26950341796875 0.35146142578125 0.2672689453125 0.35082294921875 0.26503447265625 0.34986533203125 0.2586501953125 0.3505037109375 0.25513876953125 0.35273828125 0.2503505859375 0.3556111328125 0.24620078125 0.3556111328125 0.24141259765625 0.35241904296875 0.2385396484375 0.34826923828125 0.235666796875 0.34795009765625 0.2334322265625 0.34954609375 0.2299208984375 0.34986533203125 0.22577109375 0.3505037109375 0.2197060546875 0.3501845703125 0.2193869140625 0.34731162109375 0.2145986328125 0.3466732421875 0.21076806640625 0.34826923828125 0.20821435546875 0.349226953125 0.2043837890625 0.34954609375 0.2008724609375 0.34954609375 0.19831875 0.34986533203125 0.194807421875 0.3520998046875 0.19033837890625 0.35944169921875 0.18395419921875 0.36422998046875 0.18171962890625 0.36454912109375 0.17884677734375 0.3674220703125 0.1718240234375 0.380190625 0.1651205078125 0.39168232421875 0.16288603515625 0.39263994140625 0.16192841796875 0.40636611328125 0.157459375 0.40540849609375 0.1549056640625 0.4050892578125 0.14724453125
0 0.49079814453125 0.24827568359375 0.50675888671875 0.24061455078125 0.50548203125 0.2358263671875 0.50197060546875 0.228165234375 0.49303271484375 0.2169927734375 0.49303271484375 0.20103212890625 0.498778515625 0.18698671875 0.50420517578125 0.18507138671875 0.519208203125 0.18507138671875 0.53006142578125 0.1844330078125 0.54282998046875 0.1726220703125 0.54793740234375 0.17326044921875 0.568686328125 0.19177490234375 0.578901171875 0.192094140625 0.5916697265625 0.2067779296875 0.59901162109375 0.2291228515625 0.59326572265625 0.2460412109375 0.56166357421875 0.2597673828125 0.52240029296875 0.26710927734375 0.4952671875 0.26264033203125 0.49079814453125 0.24827568359375
0 0.71329013671875 0.2000744140625 0.71265166015625 0.200712890625 0.70882109375 0.2051818359375 0.7062673828125 0.20901240234375 0.7043521484375 0.21156611328125 0.70243681640625 0.2138005859375 0.6992447265625 0.217950390625 0.69445654296875 0.2230578125 0.68296484375 0.23359189453125 0.677857421875 0.24189140625 0.68456083984375 0.24636044921875 0.69956396484375 0.25338310546875 0.6909451171875 0.2578521484375 0.68009189453125 0.2639171875 0.6695578125 0.2680669921875 0.66413115234375 0.2715783203125 0.6497666015625 0.27636650390625 0.63763642578125 0.275728125 0.628379296875 0.26870537109375 0.6242294921875 0.2664708984375 0.61529150390625 0.2664708984375 0.61082255859375 0.2597673828125 0.61082255859375 0.236783984375 0.609545703125 0.2240154296875 0.6069919921875 0.21667353515625 0.59965 0.21252373046875 0.58815830078125 0.20422421875 0.58209326171875 0.18762509765625 0.596138671875 0.1691107421875 0.609545703125 0.15410771484375 0.626783203125 0.1502771484375 0.6516818359375 0.1470849609375 0.67083466796875 0.1470849609375 0.68966826171875 0.14580810546875 0.705309765625 0.14676572265625 0.7148861328125 0.1557037109375 0.71329013671875 0.2000744140625
0 0.0058328125 0.86683203125 0.00902490234375 0.8709818359375 0.01221708984375 0.87864296875 0.0144515625 0.88438876953125 0.01508994140625 0.89045380859375 0.016366796875 0.90162626953125 0.017962890625 0.908010546875 0.0186013671875 0.908010546875 0.03009306640625 0.9070529296875 0.03807333984375 0.9086490234375 0.0409462890625 0.91088349609375 0.03966943359375 0.91790625 0.03328515625 0.9258865234375 0.0256240234375 0.9293978515625 0.0189205078125 0.93322841796875 0.0138130859375 0.94408173828125 0.010940234375 0.95397734375 0.01062099609375 0.9616384765625 0.00806728515625 0.9686611328125 0 0.97269482421875 0 0.86353525390625 0.0058328125 0.86683203125
0 0.01692548828125 0.768434375 0.00415693359375 0.77801083984375 0 0.777830078125 0 0.6977490234375 0.0079875 0.70235712890625 0.01628701171875 0.70906064453125 0.02203291015625 0.7307671875 0.02554423828125 0.7505583984375 0.01692548828125 0.768434375
0 0.0047953125 0.5287048828125 0.01820234375 0.541154296875 0.02554423828125 0.54690009765625 0.0277787109375 0.55615732421875 0.04182412109375 0.56637216796875 0.04693154296875 0.58360966796875 0.04278173828125 0.61616943359375 0.0379935546875 0.6413873046875 0.02905556640625 0.66245546875 0.00830673828125 0.67298955078125 0 0.67186533203125 0 0.53119853515625 0.0047953125 0.5287048828125
0 0.0054337890625 0.42815263671875 0.0073490234375 0.42974873046875 0.00575302734375 0.4399634765625 0.0038376953125 0.4517744140625 0 0.45925791015625 0 0.42554443359375 0.0054337890625 0.42815263671875
0 0.00016669921875 0.38298388671875 0 0.3830900390625 0 0.28552626953125 0.00527412109375 0.29264638671875 0.0116583984375 0.29775380859375 0.01261611328125 0.310203125 0.0183619140625 0.3133953125 0.02889599609375 0.3159490234375 0.03591865234375 0.32839833984375 0.02985361328125 0.33861318359375 0.02570380859375 0.359362109375 0.0097431640625 0.375003515625 0.00016669921875 0.38298388671875
0 0.03416298828125 0.4747578125 0.04246259765625 0.4670966796875 0.04342021484375 0.45049755859375 0.0603384765625 0.42687578125 0.0686380859375 0.4252796875 0.0804490234375 0.41283037109375 0.0951328125 0.4125111328125 0.1098166015625 0.4278333984375 0.122266015625 0.44411328125 0.13631142578125 0.44602861328125 0.1420572265625 0.45464736328125 0.14493017578125 0.47316171875 0.156741015625 0.48465341796875 0.15865634765625 0.50093330078125 0.149718359375 0.5156171875 0.13886513671875 0.5328546875 0.1369498046875 0.5386005859375 0.1302462890625 0.546580859375 0.12035068359375 0.5507306640625 0.11588173828125 0.5628607421875 0.10598603515625 0.56413759765625 0.08970615234375 0.561903125 0.072787890625 0.5574341796875 0.0600193359375 0.54849619140625 0.0517197265625 0.54243115234375 0.04182412109375 0.52966259765625 0.0395896484375 0.517532421875 0.04501630859375 0.5079560546875 0.0482083984375 0.5063599609375 0.04437783203125 0.49837958984375 0.03416298828125 0.4747578125
0 0.311080859375 0.4474650390625 0.311080859375 0.44938037109375 0.3120384765625 0.4576798828125 0.31299619140625 0.4611912109375 0.31586904296875 0.465341015625 0.3152306640625 0.4704484375 0.31140009765625 0.47172529296875 0.3059734375 0.4745982421875 0.30214287109375 0.47747109375 0.29703544921875 0.48098251953125 0.29033193359375 0.48066328125 0.28745908203125 0.47683271484375 0.2861822265625 0.47268291015625 0.282032421875 0.47012919921875 0.273413671875 0.46597939453125 0.26096435546875 0.4643833984375 0.2504302734375 0.46566025390625 0.24468447265625 0.45640302734375 0.23957705078125 0.44938037109375 0.236065625 0.44459208984375 0.232554296875 0.443315234375 0.22106259765625 0.44363447265625 0.215316796875 0.436292578125 0.21435908203125 0.42926982421875 0.222339453125 0.41969345703125 0.2197857421875 0.412670703125 0.215316796875 0.407244140625 0.2130822265625 0.400540625 0.22361630859375 0.397029296875 0.22680849609375 0.39224111328125 0.22872373046875 0.3842607421875 0.22425478515625 0.37979169921875 0.22776611328125 0.3689384765625 0.236065625 0.36989609375 0.24755732421875 0.373407421875 0.25106865234375 0.37468427734375 0.26543330078125 0.37947255859375 0.276925 0.3861759765625 0.27884033203125 0.38745283203125 0.289055078125 0.39415634765625 0.2948009765625 0.400540625 0.3015044921875 0.41107470703125 0.29256650390625 0.4254392578125 0.30054677734375 0.42895068359375 0.319699609375 0.43597333984375 0.311080859375 0.4474650390625
0 0.22265869140625 0.3801109375 0.22457392578125 0.3807494140625 0.22968134765625 0.38394150390625 0.22968134765625 0.386814453125 0.225531640625 0.39415634765625 0.222339453125 0.39894453125 0.21180537109375 0.39990224609375 0.20893251953125 0.40181748046875 0.2095708984375 0.40341357421875 0.21595517578125 0.4066056640625 0.21914736328125 0.4097978515625 0.22106259765625 0.4149052734375 0.22106259765625 0.4184166015625 0.220743359375 0.42160869140625 0.2156359375 0.4286314453125 0.213720703125 0.43437724609375 0.21435908203125 0.43693095703125 0.2156359375 0.437888671875 0.22106259765625 0.4423576171875 0.22202021484375 0.4458689453125 0.22042421875 0.44874189453125 0.218828125 0.44874189453125 0.21340146484375 0.45225322265625 0.20637880859375 0.4595951171875 0.2041443359375 0.4627873046875 0.19807919921875 0.46566025390625 0.19712158203125 0.47204453125 0.191694921875 0.4730021484375 0.1888220703125 0.473959765625 0.18339541015625 0.47619423828125 0.17764951171875 0.4781095703125 0.1754150390625 0.48098251953125 0.17094609375 0.4797056640625 0.1683923828125 0.4749173828125 0.16743466796875 0.47523662109375 0.16360419921875 0.47619423828125 0.1581775390625 0.477151953125 0.15083564453125 0.47619423828125 0.14828193359375 0.47268291015625 0.147005078125 0.46917158203125 0.14604736328125 0.4662986328125 0.14668583984375 0.463744921875 0.143812890625 0.4586375 0.14157841796875 0.4474650390625 0.14093994140625 0.4458689453125 0.1345556640625 0.44459208984375 0.126575390625 0.44363447265625 0.11667978515625 0.436292578125 0.11412607421875 0.43246201171875 0.111253125 0.42831220703125 0.10997626953125 0.42256640625 0.10838017578125 0.4203318359375 0.1000806640625 0.4149052734375 0.0882697265625 0.40692490234375 0.08858896484375 0.39734853515625 0.0933771484375 0.3912833984375 0.0901849609375 0.3877720703125 0.08635439453125 0.38394150390625 0.08443916015625 0.37213056640625 0.08603525390625 0.366384765625 0.0882697265625 0.36351181640625 0.092738671875 0.359362109375 0.0933771484375 0.35808525390625 0.09561162109375 0.3536162109375 0.09720771484375 0.34787041015625 0.102634375 0.34244375 0.1102955078125 0.34244375 0.11699892578125 0.34467822265625 0.1240216796875 0.34276298828125 0.1316828125 0.3414861328125 0.1396630859375 0.345955078125 0.14732421875 0.35042412109375 0.152431640625 0.3603197265625 0.1575390625 0.35968125 0.17924560546875 0.3510625 0.1888220703125 0.3542546875 0.1990369140625 0.36000048828125 0.20478271484375 0.366384765625 0.22265869140625 0.3801109375
0 0.31140009765625 0.47523662109375 0.3145921875 0.47332138671875 0.31586904296875 0.4714060546875 0.317784375 0.46757548828125 0.31746513671875 0.465341015625 0.31586904296875 0.4611912109375 0.3136345703125 0.4560837890625 0.31140009765625 0.44938037109375 0.31299619140625 0.4458689453125 0.317784375 0.4407615234375 0.31906123046875 0.43597333984375 0.317784375 0.43341962890625 0.30022763671875 0.4286314453125 0.293843359375 0.4251201171875 0.300866015625 0.41554365234375 0.300866015625 0.4113939453125 0.29863154296875 0.40692490234375 0.2932048828125 0.39894453125 0.285224609375 0.39256025390625 0.280436328125 0.386814453125 0.28554375 0.38202626953125 0.29958916015625 0.3756419921875 0.309484765625 0.3775572265625 0.3238494140625 0.37979169921875 0.329914453125 0.37947255859375 0.34236376953125 0.37628037109375 0.34842890625 0.3714921875 0.3544939453125 0.36000048828125 0.36438955078125 0.3517009765625 0.36885859375 0.334144140625 0.3768388671875 0.32520625 0.39152275390625 0.31977958984375 0.39439560546875 0.3210564453125 0.399822265625 0.33446337890625 0.40365283203125 0.3520201171875 0.41642138671875 0.366384765625 0.41514453125 0.3807494140625 0.40205673828125 0.4030943359375 0.3988646484375 0.4123515625 0.38928818359375 0.4270353515625 0.38641533203125 0.44459208984375 0.3717314453125 0.4509763671875 0.36566640625 0.4586375 0.36343193359375 0.465341015625 0.36790087890625 0.48098251953125 0.3631126953125 0.4988583984375 0.33949091796875 0.49662392578125 0.324487890625 0.492793359375 0.3069310546875 0.4867283203125 0.31140009765625 0.47523662109375
0 0.27469052734375 0.33031357421875 0.27564814453125 0.33095205078125 0.27979794921875 0.334144140625 0.28139404296875 0.3363787109375 0.28426689453125 0.34020927734375 0.28713984375 0.34563583984375 0.2880974609375 0.34882802734375 0.28682060546875 0.3536162109375 0.2861822265625 0.3603197265625 0.28426689453125 0.36766162109375 0.2810748046875 0.3714921875 0.27979794921875 0.37468427734375 0.2775634765625 0.37468427734375 0.27469052734375 0.37532275390625 0.27054072265625 0.3759611328125 0.26671015625 0.37723798828125 0.261602734375 0.37628037109375 0.25809140625 0.37532275390625 0.25330322265625 0.37468427734375 0.2478765625 0.37276904296875 0.241173046875 0.37117294921875 0.23893857421875 0.36989609375 0.235746484375 0.367980859375 0.23542724609375 0.3654271484375 0.235746484375 0.36000048828125 0.2386193359375 0.3536162109375 0.241173046875 0.34787041015625 0.24213076171875 0.338932421875 0.24468447265625 0.335740234375 0.251387890625 0.3315904296875 0.25841064453125 0.32903681640625 0.26958310546875 0.32903681640625 0.27469052734375 0.33031357421875
0 0.34906728515625 0.28307001953125 0.3477904296875 0.29136953125 0.3477904296875 0.29934990234375 0.34970576171875 0.30190361328125 0.35225947265625 0.305095703125 0.3544939453125 0.3092455078125 0.35768603515625 0.31211845703125 0.362155078125 0.31403369140625 0.3682201171875 0.320098828125 0.37013544921875 0.3245677734375 0.3698162109375 0.32903681640625 0.36853935546875 0.33542099609375 0.3672625 0.34212451171875 0.36534716796875 0.3469126953125 0.3611974609375 0.3520201171875 0.3560900390625 0.35904287109375 0.35257861328125 0.36606552734375 0.3477904296875 0.37308828125 0.343321484375 0.376599609375 0.33885244140625 0.37947255859375 0.3382140625 0.37947255859375 0.3295953125 0.38138779296875 0.319699609375 0.37883408203125 0.3120384765625 0.37628037109375 0.304058203125 0.37468427734375 0.2967162109375 0.37372666015625 0.29033193359375 0.37276904296875 0.28554375 0.3689384765625 0.28554375 0.36670400390625 0.2877783203125 0.359362109375 0.2877783203125 0.35489306640625 0.28650146484375 0.3501048828125 0.2845861328125 0.345955078125 0.2829900390625 0.34244375 0.28075556640625 0.33797470703125 0.27884033203125 0.33254814453125 0.26894462890625 0.32744072265625 0.2692638671875 0.32648310546875 0.27117919921875 0.32392939453125 0.27724423828125 0.31562978515625 0.2810748046875 0.30956474609375 0.28490537109375 0.3022228515625 0.29033193359375 0.2939232421875 0.2973546875 0.2811546875 0.30533505859375 0.2725359375 0.31491142578125 0.265832421875 0.33182978515625 0.2629595703125 0.33885244140625 0.27189755859375 0.34906728515625 0.28307001953125
0 0.22521240234375 0.37532275390625 0.22361630859375 0.3756419921875 0.21946650390625 0.375003515625 0.21435908203125 0.3724498046875 0.21148623046875 0.3714921875 0.20893251953125 0.36766162109375 0.20637880859375 0.36319267578125 0.20031376953125 0.3603197265625 0.19871767578125 0.359362109375 0.1891412109375 0.35489306640625 0.184672265625 0.35489306640625 0.18084169921875 0.3552123046875 0.1770111328125 0.3552123046875 0.16392333984375 0.3587236328125 0.1546662109375 0.3628734375 0.152431640625 0.36095810546875 0.1498779296875 0.35585068359375 0.1479626953125 0.35042412109375 0.14828193359375 0.34723193359375 0.15019716796875 0.344358984375 0.155623828125 0.33861318359375 0.1575390625 0.3296751953125 0.155623828125 0.328717578125 0.1495587890625 0.32744072265625 0.13838623046875 0.32999443359375 0.1275330078125 0.32584462890625 0.1275330078125 0.32392939453125 0.128490625 0.32041796875 0.1310443359375 0.31722587890625 0.13136357421875 0.31307607421875 0.1291291015625 0.3092455078125 0.12210634765625 0.30349970703125 0.11923349609375 0.29998828125 0.1157220703125 0.2971154296875 0.10933779296875 0.29456171875 0.1080609375 0.29168876953125 0.10646494140625 0.287858203125 0.104549609375 0.28243154296875 0.102634375 0.2786009765625 0.10231513671875 0.27030146484375 0.10103828125 0.2632787109375 0.10103828125 0.258809765625 0.10391123046875 0.25178701171875 0.10582646484375 0.24891416015625 0.11189150390625 0.24316826171875 0.11444521484375 0.24189140625 0.11827578125 0.24189140625 0.1275330078125 0.24284912109375 0.12976748046875 0.241572265625 0.132001953125 0.23965693359375 0.133598046875 0.23869931640625 0.1412591796875 0.23869931640625 0.143812890625 0.2390185546875 0.1495587890625 0.2390185546875 0.15019716796875 0.238380078125 0.15179326171875 0.23614560546875 0.162646484375 0.23614560546875 0.16743466796875 0.23710322265625 0.17158447265625 0.238380078125 0.1738189453125 0.2393376953125 0.1770111328125 0.241572265625 0.1789263671875 0.24316826171875 0.18499150390625 0.24508359375 0.18690673828125 0.24572197265625 0.191694921875 0.25082939453125 0.1942486328125 0.2552984375 0.19552548828125 0.2578521484375 0.1983984375 0.260725 0.20222900390625 0.2629595703125 0.201590625 0.258809765625 0.201909765625 0.25434072265625 0.20222900390625 0.25178701171875 0.2041443359375 0.24572197265625 0.20637880859375 0.24316826171875 0.210209375 0.2425298828125 0.21435908203125 0.24636044921875 0.21850888671875 0.25051015625 0.22042421875 0.2578521484375 0.22106259765625 0.26264033203125 0.2264892578125 0.26519404296875 0.22776611328125 0.265832421875 0.234150390625 0.26710927734375 0.23478876953125 0.26710927734375 0.236065625 0.2664708984375 0.23702333984375 0.26615166015625 0.24149228515625 0.26423642578125 0.24628046875 0.26264033203125 0.24851494140625 0.26264033203125 0.25170712890625 0.26519404296875 0.25489921875 0.2683861328125 0.25681455078125 0.270620703125 0.2596875 0.27892021484375 0.2574529296875 0.2869005859375 0.25681455078125 0.2939232421875 0.252983984375 0.29871142578125 0.25521845703125 0.3057341796875 0.25521845703125 0.3127568359375 0.25106865234375 0.318502734375 0.242769140625 0.32392939453125 0.232554296875 0.33031357421875 0.23031982421875 0.3312712890625 0.22265869140625 0.3366978515625 0.21946650390625 0.34467822265625 0.22042421875 0.34978564453125 0.22776611328125 0.35553154296875 0.2300005859375 0.3638310546875 0.22521240234375 0.37532275390625
0 0.09880380859375 0.27700498046875 0.09912294921875 0.27796259765625 0.10167666015625 0.28211240234375 0.107741796875 0.287858203125 0.10838017578125 0.29105029296875 0.10838017578125 0.29615771484375 0.107741796875 0.29679619140625 0.10678408203125 0.2974345703125 0.1035919921875 0.2990306640625 0.095930859375 0.3022228515625 0.09114267578125 0.30892626953125 0.08922734375 0.31562978515625 0.08795048828125 0.31914111328125 0.08699287109375 0.32073720703125 0.0847583984375 0.3220140625 0.07773564453125 0.31818349609375 0.077097265625 0.31658740234375 0.073905078125 0.3127568359375 0.0713513671875 0.309883984375 0.0678400390625 0.306691796875 0.06337109375 0.305095703125 0.0611365234375 0.30445732421875 0.05794443359375 0.30796865234375 0.05443310546875 0.31562978515625 0.05219853515625 0.3159490234375 0.05028330078125 0.31562978515625 0.04613349609375 0.31211845703125 0.0407068359375 0.309883984375 0.036237890625 0.309883984375 0.03113046875 0.31179921875 0.02538466796875 0.3124376953125 0.020915625 0.31211845703125 0.017404296875 0.3108416015625 0.01516982421875 0.305095703125 0.01389296875 0.29583857421875 0.007189453125 0.2920080078125 0 0.2881736328125 0 0.22298876953125 0.00080517578125 0.22178095703125 0.0116583984375 0.2240154296875 0.01931953125 0.22433466796875 0.01963876953125 0.2236962890625 0.02123486328125 0.22146171875 0.024426953125 0.21667353515625 0.02793837890625 0.21156611328125 0.04006845703125 0.20550107421875 0.05315625 0.210927734375 0.055071484375 0.21220458984375 0.0557099609375 0.20294736328125 0.06656318359375 0.197520703125 0.08443916015625 0.20198974609375 0.09114267578125 0.20965087890625 0.09210029296875 0.2236962890625 0.0994421875 0.23008056640625 0.11252998046875 0.239976171875 0.102634375 0.25434072265625 0.10103828125 0.2715783203125 0.08060859375 0.2939232421875 0.09880380859375 0.27700498046875
0 0.2618421875 0.17158466796875 0.27429150390625 0.1849916015625 0.27780283203125 0.19456796875 0.27173779296875 0.213082421875 0.2704609375 0.22457412109375 0.26886484375 0.23542734375 0.256734765625 0.2465998046875 0.24939287109375 0.25872998046875 0.24173173828125 0.262560546875 0.2254517578125 0.259368359375 0.22130205078125 0.248834375 0.208852734375 0.243726953125 0.20502216796875 0.24851513671875 0.19512646484375 0.253941796875 0.1858693359375 0.24532294921875 0.17980419921875 0.23063916015625 0.18140029296875 0.21435927734375 0.183315625 0.2003138671875 0.183315625 0.1869068359375 0.18491162109375 0.182437890625 0.197041796875 0.173819140625 0.22481337890625 0.17158466796875 0.24364697265625 0.1865876953125 0.2618421875 0.17158466796875
0 0.82995615234375 0.047685546875 0.8329365234375 0 0.91377265625 0 0.9104583984375 0.0546857421875 0.901708203125 0.07218623046875 0.8527068359375 0.07918642578125 0.82995615234375 0.047685546875
0 0.9104583984375 0.00218427734375 0.911512890625 0 0.9990234375 0 0.9990234375 0.0738908203125 0.96996005859375 0.0809365234375 0.93495908203125 0.09143681640625 0.91395849609375 0.0669361328125 0.9104583984375 0.00218427734375