0 0.2420208984375 0.991208203125 0.251696875 0.9990234375 0.17340654296875 0.9990234375 0.1737091796875 0.99823095703125 0.2235064453125 0.97205537109375 0.2420208984375 0.991208203125
0 0.35262841796875 0.9671076171875 0.353266796875 0.98498359375 0.35198994140625 0.99647529296875 0.35143251953125 0.9990234375 0.28304404296875 0.9990234375 0.30474638671875 0.97029970703125 0.33985986328125 0.94987001953125 0.35262841796875 0.9671076171875
0 0.12838076171875 0.89416728515625 0.1194427734375 0.912681640625 0.132211328125 0.96503271484375 0.1347650390625 0.98801611328125 0.12131162109375 0.9990234375 0.03637744140625 0.9990234375 0.01091015625 0.9586484375 0.02431708984375 0.922896484375 0.0594306640625 0.89161357421875 0.10284375 0.8794833984375 0.12838076171875 0.89416728515625
0 0.24010556640625 0.90118994140625 0.25095888671875 0.9152353515625 0.24968203125 0.94204931640625 0.22989072265625 0.97014013671875 0.16413271484375 0.96247900390625 0.13093447265625 0.93821875 0.1449798828125 0.8979978515625 0.1756244140625 0.8769296875 0.21456845703125 0.875014453125 0.24010556640625 0.90118994140625
0 0.16301552734375 0.7845173828125 0.16301552734375 0.78707109375 0.1540775390625 0.81643876953125 0.1438626953125 0.82920732421875 0.1362015625 0.852190625 0.10683388671875 0.8598517578125 0.07363564453125 0.84452958984375 0.0570365234375 0.83431474609375 0.0468216796875 0.8406990234375 0.00085498046875 0.8151619140625 0 0.80376279296875 0 0.76014697265625 0.04426796875 0.70152177734375 0.08895791015625 0.70535234375 0.13492470703125 0.7130134765625 0.16301552734375 0.7845173828125
0 0.26644072265625 0.6823689453125 0.267717578125 0.68619951171875 0.314571484375 0.69800498046875 0.3002494140625 0.7492064453125 0.26265390625 0.76675107421875 0.23834990234375 0.817715625 0.20004423828125 0.8253767578125 0.16684609375 0.7743025390625 0.1438626953125 0.720674609375 0.11449501953125 0.665769921875 0.1540775390625 0.62618740234375 0.2345193359375 0.614695703125 0.26644072265625 0.6823689453125
0 0.031579296875 0.70311787109375 0.02264130859375 0.7069484375 0 0.71826904296875 0 0.6310466796875 0.0405171875 0.645659375 0.031579296875 0.70311787109375
0 0.363481640625 0.6121419921875 0.37752705078125 0.64406337890625 0.37880390625 0.679815234375 0.373696484375 0.71173662109375 0.34943623046875 0.7283357421875 0.33028349609375 0.710459765625 0.29963896484375 0.67726162109375 0.298362109375 0.6530013671875 0.30474638671875 0.61852626953125 0.3404982421875 0.5993734375 0.363481640625 0.6121419921875
0 0.3213455078125 0.594266015625 0.30474638671875 0.58788173828125 0.31240751953125 0.62874111328125 0.2958083984375 0.64406337890625 0.24218046875 0.63384853515625 0.2498416015625 0.58915859375 0.30219267578125 0.5457455078125 0.3213455078125 0.594266015625
0 0.37018515625 0.60224638671875 0.3657162109375 0.5984158203125 0.36188564453125 0.5993734375 0.35198994140625 0.60320400390625 0.33794453125 0.5987349609375 0.3181533203125 0.5875625 0.3248568359375 0.56553681640625 0.3401791015625 0.5524490234375 0.36539697265625 0.5524490234375 0.37018515625 0.60224638671875
0 0.34400966796875 0.54829921875 0.31687646484375 0.53489228515625 0.29995810546875 0.50839755859375 0.317195703125 0.4841373046875 0.32804892578125 0.4831796875 0.34432880859375 0.49307529296875 0.3555013671875 0.49914033203125 0.36635458984375 0.5080783203125 0.3708236328125 0.51254736328125 0.3692275390625 0.55564111328125 0.34400966796875 0.54829921875
0 0.2154462890625 0.60480009765625 0.2084236328125 0.606076953125 0.19182451171875 0.61246123046875 0.1675642578125 0.6137380859375 0.14841142578125 0.6086306640625 0.1369197265625 0.58373193359375 0.1215974609375 0.5498953125 0.11904375 0.50201328125 0.13308916015625 0.47966826171875 0.1522419921875 0.4509390625 0.19246298828125 0.40369541015625 0.212892578125 0.397949609375 0.2716279296875 0.40944130859375 0.2990802734375 0.4413626953125 0.30099560546875 0.4809451171875 0.3092951171875 0.5301041015625 0.2154462890625 0.60480009765625
0 0.09606044921875 0.38198896484375 0.1043599609375 0.38645791015625 0.11904375 0.4107181640625 0.144580859375 0.42667880859375 0.1554341796875 0.44200107421875 0.147773046875 0.469453515625 0.12542802734375 0.50775908203125 0.124151171875 0.55627958984375 0.137558203125 0.5850087890625 0.13117392578125 0.59713896484375 0.124151171875 0.60990751953125 0.1126595703125 0.61756865234375 0.09286826171875 0.61501494140625 0.06988486328125 0.62267607421875 0.03732509765625 0.63544462890625 0.01178798828125 0.6360830078125 0 0.62948173828125 0 0.34774775390625 0.01242646484375 0.33793740234375 0.04945517578125 0.35645185546875 0.08584560546875 0.38709638671875 0.09606044921875 0.38198896484375
0 0.33922138671875 0.49243681640625 0.31017294921875 0.47424169921875 0.2977236328125 0.4601962890625 0.28878564453125 0.434020703125 0.28303984375 0.41646396484375 0.2926162109375 0.4014609375 0.3111306640625 0.386138671875 0.32964501953125 0.3756046875 0.358055078125 0.37400859375 0.36635458984375 0.37400859375 0.3711427734375 0.37209326171875 0.4097921875 0.3704318359375 0.43357314453125 0.43908251953125 0.43581669921875 0.50683583984375 0.36699306640625 0.503609375 0.33922138671875 0.49243681640625
0 0.284955078125 0.3886923828125 0.2846359375 0.38996923828125 0.28272060546875 0.3953958984375 0.2721865234375 0.404972265625 0.2600564453125 0.4072068359375 0.23036953125 0.39667275390625 0.2227083984375 0.3851810546875 0.2227083984375 0.365708984375 0.23388095703125 0.35836708984375 0.25399140625 0.3682626953125 0.26899443359375 0.38039287109375 0.284955078125 0.3886923828125
0 0.2084236328125 0.28079814453125 0.21225419921875 0.28845927734375 0.2186384765625 0.31399638671875 0.22502275390625 0.33697978515625 0.22502275390625 0.37017802734375 0.2186384765625 0.40337626953125 0.18671708984375 0.4250828125 0.1573494140625 0.4365744140625 0.124151171875 0.42380595703125 0.099891015625 0.3842234375 0.0973373046875 0.348471484375 0.09472734375 0.306295703125 0.14879326171875 0.27979990234375 0.2084236328125 0.28079814453125
0 0.09693828125 0.230681640625 0.09693828125 0.2332353515625 0.09661904296875 0.24472705078125 0.09310771484375 0.25845322265625 0.0943845703125 0.2622837890625 0.10523779296875 0.2776060546875 0.09757666015625 0.2938859375 0.0825736328125 0.3101658203125 0.07459326171875 0.31655009765625 0.05990947265625 0.31750771484375 0.052567578125 0.32325361328125 0.04299111328125 0.33187236328125 0.032137890625 0.3286802734375 0.025434375 0.31495400390625 0.02000771484375 0.30442001953125 0.00787763671875 0.3082505859375 0 0.30348251953125 0 0.2239361328125 0.02256142578125 0.2159978515625 0.0774662109375 0.2112095703125 0.09693828125 0.230681640625
0 0.4214583984375 0.185119921875 0.4367140625 0.2847306640625 0.37122255859375 0.37177412109375 0.3673919921875 0.36858193359375 0.36611513671875 0.3679435546875 0.3635615234375 0.36922041015625 0.3073798828125 0.38901162109375 0.26779736328125 0.38581953125 0.24992138671875 0.3730509765625 0.2339607421875 0.35389814453125 0.22502275390625 0.34049111328125 0.2154462890625 0.32133828125 0.21225419921875 0.30282392578125 0.19948564453125 0.278563671875 0.19501669921875 0.2530265625 0.21097734375 0.23451220703125 0.22949169921875 0.21918994140625 0.25566728515625 0.20195244140625 0.2748201171875 0.19109912109375 0.3236423828125 0.175697265625 0.34652587890625 0.146083203125 0.362923046875 0.1221490234375 0.4214583984375 0.185119921875
0 0.07563076171875 0.1563048828125 0.07116171875 0.172584765625 0.052328125 0.19365283203125 0.00987275390625 0.2025908203125 0 0.198849609375 0 0.09278134765625 0.03572900390625 0.09278134765625 0.0682888671875 0.11065732421875 0.07563076171875 0.1563048828125
0 0.3431318359375 0.09373896484375 0.33866279296875 0.10586904296875 0.33800068359375 0.15326240234375 0.32050146484375 0.17121025390625 0.29780341796875 0.18184189453125 0.2716279296875 0.1888646484375 0.2594978515625 0.19461044921875 0.22757646484375 0.21376328125 0.205869921875 0.22078603515625 0.18480185546875 0.2265318359375 0.1675642578125 0.211848046875 0.147773046875 0.18503408203125 0.137558203125 0.1633275390625 0.1350044921875 0.12885244140625 0.14330400390625 0.107784375 0.15607255859375 0.075224609375 0.17011796875 0.05287958984375 0.19501669921875 0.05032587890625 0.2103388671875 0.05096435546875 0.23970654296875 0.03500361328125 0.26843583984375 0.02542724609375 0.29078076171875 0.03628046875 0.3201484375 0.05798701171875 0.3431318359375 0.09373896484375
0 0.13787744140625 0.025746484375 0.137558203125 0.03755732421875 0.14298486328125 0.0487298828125 0.15256123046875 0.05671015625 0.15160361328125 0.0675634765625 0.137558203125 0.0832048828125 0.1180861328125 0.1036345703125 0.10116787109375 0.10491142578125 0.08329189453125 0.099484765625 0.06701201171875 0.09756953125 0.04083642578125 0.10076162109375 0.02264130859375 0.0959734375 0.01338408203125 0.08352412109375 0.00508447265625 0.05702939453125 0 0.046334375 0 0.0167203125 0.00476533203125 0.0078705078125 0.01224228515625 0 0.140644140625 0 0.15064599609375 0.00723203125 0.13787744140625 0.025746484375
0 0.26580224609375 0.00180546875 0.26484462890625 0.01265869140625 0.255906640625 0.02191591796875 0.24760712890625 0.02542724609375 0.23739228515625 0.03213076171875 0.22621982421875 0.03947265625 0.21440888671875 0.0404302734375 0.201001953125 0.03915341796875 0.19142548828125 0.0267041015625 0.18727568359375 0.0145740234375 0.18820107421875 0 0.26429775390625 0 0.26580224609375 0.00180546875
0 0.32964501953125 0.0046783203125 0.3334755859375 0.01968134765625 0.32804892578125 0.03213076171875 0.31943017578125 0.03979189453125 0.3012349609375 0.04234560546875 0.2824013671875 0.02798095703125 0.269313671875 0.013935546875 0.2639716796875 0 0.32786591796875 0 0.32964501953125 0.0046783203125