0 0.581633203125 0.9801470703125 0.47601767578125 0.96002978515625 0.47350302734375 0.944941796875 0.465958984375 0.90973662109375 0.465958984375 0.85441416015625 0.508708203125 0.829267578125 0.54642802734375 0.819208984375 0.59420654296875 0.829267578125 0.6369556640625 0.8745314453125 0.69479287109375 0.9373978515625 0.7325126953125 0.987691015625 0.7211802734375 0.9990234375 0.61938603515625 0.9990234375 0.581633203125 0.9801470703125
0 0.92802724609375 0.75445654296875 0.91293935546875 0.7921763671875 0.91796865234375 0.82486689453125 0.97077646484375 0.8827041015625 0.96574716796875 0.8877333984375 0.953173828125 0.900306640625 0.933056640625 0.91790927734375 0.93054189453125 0.9455705078125 0.9355712890625 0.97323173828125 0.92551259765625 0.995863671875 0.92235283203125 0.9990234375 0.76746875 0.9990234375 0.7670892578125 0.9983783203125 0.79726513671875 0.9556291015625 0.7872064453125 0.93802646484375 0.7922357421875 0.91790927734375 0.80983837890625 0.900306640625 0.80983837890625 0.85755751953125 0.80229443359375 0.852528125 0.79475048828125 0.8500134765625 0.7293693359375 0.8298962890625 0.7343986328125 0.80474970703125 0.75200126953125 0.75445654296875 0.7721185546875 0.71422197265625 0.8299556640625 0.71170732421875 0.92802724609375 0.75445654296875
0 0.9160826171875 0.79909169921875 0.9588318359375 0.74628388671875 0.971405078125 0.73622529296875 0.9990234375 0.7526236328125 0.9990234375 0.871270703125 0.93368525390625 0.829267578125 0.9160826171875 0.79909169921875
0 0.1183076171875 0.97826103515625 0.12585166015625 0.97071708984375 0.1660861328125 0.93299716796875 0.21135 0.88521875 0.23901123046875 0.87767470703125 0.31445087890625 0.92796787109375 0.31445087890625 0.97323173828125 0.30339736328125 0.9990234375 0.110002734375 0.9990234375 0.1183076171875 0.97826103515625
0 0.00011875 0.784632421875 0.00011875 0.8500134765625 0.0026333984375 0.89527734375 0 0.913711328125 0 0.78446611328125 0.00011875 0.784632421875
0 0.10451865234375 0.57014892578125 0.166016015625 0.5564828125 0.2035978515625 0.5838150390625 0.24459609375 0.62481328125 0.2377630859375 0.6863107421875 0.18993173828125 0.71364296875 0.12843427734375 0.703393359375 0.09426904296875 0.66581162109375 0.10451865234375 0.57014892578125
0 0.3395974609375 0.27415703125 0.32702421875 0.31439150390625 0.2867896484375 0.34708203125 0.2717017578125 0.35211142578125 0.2666724609375 0.35462607421875 0.21135 0.36971396484375 0.14093955078125 0.34708203125 0.12585166015625 0.29930361328125 0.110763671875 0.25152509765625 0.16860078125 0.19117333984375 0.2289525390625 0.1811146484375 0.279245703125 0.20626123046875 0.3395974609375 0.27415703125
0 0.057955859375 0.2917595703125 0.02526533203125 0.30433291015625 0 0.30328017578125 0 0.11318505859375 0.0529265625 0.12830693359375 0.13088095703125 0.1710560546875 0.057955859375 0.2917595703125
0 0.98146376953125 0.703534765625 0.98146376953125 0.63563896484375 0.9739197265625 0.5903751953125 0.98397841796875 0.5375673828125 0.9990234375 0.516504296875 0.9990234375 0.7258833984375 0.98146376953125 0.703534765625
0 0.7092521484375 0.63878232421875 0.69164951171875 0.55831328125 0.74697197265625 0.47532958984375 0.81235302734375 0.4501830078125 0.92048330078125 0.457726953125 0.953173828125 0.510534765625 0.9556884765625 0.5482546875 0.958203125 0.58848916015625 0.9556884765625 0.63878232421875 0.943115234375 0.70667802734375 0.9456298828125 0.7242806640625 0.890307421875 0.75194189453125 0.86013154296875 0.7393685546875 0.73691337890625 0.6815314453125 0.7092521484375 0.63878232421875
0 0.4452130859375 0.3495966796875 0.46281572265625 0.37977265625 0.47287431640625 0.42755107421875 0.46784501953125 0.47784423828125 0.45275703125 0.500476171875 0.4401837890625 0.5180787109375 0.42509580078125 0.553283984375 0.394919921875 0.568371875 0.374802734375 0.5708865234375 0.36725869140625 0.57591591796875 0.36222939453125 0.58345986328125 0.31193623046875 0.6086064453125 0.25661376953125 0.58848916015625 0.24404052734375 0.54071064453125 0.18871806640625 0.52310810546875 0.1711154296875 0.4552123046875 0.216379296875 0.394860546875 0.289304296875 0.36217001953125 0.37228798828125 0.34708203125 0.4452130859375 0.3495966796875
0 0.880248828125 0.30433291015625 0.900366015625 0.30684755859375 0.91545400390625 0.342052734375 0.90791005859375 0.36719931640625 0.900366015625 0.40743388671875 0.8978513671875 0.41246318359375 0.890307421875 0.42000712890625 0.8324703125 0.447668359375 0.80732373046875 0.45269765625 0.774633203125 0.4451537109375 0.7293693359375 0.41246318359375 0.731883984375 0.35462607421875 0.7771478515625 0.31439150390625 0.8324703125 0.30181826171875 0.880248828125 0.30433291015625
0 0.98900771484375 0.45206904296875 0.96637578125 0.39423193359375 0.9563171875 0.35651201171875 0.9538025390625 0.323821484375 0.9990234375 0.27483212890625 0.9990234375 0.46439599609375 0.98900771484375 0.45206904296875
0 0.560624609375 0.17895693359375 0.59478984375 0.1533330078125 0.6340798828125 0.1652908203125 0.65457900390625 0.1874982421875 0.66141201171875 0.2216634765625 0.6460376953125 0.2438708984375 0.5999146484375 0.2455791015625 0.56916591796875 0.2216634765625 0.560624609375 0.17895693359375
0 0.655815625 0.0346359375 0.6533009765625 0.06229716796875 0.6319263671875 0.08492900390625 0.5740892578125 0.11384765625 0.5212814453125 0.0949876953125 0.49990693359375 0.0346359375 0.51123017578125 0 0.6668361328125 0 0.655815625 0.0346359375
0 0.995923046875 0.057896484375 0.97329111328125 0.0390365234375 0.95694580078125 0.02017666015625 0.95191650390625 0.000059375 0.9518802734375 0 0.9990234375 0 0.9990234375 0.058126171875 0.995923046875 0.057896484375