0 0.9990234375 0.9642453125 0.9990234375 0.9990234375 0.9568361328125 0.9990234375 0.959269140625 0.983614453125 0.98608310546875 0.9689306640625 0.9990234375 0.9642453125
0 0.901172265625 0.9689306640625 0.90244912109375 0.97212275390625 0.89601630859375 0.9990234375 0.86907626953125 0.9990234375 0.8481828125 0.98552978515625 0.8628666015625 0.9536083984375 0.89670322265625 0.9433935546875 0.901172265625 0.9689306640625
0 0.93245517578125 0.94083984375 0.9413931640625 0.94913935546875 0.95096953125 0.97786865234375 0.92479404296875 0.9919140625 0.9005337890625 0.97276123046875 0.9062796875 0.93637080078125 0.93245517578125 0.94083984375
0 0.90500283203125 0.89934208984375 0.90947177734375 0.90317265625 0.9062796875 0.930625 0.8801041015625 0.93637080078125 0.85520546875 0.9197716796875 0.85520546875 0.8955115234375 0.8832962890625 0.8929578125 0.90500283203125 0.89934208984375
0 0.42618232421875 0.99765986328125 0.42663681640625 0.9990234375 0.3453822265625 0.9990234375 0.3406330078125 0.98042236328125 0.35723212890625 0.976591796875 0.4019220703125 0.97212275390625 0.42618232421875 0.99765986328125
0 0.6955986328125 0.92870966796875 0.69687548828125 0.930625 0.71730517578125 0.96190791015625 0.73198896484375 0.983614453125 0.73088837890625 0.9990234375 0.66671552734375 0.9990234375 0.665592578125 0.99765986328125 0.6502703125 0.9810607421875 0.6266484375 0.966376953125 0.59536552734375 0.9504162109375 0.61962578125 0.92424072265625 0.67133837890625 0.91849482421875 0.6955986328125 0.92870966796875
0 0.3253107421875 0.9248791015625 0.33488720703125 0.9299865234375 0.35403994140625 0.94403193359375 0.3534015625 0.96446162109375 0.31892646484375 0.9791455078125 0.3048810546875 0.9893603515625 0.29987060546875 0.9990234375 0.19738779296875 0.9990234375 0.1963484375 0.99829833984375 0.16698076171875 0.96956904296875 0.163788671875 0.93956298828125 0.19251787109375 0.9076416015625 0.22826982421875 0.90700322265625 0.2723212890625 0.915302734375 0.3253107421875 0.9248791015625
0 0.4753412109375 0.90125732421875 0.4823638671875 0.90189580078125 0.5059857421875 0.90444951171875 0.53152275390625 0.91657958984375 0.56025205078125 0.91402587890625 0.57493583984375 0.9229638671875 0.57812802734375 0.94658564453125 0.5589751953125 0.96126953125 0.535991796875 0.98042236328125 0.52226240234375 0.9990234375 0.4251671875 0.9990234375 0.4242669921875 0.99829833984375 0.4038373046875 0.98042236328125 0.3629779296875 0.9657384765625 0.38021552734375 0.942755078125 0.3917072265625 0.93126337890625 0.42171328125 0.92679443359375 0.45044248046875 0.915302734375 0.4753412109375 0.90125732421875
0 0.15269599609375 0.88433896484375 0.16801826171875 0.886254296875 0.17567939453125 0.8939154296875 0.1737640625 0.90796083984375 0.1565265625 0.92200625 0.1456732421875 0.9264751953125 0.1354583984375 0.9417974609375 0.14439638671875 0.94882021484375 0.13673525390625 0.96861142578125 0.11183662109375 0.9794646484375 0.08821484375 0.97563408203125 0.07927685546875 0.98904111328125 0.05820869140625 0.9794646484375 0.0339484375 0.96350400390625 0.039055859375 0.94882021484375 0.03522529296875 0.94052060546875 0.0211798828125 0.93924375 0.0071345703125 0.93094423828125 0 0.92172880859375 0 0.893394921875 0.01990302734375 0.881146875 0.0365021484375 0.86965517578125 0.07161572265625 0.848587109375 0.0977912109375 0.8377337890625 0.13992744140625 0.8409259765625 0.15269599609375 0.88433896484375
0 0.843075390625 0.90317265625 0.843075390625 0.90955693359375 0.8405216796875 0.91913330078125 0.82136884765625 0.93381708984375 0.79838544921875 0.93126337890625 0.77348671875 0.9127490234375 0.77987099609375 0.88848876953125 0.80285439453125 0.8769970703125 0.83349892578125 0.8801892578125 0.843075390625 0.90317265625
0 0.7415654296875 0.877635546875 0.740926953125 0.87827392578125 0.73901171875 0.88146611328125 0.74220380859375 0.9006189453125 0.73965009765625 0.92104853515625 0.72432783203125 0.9331787109375 0.70453662109375 0.9178564453125 0.68666064453125 0.89934208984375 0.68091484375 0.88338134765625 0.68666064453125 0.8616748046875 0.69879072265625 0.84571416015625 0.720497265625 0.846991015625 0.730712109375 0.8648669921875 0.7415654296875 0.877635546875
0 0.41317431640625 0.88944638671875 0.4125359375 0.893276953125 0.4067900390625 0.91179140625 0.37869921875 0.94307431640625 0.35188525390625 0.93924375 0.33273251953125 0.9296673828125 0.30655693359375 0.92200625 0.28931943359375 0.91562197265625 0.28293515625 0.90476865234375 0.267612890625 0.8837005859375 0.27335869140625 0.8683783203125 0.2925115234375 0.84731025390625 0.31485654296875 0.8377337890625 0.3486931640625 0.8307111328125 0.38572197265625 0.848587109375 0.41317431640625 0.88944638671875
0 0.67133837890625 0.83996826171875 0.672615234375 0.84316044921875 0.67197685546875 0.864228515625 0.66623095703125 0.87891240234375 0.652185546875 0.89678837890625 0.63686328125 0.89998046875 0.6094109375 0.8821044921875 0.60047294921875 0.85592900390625 0.61771044921875 0.84188359375 0.6502703125 0.8361376953125 0.67133837890625 0.83996826171875
0 0.97522978515625 0.93445556640625 0.976506640625 0.89423466796875 0.9990234375 0.86460732421875 0.9990234375 0.94863046875 0.97522978515625 0.93445556640625
0 0.97331455078125 0.8291150390625 0.97267607421875 0.829753515625 0.96820712890625 0.84826787109375 0.96820712890625 0.90891845703125 0.9139408203125 0.9197716796875 0.87116611328125 0.90125732421875 0.8456291015625 0.864228515625 0.8654203125 0.83039189453125 0.9107486328125 0.81506962890625 0.97331455078125 0.8291150390625