0 0.91514912109375 0.9753046875 0.93886787109375 0.9990234375 0.8601216796875 0.9990234375 0.91514912109375 0.9753046875
0 0.9968361328125 0.95833076171875 0.9990234375 0.9577439453125 0.9990234375 0.9990234375 0.96344736328125 0.9990234375 0.9968361328125 0.95833076171875
0 0.63401826171875 0.99015693359375 0.68069658203125 0.95620908203125 0.77231943359375 0.9990234375 0.6342345703125 0.9990234375 0.63401826171875 0.99015693359375
0 0.48442529296875 0.9521271484375 0.52884013671875 0.99141708984375 0.5251890625 0.9990234375 0.35428017578125 0.9990234375 0.34947255859375 0.95896015625 0.3563056640625 0.93333623046875 0.38534609375 0.924794921875 0.4536765625 0.92650322265625 0.48442529296875 0.9521271484375
0 0.51688232421875 0.9862923828125 0.508341015625 0.93333623046875 0.5049244140625 0.892337890625 0.5595888671875 0.86500576171875 0.5954623046875 0.87183876953125 0.61083671875 0.91625361328125 0.62279453125 0.9418775390625 0.62621103515625 0.97091796875 0.6176697265625 0.97945927734375 0.61440908203125 0.9990234375 0.54697392578125 0.9990234375 0.51688232421875 0.9862923828125
0 0.84619248046875 0.61885205078125 0.81860986328125 0.5361041015625 0.882262109375 0.51276494140625 0.93318388671875 0.50215625 0.9990234375 0.5350759765625 0.9990234375 0.6006466796875 0.91196650390625 0.66340859375 0.84619248046875 0.61885205078125
0 0.9671318359375 0.48518232421875 0.994714453125 0.4172865234375 0.9990234375 0.4172865234375 0.9990234375 0.52714501953125 0.9671318359375 0.48518232421875
0 0.7984533203125 0.333477734375 0.832401171875 0.3122603515625 0.8790794921875 0.31013857421875 0.900296875 0.3111994140625 0.9257578125 0.33453857421875 0.9289404296875 0.3493908203125 0.93000126953125 0.3684865234375 0.91302734375 0.3812169921875 0.882262109375 0.4056169921875 0.8546794921875 0.4247126953125 0.83876640625 0.43532138671875 0.81860986328125 0.43956484375 0.77723583984375 0.4310779296875 0.77193154296875 0.371669140625 0.7984533203125 0.333477734375
0 0.9990234375 0.33883564453125 0.9990234375 0.41038837890625 0.9851666015625 0.4109212890625 0.96819267578125 0.40667783203125 0.96501005859375 0.35999951171875 0.9990234375 0.33883564453125
0 0.95227958984375 0.28998203125 0.9915318359375 0.2783125 0.9990234375 0.28080966796875 0.9990234375 0.35560712890625 0.9978970703125 0.35681689453125 0.95121875 0.3674255859375 0.94591435546875 0.36636474609375 0.92681865234375 0.320747265625 0.95227958984375 0.28998203125
0 0.83027939453125 0.26558203125 0.89605341796875 0.19768623046875 0.944853515625 0.2125384765625 0.95546220703125 0.2783125 0.8918099609375 0.3271125 0.83027939453125 0.26558203125
0 0.92787958984375 0.03855556640625 0.9915318359375 0.0194599609375 0.9990234375 0.01923955078125 0.9990234375 0.160480078125 0.96501005859375 0.16479921875 0.92363603515625 0.1690427734375 0.900296875 0.16479921875 0.8854447265625 0.07886875 0.92787958984375 0.03855556640625
0 0.5544529296875 0.2528515625 0.58415732421875 0.22951240234375 0.62553134765625 0.208294921875 0.6541748046875 0.21359931640625 0.66902705078125 0.23481669921875 0.63826181640625 0.271947265625 0.59688779296875 0.31332119140625 0.557635546875 0.29740810546875 0.5544529296875 0.2528515625
0 0.793620703125 0.19878349609375 0.82436943359375 0.17486787109375 0.87561728515625 0.16291005859375 0.89269990234375 0.19195048828125 0.85682646484375 0.21928271484375 0.82949423828125 0.24832314453125 0.838035546875 0.28761318359375 0.82436943359375 0.31665361328125 0.7867876953125 0.31665361328125 0.75603896484375 0.28761318359375 0.7423728515625 0.24319833984375 0.7645802734375 0.22099091796875 0.793620703125 0.19878349609375
0 0.60007041015625 0.13509482421875 0.6478095703125 0.171164453125 0.64993134765625 0.21678193359375 0.63932265625 0.2252689453125 0.557635546875 0.22314716796875 0.5480876953125 0.16055576171875 0.60007041015625 0.13509482421875
0 0.8101228515625 0.0778078125 0.86316640625 0.0937208984375 0.870592578125 0.13827744140625 0.856801171875 0.1743470703125 0.82815771484375 0.18495576171875 0.78996630859375 0.19026015625 0.77723583984375 0.1870775390625 0.770870703125 0.11493828125 0.8101228515625 0.0778078125
0 0.7040357421875 0.06401650390625 0.745409765625 0.0778078125 0.76874892578125 0.11493828125 0.751775 0.14252099609375 0.74434892578125 0.1563123046875 0.70615751953125 0.1626775390625 0.670087890625 0.14888623046875 0.63401826171875 0.1128166015625 0.65947919921875 0.084173046875 0.7040357421875 0.06401650390625
0 0.52745361328125 0.0376154296875 0.50395771484375 0.075905078125 0.5117896484375 0.1063626953125 0.49656083984375 0.13899599609375 0.4735 0.1616216796875 0.425637890625 0.13899599609375 0.3799513671875 0.15117900390625 0.37560029296875 0.2164455078125 0.2964103515625 0.2273232421875 0.2563482421875 0.209355859375 0.2277046875 0.19132099609375 0.17283916015625 0.14726298828125 0.15344375 0.0502251953125 0.14495673828125 0.03643388671875 0.1515810546875 0 0.52724228515625 0 0.52745361328125 0.0376154296875
0 0.77517900390625 0 0.836228125 0 0.85892294921875 0.0258251953125 0.84407080078125 0.06507734375 0.82709677734375 0.084173046875 0.77405322265625 0.09902529296875 0.74328798828125 0.03006865234375 0.77517900390625 0
0 0.000987109375 0.93333623046875 0.02490283203125 0.91625361328125 0.05394326171875 0.9299197265625 0.04881845703125 0.95554365234375 0.0385689453125 0.97433447265625 0.04881845703125 0.9880005859375 0.0402771484375 0.9982501953125 0.024812109375 0.9990234375 0.0049431640625 0.9990234375 0 0.9950689453125 0 0.94123330078125 0.000987109375 0.93333623046875
0 0.0059826171875 0.73130439453125 0.08024365234375 0.7737392578125 0.10146103515625 0.8352697265625 0.06751318359375 0.907408984375 0.059026171875 0.920139453125 0 0.90017470703125 0 0.734053125 0.0059826171875 0.73130439453125
0 0.00810439453125 0.582782421875 0 0.62330439453125 0 0.5722767578125 0.00810439453125 0.582782421875
0 0.06433056640625 0.95514814453125 0.06645234375 0.869217578125 0.14495673828125 0.85648720703125 0.18951337890625 0.87452197265625 0.2245220703125 0.91483505859375 0.18845244140625 0.957269921875 0.08660888671875 0.9795482421875 0.06433056640625 0.95514814453125
0 0.23300908203125 0.80344365234375 0.3030265625 0.76313046875 0.3688005859375 0.7673740234375 0.39213974609375 0.77798271484375 0.40699189453125 0.83739150390625 0.3560701171875 0.89892197265625 0.32636572265625 0.9668177734375 0.22876552734375 0.89255673828125 0.23300908203125 0.80344365234375
0 0.113732421875 0.8069248046875 0.11714892578125 0.7727595703125 0.13764814453125 0.731761328125 0.17181337890625 0.711262109375 0.202562109375 0.73005302734375 0.2093951171875 0.75909345703125 0.21793642578125 0.79155048828125 0.2333107421875 0.81546611328125 0.21793642578125 0.84279833984375 0.20768681640625 0.87696357421875 0.1752298828125 0.86500576171875 0.125690234375 0.85475615234375 0.1068994140625 0.85817265625 0.10348291015625 0.8393818359375 0.113732421875 0.8069248046875
0 0.42820927734375 0.70584345703125 0.4982267578125 0.682504296875 0.54702685546875 0.69947822265625 0.57885302734375 0.7355478515625 0.56612255859375 0.8161740234375 0.49186162109375 0.8543654296875 0.42184404296875 0.769495703125 0.42820927734375 0.70584345703125
0 0.65947919921875 0.7291826171875 0.7040357421875 0.66553037109375 0.78678369140625 0.63794775390625 0.8292185546875 0.6549216796875 0.869531640625 0.70372177734375 0.882262109375 0.74403486328125 0.869531640625 0.79283486328125 0.80587939453125 0.83739150390625 0.776175 0.8543654296875 0.68918359375 0.807687109375 0.65947919921875 0.7291826171875
0 0.02083486328125 0.61248681640625 0.03993056640625 0.57853896484375 0.10146103515625 0.54459111328125 0.14813935546875 0.53186064453125 0.16511328125 0.53398232421875 0.2181568359375 0.5764171875 0.24149599609375 0.63158251953125 0.2436177734375 0.69311298828125 0.23513076171875 0.71220869140625 0.0696349609375 0.71220869140625 0.02083486328125 0.61248681640625
0 0.22027861328125 0.4109212890625 0.26695693359375 0.370608203125 0.29029609375 0.36636474609375 0.31363525390625 0.3812169921875 0.3178787109375 0.4109212890625 0.3178787109375 0.43850400390625 0.3306091796875 0.45335615234375 0.277565625 0.46608662109375 0.22027861328125 0.4109212890625
0 0.64993134765625 0.27300810546875 0.7019140625 0.2867994140625 0.74116630859375 0.30695595703125 0.757079296875 0.3302951171875 0.77723583984375 0.35469521484375 0.76238369140625 0.3865212890625 0.758140234375 0.41622568359375 0.74965322265625 0.44380830078125 0.74328798828125 0.4618431640625 0.72737490234375 0.471391015625 0.70297490234375 0.4671474609375 0.671148828125 0.44380830078125 0.62234873046875 0.39819091796875 0.60325302734375 0.37909521484375 0.6043138671875 0.31544296875 0.64993134765625 0.27300810546875
0 0.370922265625 0.30695595703125 0.39213974609375 0.24118193359375 0.4685224609375 0.23269501953125 0.483374609375 0.2433037109375 0.50671376953125 0.2814951171875 0.52580947265625 0.3366603515625 0.53217470703125 0.3621212890625 0.53429638671875 0.3769734375 0.43245283203125 0.402434375 0.370922265625 0.30695595703125
0 0.0505392578125 0.41516484375 0 0.361965625 0 0.240926953125 0.0314435546875 0.21996455078125 0.07387841796875 0.20723408203125 0.1057044921875 0.20511240234375 0.14813935546875 0.270886328125 0.15450458984375 0.29422548828125 0.12055673828125 0.3557560546875 0.0505392578125 0.41516484375
0 0.0028 0.0290078125 0 0.03950791015625 0 0 0.02318388671875 0 0.0028 0.0290078125
0 0.97561875 0.0120337890625 0.95088251953125 0 0.9990234375 0 0.9990234375 0.01134541015625 0.97561875 0.0120337890625