0 0.85976787109375 0.9964822265625 0.8714375 0.92009951171875 0.91281142578125 0.8840298828125 0.96585498046875 0.88190810546875 0.9990234375 0.90342275390625 0.9990234375 0.9990234375 0.86065439453125 0.9990234375 0.85976787109375 0.9964822265625
0 0.65793720703125 0.96916474609375 0.71734599609375 0.97871259765625 0.74636142578125 0.9990234375 0.6212537109375 0.9990234375 0.65793720703125 0.96916474609375
0 0.13439736328125 0.99356484375 0.1418234375 0.9893212890625 0.16197998046875 0.99250390625 0.17328046875 0.9990234375 0.13042744140625 0.9990234375 0.13439736328125 0.99356484375
0 0.4123455078125 0.95006904296875 0.4123455078125 0.961738671875 0.415528125 0.980834375 0.4296751953125 0.9990234375 0.3014205078125 0.9990234375 0.30307587890625 0.99674736328125 0.30307587890625 0.99356484375 0.297771484375 0.98826044921875 0.29140625 0.9829560546875 0.26488447265625 0.9649212890625 0.25215400390625 0.93839951171875 0.2574583984375 0.92885166015625 0.29564970703125 0.9055125 0.3168671875 0.89702548828125 0.34975419921875 0.8959646484375 0.38370205078125 0.89490380859375 0.41128466796875 0.923547265625 0.43356298828125 0.9521908203125 0.4123455078125 0.95006904296875
0 0.7462546875 0.87236025390625 0.78444609375 0.85114287109375 0.826880859375 0.85008203125 0.86082880859375 0.868116796875 0.8873505859375 0.89145595703125 0.90008095703125 0.8956994140625 0.86613310546875 0.9519255859375 0.85446357421875 0.9964822265625 0.854078515625 0.9990234375 0.755841015625 0.9990234375 0.74731552734375 0.9582908203125 0.7462546875 0.87236025390625
0 0.5818197265625 0.9147951171875 0.67941982421875 0.86069072265625 0.73352421875 0.86387333984375 0.739889453125 0.91055166015625 0.73352421875 0.97314306640625 0.63172802734375 0.9990234375 0.6065927734375 0.9990234375 0.5818197265625 0.9147951171875
0 0.0177015625 0.8026080078125 0.0208841796875 0.80791240234375 0.0177015625 0.8217037109375 0 0.84008603515625 0 0.80337763671875 0.0177015625 0.8026080078125
0 0.00921455078125 0.88535595703125 0.02194501953125 0.8959646484375 0.02512763671875 0.90763427734375 0.03149287109375 0.924608203125 0.03467548828125 0.937338671875 0.0261884765625 0.96067783203125 0.0177015625 0.9712865234375 0 0.96960068359375 0 0.8835130859375 0.00921455078125 0.88535595703125
0 0.9777013671875 0.89021826171875 0.98053037109375 0.83646748046875 0.9990234375 0.79948134765625 0.9990234375 0.9133171875 0.9777013671875 0.89021826171875
0 0.9777013671875 0.6327802734375 0.9990234375 0.5874708984375 0.9990234375 0.73728232421875 0.97487236328125 0.69501796875 0.9777013671875 0.6327802734375
0 0.2129017578125 0.90657333984375 0.20865830078125 0.9299125 0.19698876953125 0.94264296875 0.19062353515625 0.9458255859375 0.16834521484375 0.95006904296875 0.14606689453125 0.94370390625 0.122727734375 0.9330951171875 0.10044951171875 0.9394603515625 0.07817119140625 0.95112998046875 0.04952763671875 0.937338671875 0.04634501953125 0.911877734375 0.06225810546875 0.8906603515625 0.06225810546875 0.8832341796875 0.04740595703125 0.8524689453125 0.04316240234375 0.82912978515625 0.060136328125 0.8026080078125 0.085597265625 0.787755859375 0.1269712890625 0.80472978515625 0.1577365234375 0.8280689453125 0.19698876953125 0.862016796875 0.2129017578125 0.90657333984375
0 0.20229306640625 0.88217333984375 0.23093662109375 0.8206427734375 0.25639755859375 0.80154716796875 0.2945888671875 0.81639931640625 0.32429326171875 0.8270080078125 0.33065849609375 0.8588341796875 0.32747587890625 0.887477734375 0.29352802734375 0.923547265625 0.23624091796875 0.924608203125 0.20229306640625 0.88217333984375
0 0.29564970703125 0.6901556640625 0.3200498046875 0.70606875 0.347632421875 0.71349482421875 0.372032421875 0.71137314453125 0.3815802734375 0.71349482421875 0.3943107421875 0.71667744140625 0.4070412109375 0.724103515625 0.44523251953125 0.74744267578125 0.4653890625 0.76123408203125 0.47705869140625 0.76866015625 0.47918046875 0.7782080078125 0.47918046875 0.7962427734375 0.45796298828125 0.8089732421875 0.4505369140625 0.8153384765625 0.447354296875 0.8270080078125 0.447354296875 0.837616796875 0.44311083984375 0.86095595703125 0.4250759765625 0.86838203125 0.39855419921875 0.8779298828125 0.38688466796875 0.88853857421875 0.37733681640625 0.89384296875 0.366728125 0.899147265625 0.3624845703125 0.90020810546875 0.35293681640625 0.9023298828125 0.347632421875 0.9023298828125 0.334901953125 0.887477734375 0.3264150390625 0.86626025390625 0.3126236328125 0.824886328125 0.297771484375 0.81639931640625 0.27124970703125 0.80791240234375 0.24897138671875 0.7962427734375 0.2415453125 0.78881669921875 0.23624091796875 0.76017314453125 0.23624091796875 0.74319921875 0.25639755859375 0.73577314453125 0.2627626953125 0.7336513671875 0.2627626953125 0.73259052734375 0.26700625 0.6912166015625 0.29564970703125 0.6901556640625
0 0.8249359375 0.8251515625 0.8249359375 0.81100654296875 0.81927802734375 0.77140068359375 0.82776494140625 0.68370205078125 0.88717373046875 0.66389912109375 0.94092451171875 0.68370205078125 0.99467529296875 0.7544267578125 0.98618837890625 0.8053486328125 0.92677958984375 0.87890234375 0.8249359375 0.8251515625
0 0.1418234375 0.6837904296875 0.1577365234375 0.69333828125 0.17471044921875 0.69864267578125 0.185319140625 0.70076435546875 0.2129017578125 0.70394697265625 0.22138876953125 0.71667744140625 0.22881484375 0.7400166015625 0.22881484375 0.7591123046875 0.22775400390625 0.76759931640625 0.22457138671875 0.78245146484375 0.2203279296875 0.79518193359375 0.2171453125 0.8026080078125 0.21184091796875 0.80791240234375 0.19380615234375 0.82912978515625 0.18425830078125 0.836555859375 0.17895390625 0.836555859375 0.17152783203125 0.8333732421875 0.1630408203125 0.8280689453125 0.14712783203125 0.8089732421875 0.13333642578125 0.8026080078125 0.1163625 0.79730361328125 0.0951451171875 0.78881669921875 0.0665015625 0.7962427734375 0.04740595703125 0.79518193359375 0.04316240234375 0.79306015625 0.016640625 0.7718427734375 0.0081537109375 0.736833984375 0.00921455078125 0.71137314453125 0.00921455078125 0.6901556640625 0.0208841796875 0.6562078125 0.03679716796875 0.64241650390625 0.07923203125 0.62650341796875 0.1322755859375 0.64241650390625 0.1641017578125 0.6466599609375 0.1418234375 0.6837904296875
0 0.63937197265625 0.55542509765625 0.60330234375 0.54799892578125 0.58845009765625 0.538451171875 0.59163271484375 0.51405107421875 0.59481533203125 0.4970771484375 0.60224150390625 0.48010322265625 0.63937197265625 0.44297275390625 0.64149365234375 0.4419119140625 0.6499806640625 0.43979013671875 0.6648328125 0.4355466796875 0.67650244140625 0.43660751953125 0.70196337890625 0.45888583984375 0.7125720703125 0.4726771484375 0.71363291015625 0.4843466796875 0.71045029296875 0.500259765625 0.71681552734375 0.52996416015625 0.7115111328125 0.550120703125 0.70408505859375 0.5660337890625 0.66058935546875 0.562851171875 0.63937197265625 0.55542509765625
0 0.87249833984375 0.30585517578125 0.9990234375 0.25483701171875 0.9990234375 0.58857890625 0.96585498046875 0.62411650390625 0.914933203125 0.6623078125 0.84491572265625 0.61775126953125 0.75368076171875 0.51166416015625 0.7939939453125 0.4034552734375 0.87249833984375 0.30585517578125
0 0.41845537109375 0.36949755859375 0.417198046875 0.39590146484375 0.40839677734375 0.42230537109375 0.390794140625 0.42607734375 0.37444892578125 0.4399080078125 0.41594072265625 0.4763705078125 0.39959541015625 0.4927158203125 0.3568462890625 0.50403173828125 0.3140970703125 0.52792099609375 0.27134794921875 0.53043564453125 0.21351083984375 0.50906103515625 0.212253515625 0.49145849609375 0.2034521484375 0.4612826171875 0.19968017578125 0.437393359375 0.19087890625 0.4185333984375 0.20596689453125 0.38835751953125 0.238657421875 0.37326962890625 0.2675759765625 0.34686572265625 0.31283974609375 0.33680703125 0.3405009765625 0.321719140625 0.36313291015625 0.33052041015625 0.3958234375 0.348123046875 0.41845537109375 0.36949755859375
0 0.57687880859375 0.305373828125 0.575621484375 0.33303505859375 0.5881947265625 0.34686572265625 0.638487890625 0.39841611328125 0.63471591796875 0.42859208984375 0.6196279296875 0.447451953125 0.57436416015625 0.45751064453125 0.54418828125 0.4499666015625 0.52155634765625 0.44619462890625 0.48760849609375 0.4298494140625 0.4461166015625 0.41224677734375 0.4247419921875 0.38584287109375 0.42222734375 0.3632109375 0.4461166015625 0.331777734375 0.4775498046875 0.3129177734375 0.50521103515625 0.29657255859375 0.54293095703125 0.2764552734375 0.5932240234375 0.2902859375 0.57687880859375 0.305373828125
0 0.01876240234375 0.35173779296875 0.00709287109375 0.3103638671875 0.03467548828125 0.263685546875 0.05483203125 0.239285546875 0.0824146484375 0.23079853515625 0.109997265625 0.22018984375 0.1768322265625 0.25625947265625 0.15243212890625 0.313546484375 0.159858203125 0.33158125 0.1513712890625 0.35173779296875 0.1259103515625 0.38992919921875 0.12484951171875 0.40796396484375 0.109997265625 0.431303125 0.08771904296875 0.431303125 0.05483203125 0.42705966796875 0.01557978515625 0.40159873046875 0.01876240234375 0.35173779296875
0 0.64891982421875 0.350676953125 0.6372501953125 0.350676953125 0.62664150390625 0.337946484375 0.60860673828125 0.29975517578125 0.590571875 0.26580732421875 0.5810240234375 0.25201591796875 0.5757197265625 0.2361029296875 0.57041533203125 0.21276376953125 0.57359794921875 0.20639853515625 0.58951103515625 0.19578974609375 0.6001197265625 0.188363671875 0.61072841796875 0.1851810546875 0.61709365234375 0.17775498046875 0.62982412109375 0.1724505859375 0.6680154296875 0.175633203125 0.69771982421875 0.1788158203125 0.71469375 0.16608544921875 0.72742421875 0.16290283203125 0.7433373046875 0.1671462890625 0.74758076171875 0.1862419921875 0.74439814453125 0.20003330078125 0.73909384765625 0.2286767578125 0.74121552734375 0.26474638671875 0.73909384765625 0.28702470703125 0.73909384765625 0.300816015625 0.68817197265625 0.34431171875 0.64891982421875 0.350676953125
0 0.7218546875 0.16157666015625 0.7876287109375 0.11277666015625 0.86401142578125 0.11914189453125 0.90432451171875 0.16157666015625 0.9234201171875 0.1849158203125 0.9297853515625 0.23159423828125 0.9297853515625 0.269785546875 0.91917666015625 0.28675947265625 0.79823740234375 0.31858564453125 0.740950390625 0.3291943359375 0.7218546875 0.237959375 0.7218546875 0.16157666015625
0 0.54418828125 0.1821556640625 0.55550419921875 0.22741943359375 0.5379015625 0.2575953125 0.506468359375 0.2714259765625 0.45491787109375 0.2865138671875 0.4096541015625 0.295315234375 0.38199287109375 0.2601099609375 0.3731916015625 0.2236474609375 0.37570625 0.1871849609375 0.37570625 0.153237109375 0.42599931640625 0.126833203125 0.506468359375 0.1557517578125 0.54418828125 0.1821556640625
0 0.122727734375 0.14911142578125 0.11211904296875 0.14062451171875 0.09726689453125 0.10349404296875 0.07923203125 0.05257216796875 0.07180595703125 0.026050390625 0.08029296875 0.014380859375 0.085597265625 0.01332001953125 0.09012607421875 0 0.2547470703125 0 0.26700625 0.01225908203125 0.27443232421875 0.0228677734375 0.27443232421875 0.02498955078125 0.235180078125 0.03135478515625 0.22987578125 0.03135478515625 0.22138876953125 0.04620693359375 0.21820615234375 0.05893740234375 0.2075974609375 0.0737896484375 0.198049609375 0.0865201171875 0.19380615234375 0.10031142578125 0.19592783203125 0.1225896484375 0.1948669921875 0.14380712890625 0.19380615234375 0.15972021484375 0.17789306640625 0.1575984375 0.16834521484375 0.151233203125 0.122727734375 0.14911142578125
0 0.073927734375 0.0430244140625 0.0707451171875 0.051511328125 0.05907548828125 0.06530263671875 0.061197265625 0.0822765625 0.07498857421875 0.0981896484375 0.08135380859375 0.10349404296875 0.08665810546875 0.10985927734375 0.1078755859375 0.12152880859375 0.10257119140625 0.1353201171875 0.098327734375 0.14062451171875 0.08771904296875 0.17775498046875 0.08135380859375 0.183059375 0.0675625 0.1851810546875 0.04316240234375 0.17457236328125 0.0421015625 0.16184189453125 0.03785810546875 0.1416853515625 0.0261884765625 0.13744189453125 0.0145189453125 0.13425927734375 0.00072763671875 0.114102734375 0 0.114102734375 0 0 0.07158095703125 0 0.073927734375 0.0430244140625
0 0.7892158203125 0 0.9990234375 0 0.9990234375 0.1235390625 0.9807072265625 0.144602734375 0.9425158203125 0.15945498046875 0.8555244140625 0.131872265625 0.802480859375 0.06822001953125 0.7892158203125 0
0 0.5163109375 0.001650390625 0.5141103515625 0 0.55305947265625 0 0.54283271484375 0.008015625 0.5163109375 0.001650390625
0 0.4653890625 0.0048330078125 0.4441716796875 0.0228677734375 0.4250759765625 0.0419634765625 0.421893359375 0.05363310546875 0.391128125 0.07166787109375 0.37945859375 0.05575478515625 0.3699107421875 0.05999833984375 0.3508150390625 0.04408525390625 0.31580625 0.04514609375 0.30413671875 0.04620693359375 0.28716279296875 0.02180693359375 0.29629130859375 0 0.46633212890625 0 0.4653890625 0.0048330078125