0 0.98059921875 0.95393935546875 0.97317314453125 0.927417578125 0.98166015625 0.915748046875 0.986964453125 0.91468720703125 0.9990234375 0.87921962890625 0.9990234375 0.9990234375 0.99656650390625 0.9990234375 0.98059921875 0.95393935546875
0 0.99545146484375 0.84679140625 0.9990234375 0.84577080078125 0.9990234375 0.8523478515625 0.99545146484375 0.84679140625
0 0.94559052734375 0.8319392578125 0.94877314453125 0.85421748046875 0.94877314453125 0.85527841796875 0.96362529296875 0.85421748046875 0.98272099609375 0.84785224609375 0.9784775390625 0.87331318359375 0.9774166015625 0.88286103515625 0.9721123046875 0.88604365234375 0.975294921875 0.9443916015625 0.9721123046875 0.952878515625 0.96044267578125 0.96666982421875 0.962564453125 0.98364375 0.97589345703125 0.9990234375 0.838705859375 0.9990234375 0.83632080078125 0.99531337890625 0.84162509765625 0.98364375 0.84586865234375 0.96773076171875 0.84586865234375 0.95075673828125 0.83950341796875 0.93590458984375 0.8288947265625 0.91999150390625 0.850112109375 0.890287109375 0.8692078125 0.88604365234375 0.89785126953125 0.90726103515625 0.8967904296875 0.90195673828125 0.9158861328125 0.88286103515625 0.912703515625 0.87225234375 0.88830341796875 0.8627044921875 0.85541650390625 0.8627044921875 0.83313818359375 0.85421748046875 0.80767724609375 0.8446697265625 0.8214685546875 0.827695703125 0.85753818359375 0.8128435546875 0.88299912109375 0.8001130859375 0.94452958984375 0.80860009765625 0.94559052734375 0.8319392578125
0 0.99040244140625 0.84840234375 0.92250673828125 0.780506640625 0.92250673828125 0.737757421875 0.96777060546875 0.70003759765625 0.997946484375 0.64974443359375 0.9990234375 0.64694423828125 0.9990234375 0.85150595703125 0.99040244140625 0.84840234375
0 0.9990234375 0.604059375 0.9990234375 0.61400322265625 0.997946484375 0.61831123046875 0.97279990234375 0.6560310546875 0.9526826171875 0.68117763671875 0.92250673828125 0.6887216796875 0.902389453125 0.691236328125 0.86969892578125 0.68117763671875 0.85712568359375 0.66106044921875 0.84455234375 0.648487109375 0.8319791015625 0.61831123046875 0.81689111328125 0.5931646484375 0.849581640625 0.5403568359375 0.839523046875 0.50012236328125 0.85964033203125 0.46240244140625 0.91999208984375 0.44982919921875 0.9426240234375 0.49509306640625 0.97028525390625 0.5202396484375 0.9990234375 0.604059375
0 0.97531455078125 0.027366796875 0.98537314453125 0.0349107421875 0.9990234375 0.0443609375 0.9990234375 0.21363125 0.98285849609375 0.21848076171875 0.9099333984375 0.23356865234375 0.85964033203125 0.21093671875 0.82443505859375 0.17070224609375 0.80431787109375 0.11035048828125 0.8319791015625 0.07011591796875 0.8898162109375 0.027366796875 0.97531455078125 0.027366796875
0 0.66920205078125 0.9990234375 0.53093212890625 0.9990234375 0.53022021484375 0.99048046875 0.5465654296875 0.97413525390625 0.53273486328125 0.95401796875 0.53524951171875 0.912526171875 0.56165341796875 0.90246748046875 0.58805732421875 0.91629814453125 0.60691728515625 0.93390068359375 0.61697587890625 0.96281923828125 0.63332119140625 0.975392578125 0.6685263671875 0.99550986328125 0.66920205078125 0.9990234375
0 0.1781681640625 0.94521669921875 0.10398583984375 0.9250994140625 0.0725525390625 0.88235029296875 0.10901513671875 0.843373046875 0.16433759765625 0.8219984375 0.2737251953125 0.80816787109375 0.29887177734375 0.843373046875 0.31395966796875 0.89240888671875 0.3152169921875 0.94521669921875 0.30641572265625 0.97413525390625 0.3051583984375 0.9779072265625 0.24103466796875 0.98670849609375 0.1781681640625 0.94521669921875
0 0.32401826171875 0.9640765625 0.3202462890625 0.9414447265625 0.30138642578125 0.87606357421875 0.30390107421875 0.82577041015625 0.3202462890625 0.81068251953125 0.36676748046875 0.80062392578125 0.413288671875 0.8245130859375 0.42963388671875 0.869776953125 0.42460458984375 0.8911515625 0.413288671875 0.93641533203125 0.39317138671875 0.96030458984375 0.34036357421875 0.9942525390625 0.32401826171875 0.9640765625
0 0.46183330078125 0.84785224609375 0.4289462890625 0.816026171875 0.41833759765625 0.790565234375 0.4607724609375 0.76086083984375 0.4798681640625 0.75131298828125 0.4915376953125 0.74706953125 0.51805947265625 0.766165234375 0.57428564453125 0.81178271484375 0.58913779296875 0.8255740234375 0.58277265625 0.85740009765625 0.5668595703125 0.8818001953125 0.55200732421875 0.89877412109375 0.52018125 0.88604365234375 0.46183330078125 0.84785224609375
0 0.56473779296875 0.79693046875 0.52442470703125 0.77146953125 0.512755078125 0.74282607421875 0.52760732421875 0.69826943359375 0.5541291015625 0.67068681640625 0.58277265625 0.653712890625 0.5848943359375 0.653712890625 0.62414658203125 0.64628681640625 0.644303125 0.64734765625 0.668703125 0.66538251953125 0.70159013671875 0.6823564453125 0.7217466796875 0.690843359375 0.750390234375 0.72266953125 0.75569462890625 0.7322173828125 0.74614677734375 0.76192177734375 0.72068583984375 0.79586962890625 0.72068583984375 0.79693046875 0.64960751953125 0.816026171875 0.56473779296875 0.79693046875
0 0.80683251953125 0.5353275390625 0.7892298828125 0.5403568359375 0.81437646484375 0.569275390625 0.8256923828125 0.622083203125 0.8005458984375 0.6409431640625 0.8055751953125 0.664832421875 0.79551650390625 0.70003759765625 0.77539931640625 0.7038095703125 0.765340625 0.70632421875 0.72259150390625 0.69500830078125 0.671041015625 0.66357509765625 0.62200517578125 0.61831123046875 0.591829296875 0.54412880859375 0.6056599609375 0.51898232421875 0.6370931640625 0.47623310546875 0.68612890625 0.46617451171875 0.7414513671875 0.45863046875 0.7942591796875 0.46240244140625 0.79803115234375 0.47120380859375 0.8420376953125 0.51772490234375 0.80683251953125 0.5353275390625
0 0.34790751953125 0.57053271484375 0.31647431640625 0.61579658203125 0.2837837890625 0.61831123046875 0.2624091796875 0.6308845703125 0.2523505859375 0.638428515625 0.2309759765625 0.6510017578125 0.218402734375 0.6560310546875 0.20708671875 0.648487109375 0.19074150390625 0.62334052734375 0.17188154296875 0.60196591796875 0.15930830078125 0.542871484375 0.17062421875 0.5089236328125 0.17439619140625 0.49509306640625 0.218402734375 0.43977060546875 0.2737251953125 0.42845458984375 0.30390107421875 0.45988779296875 0.33281962890625 0.5089236328125 0.33910625 0.52149697265625 0.34790751953125 0.57053271484375
0 0.5169986328125 0.4351734375 0.512755078125 0.38743427734375 0.5541291015625 0.36515595703125 0.59550302734375 0.36303427734375 0.6474857421875 0.35666904296875 0.68037275390625 0.36621689453125 0.68673798828125 0.391677734375 0.67719013671875 0.4203212890625 0.66764228515625 0.44047783203125 0.637937890625 0.4701822265625 0.5944421875 0.49033876953125 0.575346484375 0.4754865234375 0.52442470703125 0.45851259765625 0.5169986328125 0.4351734375
0 0.0675232421875 0.25242861328125 0.10147119140625 0.275060546875 0.11655908203125 0.29392041015625 0.10901513671875 0.311523046875 0.0788392578125 0.34295625 0.0675232421875 0.3567869140625 0.06375126953125 0.3668455078125 0.05620732421875 0.3769041015625 0.0021421875 0.39450673828125 0.01220078125 0.37061748046875 0 0.37119853515625 0 0.19394912109375 0.0386046875 0.200878125 0.070037890625 0.2147087890625 0.0675232421875 0.25242861328125
0 0.59560126953125 0.15184228515625 0.59560126953125 0.1455556640625 0.6056599609375 0.11537978515625 0.618233203125 0.10532119140625 0.63835048828125 0.1040638671875 0.67481298828125 0.1090931640625 0.7125328125 0.12921044921875 0.72007685546875 0.153099609375 0.72762080078125 0.16567294921875 0.733907421875 0.17573154296875 0.75402470703125 0.19207685546875 0.7527673828125 0.21093671875 0.74899541015625 0.23608330078125 0.76911259765625 0.26877392578125 0.78294326171875 0.301464453125 0.76911259765625 0.3090083984375 0.765340625 0.3090083984375 0.74019404296875 0.31655234375 0.71379013671875 0.34672822265625 0.68235693359375 0.34924287109375 0.66726904296875 0.33415498046875 0.6421224609375 0.36810283203125 0.591829296875 0.36810283203125 0.581770703125 0.3567869140625 0.56668271484375 0.32032431640625 0.51890419921875 0.3253537109375 0.50633095703125 0.31655234375 0.512617578125 0.2901484375 0.50758828125 0.28008984375 0.49878701171875 0.2562005859375 0.49124296875 0.23859794921875 0.492500390625 0.21093671875 0.5151322265625 0.19962080078125 0.54782275390625 0.21093671875 0.55913876953125 0.20465009765625 0.55410947265625 0.195848828125 0.5729693359375 0.16567294921875 0.634578515625 0.16818759765625 0.59560126953125 0.15184228515625
0 0.74614677734375 0.16359052734375 0.71113798828125 0.11372958984375 0.70265107421875 0.10099912109375 0.7291728515625 0.06599033203125 0.76736416015625 0.04159033203125 0.7907033203125 0.01400771484375 0.80237294921875 0.00021630859375 0.80255322265625 0 0.85601259765625 0 0.868146875 0.01719033203125 0.8532947265625 0.0331033203125 0.79600771484375 0.0893294921875 0.83101640625 0.15086005859375 0.82995556640625 0.17526005859375 0.812981640625 0.1901123046875 0.79282509765625 0.20284267578125 0.7663033203125 0.18480791015625 0.74614677734375 0.16359052734375
0 0.6370931640625 0.0198228515625 0.6572103515625 0.04748408203125 0.64840908203125 0.06885859375 0.628291796875 0.08143193359375 0.60440263671875 0.1040638671875 0.5893146484375 0.11789443359375 0.5503375 0.1116078125 0.5214189453125 0.106578515625 0.4786697265625 0.09651982421875 0.46358173828125 0.06508662109375 0.48495634765625 0.0198228515625 0.502728515625 0 0.620467578125 0 0.6370931640625 0.0198228515625
0 0.79300185546875 0.0085068359375 0.77791396484375 0.0135361328125 0.76408330078125 0.017308203125 0.75528203125 0.0223375 0.74396611328125 0.03113876953125 0.723848828125 0.0462267578125 0.69115830078125 0.05502802734375 0.66726904296875 0.03365341796875 0.6421224609375 0.0059921875 0.6388958984375 0 0.7947279296875 0 0.79300185546875 0.0085068359375
0 0.5050736328125 0.037425390625 0.46735380859375 0.05502802734375 0.4258619140625 0.05754267578125 0.3529369140625 0.02108017578125 0.34999541015625 0 0.511791015625 0 0.5050736328125 0.037425390625
0 0.9526826171875 0.04496943359375 0.89736015625 0.0298814453125 0.8624984375 0 0.9990234375 0 0.9990234375 0.03654375 0.9526826171875 0.04496943359375