0 0.97943447265625 0.988494921875 0.99220302734375 0.97636474609375 0.9990234375 0.9757447265625 0.9990234375 0.9990234375 0.96890595703125 0.9990234375 0.97943447265625 0.988494921875
0 0.86059423828125 0.9920419921875 0.87576923828125 0.980913671875 0.88285087890625 0.95966875 0.9091541015625 0.96877373046875 0.9162357421875 0.99406533203125 0.9166171875 0.9990234375 0.8737458984375 0.9990234375 0.8737458984375 0.995076953125 0.86059423828125 0.9920419921875
0 0.7796611328125 0.97383203125 0.80394111328125 0.9637154296875 0.84339599609375 0.98394873046875 0.87153544921875 0.9990234375 0.781460546875 0.9990234375 0.7796611328125 0.97383203125
0 0.9848611328125 0.89943427734375 0.985499609375 0.90709541015625 0.98933017578125 0.93773994140625 0.96570830078125 0.9517853515625 0.954855078125 0.96072333984375 0.92293369140625 0.96072333984375 0.89739658203125 0.94476259765625 0.88845859375 0.9211408203125 0.91208046875 0.8987958984375 0.954855078125 0.8936884765625 0.9848611328125 0.89943427734375
0 0.3908044921875 0.9792376953125 0.39112373046875 0.96327705078125 0.4061267578125 0.95657353515625 0.43230224609375 0.9655115234375 0.45783935546875 0.97796083984375 0.471884765625 0.98721806640625 0.4854484375 0.9990234375 0.3935615234375 0.9990234375 0.3908044921875 0.9792376953125
0 0.5553591796875 0.98546240234375 0.5639779296875 0.98450478515625 0.576746484375 0.9886544921875 0.5949416015625 0.99408115234375 0.61090234375 0.99503876953125 0.6193697265625 0.9990234375 0.541798046875 0.9990234375 0.5553591796875 0.98546240234375
0 0.6349931640625 0.96877373046875 0.6360048828125 0.93741220703125 0.66635478515625 0.93033046875 0.7007513671875 0.93235380859375 0.74931123046875 0.9414587890625 0.7574044921875 0.97383203125 0.73851103515625 0.9990234375 0.63677255859375 0.9990234375 0.6349931640625 0.96877373046875
0 0.56190302734375 0.95274296875 0.56094541015625 0.956254296875 0.55551875 0.96263857421875 0.552007421875 0.96742685546875 0.5408349609375 0.98051455078125 0.531577734375 0.9929638671875 0.52825478515625 0.9990234375 0.494380078125 0.9990234375 0.48688779296875 0.9961560546875 0.47475771484375 0.98147216796875 0.4763537109375 0.9655115234375 0.48401484375 0.95210458984375 0.49614501953125 0.940612890625 0.511148046875 0.93007880859375 0.52966240234375 0.92656748046875 0.56190302734375 0.95274296875
0 0.57866171875 0.9883353515625 0.5694044921875 0.97939736328125 0.55823203125 0.96439423828125 0.55089013671875 0.9337498046875 0.5655740234375 0.9133201171875 0.586961328125 0.904062890625 0.60196435546875 0.8995939453125 0.6188826171875 0.8995939453125 0.64027001953125 0.9187466796875 0.643462109375 0.9254501953125 0.645058203125 0.93981484375 0.63995078125 0.95928681640625 0.64314287109375 0.97205537109375 0.64027001953125 0.98737763671875 0.63580986328125 0.9990234375 0.614088671875 0.9990234375 0.6137751953125 0.9988693359375 0.57866171875 0.9883353515625
0 0.527268359375 0.8896982421875 0.5349294921875 0.89863623046875 0.54833642578125 0.91204326171875 0.5502517578125 0.9254501953125 0.53365263671875 0.926088671875 0.51896875 0.93183447265625 0.49279326171875 0.9439646484375 0.458956640625 0.95928681640625 0.43661162109375 0.9388572265625 0.43661162109375 0.9152353515625 0.45767978515625 0.88905986328125 0.48002470703125 0.86416123046875 0.4985390625 0.862884375 0.527268359375 0.8896982421875
0 0.7551869140625 0.91459697265625 0.7519947265625 0.924492578125 0.74369521484375 0.93183447265625 0.72901142578125 0.93598427734375 0.71305068359375 0.93534580078125 0.69421708984375 0.933111328125 0.67889482421875 0.93119609375 0.6648494140625 0.9203427734375 0.672510546875 0.90438212890625 0.68208701171875 0.8912943359375 0.69006728515625 0.87884501953125 0.70858173828125 0.87533369140625 0.74114150390625 0.880121875 0.7551869140625 0.91459697265625
0 0.68719443359375 0.8598517578125 0.68751357421875 0.862086328125 0.6878328125 0.8748548828125 0.68655595703125 0.8869849609375 0.67538349609375 0.90039189453125 0.66006123046875 0.911564453125 0.63707783203125 0.916991015625 0.62079794921875 0.9042224609375 0.6102638671875 0.88379287109375 0.61760576171875 0.86942822265625 0.6271822265625 0.858894140625 0.6441005859375 0.850275390625 0.68719443359375 0.8598517578125
0 0.440681640625 0.78770947265625 0.440681640625 0.78834794921875 0.4432353515625 0.81069287109375 0.46941083984375 0.82793046875 0.48473310546875 0.8477216796875 0.46685712890625 0.8700666015625 0.4381279296875 0.89305 0.41322919921875 0.8987958984375 0.36087822265625 0.898157421875 0.33342578125 0.88219677734375 0.34236376953125 0.85665966796875 0.35513232421875 0.8272919921875 0.35768603515625 0.79600908203125 0.379392578125 0.77557939453125 0.425359375 0.768556640625 0.440681640625 0.78770947265625
0 0.6954939453125 0.8221845703125 0.69357861328125 0.8323994140625 0.6836830078125 0.8579365234375 0.67187216796875 0.86272470703125 0.65048486328125 0.857298046875 0.64282373046875 0.850275390625 0.63356650390625 0.838464453125 0.62494775390625 0.82505751953125 0.63356650390625 0.80973525390625 0.64537744140625 0.80207412109375 0.67282978515625 0.80367021484375 0.6954939453125 0.8221845703125
0 0.01035234375 0.9469029296875 0.01999306640625 0.94863681640625 0.033137109375 0.94948984375 0.0436599609375 0.95472197265625 0.0480451171875 0.95733955078125 0.056809765625 0.95907490234375 0.0603333984375 0.97044326171875 0.0682248046875 0.97392998046875 0.074365234375 0.97829443359375 0.07525302734375 0.985292578125 0.078772265625 0.9940361328125 0.08196220703125 0.9990234375 0 0.9990234375 0 0.9462310546875 0.01035234375 0.9469029296875
0 0.2014421875 0.9973318359375 0.2031857421875 0.99207919921875 0.19966943359375 0.985085546875 0.19965927734375 0.9789609375 0.20227607421875 0.97195693359375 0.19787919921875 0.96233984375 0.20576474609375 0.9623267578125 0.21540849609375 0.965810546875 0.2276822265625 0.97016484375 0.23119560546875 0.97540859375 0.24258876953125 0.97713955078125 0.252228125 0.9779984375 0.2539876953125 0.9823703125 0.267133203125 0.9840982421875 0.2793966796875 0.9823279296875 0.29166015625 0.98055771484375 0.2951677734375 0.9823017578125 0.29867978515625 0.98667060546875 0.29431787109375 0.9980521484375 0.29410341796875 0.9990234375 0.19891025390625 0.9990234375 0.2014421875 0.9973318359375
0 0.01046142578125 0.4550888671875 0.00854609375 0.4653037109375 0 0.47629150390625 0 0.437921484375 0.01046142578125 0.4550888671875
0 0.001842578125 0.0361208984375 0.00726923828125 0.047293359375 0.01493037109375 0.04697412109375 0.01908017578125 0.04697412109375 0.02610283203125 0.05559296875 0.0264220703125 0.067723046875 0.02354912109375 0.07283046875 0.02322998046875 0.076341796875 0.02067626953125 0.0840029296875 0.0193994140625 0.09006796875 0.0110998046875 0.0942177734375 0.006630859375 0.0993251953125 0.003438671875 0.105390234375 0.00056572265625 0.10890166015625 0 0.1092359375 0 0.0320021484375 0.001842578125 0.0361208984375
0 0.24460458984375 0.069319140625 0.2439662109375 0.070915234375 0.2423701171875 0.0753841796875 0.2337513671875 0.0871951171875 0.22640947265625 0.09006796875 0.217471484375 0.09453701171875 0.21459853515625 0.09389853515625 0.2082142578125 0.0916640625 0.1979994140625 0.08879111328125 0.1858693359375 0.0855990234375 0.18203876953125 0.0788955078125 0.18491162109375 0.07059599609375 0.19225361328125 0.06293486328125 0.19895703125 0.050485546875 0.21108720703125 0.04601650390625 0.2168330078125 0.04761259765625 0.22385576171875 0.05367763671875 0.2388587890625 0.0632541015625 0.24460458984375 0.069319140625
0 0.368619140625 0.008030078125 0.38266455078125 0.03292880859375 0.38394140625 0.055912109375 0.370534375 0.08081083984375 0.341166796875 0.10124052734375 0.3181833984375 0.11081689453125 0.28626201171875 0.089748828125 0.27157822265625 0.04761259765625 0.2945615234375 0.018244921875 0.32967509765625 0.001007421875 0.368619140625 0.008030078125
0 0.2730146484375 0.00515712890625 0.27524912109375 0.0131375 0.275568359375 0.0192025390625 0.27365302734375 0.03133271484375 0.27205703125 0.037078515625 0.266949609375 0.045378125 0.25992685546875 0.0549544921875 0.24364697265625 0.0616580078125 0.22992080078125 0.05782744140625 0.21555615234375 0.045697265625 0.20182998046875 0.0345248046875 0.19480732421875 0.02462919921875 0.19768017578125 0.01154140625 0.2098103515625 0.00515712890625 0.21891123046875 0 0.25851884765625 0 0.2730146484375 0.00515712890625
0 0.19225361328125 0.00994541015625 0.19353046875 0.02207548828125 0.19353046875 0.0290982421875 0.18459248046875 0.0380361328125 0.17469677734375 0.04090908203125 0.1628859375 0.0396322265625 0.15267109375 0.03324794921875 0.14245625 0.030055859375 0.13096455078125 0.0259060546875 0.1261763671875 0.0172873046875 0.12362265625 0.00419951171875 0.1245015625 0 0.19283857421875 0 0.19225361328125 0.00994541015625
0 0.03551962890625 0.0035611328125 0.036796484375 0.00755126953125 0.0393501953125 0.01329716796875 0.03711572265625 0.02287353515625 0.030571875 0.0310134765625 0.02354912109375 0.03308837890625 0.0213146484375 0.03564208984375 0.013653515625 0.040270703125 0.00822685546875 0.04378203125 0.00280029296875 0.042983984375 0 0.0393146484375 0 0 0.03184365234375 0 0.03551962890625 0.0035611328125
0 0.8934064453125 0.912681640625 0.89149111328125 0.9203427734375 0.88031865234375 0.93119609375 0.873934375 0.9439646484375 0.85190869140625 0.95481787109375 0.83147900390625 0.9493912109375 0.8305212890625 0.924492578125 0.8448859375 0.90629736328125 0.865315625 0.8893791015625 0.88702216796875 0.88139873046875 0.8934064453125 0.912681640625
0 0.80697607421875 0.94550546875 0.78573115234375 0.93741220703125 0.78573115234375 0.91920224609375 0.80292939453125 0.8979572265625 0.82113935546875 0.865583984375 0.833279296875 0.8402923828125 0.8585708984375 0.8261291015625 0.8798158203125 0.8443390625 0.86160595703125 0.87367734375 0.84946591796875 0.8979572265625 0.827209375 0.93640048828125 0.80697607421875 0.94550546875
0 0.8148798828125 0.81149091796875 0.82669072265625 0.81564072265625 0.83467109375 0.8264939453125 0.832755859375 0.83543193359375 0.82892529296875 0.842773828125 0.8234986328125 0.85171181640625 0.81615673828125 0.86256513671875 0.813922265625 0.87533369140625 0.81104931640625 0.88554853515625 0.80785712890625 0.89001748046875 0.8030689453125 0.8928904296875 0.7954078125 0.8995939453125 0.78966201171875 0.9066166015625 0.7781703125 0.911085546875 0.77018994140625 0.91459697265625 0.75997509765625 0.90629736328125 0.74752578125 0.89352880859375 0.7417798828125 0.88235634765625 0.730607421875 0.87724892578125 0.714966015625 0.87022626953125 0.71624287109375 0.8571384765625 0.7255 0.842773828125 0.74050302734375 0.82904765625 0.75295244140625 0.81564072265625 0.75582529296875 0.8041490234375 0.75997509765625 0.79712626953125 0.766359375 0.7872306640625 0.77625498046875 0.77829267578125 0.79253486328125 0.77286611328125 0.8040265625 0.77541982421875 0.81551826171875 0.77956953125 0.8250947265625 0.79201884765625 0.819348828125 0.8015953125 0.8148798828125 0.81149091796875
0 0.99699130859375 0.887942578125 0.98454189453125 0.88475048828125 0.97751923828125 0.89081552734375 0.9599625 0.88826181640625 0.94432099609375 0.8783662109375 0.94176728515625 0.86847060546875 0.9491091796875 0.85602119140625 0.9653890625 0.84516796875 0.973688671875 0.84484873046875 0.98198818359375 0.840060546875 0.9934798828125 0.828249609375 0.9990234375 0.82119423828125 0.9990234375 0.88869130859375 0.99699130859375 0.887942578125
0 0.9990234375 0.77847666015625 0.9990234375 0.8236333984375 0.99715087890625 0.82617470703125 0.9923626953125 0.83096298828125 0.98885126953125 0.8347935546875 0.9805517578125 0.8399009765625 0.964271875 0.8424546875 0.9524609375 0.8434123046875 0.94767275390625 0.84117783203125 0.94160771484375 0.83351669921875 0.93905400390625 0.82362109375 0.94224609375 0.8111716796875 0.95724912109375 0.79776474609375 0.977998046875 0.779250390625 0.995235546875 0.7664818359375 0.9990234375 0.77847666015625
0 0.9481203125 0.75134287109375 0.9228853515625 0.79307763671875 0.900562109375 0.801812890625 0.8685330078125 0.77366611328125 0.8597978515625 0.747460546875 0.8743564453125 0.70960810546875 0.903473828125 0.68825537109375 0.9257970703125 0.67757900390625 0.95103203125 0.6892259765625 0.95782607421875 0.70766689453125 0.9481203125 0.75134287109375
0 0.9990234375 0.700283203125 0.9990234375 0.75113125 0.99395869140625 0.75499013671875 0.9821478515625 0.75179794921875 0.966187109375 0.74254072265625 0.95405703125 0.72530322265625 0.9582068359375 0.7122154296875 0.988212890625 0.69785087890625 0.9990234375 0.700283203125
0 0.86148505859375 0.71572685546875 0.8611658203125 0.72115341796875 0.8592505859375 0.72945302734375 0.86084658203125 0.739987109375 0.86818857421875 0.75052109375 0.86914619140625 0.7581822265625 0.8621234375 0.7699931640625 0.8560583984375 0.77382373046875 0.8164759765625 0.779250390625 0.788704296875 0.77318525390625 0.78391611328125 0.76520498046875 0.780085546875 0.754032421875 0.7756166015625 0.74317919921875 0.773062890625 0.73871025390625 0.76667861328125 0.73104912109375 0.75997509765625 0.7198765625 0.76348642578125 0.704554296875 0.78519296875 0.6847630859375 0.8011537109375 0.673590625 0.82126416015625 0.6608220703125 0.86148505859375 0.71572685546875
0 0.18207900390625 0.94486728515625 0.1838416015625 0.95098896484375 0.1847337890625 0.9606119140625 0.189121875 0.964979296875 0.19526240234375 0.96934384765625 0.19877578125 0.97458759765625 0.19879033203125 0.983337109375 0.194416796875 0.98771904296875 0.19355078125 0.9938451171875 0.196525390625 0.9990234375 0.14016220703125 0.9990234375 0.14361337890625 0.996553125 0.15149892578125 0.99653994140625 0.15412158203125 0.99303583984375 0.1471107421875 0.99217255859375 0.14009853515625 0.99043427734375 0.136589453125 0.98781533203125 0.13220126953125 0.9834478515625 0.12955673828125 0.9738279296875 0.13832431640625 0.9773130859375 0.14533955078125 0.980801171875 0.15147421875 0.98166591796875 0.15497451171875 0.97903525390625 0.15321630859375 0.97553837890625 0.147081640625 0.9746736328125 0.14094697265625 0.97380888671875 0.13743359375 0.96856513671875 0.13828935546875 0.956314453125 0.147049609375 0.95542490234375 0.1558041015625 0.95103564453125 0.159305859375 0.9492798828125 0.16017177734375 0.94315380859375 0.16015869140625 0.93527939453125 0.15839326171875 0.9274078125 0.16100283203125 0.9160291015625 0.165369140625 0.90727236328125 0.17062470703125 0.906388671875 0.17677099609375 0.91425302734375 0.17590947265625 0.92300390625 0.17855537109375 0.933498828125 0.18382841796875 0.943114453125 0.18207900390625 0.94486728515625
0 0.06033486328125 0.97131826171875 0.055939453125 0.96257607421875 0.0559205078125 0.95120185546875 0.06467490234375 0.9468125 0.06115419921875 0.9371939453125 0.0550064453125 0.92845478515625 0.04624189453125 0.92671943359375 0.03659814453125 0.9232357421875 0.03131923828125 0.9101203125 0.02517001953125 0.90050615234375 0.03304248046875 0.8926185546875 0.043555078125 0.89172607421875 0.05056591796875 0.89258935546875 0.05845146484375 0.89257626953125 0.06281630859375 0.88294462890625 0.06893349609375 0.8733099609375 0.076817578125 0.87242197265625 0.0838240234375 0.8706603515625 0.0899470703125 0.8645255859375 0.089944140625 0.86277568359375 0.0995791015625 0.861009765625 0.1057123046875 0.86099951171875 0.10922431640625 0.86536845703125 0.118863671875 0.86622734375 0.118873828125 0.872351953125 0.1215095703125 0.876722265625 0.12676806640625 0.8775884765625 0.1328998046875 0.8767033203125 0.1390359375 0.87844306640625 0.13642490234375 0.8889466796875 0.13906796875 0.897691796875 0.13907822265625 0.90381640625 0.13733017578125 0.906444140625 0.138213671875 0.9108173828125 0.14347939453125 0.91605830078125 0.143492578125 0.9239328125 0.14351142578125 0.93530703125 0.14176787109375 0.94055966796875 0.13914658203125 0.944938671875 0.130386328125 0.94582822265625 0.11811845703125 0.94497373046875 0.11023876953125 0.94848662109375 0.10410849609375 0.9502466796875 0.10149013671875 0.95637568359375 0.09887470703125 0.96425458984375 0.09625791015625 0.97125849609375 0.088373828125 0.972146484375 0.08048974609375 0.9730345703125 0.07260126953125 0.9712978515625 0.06033486328125 0.97131826171875
0 0.32807900390625 0.8571384765625 0.336378515625 0.87884501953125 0.3370169921875 0.90757421875 0.33063271484375 0.94843359375 0.3268021484375 0.9733322265625 0.31786416015625 0.98035498046875 0.3012650390625 0.9867392578125 0.27508955078125 0.9758859375 0.25657509765625 0.9784396484375 0.22146162109375 0.9682248046875 0.19400927734375 0.946518359375 0.19081708984375 0.9286423828125 0.19337080078125 0.90374365234375 0.18634814453125 0.8673533203125 0.22656904296875 0.8213865234375 0.30573408203125 0.83096298828125 0.32807900390625 0.8571384765625
0 0.05323603515625 0.8170771484375 0.05993955078125 0.83974130859375 0.02833740234375 0.86591689453125 0 0.85065830078125 0 0.79658193359375 0.03472158203125 0.78994404296875 0.05323603515625 0.8170771484375
0 0.2044634765625 0.70854453125 0.2070171875 0.71173662109375 0.21723203125 0.7417427734375 0.23191591796875 0.76344921875 0.2434076171875 0.79345537109375 0.222339453125 0.83622998046875 0.201909765625 0.86368232421875 0.17637265625 0.8783662109375 0.15338935546875 0.8758125 0.1259369140625 0.87389716796875 0.10423037109375 0.8598517578125 0.09146181640625 0.8355916015625 0.106145703125 0.81324658203125 0.12466005859375 0.77749462890625 0.15019716796875 0.74940390625 0.171265234375 0.730889453125 0.2044634765625 0.70854453125
0 0.1263359375 0.76376845703125 0.12154775390625 0.77557939453125 0.11995166015625 0.79281689453125 0.114525 0.8059046875 0.10622548828125 0.8205884765625 0.100798828125 0.82473828125 0.0931376953125 0.828249609375 0.0727080078125 0.82409990234375 0.0519591796875 0.8103736328125 0.04461728515625 0.79441298828125 0.0401482421875 0.781963671875 0.039190625 0.7711103515625 0.04238271484375 0.76025712890625 0.05483212890625 0.75099990234375 0.06504697265625 0.74557333984375 0.07398486328125 0.744615625 0.0880302734375 0.75355361328125 0.1186748046875 0.7564265625 0.1263359375 0.76376845703125
0 0.3921611328125 0.735996875 0.39407646484375 0.74046591796875 0.38833056640625 0.7538728515625 0.37428515625 0.76983349609375 0.3359794921875 0.80303173828125 0.31299619140625 0.799201171875 0.280436328125 0.77494091796875 0.26958310546875 0.7436580078125 0.2504302734375 0.7181208984375 0.2574529296875 0.69449912109375 0.2861822265625 0.67406943359375 0.3219341796875 0.6906685546875 0.3564091796875 0.70854453125 0.3921611328125 0.735996875
0 0.16827939453125 0.64784619140625 0.18433037109375 0.68529833984375 0.1811201171875 0.7313109375 0.1329673828125 0.74843193359375 0.01954091796875 0.74843193359375 0 0.7334505859375 0 0.713444140625 0.01205048828125 0.70348935546875 0.07518408203125 0.69492890625 0.11263623046875 0.67887802734375 0.1404578125 0.6424958984375 0.16827939453125 0.64784619140625
0 0.3047763671875 0.59203154296875 0.3095646484375 0.6003310546875 0.30764931640625 0.60735380859375 0.30669169921875 0.6223568359375 0.30349951171875 0.633529296875 0.298711328125 0.6427865234375 0.291688671875 0.6533205078125 0.27700478515625 0.66481220703125 0.261044140625 0.6616201171875 0.2498716796875 0.65459736328125 0.2425296875 0.643744140625 0.2339109375 0.6290603515625 0.2262498046875 0.6121419921875 0.233591796875 0.5933083984375 0.250829296875 0.58085908203125 0.2859427734375 0.5779861328125 0.3047763671875 0.59203154296875
0 0.361117578125 0.4688150390625 0.36909794921875 0.47136875 0.37995126953125 0.469453515625 0.40229619140625 0.464665234375 0.4128302734375 0.46434609375 0.4284716796875 0.47073037109375 0.43325986328125 0.4739224609375 0.439644140625 0.48477568359375 0.44411318359375 0.49914033203125 0.4268755859375 0.51382412109375 0.4300677734375 0.52244296875 0.42464111328125 0.5352115234375 0.405169140625 0.53170009765625 0.39974248046875 0.544787890625 0.38378173828125 0.5473416015625 0.37835517578125 0.5543642578125 0.381228125 0.56011015625 0.38601630859375 0.572240234375 0.37069404296875 0.58915859375 0.33079228515625 0.5882009765625 0.3189814453125 0.592669921875 0.3113203125 0.5933083984375 0.30110546875 0.58852021484375 0.27173779296875 0.5779861328125 0.26088447265625 0.56649443359375 0.2643958984375 0.55212978515625 0.26503427734375 0.54702236328125 0.2560962890625 0.53489228515625 0.262161328125 0.52244296875 0.25705400390625 0.5182931640625 0.25130810546875 0.51701630859375 0.24460458984375 0.5096744140625 0.24109326171875 0.49307529296875 0.23853955078125 0.4825412109375 0.24460458984375 0.47168798828125 0.25450029296875 0.46083466796875 0.2618421875 0.45317353515625 0.27269541015625 0.45061982421875 0.28099501953125 0.44774697265625 0.29472119140625 0.4448740234375 0.31259716796875 0.45381201171875 0.32536572265625 0.45891943359375 0.34451845703125 0.47009189453125 0.361117578125 0.4688150390625
0 0.5298220703125 0.72689931640625 0.5298220703125 0.7275376953125 0.5266298828125 0.7428599609375 0.52599150390625 0.7664818359375 0.5266298828125 0.786273046875 0.5247146484375 0.80797958984375 0.517053515625 0.8296861328125 0.50875390625 0.85139267578125 0.49470849609375 0.8450083984375 0.47300205078125 0.82521708984375 0.45193388671875 0.8162791015625 0.43916533203125 0.80223369140625 0.4378884765625 0.7766966796875 0.45001865234375 0.7581822265625 0.45767978515625 0.745413671875 0.460871875 0.728176171875 0.46214873046875 0.71349228515625 0.476194140625 0.6854015625 0.51513818359375 0.6898705078125 0.5298220703125 0.72689931640625
0 0.553269921875 0.7605107421875 0.5541388671875 0.7561345703125 0.552377734375 0.750887890625 0.55411845703125 0.7438853515625 0.55848759765625 0.736878515625 0.5698763671875 0.73598466796875 0.57425146484375 0.7324775390625 0.57862353515625 0.72722060546875 0.5856314453125 0.726333984375 0.5996560546875 0.72981044921875 0.60668291015625 0.740298046875 0.6005642578125 0.74905771484375 0.596196484375 0.75693955078125 0.5997201171875 0.76830791015625 0.601485546875 0.7761794921875 0.59273994140625 0.78581845703125 0.580475 0.7867138671875 0.5760984375 0.78934599609375 0.56296611328125 0.79549248046875 0.55420439453125 0.79550703125 0.543680078125 0.78939990234375 0.5384099609375 0.7815341796875 0.5348921875 0.77366552734375 0.5375046875 0.76403681640625 0.54713818359375 0.7613958984375 0.553269921875 0.7605107421875
0 0.73603408203125 0.7264205078125 0.739226171875 0.73280478515625 0.74114150390625 0.7436580078125 0.73092666015625 0.75802265625 0.71911572265625 0.77142958984375 0.70379345703125 0.78068681640625 0.68240615234375 0.77845234375 0.66772236328125 0.76664140625 0.65399619140625 0.7503615234375 0.645058203125 0.73312392578125 0.65686904296875 0.71684404296875 0.67538349609375 0.701841015625 0.69772841796875 0.700244921875 0.7296498046875 0.70216025390625 0.73603408203125 0.7264205078125
0 0.8011537109375 0.6447017578125 0.8011537109375 0.645340234375 0.79828076171875 0.66130087890625 0.79700390625 0.67566552734375 0.78902353515625 0.683007421875 0.77944716796875 0.68619951171875 0.76412490234375 0.6951375 0.744014453125 0.70471396484375 0.72326552734375 0.69992578125 0.711773828125 0.684603515625 0.70283583984375 0.65906640625 0.70538955078125 0.64342490234375 0.71879658203125 0.62682578125 0.732203515625 0.61788779296875 0.75646376953125 0.61182275390625 0.8011537109375 0.6447017578125
0 0.39663017578125 0.6325716796875 0.4023759765625 0.635125390625 0.43557421875 0.64661708984375 0.4585576171875 0.64661708984375 0.48473310546875 0.65427822265625 0.47004931640625 0.672792578125 0.457919140625 0.67406943359375 0.43429736328125 0.68939169921875 0.4125908203125 0.70854453125 0.39854541015625 0.71684404296875 0.35385546875 0.70216025390625 0.32831845703125 0.683007421875 0.324487890625 0.65683193359375 0.31938046875 0.6089498046875 0.34491748046875 0.5897970703125 0.37556201171875 0.59043544921875 0.39663017578125 0.6325716796875
0 0.60594541015625 0.56049794921875 0.61383095703125 0.560484765625 0.6234732421875 0.5630935546875 0.627861328125 0.5674609375 0.63575712890625 0.5735724609375 0.6410287109375 0.58231318359375 0.639289453125 0.59019052734375 0.64106513671875 0.60418671875 0.6410767578125 0.611186328125 0.64021376953125 0.61906220703125 0.64460771484375 0.62692939453125 0.640235546875 0.63218642578125 0.6411205078125 0.6374345703125 0.64200830078125 0.64443271484375 0.644654296875 0.65492763671875 0.64641689453125 0.66104931640625 0.63502373046875 0.659318359375 0.62803330078125 0.670704296875 0.63067490234375 0.6785744140625 0.6210443359375 0.682965234375 0.6122826171875 0.68297978515625 0.6052703125 0.6812416015625 0.5965115234375 0.6830060546875 0.581623828125 0.68740556640625 0.57374267578125 0.6900435546875 0.56411650390625 0.69705908203125 0.551867578125 0.70757890625 0.54223115234375 0.70846982421875 0.52995888671875 0.70499052734375 0.5185482421875 0.69276025390625 0.51940693359375 0.68225947265625 0.5220208984375 0.6735056640625 0.51588193359375 0.67001611328125 0.50973408203125 0.66127685546875 0.5062046875 0.64640869140625 0.5289953125 0.6524953125 0.5509126953125 0.6603333984375 0.56404072265625 0.65156201171875 0.57014765625 0.63580283203125 0.5674958984375 0.62180810546875 0.56572900390625 0.61306162109375 0.55520322265625 0.60607958984375 0.5490525390625 0.5955904296875 0.5507859375 0.58421328125 0.570057421875 0.58155634765625 0.58057001953125 0.58066396484375 0.59194560546875 0.5718955078125 0.5998166015625 0.56313291015625 0.60594541015625 0.56049794921875
0 0.5739513671875 0.55223916015625 0.5739833984375 0.57148798828125 0.56348681640625 0.58200478515625 0.55122333984375 0.58377509765625 0.54597509765625 0.58903349609375 0.54642119140625 0.593844921875 0.54686943359375 0.59996884765625 0.55169345703125 0.60302314453125 0.5556435546875 0.60739130859375 0.5587173828125 0.61176083984375 0.55784560546875 0.61438720703125 0.56135615234375 0.61788115234375 0.56574716796875 0.6239984375 0.56707236328125 0.63055830078125 0.56664814453125 0.63887099609375 0.5649052734375 0.64456103515625 0.5618466796875 0.6493783203125 0.55702919921875 0.650261328125 0.55747822265625 0.65682265625 0.551345703125 0.6572703125 0.54083017578125 0.656412890625 0.541255859375 0.6489751953125 0.5346845703125 0.6489861328125 0.529865625 0.648994140625 0.518466015625 0.6433259765625 0.51846376953125 0.64201357421875 0.510139453125 0.64158994140625 0.50136748046875 0.6354798828125 0.49303583984375 0.63068154296875 0.487337109375 0.6285037109375 0.47989697265625 0.6328908203125 0.470705859375 0.63815576171875 0.4628232421875 0.63991884765625 0.45976171875 0.64298623046875 0.4575779296875 0.6469271484375 0.44750341796875 0.64781884765625 0.43874169921875 0.6478333984375 0.43172646484375 0.6443453125 0.4308416015625 0.6390970703125 0.43214921875 0.6351576171875 0.42689150390625 0.63472890625 0.41550126953125 0.63474794921875 0.4054216796875 0.63257734375 0.398404296875 0.6277767578125 0.40058740234375 0.6233984375 0.40847294921875 0.6233853515625 0.40846494140625 0.61857314453125 0.4045126953125 0.612892578125 0.4005619140625 0.6080869140625 0.39792177734375 0.601091796875 0.40185654296875 0.596273046875 0.40667548828125 0.59626494140625 0.41062041015625 0.59757080078125 0.41499833984375 0.595813671875 0.4241923828125 0.59229853515625 0.4294494140625 0.59228984375 0.43427412109375 0.59578154296875 0.43603447265625 0.6005908203125 0.43603955078125 0.603653125 0.44173466796875 0.60364365234375 0.4461046875 0.59707431640625 0.452672265625 0.5948759765625 0.4583724609375 0.59792880859375 0.46275986328125 0.6018587890625 0.4645173828125 0.6049181640625 0.46977294921875 0.60403447265625 0.47152236328125 0.602281640625 0.47282861328125 0.59746728515625 0.472378125 0.59003095703125 0.472372265625 0.58653125 0.47849892578125 0.5825837890625 0.4815640625 0.5817037109375 0.488121484375 0.57338076171875 0.4885552734375 0.5707552734375 0.4959990234375 0.56855546875 0.4977462890625 0.565490234375 0.49204970703125 0.5646248046875 0.48678759765625 0.5615712890625 0.476269140625 0.55896396484375 0.4653119140625 0.55591982421875 0.4578623046875 0.55461982421875 0.449538671875 0.55463369140625 0.44340400390625 0.5537689453125 0.43813974609375 0.54940302734375 0.4328673828125 0.5402248046875 0.43329599609375 0.53453701171875 0.43723076171875 0.52971826171875 0.4438005859375 0.52883232421875 0.4490583984375 0.52926103515625 0.451694921875 0.53406884765625 0.45476806640625 0.5380009765625 0.460902734375 0.53886572265625 0.4652849609375 0.5397333984375 0.466605078125 0.54323095703125 0.46661162109375 0.54716826171875 0.470555859375 0.54803662109375 0.48019736328125 0.55020791015625 0.48633427734375 0.55238505859375 0.49203369140625 0.555000390625 0.497732421875 0.5571783203125 0.50386640625 0.55760556640625 0.51393876953125 0.55540146484375 0.52226162109375 0.55495009765625 0.52225576171875 0.55145029296875 0.5209328125 0.54620283203125 0.52881181640625 0.54225244140625 0.52223828125 0.5409509765625 0.51698857421875 0.54533447265625 0.5099748046875 0.5427212890625 0.508649609375 0.53616142578125 0.51740986328125 0.535271875 0.51608837890625 0.53089931640625 0.51126357421875 0.5274076171875 0.51782763671875 0.52302197265625 0.5226443359375 0.52170146484375 0.5322822265625 0.52168544921875 0.53491806640625 0.52605576171875 0.53929892578125 0.52604853515625 0.54324384765625 0.52735439453125 0.54500419921875 0.532163671875 0.5463220703125 0.534348828125 0.55201865234375 0.5352142578125 0.55639951171875 0.53520693359375 0.5612220703125 0.537386328125 0.56166162109375 0.538260546875 0.5739513671875 0.55223916015625
0 0.72055224609375 0.5133453125 0.7218291015625 0.51542021484375 0.724701953125 0.51972958984375 0.72502119140625 0.52515625 0.72342509765625 0.533455859375 0.723584765625 0.538882421875 0.727894140625 0.5455859375 0.73188427734375 0.552289453125 0.72741533203125 0.56553681640625 0.7237443359375 0.57623046875 0.720392578125 0.5821359375 0.71097578125 0.5882009765625 0.69597275390625 0.5889990234375 0.685917578125 0.5893181640625 0.676021875 0.58261474609375 0.6691587890625 0.575432421875 0.66357255859375 0.56745205078125 0.66181689453125 0.55212978515625 0.6637322265625 0.54287265625 0.67123369140625 0.533455859375 0.672510546875 0.5249966796875 0.67969287109375 0.51111083984375 0.70379345703125 0.5107916015625 0.72055224609375 0.5133453125
0 0.6185634765625 0.37863720703125 0.64027001953125 0.3926826171875 0.6492080078125 0.4048126953125 0.64984638671875 0.42396552734375 0.63516259765625 0.44375673828125 0.626224609375 0.46163271484375 0.6211171875 0.4833392578125 0.59877216796875 0.50951474609375 0.5777041015625 0.5088763671875 0.54897490234375 0.51015322265625 0.53365263671875 0.49674619140625 0.534291015625 0.46929384765625 0.534291015625 0.4424798828125 0.54897490234375 0.419496484375 0.56174345703125 0.3997052734375 0.582173046875 0.37863720703125 0.6185634765625 0.37863720703125
0 0.50125244140625 0.4961078125 0.49965634765625 0.4961078125 0.49359130859375 0.49036201171875 0.48848388671875 0.4849353515625 0.48401484375 0.4788703125 0.4811419921875 0.475678125 0.47763056640625 0.47248603515625 0.47411923828125 0.47184755859375 0.46454287109375 0.468974609375 0.4524126953125 0.4680169921875 0.45081669921875 0.4613134765625 0.453051171875 0.451737109375 0.45496640625 0.444714453125 0.45496640625 0.4389685546875 0.453051171875 0.4293921875 0.44922060546875 0.42077333984375 0.44666689453125 0.4134314453125 0.44858212890625 0.4048126953125 0.4520935546875 0.39587470703125 0.461669921875 0.38693671875 0.4769921875 0.38310615234375 0.48752626953125 0.381829296875 0.49518740234375 0.38151005859375 0.50987119140625 0.38693671875 0.51753232421875 0.39427861328125 0.52423583984375 0.40162060546875 0.5274279296875 0.4064087890625 0.533173828125 0.41534677734375 0.5411541015625 0.42141181640625 0.5437078125 0.42907294921875 0.54147333984375 0.43769169921875 0.533173828125 0.46227119140625 0.5290240234375 0.47535888671875 0.50125244140625 0.4961078125
0 0.82873935546875 0.67466728515625 0.8326216796875 0.6533146484375 0.86076845703125 0.64943232421875 0.88891513671875 0.6562263671875 0.89959150390625 0.684373046875 0.88115048828125 0.70960810546875 0.854944921875 0.70766689453125 0.82873935546875 0.67466728515625
0 0.9864572265625 0.65970478515625 0.9848611328125 0.64757470703125 0.98741484375 0.6427865234375 0.9990234375 0.63449462890625 0.9990234375 0.67090517578125 0.9864572265625 0.65970478515625
0 0.98613798828125 0.59139306640625 0.9778384765625 0.60416162109375 0.9762423828125 0.616291796875 0.97017734375 0.62522978515625 0.96379306640625 0.628421875 0.95293974609375 0.63321005859375 0.94687470703125 0.6395943359375 0.94751318359375 0.643744140625 0.94942841796875 0.65427822265625 0.941448046875 0.6651314453125 0.9337869140625 0.6702388671875 0.9200607421875 0.67566552734375 0.91431494140625 0.66928125 0.90505771484375 0.6581087890625 0.89835419921875 0.65012841796875 0.89739658203125 0.6427865234375 0.89899267578125 0.63480615234375 0.8977158203125 0.62554892578125 0.89292763671875 0.61533408203125 0.88813935546875 0.60224638671875 0.8993119140625 0.5897970703125 0.90761142578125 0.58596650390625 0.924210546875 0.57926298828125 0.95293974609375 0.57607080078125 0.970496484375 0.5830935546875 0.98613798828125 0.59139306640625
0 0.8238865234375 0.62225615234375 0.8054455078125 0.60575634765625 0.791857421875 0.5688744140625 0.8054455078125 0.53684541015625 0.81709248046875 0.49511064453125 0.84815087890625 0.4999634765625 0.87241533203125 0.5300513671875 0.90541494140625 0.5387865234375 0.903473828125 0.5717861328125 0.88212109375 0.59799169921875 0.8869740234375 0.61449150390625 0.88794453125 0.6348736328125 0.8850328125 0.6504029296875 0.857856640625 0.64263828125 0.8238865234375 0.62225615234375
0 0.97831728515625 0.58852021484375 0.964271875 0.5661751953125 0.96491025390625 0.54702236328125 0.966187109375 0.520846875 0.96491025390625 0.49977880859375 0.9687408203125 0.4723263671875 0.9990234375 0.4540306640625 0.9990234375 0.601696875 0.97831728515625 0.58852021484375
0 0.95373779296875 0.4935541015625 0.9550146484375 0.50759951171875 0.9530994140625 0.52228330078125 0.94096923828125 0.528667578125 0.909686328125 0.5363287109375 0.89053349609375 0.53249814453125 0.8815955078125 0.5190912109375 0.8771265625 0.501215234375 0.8560583984375 0.491000390625 0.841374609375 0.470570703125 0.85542001953125 0.450141015625 0.87776494140625 0.44503359375 0.89627939453125 0.44439521484375 0.916708984375 0.44950263671875 0.9345849609375 0.458440625 0.95373779296875 0.4935541015625
0 0.97927490234375 0.4373724609375 0.97735966796875 0.44694892578125 0.970975390625 0.4578021484375 0.95884521484375 0.46418642578125 0.9447998046875 0.45716376953125 0.93075439453125 0.4389685546875 0.9352234375 0.42811533203125 0.9582068359375 0.42045419921875 0.97927490234375 0.4373724609375
0 0.89996943359375 0.3615578125 0.94526298828125 0.3615578125 0.94711171875 0.405002734375 0.94156552734375 0.42996044921875 0.8851796875 0.43180908203125 0.8685412109375 0.43643095703125 0.87038994140625 0.40222958984375 0.87316298828125 0.379120703125 0.89996943359375 0.3615578125
0 0.807059765625 0.312388671875 0.83724296875 0.31658076171875 0.830535546875 0.34927919921875 0.8288587890625 0.36940126953125 0.8665876953125 0.36940126953125 0.86994140625 0.40713017578125 0.8691029296875 0.4213833984375 0.854011328125 0.450728125 0.80370615234375 0.43731337890625 0.77687666015625 0.4264138671875 0.764300390625 0.39623076171875 0.75675458984375 0.36353232421875 0.76513876953125 0.3157423828125 0.807059765625 0.312388671875
0 0.9990234375 0.33048720703125 0.9990234375 0.435006640625 0.9805517578125 0.4354572265625 0.96203740234375 0.42077333984375 0.94607666015625 0.38821357421875 0.9447998046875 0.35820751953125 0.9703369140625 0.33011669921875 0.995235546875 0.3262861328125 0.9990234375 0.33048720703125
0 0.85297509765625 0.26318125 0.8625837890625 0.24289619140625 0.894612890625 0.24396376953125 0.91916845703125 0.271722265625 0.946926953125 0.2962779296875 0.9576033203125 0.3154953125 0.954400390625 0.3485919921875 0.90528916015625 0.3624712890625 0.82628427734375 0.3624712890625 0.83802822265625 0.30908955078125 0.8465693359375 0.3005484375 0.85297509765625 0.26318125
0 0.97126318359375 0.2208966796875 0.9990234375 0.2299349609375 0.9990234375 0.32141123046875 0.9699625 0.3223486328125 0.94655048828125 0.28853134765625 0.938746484375 0.26251796875 0.97126318359375 0.2208966796875
0 0.9438421875 0.266752734375 0.9396923828125 0.27281787109375 0.937138671875 0.27632919921875 0.9310736328125 0.27984052734375 0.92213564453125 0.27984052734375 0.91638984375 0.2744138671875 0.91351689453125 0.27058330078125 0.911282421875 0.261326171875 0.91000556640625 0.252707421875 0.90777099609375 0.242492578125 0.91255927734375 0.2357890625 0.9234125 0.223978125 0.93075439453125 0.22429736328125 0.94607666015625 0.2246166015625 0.9534185546875 0.23132001953125 0.9438421875 0.266752734375
0 0.2203443359375 0.4169427734375 0.2235365234375 0.42476357421875 0.2243345703125 0.4319458984375 0.21890791015625 0.445831640625 0.2160349609375 0.45221591796875 0.21108720703125 0.4595578125 0.2166734375 0.46546328125 0.2109275390625 0.4739224609375 0.194328515625 0.473762890625 0.18906142578125 0.47775302734375 0.1807619140625 0.4788703125 0.1740583984375 0.4755185546875 0.16559921875 0.46913427734375 0.159374609375 0.46115390625 0.1544267578125 0.4542908203125 0.15330947265625 0.43019013671875 0.16017255859375 0.41550634765625 0.1681529296875 0.4056107421875 0.18475205078125 0.39986484375 0.19783984375 0.39922646484375 0.2203443359375 0.4169427734375
0 0.07527314453125 0.4708244140625 0.06650703125 0.46821416015625 0.06211748046875 0.46297177734375 0.0594845703125 0.46035126953125 0.06034765625 0.45247529296875 0.0682244140625 0.44721259765625 0.06558720703125 0.44196728515625 0.0647037109375 0.43759404296875 0.07520908203125 0.43232685546875 0.07169853515625 0.42883291015625 0.05943505859375 0.43060322265625 0.05679052734375 0.420983203125 0.05940302734375 0.4113544921875 0.06464697265625 0.40347119140625 0.06900888671875 0.3920896484375 0.0777603515625 0.38595048828125 0.083890625 0.3841904296875 0.09352421875 0.38154951171875 0.09965595703125 0.38066435546875 0.10226982421875 0.371910546875 0.10050146484375 0.3622890625 0.1092646484375 0.3631494140625 0.12240576171875 0.36225263671875 0.131171875 0.364862890625 0.1346896484375 0.37273154296875 0.1399568359375 0.37884736328125 0.14084609375 0.38672041015625 0.1496107421875 0.38845576171875 0.15486337890625 0.38582216796875 0.16363388671875 0.3910572265625 0.1592748046875 0.404188671875 0.15841181640625 0.4120646484375 0.15491875 0.41907001953125 0.15756474609375 0.42956494140625 0.14530419921875 0.43308515625 0.14092763671875 0.43571728515625 0.1409451171875 0.4462166015625 0.13920595703125 0.45409404296875 0.13220380859375 0.45848037109375 0.119059765625 0.45762734375 0.11117861328125 0.460265234375 0.10943798828125 0.4672677734375 0.1103287109375 0.47601572265625 0.10507744140625 0.47952421875 0.093684375 0.47779326171875 0.07527314453125 0.4708244140625
0 0.360000390625 0.32564775390625 0.3628732421875 0.3282013671875 0.36734228515625 0.33362802734375 0.37213046875 0.3400123046875 0.37691865234375 0.345758203125 0.3829837890625 0.34799267578125 0.38713349609375 0.350865625 0.38936806640625 0.3636341796875 0.38936806640625 0.37289130859375 0.38011083984375 0.3773603515625 0.36734228515625 0.38470224609375 0.3644693359375 0.39491708984375 0.3727689453125 0.40672802734375 0.36893837890625 0.42556162109375 0.3746841796875 0.43322275390625 0.3884103515625 0.43673408203125 0.40117890625 0.43928779296875 0.406286328125 0.44535283203125 0.40437109375 0.46067509765625 0.39734833984375 0.4664208984375 0.3880912109375 0.46674013671875 0.37691865234375 0.467059375 0.36734228515625 0.4661017578125 0.35776591796875 0.46259033203125 0.346593359375 0.4593982421875 0.3232908203125 0.453333203125 0.32137548828125 0.44886416015625 0.32201396484375 0.44184150390625 0.319141015625 0.4380109375 0.31594892578125 0.432903515625 0.3130759765625 0.42588076171875 0.3044572265625 0.41981572265625 0.297115234375 0.4166236328125 0.2952 0.41726201171875 0.28306982421875 0.4262 0.28370830078125 0.43577646484375 0.28275068359375 0.44088388671875 0.268066796875 0.44599130859375 0.25593671875 0.441522265625 0.24604111328125 0.43162666015625 0.2447642578125 0.42141181640625 0.23933759765625 0.41790048828125 0.22497294921875 0.40736640625 0.2252921875 0.40034375 0.231995703125 0.39172490234375 0.23582626953125 0.38980966796875 0.24795634765625 0.39140576171875 0.26678994140625 0.39332099609375 0.26902451171875 0.39236337890625 0.26647080078125 0.39012890625 0.25817119140625 0.38565986328125 0.2549791015625 0.3808716796875 0.2549791015625 0.37959482421875 0.24731796875 0.370018359375 0.2498716796875 0.36235732421875 0.25976728515625 0.35310009765625 0.2575328125 0.35054638671875 0.25370224609375 0.34735419921875 0.24604111328125 0.34480048828125 0.23550703125 0.340969921875 0.23263408203125 0.32852060546875 0.23933759765625 0.31160234375 0.2399759765625 0.30457958984375 0.24093369140625 0.2988337890625 0.24795634765625 0.2940455078125 0.254340625 0.29340712890625 0.2792392578125 0.3058564453125 0.30254189453125 0.30968701171875 0.3156296875 0.30841015625 0.34084755859375 0.304898828125 0.360000390625 0.32564775390625
0 0.1426158203125 0.3765623046875 0.13080498046875 0.3724125 0.12825126953125 0.3663474609375 0.1272935546875 0.35836708984375 0.1320818359375 0.35357890625 0.138146875 0.34910986328125 0.14197744140625 0.34368330078125 0.14612724609375 0.33346845703125 0.151873046875 0.322934375 0.1595341796875 0.31271953125 0.16527998046875 0.309208203125 0.18028310546875 0.30122783203125 0.1885826171875 0.297078125 0.19688212890625 0.29548203125 0.2080546875 0.3031431640625 0.2160349609375 0.31144267578125 0.2192271484375 0.331553125 0.2160349609375 0.3494291015625 0.2109275390625 0.37177412109375 0.2090123046875 0.37624306640625 0.19464765625 0.40018408203125 0.18730576171875 0.4005033203125 0.1426158203125 0.3765623046875
0 0.1662376953125 0.2895765625 0.1630455078125 0.3074525390625 0.15474599609375 0.32660537109375 0.143254296875 0.345758203125 0.105587109375 0.3585267578125 0.08324208984375 0.3534193359375 0.0691966796875 0.33171279296875 0.05578974609375 0.31064462890625 0.071750390625 0.28766123046875 0.10431025390625 0.264039453125 0.1375083984375 0.27106220703125 0.1662376953125 0.2895765625
0 0.278281640625 0.23419296875 0.28562353515625 0.2357890625 0.2942423828125 0.24472705078125 0.3028611328125 0.25685712890625 0.31179912109375 0.27058330078125 0.31531044921875 0.278563671875 0.319141015625 0.2862248046875 0.31850263671875 0.290374609375 0.31371435546875 0.29771650390625 0.30062666015625 0.3050583984375 0.2961576171875 0.30729287109375 0.279877734375 0.3066544921875 0.2703013671875 0.302185546875 0.26136337890625 0.2980357421875 0.25465986328125 0.2938859375 0.245721875 0.297078125 0.240614453125 0.3111234375 0.2361455078125 0.321019140625 0.228803515625 0.3235728515625 0.2208232421875 0.3184654296875 0.21348125 0.30888896484375 0.21028916015625 0.3047392578125 0.2023087890625 0.2948435546875 0.2003935546875 0.28814013671875 0.20007431640625 0.278563671875 0.20677783203125 0.2641990234375 0.2176310546875 0.2501537109375 0.230399609375 0.23898115234375 0.2501908203125 0.23546982421875 0.278281640625 0.23419296875
0 0.164003125 0.1915779296875 0.160491796875 0.194131640625 0.15570361328125 0.1998775390625 0.15155380859375 0.19955830078125 0.1477232421875 0.19764306640625 0.1272935546875 0.2100923828125 0.11931328125 0.20562333984375 0.11292900390625 0.198919921875 0.1177171875 0.19093955078125 0.12090927734375 0.1794478515625 0.11292900390625 0.1733828125 0.1100560546875 0.16380634765625 0.114525 0.1606142578125 0.12601669921875 0.15582607421875 0.14548876953125 0.152953125 0.15666123046875 0.1571029296875 0.16751455078125 0.16380634765625 0.164003125 0.1915779296875
0 0.32877431640625 0.11692431640625 0.334037109375 0.12041533203125 0.33404736328125 0.12653994140625 0.33756220703125 0.13265869140625 0.34807919921875 0.13439111328125 0.35596181640625 0.13262802734375 0.36471767578125 0.129113671875 0.3708494140625 0.128228515625 0.376995703125 0.13609287109375 0.3831390625 0.1422072265625 0.38227314453125 0.14833330078125 0.38403564453125 0.15445498046875 0.38317548828125 0.164080859375 0.38144208984375 0.1754580078125 0.372684765625 0.17809736328125 0.35691220703125 0.17724873046875 0.350776171875 0.17550908203125 0.3393931640625 0.179902734375 0.33589580078125 0.18428330078125 0.343776953125 0.1816453125 0.34816513671875 0.1860126953125 0.35255615234375 0.192130078125 0.35606806640625 0.19649892578125 0.35520361328125 0.20349990234375 0.3499552734375 0.2087583984375 0.33681416015625 0.20965517578125 0.33593798828125 0.209656640625 0.32630166015625 0.21054765625 0.31403232421875 0.2088181640625 0.31051884765625 0.20357431640625 0.30351533203125 0.2070857421875 0.2947521484375 0.206225390625 0.29298525390625 0.19747890625 0.30086357421875 0.193091015625 0.30348037109375 0.186087109375 0.29646669921875 0.18347392578125 0.2885767578125 0.1808623046875 0.2885607421875 0.171237890625 0.29293134765625 0.16510595703125 0.30081259765625 0.16246806640625 0.30080380859375 0.157218359375 0.3025517578125 0.154590625 0.307805859375 0.15283203125 0.310430078125 0.150202734375 0.30778984375 0.1432076171875 0.30953203125 0.137080078125 0.30952041015625 0.13008056640625 0.31301630859375 0.124825 0.32877431640625 0.11692431640625
0 0.09154169921875 0.1452919921875 0.0877111328125 0.1574220703125 0.08068837890625 0.170190625 0.06664296875 0.185512890625 0.05578974609375 0.20083515625 0.03280634765625 0.2155189453125 0 0.21126630859375 0 0.10611474609375 0.016845703125 0.09549462890625 0.0672814453125 0.0916640625 0.09154169921875 0.1452919921875
0 0.3047763671875 0.1036345703125 0.30764931640625 0.109699609375 0.30541484375 0.1205529296875 0.30062666015625 0.13300224609375 0.29647685546875 0.14768603515625 0.2891349609375 0.15885859375 0.28019697265625 0.169392578125 0.261044140625 0.1802458984375 0.242210546875 0.1745 0.23582626953125 0.16524287109375 0.2278458984375 0.14928212890625 0.2252921875 0.13523671875 0.22369609375 0.1221490234375 0.22561142578125 0.10842275390625 0.23582626953125 0.09469658203125 0.24540263671875 0.08512021484375 0.26232099609375 0.08352412109375 0.27796240234375 0.085439453125 0.3047763671875 0.1036345703125
0 0.4556048828125 0.43322275390625 0.45528564453125 0.43513798828125 0.45337041015625 0.44279912109375 0.44794375 0.4526947265625 0.44155947265625 0.45492919921875 0.43836728515625 0.45684453125 0.4319830078125 0.46003662109375 0.42623720703125 0.46514404296875 0.42208740234375 0.46418642578125 0.413787890625 0.46067509765625 0.4102765625 0.46067509765625 0.40740361328125 0.45652529296875 0.40836123046875 0.4491833984375 0.4026154296875 0.443118359375 0.391762109375 0.4380109375 0.38633544921875 0.4322650390625 0.381228125 0.4271576171875 0.37963203125 0.422688671875 0.3786744140625 0.4166236328125 0.37675908203125 0.40449345703125 0.3789935546875 0.3971515625 0.38505859375 0.38980966796875 0.39144287109375 0.38406376953125 0.39878486328125 0.38119091796875 0.41410712890625 0.3843830078125 0.42879091796875 0.3930017578125 0.44347470703125 0.40704716796875 0.4556048828125 0.43322275390625
0 0.55934931640625 0.368901171875 0.5623818359375 0.3776794921875 0.56174345703125 0.386138671875 0.56286064453125 0.39411904296875 0.56110498046875 0.40114169921875 0.5545611328125 0.40768564453125 0.54993251953125 0.40880283203125 0.5352486328125 0.40736640625 0.5282259765625 0.4020994140625 0.51066923828125 0.39236337890625 0.50763671875 0.38693671875 0.50731748046875 0.3827869140625 0.51082880859375 0.37640263671875 0.51322294921875 0.36746474609375 0.5135421875 0.36092080078125 0.51035 0.35421728515625 0.512744140625 0.34879072265625 0.5178515625 0.345758203125 0.5392388671875 0.35230205078125 0.54913447265625 0.35756904296875 0.55934931640625 0.368901171875
0 0.47220400390625 0.3799140625 0.4661388671875 0.385021484375 0.45177431640625 0.39747080078125 0.45081669921875 0.3971515625 0.441240234375 0.39491708984375 0.43389833984375 0.3945978515625 0.41697998046875 0.39140576171875 0.40931884765625 0.3859791015625 0.40133857421875 0.3792755859375 0.4010193359375 0.3690607421875 0.40995732421875 0.36108046875 0.4198529296875 0.3518232421875 0.42815244140625 0.3486310546875 0.439325 0.34480048828125 0.45017822265625 0.3432044921875 0.4607123046875 0.34607734375 0.47507685546875 0.35565380859375 0.47220400390625 0.3799140625
0 0.71879658203125 0.3537384765625 0.71624287109375 0.35788828125 0.71049697265625 0.36842236328125 0.70634716796875 0.3757642578125 0.703155078125 0.3776794921875 0.691344140625 0.37895634765625 0.68559833984375 0.3776794921875 0.67442587890625 0.3776794921875 0.65654990234375 0.37704111328125 0.6425044921875 0.36937998046875 0.63260888671875 0.3486310546875 0.636439453125 0.33362802734375 0.6441005859375 0.31702890625 0.6555921875 0.3074525390625 0.66772236328125 0.3023451171875 0.681129296875 0.3023451171875 0.68655595703125 0.3042603515625 0.6970900390625 0.30968701171875 0.7159236328125 0.32915908203125 0.71879658203125 0.3537384765625
0 0.56621240234375 0.333947265625 0.5650951171875 0.33634140625 0.56270107421875 0.34017197265625 0.5599876953125 0.34527939453125 0.55599755859375 0.34974833984375 0.5502517578125 0.3526212890625 0.5393984375 0.35214248046875 0.52678955078125 0.35070595703125 0.5212033203125 0.34639658203125 0.51753232421875 0.3408103515625 0.5172130859375 0.33362802734375 0.5207244140625 0.3278822265625 0.522958984375 0.32229599609375 0.52104365234375 0.31495400390625 0.52359736328125 0.3090486328125 0.52854521484375 0.3042603515625 0.53796201171875 0.30042978515625 0.54961328125 0.3082505859375 0.56190302734375 0.31271953125 0.56621240234375 0.333947265625
0 0.68045830078125 0.28220546875 0.68213515625 0.2453150390625 0.70896455078125 0.22938505859375 0.7282482421875 0.21177822265625 0.75591611328125 0.22267763671875 0.76178505859375 0.24615341796875 0.78609931640625 0.2503455078125 0.80622138671875 0.2738212890625 0.8011908203125 0.3040044921875 0.76178505859375 0.3182576171875 0.7542392578125 0.3299955078125 0.72405615234375 0.33167236328125 0.70141875 0.31071181640625 0.68045830078125 0.28220546875
0 0.42261484375 0.17101474609375 0.4322556640625 0.17274853515625 0.44364873046875 0.1744794921875 0.45680009765625 0.1797072265625 0.4576908203125 0.1884552734375 0.4550724609375 0.1945841796875 0.45772578125 0.20945390625 0.4673767578125 0.2173123046875 0.47352744140625 0.22780146484375 0.47179833984375 0.24180341796875 0.48232119140625 0.24703564453125 0.48234306640625 0.260159765625 0.46832138671875 0.258433203125 0.45781611328125 0.263700390625 0.46045185546875 0.268070703125 0.46659375 0.27331015625 0.48587685546875 0.27765283203125 0.49376240234375 0.2776396484375 0.50252412109375 0.27762509765625 0.5086689453125 0.284614453125 0.5051802734375 0.29424462890625 0.510462109375 0.3091099609375 0.51573515625 0.3187255859375 0.52101103515625 0.330091015625 0.52014365234375 0.3353421875 0.511396484375 0.34410625 0.50352548828125 0.35286875 0.50003544921875 0.3616240234375 0.49216005859375 0.36776181640625 0.483392578125 0.3642765625 0.4789970703125 0.35553447265625 0.47197314453125 0.3467966796875 0.464073046875 0.3380603515625 0.4535576171875 0.3372029296875 0.4447958984375 0.33721748046875 0.433412890625 0.34161123046875 0.428167578125 0.34861953125 0.41327705078125 0.351269140625 0.40627060546875 0.3530306640625 0.39312509765625 0.35130263671875 0.38697880859375 0.34343837890625 0.38521044921875 0.33381689453125 0.385197265625 0.32594248046875 0.37993154296875 0.3207015625 0.37992138671875 0.314576953125 0.3772783203125 0.3058318359375 0.37289599609375 0.3049642578125 0.3650162109375 0.3084771484375 0.359751953125 0.3041111328125 0.360612109375 0.2944853515625 0.3649740234375 0.2831037109375 0.36846416015625 0.27434853515625 0.37108095703125 0.26734453125 0.37019169921875 0.259471484375 0.379822265625 0.25508076171875 0.382440625 0.2489517578125 0.38593369140625 0.24194638671875 0.38241875 0.23582763671875 0.37102275390625 0.23234677734375 0.3675005859375 0.2218533203125 0.36047373046875 0.21136572265625 0.37185224609375 0.20434716796875 0.375339453125 0.1938419921875 0.3840939453125 0.189452734375 0.39635888671875 0.18855732421875 0.3998533203125 0.182426953125 0.4138662109375 0.17890380859375 0.42261484375 0.17101474609375
0 0.52439921875 0.26008974609375 0.517383984375 0.25660166015625 0.5085990234375 0.24261708984375 0.5199833984375 0.2390984375 0.520846484375 0.2312224609375 0.51731552734375 0.215479296875 0.519062109375 0.2119765625 0.53921103515625 0.2101931640625 0.5514876953125 0.21629736328125 0.560246484375 0.21453291015625 0.56285751953125 0.20402919921875 0.56459814453125 0.19702666015625 0.55845625 0.1917873046875 0.55931494140625 0.1812865234375 0.56280068359375 0.16990634765625 0.55577822265625 0.1620435546875 0.545259765625 0.15943623046875 0.54523642578125 0.145437109375 0.53995908203125 0.1331966796875 0.5416939453125 0.12269443359375 0.55221376953125 0.12617666015625 0.554827734375 0.1174228515625 0.5521861328125 0.109552734375 0.555687890625 0.1077970703125 0.5661990234375 0.1060296875 0.57145751953125 0.10689580078125 0.58723291015625 0.10949443359375 0.59074345703125 0.11298837890625 0.5925162109375 0.12523466796875 0.59253515625 0.13660888671875 0.59606162109375 0.14972724609375 0.60045849609375 0.1593443359375 0.60659462890625 0.161083984375 0.615363671875 0.165444140625 0.61537822265625 0.1741935546875 0.62151435546875 0.175933203125 0.62765625 0.18117265625 0.62941875 0.1872943359375 0.63818486328125 0.18990458984375 0.6513419921875 0.19863212890625 0.64697568359375 0.2073888671875 0.64436318359375 0.21701767578125 0.64963046875 0.22313349609375 0.65577822265625 0.23187275390625 0.6636884765625 0.24673359375 0.66283271484375 0.25898427734375 0.6549646484375 0.26949677734375 0.640948828125 0.27127001953125 0.63220029296875 0.27915908203125 0.62522001953125 0.29666962890625 0.61647431640625 0.30630859375 0.6068365234375 0.306324609375 0.59106689453125 0.30722578125 0.57704521484375 0.30549931640625 0.5603892578125 0.30027734375 0.55161298828125 0.29154248046875 0.54722626953125 0.28805 0.5349583984375 0.2871955078125 0.5244400390625 0.28458818359375 0.52092802734375 0.28021923828125 0.52354345703125 0.2723404296875 0.52439921875 0.26008974609375
0 0.69868603515625 0.1566240234375 0.701558984375 0.15790087890625 0.713369921875 0.16109306640625 0.71847734375 0.1649236328125 0.72166943359375 0.1684349609375 0.72581923828125 0.1690734375 0.73411884765625 0.17130791015625 0.74720654296875 0.17290400390625 0.76061357421875 0.1745 0.75933671875 0.1751384765625 0.7500794921875 0.18758779296875 0.74624892578125 0.19333359375 0.742418359375 0.19939873046875 0.73794931640625 0.20482529296875 0.72326552734375 0.21248642578125 0.71113544921875 0.21152880859375 0.6919826171875 0.2128056640625 0.68559833984375 0.21504013671875 0.67474501953125 0.22525498046875 0.67123369140625 0.23291611328125 0.66357255859375 0.2332353515625 0.65750751953125 0.22557421875 0.6530384765625 0.21823232421875 0.652080859375 0.20993271484375 0.64984638671875 0.200037109375 0.64569658203125 0.19269521484375 0.64218525390625 0.18599169921875 0.6389931640625 0.17577685546875 0.63452412109375 0.1668388671875 0.63612021484375 0.15566640625 0.6425044921875 0.14704765625 0.646654296875 0.1480052734375 0.65654990234375 0.1464091796875 0.68623671875 0.140344140625 0.69868603515625 0.1566240234375
0 0.77194560546875 0.14864375 0.7732224609375 0.16045458984375 0.77098798828125 0.163966015625 0.76588056640625 0.16875419921875 0.7588578125 0.1719462890625 0.74608935546875 0.172584765625 0.73587451171875 0.170988671875 0.724701953125 0.16747734375 0.7135294921875 0.159177734375 0.697249609375 0.1531126953125 0.6930998046875 0.141940234375 0.6946958984375 0.1326830078125 0.70108017578125 0.12342587890625 0.70554921875 0.1119341796875 0.71097578125 0.1036345703125 0.71736005859375 0.09788876953125 0.72597880859375 0.09118525390625 0.73427841796875 0.0883123046875 0.74353564453125 0.08927001953125 0.75183515625 0.0934197265625 0.75183515625 0.1045921875 0.755346484375 0.1195953125 0.76779580078125 0.13364072265625 0.77194560546875 0.14864375
0 0.8219025390625 0.19333359375 0.8270099609375 0.2009947265625 0.8270099609375 0.20291005859375 0.82222177734375 0.20993271484375 0.81519912109375 0.2144017578125 0.80721875 0.22557421875 0.809133984375 0.23100087890625 0.810730078125 0.23802353515625 0.8097724609375 0.24472705078125 0.80881484375 0.24919599609375 0.8065802734375 0.2536650390625 0.80179208984375 0.25749560546875 0.7928541015625 0.259730078125 0.78391611328125 0.2571763671875 0.7724244140625 0.249515234375 0.76412490234375 0.24568466796875 0.759655859375 0.24057724609375 0.75646376953125 0.23100087890625 0.7484833984375 0.223978125 0.74305673828125 0.21759384765625 0.73794931640625 0.213444140625 0.74018388671875 0.2041869140625 0.74752578125 0.19173759765625 0.751037109375 0.18407646484375 0.76348642578125 0.17641533203125 0.77976630859375 0.16811572265625 0.8219025390625 0.19333359375
0 0.98597841796875 0.1711482421875 0.97927490234375 0.170190625 0.97576357421875 0.1762556640625 0.9754443359375 0.18232080078125 0.9652294921875 0.1912587890625 0.955653125 0.19700458984375 0.95373779296875 0.19285478515625 0.9534185546875 0.19030107421875 0.94958798828125 0.18423603515625 0.94767275390625 0.18583212890625 0.93554267578125 0.19700458984375 0.9266046875 0.1931740234375 0.92628544921875 0.185512890625 0.92500859375 0.18263994140625 0.93139287109375 0.17178671875 0.92724306640625 0.1711482421875 0.9240509765625 0.17402119140625 0.91447451171875 0.1778517578125 0.906494140625 0.1711482421875 0.9036212890625 0.1660408203125 0.89755625 0.156464453125 0.89404482421875 0.14848408203125 0.88542607421875 0.1401845703125 0.88606455078125 0.12709677734375 0.89404482421875 0.1162435546875 0.9039404296875 0.110178515625 0.916708984375 0.115605078125 0.92022041015625 0.108582421875 0.92117802734375 0.10666708984375 0.9224548828125 0.10124052734375 0.92500859375 0.0942177734375 0.93490419921875 0.09102568359375 0.9447998046875 0.0875142578125 0.94543828125 0.08687587890625 0.945757421875 0.08464140625 0.945757421875 0.08176845703125 0.94543828125 0.0788955078125 0.94352294921875 0.07155361328125 0.94767275390625 0.06708466796875 0.955653125 0.06293486328125 0.96044130859375 0.060700390625 0.96203740234375 0.05718896484375 0.9633142578125 0.0530392578125 0.97161376953125 0.04442041015625 0.9760828125 0.0447396484375 0.98438232421875 0.05112392578125 0.989808984375 0.05623134765625 0.99491640625 0.05878505859375 0.9990234375 0.062408984375 0.9990234375 0.1728498046875 0.98597841796875 0.1711482421875
0 0.73873818359375 0.09129208984375 0.77005546875 0.06139833984375 0.79710224609375 0.03577509765625 0.844078125 0.0528572265625 0.8540427734375 0.09556259765625 0.82841953125 0.13542099609375 0.77005546875 0.13826796875 0.73873818359375 0.09129208984375
0 0.95134375 0.00659365234375 0.95102451171875 0.01170107421875 0.95198212890625 0.0283001953125 0.95613193359375 0.03979189453125 0.95038603515625 0.05671015625 0.9471939453125 0.06054072265625 0.941448046875 0.0678826171875 0.934425390625 0.07586298828125 0.9318716796875 0.08160888671875 0.9232529296875 0.08863154296875 0.91208046875 0.0899083984375 0.90154638671875 0.08927001953125 0.89037392578125 0.08160888671875 0.8839896484375 0.07745908203125 0.87952060546875 0.06979794921875 0.87664775390625 0.06117919921875 0.8705826171875 0.04809140625 0.88207431640625 0.03659970703125 0.8900546875 0.03053466796875 0.90346162109375 0.0184044921875 0.9098458984375 0.012339453125 0.91846474609375 0.00340146484375 0.925067578125 0 0.93424912109375 0 0.95134375 0.00659365234375
0 0.84105537109375 0.006433984375 0.839778515625 0.01425478515625 0.84009775390625 0.0207986328125 0.84201298828125 0.02542724609375 0.84520517578125 0.02798095703125 0.84791845703125 0.031173046875 0.85047216796875 0.0334076171875 0.8576544921875 0.03819580078125 0.8621234375 0.0436224609375 0.84265146484375 0.04585693359375 0.83929970703125 0.0487298828125 0.8286060546875 0.04761259765625 0.81902958984375 0.04410126953125 0.8105705078125 0.04154755859375 0.80530341796875 0.0431435546875 0.80179208984375 0.04442041015625 0.79253486328125 0.0431435546875 0.78982158203125 0.03580166015625 0.793492578125 0.0251080078125 0.7944501953125 0.01952177734375 0.79492900390625 0.0121798828125 0.794290625 0.005316796875 0.79296142578125 0 0.8422134765625 0 0.84105537109375 0.006433984375
0 0.69262099609375 0.13316181640625 0.6884712890625 0.13411953125 0.6792140625 0.134438671875 0.67442587890625 0.136034765625 0.66772236328125 0.13635400390625 0.66101884765625 0.13795009765625 0.65080400390625 0.13635400390625 0.6527193359375 0.1299697265625 0.64729267578125 0.12550068359375 0.64027001953125 0.1232662109375 0.63292802734375 0.1239046875 0.624628515625 0.12709677734375 0.6188826171875 0.12294697265625 0.60771015625 0.11400908203125 0.602602734375 0.10634794921875 0.6006875 0.09549462890625 0.59877216796875 0.0804916015625 0.6137751953125 0.07825712890625 0.6185634765625 0.08017236328125 0.6204787109375 0.07761865234375 0.623032421875 0.0734689453125 0.62590537109375 0.06804228515625 0.6290974609375 0.06421171875 0.63452412109375 0.05686982421875 0.6393123046875 0.05431611328125 0.65144248046875 0.0463357421875 0.65048486328125 0.0428244140625 0.65176162109375 0.0326095703125 0.67538349609375 0.0345248046875 0.6887904296875 0.045378125 0.71113544921875 0.067723046875 0.72135029296875 0.09038720703125 0.69262099609375 0.13316181640625
0 0.47140595703125 0.02814052734375 0.4873666015625 0.03644013671875 0.49790068359375 0.03324794921875 0.51577666015625 0.0380361328125 0.53237578125 0.04186669921875 0.5275875 0.0667654296875 0.51673427734375 0.079533984375 0.505242578125 0.0855990234375 0.4822591796875 0.089748828125 0.460871875 0.08112998046875 0.4378884765625 0.08081083984375 0.42799287109375 0.07602265625 0.4145859375 0.059104296875 0.404690234375 0.05272001953125 0.385856640625 0.05782744140625 0.38426064453125 0.05623134765625 0.3813876953125 0.03069423828125 0.39128330078125 0.01856416015625 0.41011689453125 0.0035611328125 0.42160859375 0.0013265625 0.46725615234375 0.011222265625 0.47140595703125 0.02814052734375
0 0.59845302734375 0.01090302734375 0.6048373046875 0.0239908203125 0.59685693359375 0.03739775390625 0.57068134765625 0.0498470703125 0.52918359375 0.04154755859375 0.50907314453125 0.03484404296875 0.5010927734375 0.03292880859375 0.48608974609375 0.0326095703125 0.4768326171875 0.02782138671875 0.46980986328125 0.01345673828125 0.469171484375 0.01154140625 0.46629853515625 0.00068818359375 0.46656611328125 0 0.590419140625 0 0.59845302734375 0.01090302734375
0 0.794290625 0.005316796875 0.7936521484375 0.0120203125 0.7910984375 0.01936220703125 0.787587109375 0.03213076171875 0.7834373046875 0.03979189453125 0.77705302734375 0.04585693359375 0.77034951171875 0.05000673828125 0.74864306640625 0.0541564453125 0.73363994140625 0.054794921875 0.71736005859375 0.05511416015625 0.7029955078125 0.0487298828125 0.69948408203125 0.0439416015625 0.6927806640625 0.03468447265625 0.69661123046875 0.02446962890625 0.70522998046875 0.0145740234375 0.7170408203125 0.00403994140625 0.721946484375 0 0.7936998046875 0 0.794290625 0.005316796875
0 0.67468017578125 0.02865751953125 0.62201015625 0.02865751953125 0.5949634765625 0.01015185546875 0.58942607421875 0 0.735682421875 0 0.70172685546875 0.0158458984375 0.67468017578125 0.02865751953125