0 0.41319990234375 0.97457705078125 0.44608681640625 0.99367275390625 0.44983232421875 0.9990234375 0.392541015625 0.9990234375 0.41319990234375 0.97457705078125
0 0.22330390625 0.98412490234375 0.28695625 0.92259443359375 0.342121484375 0.9109248046875 0.3612171875 0.94699443359375 0.37819111328125 0.99579453125 0.3771578125 0.9990234375 0.2260849609375 0.9990234375 0.22330390625 0.98412490234375
0 0.0875125 0.90880302734375 0.143738671875 0.8674291015625 0.17450390625 0.86848994140625 0.21587783203125 0.90880302734375 0.24876484375 0.933203125 0.2455822265625 0.97245537109375 0.23229814453125 0.9990234375 0.10139248046875 0.9990234375 0.0875125 0.90880302734375
0 0.39092158203125 0.97033359375 0.3580345703125 0.9353248046875 0.3887998046875 0.8737943359375 0.41319990234375 0.8366638671875 0.441843359375 0.82923779296875 0.46836513671875 0.8674291015625 0.49806953125 0.90349873046875 0.50867822265625 0.93426396484375 0.4895826171875 0.9671509765625 0.4259302734375 0.97457705078125 0.39092158203125 0.97033359375
0 0.61264365234375 0.9926119140625 0.67311328125 0.963968359375 0.70812197265625 0.96821181640625 0.70669990234375 0.9990234375 0.61774375 0.9990234375 0.61264365234375 0.9926119140625
0 0.63386103515625 0.81968994140625 0.64022626953125 0.74118544921875 0.7134263671875 0.71890712890625 0.7505568359375 0.73482021484375 0.7760177734375 0.74436806640625 0.79299169921875 0.76240283203125 0.81102646484375 0.801655078125 0.8311830078125 0.8493943359375 0.8322439453125 0.851516015625 0.74843505859375 0.90349873046875 0.63386103515625 0.81968994140625
0 0.66657587890625 0 0.767352734375 0 0.76116552734375 0.04949755859375 0.6847828125 0.01767138671875 0.66657587890625 0
0 0.292260546875 0.72527236328125 0.33787802734375 0.68814189453125 0.40577373046875 0.6838984375 0.42380859375 0.70723759765625 0.4397216796875 0.752855078125 0.4450259765625 0.782559375 0.4450259765625 0.8058986328125 0.31241708984375 0.7921072265625 0.292260546875 0.72527236328125
0 0.155408203125 0.71360283203125 0.192538671875 0.677533203125 0.2614953125 0.6743505859375 0.28695625 0.690263671875 0.293321484375 0.72845498046875 0.28483447265625 0.76240283203125 0.22542568359375 0.80377685546875 0.155408203125 0.71360283203125
0 0.17556474609375 0.35821103515625 0.25937353515625 0.26803701171875 0.33575625 0.278645703125 0.3643998046875 0.31683701171875 0.393043359375 0.365637109375 0.4015302734375 0.41019365234375 0.367582421875 0.46323720703125 0.29438232421875 0.50461123046875 0.2264865234375 0.46641982421875 0.17556474609375 0.35821103515625
0 0.31241708984375 0.2001412109375 0.34106064453125 0.12163681640625 0.3834955078125 0.103601953125 0.41638251953125 0.11102802734375 0.45669560546875 0.1439150390625 0.48427822265625 0.17468037109375 0.49700869140625 0.21074990234375 0.51186083984375 0.24894130859375 0.49064345703125 0.290315234375 0.46624345703125 0.31471533203125 0.36652158203125 0.27758486328125 0.31241708984375 0.2001412109375
0 0.14359052734375 0 0.30824091796875 0 0.31347802734375 0.02828017578125 0.29862578125 0.10254111328125 0.2858953125 0.1195150390625 0.230730078125 0.15558466796875 0.1331298828125 0.079201953125 0.14359052734375 0