0 0.57693671875 0.97741064453125 0.62793203125 0.9938607421875 0.6318556640625 0.9990234375 0.5265068359375 0.9990234375 0.57693671875 0.97741064453125
0 0.712798828125 0.943897265625 0.73195166015625 0.96049638671875 0.7479123046875 0.98028759765625 0.7557693359375 0.9990234375 0.62788798828125 0.9990234375 0.62788798828125 0.9962482421875 0.6317185546875 0.97837236328125 0.647679296875 0.9566658203125 0.677046875 0.9458125 0.712798828125 0.943897265625
0 0.8107974609375 0.90367626953125 0.81654326171875 0.91963701171875 0.8229275390625 0.93400166015625 0.832184765625 0.942301171875 0.849422265625 0.9432587890625 0.85229521484375 0.95219677734375 0.8341 0.969434375 0.82420439453125 0.9806068359375 0.8055736328125 0.9990234375 0.754533984375 0.9990234375 0.741528125 0.9834796875 0.72780185546875 0.969434375 0.7185447265625 0.95475048828125 0.705776171875 0.93655537109375 0.69205 0.92123310546875 0.69173076171875 0.91101826171875 0.7032224609375 0.904953125 0.70449931640625 0.90335712890625 0.71247958984375 0.8883541015625 0.7134373046875 0.8784583984375 0.7338669921875 0.870478125 0.7562119140625 0.86345537109375 0.7766416015625 0.8561134765625 0.8107974609375 0.90367626953125
0 0.68406962890625 0.892823046875 0.68662333984375 0.9075068359375 0.68566572265625 0.91867939453125 0.6792814453125 0.9327248046875 0.664916796875 0.9413435546875 0.65246748046875 0.93719375 0.64161416015625 0.92921337890625 0.63139931640625 0.9174025390625 0.6266111328125 0.90112255859375 0.65087138671875 0.8832466796875 0.68406962890625 0.892823046875
0 0.86761748046875 0.8510060546875 0.866340625 0.87207412109375 0.864425390625 0.88228896484375 0.85548740234375 0.8937806640625 0.85740263671875 0.90591083984375 0.87974755859375 0.9193177734375 0.8567642578125 0.93655537109375 0.8459109375 0.94613173828125 0.8286734375 0.94421640625 0.820373828125 0.92570205078125 0.8076052734375 0.8969728515625 0.782706640625 0.8586671875 0.8005826171875 0.83759912109375 0.83697294921875 0.83696064453125 0.86761748046875 0.8510060546875
0 0.76929970703125 0.7743947265625 0.7731302734375 0.802485546875 0.77696083984375 0.82419208984375 0.7750455078125 0.84270654296875 0.7629154296875 0.860582421875 0.7469546875 0.863774609375 0.70226474609375 0.87526630859375 0.6863041015625 0.87207412109375 0.668428125 0.85547509765625 0.656298046875 0.8286611328125 0.65693642578125 0.805677734375 0.6607669921875 0.782055859375 0.6914115234375 0.76354150390625 0.7290787109375 0.7571572265625 0.76929970703125 0.7743947265625
0 0.9046462890625 0.75651884765625 0.9011349609375 0.75843408203125 0.88740869140625 0.75683798828125 0.87878994140625 0.75332666015625 0.86314853515625 0.757795703125 0.86091396484375 0.766414453125 0.86761748046875 0.780140625 0.86665986328125 0.79514365234375 0.8551681640625 0.80440087890625 0.8286734375 0.79929345703125 0.81111669921875 0.78748251953125 0.79834814453125 0.7683296875 0.79164462890625 0.7450271484375 0.7922830078125 0.72332060546875 0.804732421875 0.6974642578125 0.82228916015625 0.68309970703125 0.85644501953125 0.67543857421875 0.881662890625 0.693314453125 0.89570830078125 0.706721484375 0.91198818359375 0.72427822265625 0.9046462890625 0.75651884765625
0 0.90863642578125 0.99656748046875 0.88407705078125 0.9990234375 0.838046875 0.9990234375 0.83074833984375 0.9857142578125 0.84862421875 0.95060068359375 0.86203125 0.92825576171875 0.89395263671875 0.90527236328125 0.90672119140625 0.89250380859375 0.92906611328125 0.8580287109375 0.996739453125 0.870797265625 0.99737783203125 0.86696669921875 0.9990234375 0.85873876953125 0.9990234375 0.9990234375 0.92091611328125 0.9990234375 0.90863642578125 0.99656748046875
0 0.97519248046875 0.77184111328125 0.97678857421875 0.77567158203125 0.98125751953125 0.786844140625 0.9831728515625 0.80088955078125 0.980619140625 0.81397724609375 0.96912744140625 0.8235537109375 0.9490169921875 0.83025712890625 0.9301833984375 0.8203615234375 0.91613798828125 0.8066353515625 0.91454189453125 0.7878017578125 0.92603359375 0.76992578125 0.9534859375 0.7606685546875 0.97519248046875 0.77184111328125
0 0.20351943359375 0.97741064453125 0.2676748046875 0.96918564453125 0.32031513671875 0.9790556640625 0.34300576171875 0.9990234375 0.19271298828125 0.9990234375 0.20351943359375 0.97741064453125
0 0.0340833984375 0.967540625 0.0702736328125 0.9198353515625 0.132783984375 0.91819033203125 0.16732919921875 0.96260556640625 0.162630078125 0.9990234375 0.03093515625 0.9990234375 0.0340833984375 0.967540625
0 0.0192783203125 0.9280603515625 0.0275033203125 0.960960546875 0.01763330078125 0.99879580078125 0.0130802734375 0.9990234375 0 0.9990234375 0 0.91456552734375 0.0192783203125 0.9280603515625
0 0.3910505859375 0.92641533203125 0.394340625 0.86719501953125 0.42559580078125 0.8046845703125 0.47330107421875 0.81619970703125 0.511136328125 0.83593984375 0.5226513671875 0.87542001953125 0.5374564453125 0.89680517578125 0.53910146484375 0.93299541015625 0.511136328125 0.952735546875 0.47330107421875 0.931350390625 0.44862587890625 0.93793037109375 0.3910505859375 0.92641533203125
0 0 0.91319384765625 0 0.82806669921875 0.0702736328125 0.81290966796875 0.1146888671875 0.8326498046875 0.124558984375 0.8770650390625 0.08343369140625 0.92312529296875 0.0636935546875 0.9280603515625 0.02092333984375 0.939575390625 0 0.91319384765625
0 0.2610947265625 0.76849443359375 0.28083486328125 0.8178447265625 0.29892998046875 0.84416484375 0.285769921875 0.8918701171875 0.24464462890625 0.95109052734375 0.17390927734375 0.94615546875 0.15910419921875 0.89680517578125 0.124558984375 0.873775 0.124558984375 0.82442470703125 0.14594404296875 0.80139462890625 0.183779296875 0.81290966796875 0.20022939453125 0.7898794921875 0.2610947265625 0.76849443359375
0 0.16074912109375 0.81290966796875 0.14594404296875 0.79810458984375 0.14594404296875 0.76849443359375 0.1442990234375 0.73394921875 0.1722642578125 0.727369140625 0.21174443359375 0.71914404296875 0.22819453125 0.735594140625 0.22819453125 0.7816544921875 0.1804892578125 0.799749609375 0.16074912109375 0.81290966796875
0 0 0.78791181640625 0 0.7033326171875 0.009408203125 0.68953388671875 0.0340833984375 0.6582787109375 0.08014365234375 0.65334365234375 0.132783984375 0.65992373046875 0.13113896484375 0.7158541015625 0.1475890625 0.75039931640625 0.14594404296875 0.80139462890625 0.1146888671875 0.8260697265625 0.052178515625 0.8145546875 0.0373734375 0.79810458984375 0 0.78791181640625
0 0.41738056640625 0.6159791015625 0.4358677734375 0.66034833984375 0.4617498046875 0.6880791015625 0.45620361328125 0.7232046875 0.4256998046875 0.7527841796875 0.3896498046875 0.76017900390625 0.3240203125 0.78513671875 0.3147767578125 0.746313671875 0.28612158203125 0.74169189453125 0.26023955078125 0.7037931640625 0.259315234375 0.64648291015625 0.290743359375 0.63261748046875 0.32864208984375 0.63354189453125 0.41738056640625 0.6159791015625
0 0.18117265625 0.72348154296875 0.15392060546875 0.71852666015625 0.1316234375 0.6702162109375 0.1514431640625 0.624383203125 0.19108251953125 0.60456357421875 0.19975361328125 0.62686064453125 0.249302734375 0.63800927734375 0.23443798828125 0.68136474609375 0.2071859375 0.70985556640625 0.18117265625 0.72348154296875
0 0.982534375 0.698421875 0.9544435546875 0.6818228515625 0.94933623046875 0.648624609375 0.97615009765625 0.6173416015625 0.9990234375 0.6097171875 0.9990234375 0.69520458984375 0.982534375 0.698421875
0 0.93465234375 0.60904208984375 0.932737109375 0.62883330078125 0.92379912109375 0.65053984375 0.90017724609375 0.658839453125 0.883578125 0.66267001953125 0.87017119140625 0.64734775390625 0.866340625 0.62947177734375 0.85740263671875 0.6001041015625 0.86506376953125 0.582228125 0.90081572265625 0.57648232421875 0.93465234375 0.60904208984375
0 0.9990234375 0.4792919921875 0.9990234375 0.57638427734375 0.997856640625 0.57903603515625 0.9799806640625 0.59180458984375 0.95891259765625 0.60201943359375 0.93337548828125 0.60585 0.89506982421875 0.5796744140625 0.8893240234375 0.55094521484375 0.8995388671875 0.52476962890625 0.9167763671875 0.5011478515625 0.93592919921875 0.48454873046875 0.9627431640625 0.46667275390625 0.9990234375 0.4792919921875
0 0.91018056640625 0.4370765625 0.9128076171875 0.436197265625 0.9180646484375 0.4361884765625 0.9250740234375 0.43617685546875 0.9329595703125 0.436163671875 0.9382107421875 0.43265517578125 0.93469736328125 0.427411328125 0.934687109375 0.42128671875 0.93117080078125 0.41429306640625 0.9302830078125 0.407294921875 0.93816123046875 0.40290712890625 0.9504349609375 0.40726142578125 0.9574544921875 0.41337431640625 0.95746181640625 0.41774912109375 0.96098251953125 0.427367578125 0.966241015625 0.4282337890625 0.96975146484375 0.431727734375 0.9662599609375 0.43960810546875 0.9618892578125 0.44573994140625 0.95752001953125 0.45274677734375 0.95315224609375 0.46062861328125 0.95141015625 0.46675615234375 0.943534765625 0.47289384765625 0.9382849609375 0.47727734375 0.926021484375 0.47904755859375 0.9242619140625 0.47467578125 0.91725107421875 0.4738125 0.91198232421875 0.4668216796875 0.90757529296875 0.45107998046875 0.91018056640625 0.4370765625
0 0.98294794921875 0.46407880859375 0.974184765625 0.46321845703125 0.9706728515625 0.45884951171875 0.97066259765625 0.45272490234375 0.968025390625 0.4474796875 0.96364306640625 0.44661201171875 0.9636328125 0.44048740234375 0.9688826171875 0.43610390625 0.9706189453125 0.42647666015625 0.9679802734375 0.4203564453125 0.9592185546875 0.42037099609375 0.95482451171875 0.41250380859375 0.95131259765625 0.40813486328125 0.9521771484375 0.40113388671875 0.95918359375 0.39937236328125 0.96092431640625 0.392369921875 0.9574123046875 0.3880009765625 0.9591515625 0.3801236328125 0.96264599609375 0.3739931640625 0.960005859375 0.36699794921875 0.95998837890625 0.3564986328125 0.9713830078125 0.3591044921875 0.9801505859375 0.36258974609375 0.98979140625 0.3643236328125 0.9950484375 0.36431484375 0.9990234375 0.36733984375 0.9990234375 0.46534072265625 0.994342578125 0.46668466796875 0.98294794921875 0.46407880859375
0 0.54421904296875 0.76109462890625 0.52925322265625 0.73116298828125 0.53013359375 0.7003509765625 0.5723900390625 0.68626552734375 0.61640712890625 0.677462109375 0.6613044921875 0.68626552734375 0.6912361328125 0.6968296875 0.70268056640625 0.72940224609375 0.69915927734375 0.75933388671875 0.66482587890625 0.77782109375 0.63929599609375 0.769898046875 0.61200537109375 0.76461591796875 0.5803130859375 0.76461591796875 0.54421904296875 0.76109462890625
0 0.79100615234375 0.754603515625 0.78909091796875 0.754603515625 0.77696083984375 0.75907255859375 0.76929970703125 0.76354150390625 0.752062109375 0.7654568359375 0.7290787109375 0.7673720703125 0.7035416015625 0.75332666015625 0.68821943359375 0.734173828125 0.68821943359375 0.71246728515625 0.70098798828125 0.68501494140625 0.7290787109375 0.6562857421875 0.7648306640625 0.663946875 0.8005826171875 0.693314453125 0.79100615234375 0.754603515625
0 0.6946037109375 0.6633083984375 0.6658744140625 0.6869302734375 0.64161416015625 0.69203759765625 0.60139326171875 0.68054599609375 0.59117841796875 0.65692412109375 0.608416015625 0.6173416015625 0.63778359375 0.59946572265625 0.66715126953125 0.59882724609375 0.6946037109375 0.6633083984375
0 0.69550419921875 0.66892900390625 0.67313466796875 0.64655947265625 0.66716943359375 0.61971611328125 0.66716943359375 0.59287275390625 0.70892587890625 0.58392490234375 0.73278662109375 0.58989013671875 0.72980400390625 0.62568125 0.7074345703125 0.67042021484375 0.69550419921875 0.66892900390625
0 0.820373828125 0.566905859375 0.8280349609375 0.57137490234375 0.84016513671875 0.58350498046875 0.86953271484375 0.6230875 0.87272490234375 0.6684158203125 0.79483671875 0.6818228515625 0.78142978515625 0.65245517578125 0.77440712890625 0.62117216796875 0.820373828125 0.566905859375
0 0.9014541015625 0.52093916015625 0.90273095703125 0.52476962890625 0.89570830078125 0.559883203125 0.88804716796875 0.57137490234375 0.88038603515625 0.582228125 0.868255859375 0.59180458984375 0.8465494140625 0.5879740234375 0.8286734375 0.559883203125 0.8363345703125 0.526046484375 0.84974150390625 0.501786328125 0.88740869140625 0.50689375 0.9014541015625 0.52093916015625
0 0.87272490234375 0.44943525390625 0.87719384765625 0.4634806640625 0.87464013671875 0.48710244140625 0.85995634765625 0.5037015625 0.84208037109375 0.5286001953125 0.82739658203125 0.546476171875 0.79930576171875 0.57329013671875 0.76419228515625 0.5854203125 0.73099404296875 0.5675443359375 0.7067337890625 0.5471146484375 0.6792814453125 0.51774697265625 0.6709818359375 0.49284833984375 0.6792814453125 0.4685880859375 0.68821943359375 0.4424125 0.7035416015625 0.41687548828125 0.721417578125 0.39133837890625 0.7469546875 0.3817619140625 0.78142978515625 0.382400390625 0.820373828125 0.399637890625 0.87272490234375 0.44943525390625
0 0.6050642578125 0.364683984375 0.61336376953125 0.3621302734375 0.61942880859375 0.36117265625 0.62868603515625 0.3586189453125 0.640177734375 0.3509578125 0.65007333984375 0.3397853515625 0.6548615234375 0.3423390625 0.6615650390625 0.3464888671875 0.67305673828125 0.3570228515625 0.67752578125 0.36564169921875 0.68422919921875 0.3809638671875 0.68518681640625 0.39341328125 0.6819947265625 0.403947265625 0.6749720703125 0.4148005859375 0.6682685546875 0.42118486328125 0.6523078125 0.4320380859375 0.6411353515625 0.43746474609375 0.62485546875 0.4352302734375 0.61240615234375 0.43076123046875 0.60634111328125 0.41448134765625 0.5897419921875 0.41065078125 0.58399609375 0.403628125 0.58271923828125 0.3809638671875 0.58527294921875 0.3586189453125 0.6050642578125 0.364683984375
0 0.83521728515625 0.3745796875 0.836494140625 0.37011064453125 0.8390478515625 0.3567037109375 0.84479375 0.34776572265625 0.8594775390625 0.33244345703125 0.87543818359375 0.31903642578125 0.88309931640625 0.318398046875 0.90863642578125 0.31903642578125 0.92715087890625 0.325420703125 0.94119619140625 0.349042578125 0.93353505859375 0.38990185546875 0.8613927734375 0.38990185546875 0.83521728515625 0.3745796875
0 0.580829296875 0.359754296875 0.5694318359375 0.35539853515625 0.56240205078125 0.3431609375 0.566758203125 0.32827958984375 0.57023671875 0.3125248046875 0.56758486328125 0.298530078125 0.54918818359375 0.30031064453125 0.54302734375 0.283696875 0.55176142578125 0.2670583984375 0.55961640625 0.248671484375 0.57715869140625 0.2600166015625 0.59644033203125 0.26348427734375 0.6043142578125 0.25647158203125 0.616567578125 0.2485767578125 0.63672529296875 0.25204296875 0.6411265625 0.26428486328125 0.64553212890625 0.27915166015625 0.65605927734375 0.28700869140625 0.66657333984375 0.28699111328125 0.6779607421875 0.28522236328125 0.689368359375 0.295702734375 0.68414189453125 0.31408525390625 0.68854169921875 0.32545224609375 0.68769169921875 0.34120263671875 0.6798294921875 0.35521484375 0.65967021484375 0.3508736328125 0.64651455078125 0.34302109375 0.63162109375 0.34392080078125 0.61937216796875 0.35444052734375 0.580829296875 0.359754296875
0 0.00022958984375 0.60568232421875 0.00391220703125 0.64496337890625 0 0.654566015625 0 0.60551015625 0.00022958984375 0.60568232421875
0 0.55139599609375 0.57416494140625 0.5479 0.57942041015625 0.53651123046875 0.58031435546875 0.53564814453125 0.588190234375 0.54703837890625 0.5881712890625 0.55318330078125 0.59516064453125 0.555829296875 0.60565556640625 0.5584810546875 0.61965029296875 0.55324580078125 0.632783203125 0.5444943359375 0.63892236328125 0.5331171875 0.6468158203125 0.52348505859375 0.650331640625 0.52350400390625 0.661705859375 0.52439033203125 0.66782900390625 0.5226525390625 0.67658134765625 0.51214287109375 0.67922373046875 0.49988369140625 0.68361884765625 0.49460634765625 0.6713783203125 0.4893390625 0.6652625 0.47268310546875 0.66004052734375 0.46740859375 0.64954990234375 0.47090166015625 0.64254453125 0.47351416015625 0.6329158203125 0.4638806640625 0.635556640625 0.46214287109375 0.644308984375 0.447246484375 0.64345888671875 0.4437126953125 0.6259658203125 0.4471955078125 0.61283583984375 0.449805078125 0.6014572265625 0.4401439453125 0.58747412109375 0.4427462890625 0.57172080078125 0.44886640625 0.5638361328125 0.4593703125 0.55769404296875 0.47863876953125 0.55328720703125 0.487391796875 0.548023046875 0.49438076171875 0.535762109375 0.5092669921875 0.5304876953125 0.51802431640625 0.52784833984375 0.52418232421875 0.542712109375 0.53031259765625 0.54095205078125 0.54521328125 0.54442705078125 0.54961455078125 0.5566689453125 0.55139599609375 0.57416494140625
0 0.03582802734375 0.47188134765625 0.06037861328125 0.51607255859375 0.0861568359375 0.5234376953125 0.06774384765625 0.58235927734375 0.0198701171875 0.58235927734375 0 0.58715546875 0 0.46949287109375 0.03582802734375 0.47188134765625
0 0.49077275390625 0.47364697265625 0.50741279296875 0.46924462890625 0.51704921875 0.46835361328125 0.524944921875 0.47446513671875 0.5258400390625 0.485837890625 0.52235283203125 0.49634306640625 0.517107421875 0.5033513671875 0.50747822265625 0.50861708984375 0.4934638671875 0.511265234375 0.48469345703125 0.506030078125 0.475921484375 0.4999201171875 0.4715203125 0.487678125 0.473256640625 0.47805087890625 0.4785107421875 0.47629228515625 0.49077275390625 0.47364697265625
0 0.26046630859375 0.555353515625 0.23591572265625 0.5528984375 0.16349130859375 0.560263671875 0.110707421875 0.54921591796875 0.09352197265625 0.5209826171875 0.10702490234375 0.46083359375 0.12789287109375 0.427690234375 0.146305859375 0.387181640625 0.19049697265625 0.3626310546875 0.22609541015625 0.330715234375 0.26905908203125 0.3319427734375 0.29974736328125 0.37490634765625 0.32675302734375 0.34667314453125 0.39426728515625 0.35035576171875 0.44459609375 0.37858896484375 0.4139078125 0.39945703125 0.40408759765625 0.44855830078125 0.44459609375 0.47801904296875 0.45441630859375 0.5258927734375 0.42495556640625 0.57131142578125 0.40163251953125 0.626550390625 0.345166015625 0.6179576171875 0.30220244140625 0.60445478515625 0.2727416015625 0.57131142578125 0.26046630859375 0.555353515625
0 0.59687109375 0.52246748046875 0.5863701171875 0.53035947265625 0.5644658203125 0.5303958984375 0.54430517578125 0.52517978515625 0.53728408203125 0.51819189453125 0.52851220703125 0.5120818359375 0.5223703125 0.5068423828125 0.52234990234375 0.4945931640625 0.5275865234375 0.48233525390625 0.52405859375 0.4683419921875 0.51266689453125 0.4674859375 0.49427744140625 0.4736412109375 0.4732478515625 0.472801171875 0.4671015625 0.4649369140625 0.46444833984375 0.45006728515625 0.468805859375 0.43606083984375 0.46790791015625 0.42293818359375 0.488911328125 0.40802919921875 0.49678515625 0.40101650390625 0.516926953125 0.3948583984375 0.5318146484375 0.39045888671875 0.5502083984375 0.386928515625 0.55547421875 0.39216943359375 0.5624966796875 0.40003232421875 0.57127294921875 0.40876708984375 0.58178115234375 0.40524990234375 0.59755517578125 0.40697353515625 0.61071083984375 0.414826171875 0.6186037109375 0.41918779296875 0.6291439453125 0.43491923828125 0.62479658203125 0.4550501953125 0.6160435546875 0.460314453125 0.60992783203125 0.4708240234375 0.6090763671875 0.48569951171875 0.59945009765625 0.4927150390625 0.59687109375 0.52246748046875
0 0.43236953125 0.28154208984375 0.4109890625 0.2696640625 0.40386220703125 0.2518470703125 0.4086134765625 0.226903125 0.42524267578125 0.21502509765625 0.42880615234375 0.19008125 0.44662314453125 0.18295439453125 0.46919140625 0.20433486328125 0.48938408203125 0.226903125 0.49294755859375 0.25303486328125 0.49294755859375 0.27679091796875 0.48225732421875 0.28985673828125 0.4668158203125 0.3100494140625 0.4406841796875 0.3100494140625 0.43236953125 0.28154208984375
0 0.510544921875 0.2452533203125 0.50877509765625 0.23475693359375 0.49912705078125 0.22864833984375 0.492969140625 0.21378447265625 0.489432421875 0.1945416015625 0.49115712890625 0.17791474609375 0.503408984375 0.169144921875 0.51391572265625 0.16475263671875 0.52880625 0.16210302734375 0.54457734375 0.16207685546875 0.56123486328125 0.16817373046875 0.5673869140625 0.17953779296875 0.57004453125 0.19703232421875 0.57180859375 0.20402890625 0.58232841796875 0.20751123046875 0.58935234375 0.2162490234375 0.5849875 0.2258806640625 0.5771150390625 0.23376826171875 0.5569748046875 0.2408013671875 0.544715625 0.245196484375 0.54384814453125 0.25044755859375 0.52019150390625 0.2504869140625 0.510544921875 0.2452533203125
0 0 0.1402169921875 0 0.0329767578125 0.02372021484375 0.01544443359375 0.06224111328125 0.0191130859375 0.065909765625 0.0796458984375 0.06957841796875 0.1218353515625 0.0585724609375 0.15668759765625 0.007211328125 0.14201298828125 0.02372021484375 0.1383443359375 0 0.1402169921875
0 0.21838251953125 0.00687900390625 0.2157685546875 0.0156328125 0.21403662109375 0.0278849609375 0.211416796875 0.03313896484375 0.206181640625 0.046271875 0.2088333984375 0.0602666015625 0.20710146484375 0.07251865234375 0.21849169921875 0.07249970703125 0.2237501953125 0.07336591796875 0.223767578125 0.083865234375 0.22290595703125 0.09261611328125 0.222929296875 0.106615234375 0.21154921875 0.1127587890625 0.1992798828125 0.111029296875 0.18176376953125 0.11543310546875 0.17301513671875 0.12332216796875 0.1730369140625 0.13644638671875 0.16516884765625 0.1469587890625 0.15379169921875 0.15485224609375 0.13977880859375 0.15837529296875 0.12137333984375 0.1549060546875 0.120475390625 0.1417833984375 0.12571640625 0.13215029296875 0.1195701171875 0.12428603515625 0.10468681640625 0.1313103515625 0.0854154296875 0.1339671875 0.0819048828125 0.1304732421875 0.0757412109375 0.11210966796875 0.0739771484375 0.10511298828125 0.06256513671875 0.0920078125 0.06867509765625 0.07799853515625 0.075669921875 0.06923740234375 0.07564658203125 0.05523828125 0.0677451171875 0.04562705078125 0.06422294921875 0.03513359375 0.0703357421875 0.02287412109375 0.0694494140625 0.0167509765625 0.07382158203125 0.01149404296875 0.06942763671875 0.00362685546875 0.06942158203125 0 0.21873359375 0 0.21838251953125 0.00687900390625
0 0.23099921875 0.03745634765625 0.2480248046875 0 0.26274951171875 0 0.3172125 0.01177578125 0.319046875 0.05396533203125 0.2970349609375 0.07597724609375 0.2676857421875 0.06680556640625 0.23099921875 0.03745634765625
0 0.96707587890625 0.26535400390625 0.9897234375 0.2706384765625 0.9980275390625 0.25176552734375 0.9990234375 0.2533837890625 0.9990234375 0.29845986328125 0.99123330078125 0.299325390625 0.97537998046875 0.29781552734375 0.95877177734375 0.28045244140625 0.9572619140625 0.262334375 0.96707587890625 0.26535400390625
0 0.9489578125 0.258559765625 0.94669306640625 0.27365810546875 0.9572619140625 0.294041015625 0.939898828125 0.3227279296875 0.9081921875 0.30913935546875 0.8885642578125 0.29781552734375 0.87497578125 0.27667783203125 0.8795052734375 0.24874580078125 0.91045693359375 0.2298728515625 0.94140859375 0.2185490234375 0.9489578125 0.258559765625
0 0.95952666015625 0.24497119140625 0.939898828125 0.24044169921875 0.92631025390625 0.225343359375 0.9293298828125 0.2147744140625 0.9406537109375 0.1943916015625 0.96707587890625 0.19363671875 0.99500791015625 0.19967607421875 0.9990234375 0.2056994140625 0.9990234375 0.22208271484375 0.993498046875 0.22760810546875 0.99727265625 0.24874580078125 0.99123330078125 0.2630892578125 0.965566015625 0.26535400390625 0.95877177734375 0.2464810546875 0.95952666015625 0.24497119140625
0 0.99867451171875 0.17400810546875 0.996034375 0.167012890625 0.9951421875 0.1573900390625 0.99600380859375 0.1486390625 0.99511162109375 0.1390162109375 0.9959673828125 0.12676552734375 0.9990234375 0.12565 0.9990234375 0.17406552734375 0.99867451171875 0.17400810546875
0 0.932954296875 0.16974267578125 0.927687109375 0.16362685546875 0.9215466796875 0.1592623046875 0.91365380859375 0.15490078125 0.90577412109375 0.158413671875 0.90402607421875 0.16104140625 0.88562939453125 0.162821875 0.87686474609375 0.16108662109375 0.86984375 0.15409873046875 0.86719921875 0.1444787109375 0.86543232421875 0.13573212890625 0.8645416015625 0.1269841796875 0.8645314453125 0.1208595703125 0.86276162109375 0.11036318359375 0.86100341796875 0.10686630859375 0.86362177734375 0.10073740234375 0.86712060546875 0.09723173828125 0.86973603515625 0.0893529296875 0.8863818359375 0.08845029296875 0.8907525390625 0.082318359375 0.88899140625 0.07707158203125 0.88635126953125 0.07007646484375 0.8845873046875 0.06307978515625 0.88807744140625 0.05432451171875 0.89068994140625 0.04469580078125 0.89857548828125 0.04468271484375 0.91171953125 0.0455357421875 0.92136025390625 0.04726962890625 0.934504296875 0.04812265625 0.9450271484375 0.05335478515625 0.9494123046875 0.05597236328125 0.958176953125 0.05770771484375 0.9617005859375 0.06907607421875 0.9695919921875 0.07256279296875 0.975732421875 0.07692724609375 0.97662021484375 0.083925390625 0.980139453125 0.0926689453125 0.986288671875 0.10228310546875 0.99243212890625 0.10839755859375 0.99244521484375 0.1162720703125 0.99245537109375 0.12239658203125 0.99071611328125 0.1302740234375 0.9810826171875 0.13291494140625 0.9802181640625 0.13991591796875 0.9793580078125 0.14954169921875 0.9697201171875 0.1495578125 0.9627150390625 0.15219423828125 0.95922060546875 0.15832470703125 0.9504646484375 0.1618390625 0.940835546875 0.16710478515625 0.932954296875 0.16974267578125
0 0.7119083984375 0.316982421875 0.69550419921875 0.31250849609375 0.6910302734375 0.30206943359375 0.6850650390625 0.273734765625 0.661204296875 0.284173828125 0.64629130859375 0.27522607421875 0.64032607421875 0.2483826171875 0.617956640625 0.2439087890625 0.59111318359375 0.2543478515625 0.5926044921875 0.22004794921875 0.60006103515625 0.19320458984375 0.61646533203125 0.15741337890625 0.6522564453125 0.1454830078125 0.69699541015625 0.132061328125 0.7312953125 0.1410091796875 0.75366484375 0.1723263671875 0.77156044921875 0.19022197265625 0.790947265625 0.2140828125 0.76857783203125 0.24241748046875 0.77156044921875 0.273734765625 0.770069140625 0.30505205078125 0.7447169921875 0.32145634765625 0.7119083984375 0.316982421875
0 0.90336943359375 0.1784228515625 0.90496552734375 0.1851263671875 0.90432705078125 0.19597958984375 0.8960275390625 0.210025 0.881662890625 0.21992060546875 0.85836025390625 0.23205078125 0.84303798828125 0.226943359375 0.83186552734375 0.2090673828125 0.828992578125 0.19502197265625 0.83601533203125 0.17554990234375 0.83090791015625 0.15160888671875 0.85229521484375 0.151928125 0.888685546875 0.1646966796875 0.90336943359375 0.1784228515625
0 0.8261197265625 0.068294140625 0.833780859375 0.08233955078125 0.83888828125 0.1136224609375 0.83761142578125 0.1257525390625 0.8363345703125 0.1340521484375 0.8280349609375 0.146820703125 0.8286734375 0.16278134765625 0.833780859375 0.174273046875 0.82995029296875 0.19087216796875 0.80185947265625 0.19661796875 0.79611357421875 0.16852724609375 0.78845244140625 0.17618837890625 0.77440712890625 0.1768267578125 0.75589267578125 0.17299619140625 0.74376259765625 0.15256650390625 0.74057041015625 0.12830625 0.750146875 0.11106875 0.75397744140625 0.098938671875 0.76355380859375 0.06957099609375 0.78142978515625 0.06190986328125 0.8261197265625 0.068294140625
0 0.653105859375 0.02551953125 0.67225869140625 0.0025361328125 0.69635166015625 0 0.72481982421875 0 0.741847265625 0.01083564453125 0.74312412109375 0.02168896484375 0.76355380859375 0.0421185546875 0.7629154296875 0.0708478515625 0.72524814453125 0.1065998046875 0.67736611328125 0.08425478515625 0.653105859375 0.02551953125
0 0.8056900390625 0.05680244140625 0.78398349609375 0.027434765625 0.8159048828125 0.007005078125 0.84718779296875 0.00317451171875 0.851018359375 0.075316796875 0.8056900390625 0.05680244140625
0 0.82244873046875 0.0060474609375 0.80872255859375 0.00732431640625 0.800423046875 0.008601171875 0.78669677734375 0.0127509765625 0.76435185546875 0.0025361328125 0.7626611328125 0 0.8290001953125 0 0.82244873046875 0.0060474609375
0 0.96170205078125 0.06995107421875 0.957306640625 0.06120888671875 0.9572876953125 0.04983466796875 0.96604208984375 0.0454453125 0.96252138671875 0.0358267578125 0.9563736328125 0.02708759765625 0.94760908203125 0.02535224609375 0.93796533203125 0.0218685546875 0.93268642578125 0.008753125 0.92708798828125 0 0.9990234375 0 0.9990234375 0.0661486328125 0.99762509765625 0.06989130859375 0.989741015625 0.070779296875 0.98185693359375 0.0716673828125 0.97396845703125 0.0699306640625 0.96170205078125 0.06995107421875