0 0.02372021484375 0.91681162109375 0.06224111328125 0.9204802734375 0.065909765625 0.9810130859375 0.06747587890625 0.9990234375 0 0.9990234375 0 0.9343439453125 0.02372021484375 0.91681162109375
0 0.1105654296875 0.87955224609375 0.13158193359375 0.8725177734375 0.139471875 0.8751294921875 0.1613703125 0.87159326171875 0.17624482421875 0.8593193359375 0.18762783203125 0.8549255859375 0.1998927734375 0.8540302734375 0.19991455078125 0.86715439453125 0.20431875 0.8811462890625 0.21133974609375 0.8881341796875 0.2192310546875 0.89162080078125 0.21838251953125 0.90824619140625 0.2157685546875 0.917 0.21403662109375 0.9292521484375 0.211416796875 0.93450615234375 0.206181640625 0.9476390625 0.2088333984375 0.9616337890625 0.20710146484375 0.97388583984375 0.21849169921875 0.97386689453125 0.2237501953125 0.97473310546875 0.223767578125 0.985232421875 0.22290595703125 0.99398330078125 0.22291435546875 0.9990234375 0.0674837890625 0.9990234375 0.06256513671875 0.993375 0.06867509765625 0.97936572265625 0.075669921875 0.97060458984375 0.07564658203125 0.95660546875 0.0677451171875 0.94699423828125 0.06422294921875 0.93650078125 0.0703357421875 0.92424130859375 0.0694494140625 0.9181181640625 0.07382158203125 0.91286123046875 0.06942763671875 0.90499404296875 0.0694130859375 0.89624462890625 0.06939853515625 0.88749521484375 0.0790291015625 0.8831044921875 0.080768359375 0.87522705078125 0.0868986328125 0.8734669921875 0.1009275390625 0.87956826171875 0.1105654296875 0.87955224609375
0 0.23099921875 0.93882353515625 0.24934248046875 0.898468359375 0.3172125 0.91314296875 0.319046875 0.95533251953125 0.2970349609375 0.97734443359375 0.2676857421875 0.96817275390625 0.23099921875 0.93882353515625
0 0.86712060546875 0.99859892578125 0.86973603515625 0.9907201171875 0.8863818359375 0.98981748046875 0.8907525390625 0.983685546875 0.88899140625 0.97843876953125 0.88635126953125 0.97144365234375 0.8845873046875 0.96444697265625 0.88807744140625 0.95569169921875 0.89068994140625 0.94606298828125 0.89857548828125 0.94604990234375 0.91171953125 0.9469029296875 0.92136025390625 0.94863681640625 0.934504296875 0.94948984375 0.9450271484375 0.95472197265625 0.9494123046875 0.95733955078125 0.958176953125 0.95907490234375 0.9617005859375 0.97044326171875 0.9695919921875 0.97392998046875 0.975732421875 0.97829443359375 0.97662021484375 0.985292578125 0.980139453125 0.9940361328125 0.98332939453125 0.9990234375 0.86669697265625 0.9990234375 0.86712060546875 0.99859892578125
0 0.8261197265625 0.969661328125 0.833780859375 0.98370673828125 0.83628154296875 0.9990234375 0.75439560546875 0.9990234375 0.76355380859375 0.97093818359375 0.78142978515625 0.96327705078125 0.8261197265625 0.969661328125
0 0.653105859375 0.92688671875 0.67225869140625 0.9039033203125 0.72077919921875 0.8987958984375 0.741847265625 0.91220283203125 0.74312412109375 0.92305615234375 0.76355380859375 0.9434857421875 0.7629154296875 0.9722150390625 0.73467080078125 0.9990234375 0.70608349609375 0.9990234375 0.67736611328125 0.98562197265625 0.653105859375 0.92688671875
0 0.8056900390625 0.95816962890625 0.78398349609375 0.928801953125 0.8159048828125 0.908372265625 0.84718779296875 0.90454169921875 0.851018359375 0.976683984375 0.8056900390625 0.95816962890625
0 0.84128232421875 0.86368232421875 0.84096318359375 0.87134345703125 0.83872861328125 0.87804697265625 0.827875390625 0.886346484375 0.8288330078125 0.89432685546875 0.83074833984375 0.899753515625 0.82244873046875 0.9074146484375 0.80872255859375 0.90869150390625 0.800423046875 0.909968359375 0.78669677734375 0.9141181640625 0.76435185546875 0.9039033203125 0.75669072265625 0.89241162109375 0.76339423828125 0.880919921875 0.78190859375 0.8681513671875 0.7981884765625 0.857298046875 0.82053349609375 0.83942216796875 0.84128232421875 0.86368232421875
0 0.660607421875 0.8119697265625 0.66890693359375 0.8202693359375 0.6784833984375 0.833037890625 0.677844921875 0.850275390625 0.67209912109375 0.8579365234375 0.64592353515625 0.880919921875 0.61847119140625 0.89496533203125 0.60634111328125 0.9007111328125 0.5814423828125 0.89241162109375 0.582080859375 0.8700666015625 0.58591142578125 0.847083203125 0.58527294921875 0.8253767578125 0.58846513671875 0.8170771484375 0.6254939453125 0.8068623046875 0.660607421875 0.8119697265625
0 0.82276796875 0.79888203125 0.82596005859375 0.8033509765625 0.83425966796875 0.81292734375 0.83617490234375 0.82473828125 0.83138671875 0.83463388671875 0.814468359375 0.8461255859375 0.797230859375 0.862086328125 0.77871650390625 0.86559765625 0.7538177734375 0.86240546875 0.73689951171875 0.847083203125 0.72955751953125 0.83335703125 0.72668466796875 0.81835400390625 0.728919140625 0.8049470703125 0.74041083984375 0.79026318359375 0.82276796875 0.79888203125
0 0.73179208984375 0.78387890625 0.74104921875 0.79792431640625 0.7384955078125 0.80750078125 0.7340265625 0.822823046875 0.725726953125 0.838464453125 0.71742744140625 0.84389111328125 0.67752578125 0.84229501953125 0.6615650390625 0.82697275390625 0.66092666015625 0.81228896484375 0.6701837890625 0.79888203125 0.70785107421875 0.7778138671875 0.73179208984375 0.78387890625
0 0.70050908203125 0.75419208984375 0.7017859375 0.761533984375 0.70465888671875 0.77398330078125 0.70306279296875 0.78419814453125 0.6596498046875 0.79888203125 0.6357087890625 0.79856279296875 0.63028212890625 0.79026318359375 0.62613232421875 0.7778138671875 0.64081611328125 0.749723046875 0.65390390625 0.73727373046875 0.66954541015625 0.7318470703125 0.70050908203125 0.75419208984375
0 0.79055888671875 0.79748876953125 0.7791701171875 0.79838271484375 0.76690224609375 0.797528125 0.75462861328125 0.793173828125 0.74585517578125 0.7861888671875 0.73883125 0.77745107421875 0.741439453125 0.76519755859375 0.74317578125 0.75557021484375 0.74841240234375 0.7433123046875 0.75540869140625 0.73542607421875 0.756274609375 0.72930009765625 0.7597720703125 0.72491953125 0.761511328125 0.71704208984375 0.75536650390625 0.710052734375 0.7597341796875 0.70217099609375 0.7702453125 0.70040361328125 0.77813671875 0.703890234375 0.78690859375 0.71000029296875 0.793041796875 0.7099900390625 0.79830615234375 0.7143560546875 0.80092587890625 0.70910205078125 0.815822265625 0.7099521484375 0.81496064453125 0.71870302734375 0.81322578125 0.7292052734375 0.823745703125 0.73268759765625 0.8298671875 0.72567783203125 0.83424951171875 0.7265455078125 0.84302138671875 0.73265546875 0.83865517578125 0.74141220703125 0.8413083984375 0.75628193359375 0.84044384765625 0.76328291015625 0.83696826171875 0.78078759765625 0.82646884765625 0.7895544921875 0.81859345703125 0.79569228515625 0.808962890625 0.8000830078125 0.79756826171875 0.7974771484375 0.79055888671875 0.79748876953125
0 0.64751962890625 0.70407548828125 0.65071181640625 0.71429033203125 0.6513501953125 0.72801650390625 0.64751962890625 0.74333876953125 0.64336982421875 0.7573841796875 0.6325166015625 0.76951435546875 0.6085755859375 0.7794099609375 0.58782666015625 0.77302568359375 0.57920791015625 0.7554689453125 0.58176162109375 0.73791220703125 0.58271923828125 0.71652490234375 0.59006123046875 0.70120263671875 0.60666025390625 0.68811484375 0.64751962890625 0.70407548828125
0 0.75278037109375 0.67726162109375 0.75788779296875 0.6855611328125 0.75469560546875 0.71173662109375 0.74001181640625 0.72897421875 0.71255947265625 0.74748857421875 0.68383017578125 0.741104296875 0.66786953125 0.713651953125 0.66467734375 0.6804537109375 0.68446865234375 0.65619345703125 0.720858984375 0.6549166015625 0.75278037109375 0.67726162109375
0 0.81598466796875 0.6376791015625 0.81343095703125 0.64725546875 0.8070466796875 0.66193935546875 0.79874716796875 0.675984765625 0.77321005859375 0.690030078125 0.74320390625 0.6823689453125 0.7266048828125 0.66640830078125 0.710644140625 0.6427865234375 0.71702841796875 0.62044150390625 0.72979697265625 0.60575771484375 0.75533408203125 0.5917123046875 0.79300126953125 0.58022060546875 0.81598466796875 0.6376791015625
0 0.6085755859375 0.52371982421875 0.61176767578125 0.524358203125 0.6274091796875 0.5285080078125 0.63890087890625 0.5326578125 0.6548615234375 0.53999970703125 0.66699169921875 0.5457455078125 0.68167548828125 0.5508529296875 0.68614453125 0.55819482421875 0.6890173828125 0.57064423828125 0.69252880859375 0.57734765625 0.71742744140625 0.594266015625 0.71806591796875 0.6070345703125 0.71200078125 0.62044150390625 0.72508857421875 0.6344869140625 0.722215625 0.64182880859375 0.70561650390625 0.65363974609375 0.69476328125 0.65715107421875 0.68422919921875 0.65363974609375 0.66794931640625 0.65778955078125 0.66348037109375 0.66449306640625 0.65677685546875 0.67726162109375 0.65390390625 0.6871572265625 0.64847724609375 0.68843408203125 0.6274091796875 0.6804537109375 0.614640625 0.6804537109375 0.58527294921875 0.66289697265625 0.5830384765625 0.53489228515625 0.6085755859375 0.52371982421875
0 0.77201298828125 0.52786953125 0.776801171875 0.5355306640625 0.7876544921875 0.5489376953125 0.7876544921875 0.56074853515625 0.7774396484375 0.57830537109375 0.7534986328125 0.5984158203125 0.7381763671875 0.5968197265625 0.72413095703125 0.5917123046875 0.704978125 0.58277431640625 0.68071787109375 0.5505337890625 0.68518681640625 0.532976953125 0.69604013671875 0.51542021484375 0.70625498046875 0.512228125 0.721896484375 0.5176546875 0.747752734375 0.53233857421875 0.77201298828125 0.52786953125
0 0.7911658203125 0.44263955078125 0.8048919921875 0.4637076171875 0.81031865234375 0.4755185546875 0.80712646484375 0.48988310546875 0.80521123046875 0.503928515625 0.7921234375 0.5112705078125 0.76882080078125 0.51095126953125 0.750944921875 0.51957001953125 0.73274970703125 0.5151009765625 0.721896484375 0.49818271484375 0.721896484375 0.4831796875 0.71646982421875 0.4672189453125 0.71646982421875 0.4566849609375 0.727323046875 0.44295869140625 0.73179208984375 0.437212890625 0.74200693359375 0.4209330078125 0.75413701171875 0.418379296875 0.7911658203125 0.44263955078125
0 0.89937919921875 0.4346591796875 0.91182861328125 0.4550888671875 0.90991328125 0.4653037109375 0.89427177734375 0.48541416015625 0.8824609375 0.50201328125 0.867138671875 0.5147818359375 0.83936708984375 0.503928515625 0.82276796875 0.49052158203125 0.807445703125 0.4774337890625 0.80201904296875 0.4550888671875 0.8084033203125 0.44391640625 0.8534125 0.42476357421875 0.88086484375 0.4209330078125 0.89937919921875 0.4346591796875
0 0.6759296875 0.48908515625 0.66443798828125 0.48621220703125 0.65390390625 0.48014716796875 0.63538955078125 0.47408203125 0.62517470703125 0.4661017578125 0.61942880859375 0.460355859375 0.5983607421875 0.44375673828125 0.59357255859375 0.4370533203125 0.59708388671875 0.42492314453125 0.6136830078125 0.42811533203125 0.62613232421875 0.4252423828125 0.6376240234375 0.41821962890625 0.6513501953125 0.40353583984375 0.662203515625 0.40417431640625 0.6752912109375 0.41566591796875 0.6992322265625 0.43641484375 0.701466796875 0.451737109375 0.6906134765625 0.45492919921875 0.6759296875 0.46227119140625 0.6749720703125 0.4766357421875 0.6759296875 0.48908515625
0 0.89491025390625 0.3585267578125 0.897783203125 0.36746474609375 0.89810234375 0.37640263671875 0.88980283203125 0.3885328125 0.88405703125 0.39651318359375 0.88309931640625 0.39874765625 0.87958798828125 0.40672802734375 0.8738421875 0.41279306640625 0.85979677734375 0.41821962890625 0.848305078125 0.42492314453125 0.84383603515625 0.4303498046875 0.826279296875 0.41885810546875 0.821171875 0.4185388671875 0.81542607421875 0.41821962890625 0.80361513671875 0.41119697265625 0.79052734375 0.40672802734375 0.78190859375 0.4064087890625 0.77967412109375 0.40672802734375 0.7758435546875 0.40672802734375 0.76786318359375 0.40864326171875 0.76339423828125 0.40513193359375 0.76339423828125 0.39683232421875 0.76467109375 0.38821357421875 0.76594794921875 0.380233203125 0.764990234375 0.37512578125 0.76020205078125 0.36874150390625 0.75254091796875 0.35724990234375 0.75732919921875 0.34990791015625 0.76530947265625 0.345758203125 0.77392822265625 0.3349048828125 0.78158935546875 0.332351171875 0.795315625 0.35405771484375 0.8064880859375 0.3655494140625 0.809041796875 0.35724990234375 0.8064880859375 0.34990791015625 0.79946533203125 0.3380970703125 0.80361513671875 0.32341318359375 0.81063779296875 0.3218171875 0.82596005859375 0.32309404296875 0.8304291015625 0.31830576171875 0.824683203125 0.31479443359375 0.81319150390625 0.30617568359375 0.8269177734375 0.286065234375 0.8406439453125 0.2889380859375 0.85756220703125 0.29276865234375 0.8527740234375 0.3068140625 0.863946484375 0.33107431640625 0.892994921875 0.3243708984375 0.89491025390625 0.3585267578125
0 0.42247880859375 0.87684619140625 0.4180943359375 0.87466611328125 0.4167728515625 0.8702935546875 0.4154498046875 0.86504609375 0.41062509765625 0.86155439453125 0.40536728515625 0.8611255859375 0.40273515625 0.85894267578125 0.40667431640625 0.85674873046875 0.40491689453125 0.85368935546875 0.40052431640625 0.8466970703125 0.3974482421875 0.8410150390625 0.39524697265625 0.834456640625 0.397430078125 0.83007822265625 0.40356552734375 0.83138046875 0.40750751953125 0.83093642578125 0.40530986328125 0.82656533203125 0.402676171875 0.823507421875 0.40047998046875 0.820011328125 0.40178330078125 0.8134470703125 0.4087890625 0.811248046875 0.41053779296875 0.8090578125 0.40571083984375 0.80425361328125 0.40263544921875 0.79900908203125 0.408326171875 0.79637470703125 0.41620888671875 0.79461171875 0.4201501953125 0.7937302734375 0.4240849609375 0.7889115234375 0.4310994140625 0.791962109375 0.43679453125 0.79195263671875 0.44205009765625 0.7910689453125 0.445986328125 0.7871251953125 0.4508044921875 0.7866796875 0.45869296875 0.78841640625 0.461767578125 0.79322353515625 0.46484287109375 0.79846806640625 0.46922744140625 0.80064814453125 0.47536279296875 0.801950390625 0.4766865234375 0.8076353515625 0.4797654296875 0.81506728515625 0.48284296875 0.82162421875 0.4789103515625 0.82775537109375 0.47102998046875 0.83083076171875 0.4692833984375 0.83433349609375 0.46929580078125 0.8417705078125 0.4666767578125 0.84746201171875 0.46274052734375 0.85140576171875 0.46231044921875 0.85621875 0.4579390625 0.86191318359375 0.45706865234375 0.86541435546875 0.45313681640625 0.8719830078125 0.44219052734375 0.8755009765625 0.433867578125 0.87595234375 0.42247880859375 0.87684619140625
0 0.22382734375 0.79494892578125 0.24959208984375 0.77470517578125 0.27903759765625 0.777465625 0.28823935546875 0.82347421875 0.28455859375 0.87132314453125 0.25235263671875 0.87224326171875 0.2376298828125 0.8593609375 0.2146255859375 0.830835546875 0.22382734375 0.79494892578125
0 0.08128525390625 0.6591146484375 0.09442783203125 0.6590927734375 0.117198046875 0.6529302734375 0.12858681640625 0.65203642578125 0.14261865234375 0.65988759765625 0.15051435546875 0.66599912109375 0.15840283203125 0.66773583984375 0.16100947265625 0.65460732421875 0.16799853515625 0.642346484375 0.179390234375 0.64320244140625 0.18641123046875 0.65019033203125 0.196944140625 0.66154716796875 0.203959375 0.66503525390625 0.21712666015625 0.67988740234375 0.22678056640625 0.68949580078125 0.2338087890625 0.7008583984375 0.23296171875 0.71835869140625 0.2329865234375 0.73323271484375 0.21985263671875 0.738504296875 0.2110953125 0.74114365234375 0.20322578125 0.75078115234375 0.20763134765625 0.76564794921875 0.21027734375 0.77614287109375 0.21468583984375 0.79275947265625 0.21558818359375 0.80850703125 0.21648759765625 0.8225046875 0.21037919921875 0.8373888671875 0.1911251953125 0.8505451171875 0.18061845703125 0.8549373046875 0.16749765625 0.86808330078125 0.15261298828125 0.8742326171875 0.13508955078125 0.87426181640625 0.13069990234375 0.86901943359375 0.1245841796875 0.87952890625 0.10793408203125 0.87780673828125 0.0921556640625 0.873458203125 0.08337509765625 0.86209853515625 0.06845830078125 0.84899912109375 0.06313876953125 0.8113853515625 0.0666201171875 0.79738037109375 0.067483203125 0.7895044921875 0.05258544921875 0.78777939453125 0.03417998046875 0.78431015625 0.0070041015625 0.775605859375 0 0.76708623046875 0 0.74479697265625 0.00431162109375 0.73711279296875 0.01479658203125 0.71959638671875 0.02354814453125 0.7134572265625 0.038438671875 0.7108076171875 0.04017646484375 0.7020552734375 0.03665576171875 0.69243671875 0.035751953125 0.6758142578125 0.04536953125 0.6635490234375 0.05324921875 0.66003623046875 0.06375302734375 0.653894140625 0.08128525390625 0.6591146484375
0 0.23033173828125 0.71748818359375 0.24435927734375 0.72271455078125 0.25401171875 0.73144794921875 0.253155859375 0.74369853515625 0.2566765625 0.75331708984375 0.25845078125 0.76643837890625 0.24882744140625 0.77520380859375 0.23481591796875 0.77960185546875 0.22607900390625 0.7944904296875 0.215560546875 0.79188310546875 0.20852353515625 0.77527080078125 0.20500576171875 0.7674021484375 0.20410341796875 0.7516546875 0.20933857421875 0.73852177734375 0.226860546875 0.73761767578125 0.22947744140625 0.73061376953125 0.23033173828125 0.71748818359375
0 0.44605478515625 0.30153017578125 0.45745810546875 0.3093857421875 0.47499169921875 0.31548115234375 0.496034375 0.32419560546875 0.4960474609375 0.3320701171875 0.49256611328125 0.346075 0.47944677734375 0.36009599609375 0.46895166015625 0.37148779296875 0.45845654296875 0.3828794921875 0.4383060546875 0.38378798828125 0.42692607421875 0.38993154296875 0.411153515625 0.3890828125 0.40062783203125 0.38210078125 0.3970984375 0.36723251953125 0.3813185546875 0.36200908203125 0.36817021484375 0.35853115234375 0.3576357421875 0.34629951171875 0.3558630859375 0.33405322265625 0.34358212890625 0.32532412109375 0.35142978515625 0.3025625 0.36282587890625 0.306043359375 0.37945419921875 0.29464140625 0.3960912109375 0.2884890625 0.4022142578125 0.282354296875 0.4267484375 0.2831884765625 0.44605478515625 0.30153017578125
0 0.461821484375 0.2988791015625 0.4618025390625 0.2875048828125 0.44952451171875 0.28052568359375 0.4486236328125 0.265653125 0.45735478515625 0.24726474609375 0.46609755859375 0.23587587890625 0.4774513671875 0.2139833984375 0.48006240234375 0.2034796875 0.49847080078125 0.20869873046875 0.5081203125 0.2156822265625 0.524771875 0.21827939453125 0.5387775390625 0.21038154296875 0.552809375 0.21823271484375 0.55720478515625 0.22697490234375 0.556350390625 0.24010048828125 0.55285595703125 0.24623095703125 0.54411171875 0.25674482421875 0.551135546875 0.2654826171875 0.55027685546875 0.2759833984375 0.53365146484375 0.28913525390625 0.53192392578125 0.30401220703125 0.5266857421875 0.31539521484375 0.51706826171875 0.32766044921875 0.505682421875 0.33030419921875 0.46797802734375 0.31286796875 0.461821484375 0.2988791015625
0 0.44776708984375 0.0141076171875 0.4407751953125 0.02461865234375 0.435537109375 0.03600166015625 0.4373083984375 0.04737294921875 0.4417052734375 0.0569900390625 0.455737109375 0.0648412109375 0.4575185546875 0.08233720703125 0.44789375 0.090227734375 0.4321357421875 0.09812841796875 0.412874609375 0.1069099609375 0.3892310546875 0.114823828125 0.362938671875 0.1104927734375 0.3541376953125 0.08688388671875 0.34886318359375 0.076393359375 0.32257080078125 0.0720623046875 0.31205537109375 0.0712048828125 0.29276357421875 0.0616125 0.28835654296875 0.04587080078125 0.29883134765625 0.0222298828125 0.31193896484375 0.001209375 0.3146517578125 0 0.33035751953125 0 0.33649208984375 0.0134177734375 0.34877587890625 0.0238966796875 0.36016904296875 0.02562763671875 0.36102919921875 0.01600185546875 0.3507361328125 0 0.4435865234375 0 0.44776708984375 0.0141076171875
0 0.51521767578125 0.00524599609375 0.51348427734375 0.01662314453125 0.50911796875 0.0253798828125 0.49423759765625 0.0341541015625 0.47934130859375 0.03330390625 0.47581328125 0.01931064453125 0.46180478515625 0.02545859375 0.4434125 0.02986396484375 0.44339794921875 0.021114453125 0.4503927734375 0.01235341796875 0.44340712890625 0 0.521948828125 0 0.51521767578125 0.00524599609375
0 0.61081005859375 0.38374462890625 0.58431533203125 0.3824677734375 0.58495380859375 0.330755078125 0.60314892578125 0.318625 0.6178328125 0.2981953125 0.62804765625 0.3125599609375 0.64145458984375 0.32085947265625 0.65166943359375 0.32149794921875 0.66188427734375 0.3282013671875 0.66188427734375 0.3416083984375 0.65709609375 0.355973046875 0.6341126953125 0.37831796875 0.61081005859375 0.38374462890625
0 0.7142353515625 0.3358625 0.70561650390625 0.3400123046875 0.69955146484375 0.35054638671875 0.6922095703125 0.35916513671875 0.68071787109375 0.36108046875 0.6673109375 0.3569306640625 0.662203515625 0.34799267578125 0.66188427734375 0.333947265625 0.67114150390625 0.32596689453125 0.6819947265625 0.322136328125 0.6819947265625 0.30777177734375 0.69604013671875 0.294683984375 0.71646982421875 0.3141560546875 0.7142353515625 0.3358625
0 0.63698564453125 0.3160712890625 0.62677080078125 0.30266435546875 0.622940234375 0.2809578125 0.62677080078125 0.26212421875 0.64656201171875 0.25861279296875 0.6580537109375 0.26372021484375 0.67369521484375 0.26116650390625 0.68774052734375 0.26340107421875 0.69699775390625 0.26946611328125 0.69476328125 0.286065234375 0.68582529296875 0.3042603515625 0.68135625 0.3211787109375 0.6800794921875 0.325328515625 0.6580537109375 0.3211787109375 0.63698564453125 0.3160712890625
0 0.83573818359375 0.17313974609375 0.83487216796875 0.1792658203125 0.82523427734375 0.1792818359375 0.8226130859375 0.1836609375 0.82525322265625 0.19065615234375 0.8235125 0.19765859375 0.81913896484375 0.202040625 0.816525 0.21079443359375 0.8112708984375 0.21255302734375 0.799889453125 0.2178216796875 0.79464697265625 0.2265798828125 0.78501640625 0.23097060546875 0.77100205078125 0.23361875 0.764864453125 0.2310041015625 0.75698037109375 0.2318921875 0.7377001953125 0.2292994140625 0.73068212890625 0.22406142578125 0.7184142578125 0.22320693359375 0.70089091796875 0.22323603515625 0.686860546875 0.21625986328125 0.68771484375 0.20313427734375 0.69383642578125 0.19612451171875 0.6920796875 0.1935025390625 0.681565625 0.19352001953125 0.66667509765625 0.19616962890625 0.6535078125 0.18131748046875 0.649116796875 0.1752001953125 0.63681689453125 0.155096875 0.6350470703125 0.14460048828125 0.63327294921875 0.131479296875 0.63499755859375 0.11485244140625 0.641108984375 0.10171806640625 0.6533564453125 0.0903234375 0.66386318359375 0.08593115234375 0.679626953125 0.0815302734375 0.68486650390625 0.07102216796875 0.69361220703125 0.061383203125 0.705890234375 0.0683623046875 0.7155310546875 0.07009619140625 0.72867216796875 0.0691994140625 0.720769140625 0.05871318359375 0.72163076171875 0.0499623046875 0.73475439453125 0.0385662109375 0.74438203125 0.03242548828125 0.75753193359375 0.03677841796875 0.761931640625 0.0481453125 0.7645791015625 0.059515234375 0.76460966796875 0.0778890625 0.76987392578125 0.08225498046875 0.78038798828125 0.0822375 0.79090498046875 0.083969921875 0.80143212890625 0.091826953125 0.80494990234375 0.09969560546875 0.80583916015625 0.1075685546875 0.798837109375 0.11195498046875 0.7900884765625 0.11984404296875 0.786596875 0.1277244140625 0.78046953125 0.131234375 0.78310537109375 0.1356046875 0.79362666015625 0.1399619140625 0.7953876953125 0.14520869140625 0.80852587890625 0.1425619140625 0.8234150390625 0.13903740234375 0.83042578125 0.13990068359375 0.83919189453125 0.1425109375 0.8401044921875 0.16438310546875 0.83573818359375 0.17313974609375
0 0.8613927734375 0.10570947265625 0.8696923828125 0.0993251953125 0.856923828125 0.0942177734375 0.84638974609375 0.09804833984375 0.8339404296875 0.09198330078125 0.83010986328125 0.0871951171875 0.8272369140625 0.08176845703125 0.82564091796875 0.06995751953125 0.8253216796875 0.06197724609375 0.83138671875 0.0479318359375 0.83330205078125 0.04090908203125 0.83585576171875 0.03516328125 0.839686328125 0.0310134765625 0.8527740234375 0.0192025390625 0.86075439453125 0.01345673828125 0.868734765625 0.0140951171875 0.87448056640625 0.01792568359375 0.87958798828125 0.02207548828125 0.88788759765625 0.03037509765625 0.89235654296875 0.0275021484375 0.897783203125 0.0239908203125 0.903209765625 0.0361208984375 0.90863642578125 0.047293359375 0.91629755859375 0.04697412109375 0.92044736328125 0.04697412109375 0.92747001953125 0.05559296875 0.9277892578125 0.067723046875 0.92491630859375 0.07283046875 0.92459716796875 0.076341796875 0.92204345703125 0.0840029296875 0.9207666015625 0.09006796875 0.9124669921875 0.0942177734375 0.907998046875 0.0993251953125 0.904805859375 0.105390234375 0.90193291015625 0.10890166015625 0.89491025390625 0.1130513671875 0.86235048828125 0.118797265625 0.8613927734375 0.10570947265625
0 0.80441318359375 0.10187890625 0.8024978515625 0.0974099609375 0.7970712890625 0.084960546875 0.79260224609375 0.0772994140625 0.7878140625 0.07410732421875 0.77759921875 0.0686806640625 0.77121494140625 0.05974267578125 0.76674599609375 0.05112392578125 0.76163857421875 0.045378125 0.760680859375 0.038674609375 0.76163857421875 0.03197109375 0.763873046875 0.02622529296875 0.76770361328125 0.02111787109375 0.7731302734375 0.01601044921875 0.78079140625 0.00739169921875 0.7884787109375 0 0.81295498046875 0 0.8143087890625 0.00260341796875 0.82165068359375 0.006433984375 0.8315462890625 0.0105837890625 0.84016513671875 0.01186064453125 0.84718779296875 0.01760654296875 0.84016513671875 0.03069423828125 0.83250400390625 0.0514431640625 0.8210123046875 0.06708466796875 0.8178201171875 0.08176845703125 0.81622412109375 0.09038720703125 0.80441318359375 0.10187890625
0 0.68837900390625 0.008030078125 0.6749720703125 0.02207548828125 0.65518076171875 0.0431435546875 0.64688125 0.066126953125 0.6238978515625 0.0737880859375 0.6104908203125 0.07506494140625 0.600914453125 0.06804228515625 0.5855921875 0.0514431640625 0.58431533203125 0.04186669921875 0.58495380859375 0.02462919921875 0.58495380859375 0.00611484375 0.5842986328125 0 0.68687333984375 0 0.68837900390625 0.008030078125
0 0.75750859375 0.022779296875 0.750483203125 0.0131666015625 0.742593359375 0.0105548828125 0.732959765625 0.013195703125 0.72683095703125 0.01583076171875 0.71718876953125 0.01322197265625 0.705794140625 0.01061611328125 0.705783984375 0.00449150390625 0.70502666015625 0 0.78797724609375 0 0.782009375 0.00348974609375 0.77239326171875 0.0166298828125 0.76802705078125 0.02538662109375 0.75750859375 0.022779296875
0 0.93688681640625 0.0035611328125 0.938163671875 0.00755126953125 0.9407173828125 0.01329716796875 0.93848291015625 0.02287353515625 0.9319390625 0.0310134765625 0.92491630859375 0.03308837890625 0.9226818359375 0.03564208984375 0.915020703125 0.040270703125 0.90959404296875 0.04378203125 0.90416748046875 0.042983984375 0.8995388671875 0.0369189453125 0.89937919921875 0.02877900390625 0.8979427734375 0.01760654296875 0.89475068359375 0.0215966796875 0.88836640625 0.026065625 0.88389736328125 0.025746484375 0.87783232421875 0.0163296875 0.8732037109375 0.01154140625 0.87224609375 0.0054763671875 0.8708095703125 0.00004970703125 0.8708216796875 0 0.93321083984375 0 0.93688681640625 0.0035611328125
0 0.96170205078125 0.97131826171875 0.957306640625 0.96257607421875 0.9572876953125 0.95120185546875 0.96604208984375 0.9468125 0.96252138671875 0.9371939453125 0.9563736328125 0.92845478515625 0.94760908203125 0.92671943359375 0.93796533203125 0.9232357421875 0.93268642578125 0.9101203125 0.92653720703125 0.90050615234375 0.93440966796875 0.8926185546875 0.944922265625 0.89172607421875 0.95193310546875 0.89258935546875 0.95981865234375 0.89257626953125 0.96418349609375 0.88294462890625 0.97030068359375 0.8733099609375 0.978184765625 0.87242197265625 0.9851912109375 0.8706603515625 0.9913142578125 0.8645255859375 0.991311328125 0.86277568359375 0.9990234375 0.86136220703125 0.9990234375 0.9675158203125 0.99762509765625 0.97125849609375 0.989741015625 0.972146484375 0.98185693359375 0.9730345703125 0.97396845703125 0.9712978515625 0.96170205078125 0.97131826171875
0 0.95460322265625 0.8170771484375 0.96130673828125 0.83974130859375 0.92970458984375 0.86591689453125 0.89650634765625 0.84804091796875 0.8815033203125 0.828249609375 0.88214169921875 0.812608203125 0.89267578125 0.7982435546875 0.93608876953125 0.78994404296875 0.95460322265625 0.8170771484375
0 0.99282900390625 0.8355916015625 0.9990234375 0.82616533203125 0.9990234375 0.8473609375 0.99282900390625 0.8355916015625
0 0.9945048828125 0.828249609375 0.9740751953125 0.82409990234375 0.9533263671875 0.8103736328125 0.94598447265625 0.79441298828125 0.9415154296875 0.781963671875 0.9405578125 0.7711103515625 0.94374990234375 0.76025712890625 0.95619931640625 0.75099990234375 0.96641416015625 0.74557333984375 0.97535205078125 0.744615625 0.9893974609375 0.75355361328125 0.9990234375 0.7544560546875 0.9990234375 0.82617861328125 0.9945048828125 0.828249609375
0 0.92090810546875 0.74843193359375 0.88880634765625 0.7238205078125 0.91341767578125 0.70348935546875 0.97655126953125 0.69492890625 0.9990234375 0.68529794921875 0.9990234375 0.74843193359375 0.92090810546875 0.74843193359375
0 0.97664033203125 0.4708244140625 0.96787421875 0.46821416015625 0.96348466796875 0.46297177734375 0.9608517578125 0.46035126953125 0.96171484375 0.45247529296875 0.9695916015625 0.44721259765625 0.96695439453125 0.44196728515625 0.9660708984375 0.43759404296875 0.97657626953125 0.43232685546875 0.97306572265625 0.42883291015625 0.96080224609375 0.43060322265625 0.95815771484375 0.420983203125 0.96077021484375 0.4113544921875 0.96601416015625 0.40347119140625 0.97037607421875 0.3920896484375 0.9791275390625 0.38595048828125 0.9852578125 0.3841904296875 0.99489140625 0.38154951171875 0.9990234375 0.38095302734375 0.9990234375 0.47839677734375 0.9950515625 0.47779326171875 0.97664033203125 0.4708244140625
0 0.98460927734375 0.3534193359375 0.9705638671875 0.33171279296875 0.95715693359375 0.31064462890625 0.973117578125 0.28766123046875 0.9990234375 0.26886689453125 0.9990234375 0.35671396484375 0.98460927734375 0.3534193359375
0 0.99290888671875 0.1452919921875 0.9890783203125 0.1574220703125 0.98205556640625 0.170190625 0.96801015625 0.185512890625 0.95715693359375 0.20083515625 0.93417353515625 0.2155189453125 0.8996984375 0.21105 0.8716076171875 0.1810439453125 0.87352294921875 0.147845703125 0.88884521484375 0.11400908203125 0.918212890625 0.09549462890625 0.9686486328125 0.0916640625 0.99290888671875 0.1452919921875