0 0.01929287109375 0.59579677734375 0.03732763671875 0.6424751953125 0.036266796875 0.663692578125 0.02459716796875 0.70188388671875 0.00019716796875 0.71991875 0 0.72003701171875 0 0.5890443359375 0.01929287109375 0.59579677734375
0 0.65369375 0.81857978515625 0.67809375 0.8408580078125 0.67809375 0.85464931640625 0.67066767578125 0.86737978515625 0.6558154296875 0.863136328125 0.59852841796875 0.87374501953125 0.56564140625 0.874805859375 0.533815234375 0.8663189453125 0.53063271484375 0.838736328125 0.52426748046875 0.80691015625 0.52320654296875 0.775083984375 0.534876171875 0.74856220703125 0.5497283203125 0.725223046875 0.57412841796875 0.713553515625 0.621867578125 0.7347708984375 0.671728515625 0.77084052734375 0.65369375 0.81857978515625
0 0.15826689453125 0.7719013671875 0.148719140625 0.726283984375 0.16251044921875 0.71461435546875 0.20282353515625 0.7103708984375 0.2569279296875 0.726283984375 0.27071923828125 0.75492744140625 0.25586708984375 0.788875390625 0.2388931640625 0.819640625 0.2017626953125 0.82070146484375 0.15826689453125 0.7719013671875
0 0.0574841796875 0.75704921875 0.0574841796875 0.75280576171875 0.0553625 0.71249267578125 0.0511189453125 0.688092578125 0.06172763671875 0.66157080078125 0.09037119140625 0.63717080078125 0.10946689453125 0.62762294921875 0.1635712890625 0.638231640625 0.19964091796875 0.676423046875 0.18054521484375 0.71779697265625 0.1200755859375 0.77720576171875 0.0574841796875 0.75704921875
0 0.57625009765625 0.61277080078125 0.56139794921875 0.626562109375 0.54866748046875 0.65308388671875 0.51684130859375 0.68066650390625 0.51578046875 0.68066650390625 0.51153701171875 0.68172734375 0.48607607421875 0.68172734375 0.4627369140625 0.6700578125 0.45531083984375 0.66475341796875 0.44894560546875 0.66475341796875 0.4256064453125 0.65202294921875 0.4256064453125 0.63186640625 0.4075716796875 0.62444033203125 0.36407587890625 0.63186640625 0.36089326171875 0.58730986328125 0.36831943359375 0.55654462890625 0.4012064453125 0.5225966796875 0.42984990234375 0.50031845703125 0.45531083984375 0.4737966796875 0.5009283203125 0.50031845703125 0.56033701171875 0.55548369140625 0.57625009765625 0.61277080078125
0 0.72901552734375 0.56503154296875 0.71946767578125 0.576701171875 0.70461552734375 0.59049248046875 0.6929458984375 0.59579677734375 0.67703291015625 0.60640556640625 0.6621806640625 0.60640556640625 0.6314154296875 0.620196875 0.60807626953125 0.65520556640625 0.58049365234375 0.63186640625 0.58579794921875 0.6170142578125 0.5932240234375 0.5947359375 0.584737109375 0.5724576171875 0.553971875 0.539570703125 0.52320654296875 0.50880537109375 0.533815234375 0.49607490234375 0.59004140625 0.50350107421875 0.6441458984375 0.53426630859375 0.721589453125 0.5289619140625 0.72901552734375 0.56503154296875
0 0.7873634765625 0.39635302734375 0.79478955078125 0.40271826171875 0.8361634765625 0.426057421875 0.846772265625 0.438787890625 0.85419833984375 0.47167490234375 0.8520765625 0.48334453125 0.8361634765625 0.50774453125 0.82343310546875 0.5363880859375 0.7873634765625 0.57139677734375 0.777815625 0.563970703125 0.76614599609375 0.55017939453125 0.7438677734375 0.53214453125 0.72583291015625 0.5236576171875 0.697189453125 0.51623154296875 0.67809375 0.51517060546875 0.65157197265625 0.514109765625 0.62080673828125 0.50031845703125 0.61656318359375 0.47485751953125 0.61444150390625 0.42817919921875 0.6186849609375 0.4048400390625 0.6377806640625 0.3740748046875 0.66005888671875 0.34543125 0.71310244140625 0.314666015625 0.76614599609375 0.34755302734375 0.7873634765625 0.39635302734375
0 0.14977998046875 0.36240517578125 0.12856259765625 0.3677095703125 0.10628427734375 0.36877041015625 0.0882494140625 0.38362265625 0.05005810546875 0.41544873046875 0.04157109375 0.40802265625 0.01823193359375 0.3793791015625 0.0055015625 0.36028349609375 0 0.354341796875 0 0.27175390625 0.0023189453125 0.26904853515625 0.05960595703125 0.22873544921875 0.09249296875 0.239344140625 0.11477119140625 0.25631806640625 0.12431904296875 0.301935546875 0.14977998046875 0.36240517578125
0 0.403328125 0.426057421875 0.398023828125 0.41650966796875 0.3948412109375 0.40696181640625 0.3874150390625 0.3931705078125 0.3884759765625 0.37195302734375 0.37998896484375 0.351796484375 0.37044111328125 0.3358833984375 0.36619765625 0.32103125 0.37998896484375 0.289205078125 0.38317158203125 0.24995283203125 0.37150205078125 0.21706591796875 0.3948412109375 0.20963974609375 0.41711943359375 0.20963974609375 0.446823828125 0.20645712890625 0.46167607421875 0.20433544921875 0.47758916015625 0.19478759765625 0.522145703125 0.18417890625 0.5507892578125 0.1926658203125 0.578371875 0.21282236328125 0.6006501953125 0.23403984375 0.63035458984375 0.26056162109375 0.62717197265625 0.29132685546875 0.6070154296875 0.3305791015625 0.59852841796875 0.35816171875 0.602771875 0.377257421875 0.584737109375 0.4048400390625 0.56670224609375 0.41332705078125 0.54230224609375 0.43136181640625 0.51684130859375 0.4303009765625 0.4447021484375 0.44090966796875 0.403328125 0.426057421875
0 0.74519384765625 0.3557748046875 0.7239763671875 0.2857572265625 0.80035908203125 0.22847021484375 0.902202734375 0.21361806640625 0.9297853515625 0.2369572265625 0.9234201171875 0.36001826171875 0.9234201171875 0.40881826171875 0.840672265625 0.40669658203125 0.74519384765625 0.3557748046875
0 0.15296259765625 0.29769208984375 0.14341474609375 0.277535546875 0.14129296875 0.25419638671875 0.14659736328125 0.23297890625 0.17842353515625 0.2234310546875 0.2049453125 0.2308572265625 0.25586708984375 0.24464853515625 0.27071923828125 0.25419638671875 0.28663232421875 0.26904853515625 0.24101484375 0.31254423828125 0.2325279296875 0.34649208984375 0.23146708984375 0.34755302734375 0.18691044921875 0.339066015625 0.15296259765625 0.29769208984375
0 0.95948974609375 0.40669658203125 0.9425158203125 0.36001826171875 0.946759375 0.29424423828125 0.9679767578125 0.26666162109375 0.98495068359375 0.2433224609375 0.9990234375 0.24144609375 0.9990234375 0.4448669921875 0.95948974609375 0.40669658203125
0 0.6688111328125 0.251809375 0.62001103515625 0.19027890625 0.67941982421875 0.12662666015625 0.71124599609375 0.058730859375 0.77065478515625 0.06297431640625 0.80884609375 0.1308701171875 0.81308955078125 0.1987658203125 0.75368076171875 0.26029638671875 0.6688111328125 0.251809375
0 0.1821365234375 0.11363095703125 0.172588671875 0.12848310546875 0.18107568359375 0.1613701171875 0.216084375 0.19743974609375 0.2171453125 0.19743974609375 0.216084375 0.1985005859375 0.18637998046875 0.214413671875 0.167284375 0.22926591796875 0.1386408203125 0.252605078125 0.12909296875 0.23563115234375 0.1163625 0.2112310546875 0.10363212890625 0.19213544921875 0.08453642578125 0.17516142578125 0.0707451171875 0.1592484375 0.061197265625 0.14757880859375 0.05377119140625 0.12954404296875 0.04104072265625 0.10408310546875 0.0452841796875 0.07968310546875 0.05907548828125 0.04679609375 0.07817119140625 0.02982216796875 0.13333642578125 0.01072646484375 0.1513712890625 0.0245177734375 0.173649609375 0.0680134765625 0.1821365234375 0.11363095703125
0 0.24578876953125 0.00436123046875 0.25003232421875 0.00436123046875 0.29671064453125 0.0117873046875 0.3380845703125 0.053161328125 0.34657158203125 0.06058740234375 0.34338896484375 0.07862216796875 0.34338896484375 0.0871091796875 0.34869326171875 0.101961328125 0.360362890625 0.12211787109375 0.35824111328125 0.1306048828125 0.3444498046875 0.1550048828125 0.33384111328125 0.1677353515625 0.3264150390625 0.1804658203125 0.3136845703125 0.20380498046875 0.30413671875 0.214413671875 0.29246708984375 0.22608330078125 0.2818583984375 0.23138759765625 0.2638236328125 0.22926591796875 0.2574583984375 0.22077890625 0.24578876953125 0.20698759765625 0.2330583984375 0.1804658203125 0.2266931640625 0.1613701171875 0.216084375 0.16030927734375 0.2075974609375 0.1624310546875 0.1885017578125 0.15394404296875 0.18425830078125 0.1337875 0.1831974609375 0.11893525390625 0.1831974609375 0.077561328125 0.18637998046875 0.052100390625 0.20865830078125 0.01072646484375 0.2818583984375 0.02133515625 0.24578876953125 0.00436123046875
0 0.57890234375 0.08498740234375 0.53010224609375 0.0616482421875 0.50464130859375 0.05103955078125 0.472815234375 0.052100390625 0.471754296875 0.02239599609375 0.471754296875 0 0.693875390625 0 0.69559814453125 0.002239453125 0.69241552734375 0.02663955078125 0.683928515625 0.03937001953125 0.63512841796875 0.03937001953125 0.62770234375 0.04573515625 0.6308849609375 0.064830859375 0.64785888671875 0.07225693359375 0.66695458984375 0.07225693359375 0.6818068359375 0.08923095703125 0.67650244140625 0.1062048828125 0.6616501953125 0.12954404296875 0.64149365234375 0.14545703125 0.634067578125 0.1486396484375 0.58526748046875 0.14439619140625 0.57784140625 0.14121357421875 0.57996318359375 0.1178744140625 0.57890234375 0.08498740234375
0 0.25215400390625 0.00436123046875 0.2498056640625 0 0.48116748046875 0 0.47705869140625 0.02876123046875 0.46751083984375 0.077561328125 0.4409890625 0.08498740234375 0.4325021484375 0.0871091796875 0.39961513671875 0.1051439453125 0.3826412109375 0.09453525390625 0.37097158203125 0.08923095703125 0.35824111328125 0.0807439453125 0.33596279296875 0.0595265625 0.29883232421875 0.01390908203125 0.25215400390625 0.00436123046875
0 0.20653662109375 0.00436123046875 0.185319140625 0.00436123046875 0.16834521484375 0.003300390625 0.14924951171875 0.002239453125 0.14732998046875 0 0.20796650390625 0 0.20653662109375 0.00436123046875