0 0.0207705078125 0.93017265625 0.060671484375 0.9628189453125 0.05530791015625 0.9990234375 0 0.9990234375 0 0.93468798828125 0.0207705078125 0.93017265625
0 0.0566884765625 0.88073388671875 0.03428427734375 0.8497126953125 0.0239439453125 0.81179794921875 0.046348046875 0.7911171875 0.0894330078125 0.78767041015625 0.10149677734375 0.808351171875 0.117007421875 0.83764892578125 0.13768818359375 0.86177646484375 0.117007421875 0.89452109375 0.0894330078125 0.8996912109375 0.0566884765625 0.88073388671875
0 0.09632666015625 0.772159765625 0.0997734375 0.70322392578125 0.15492216796875 0.6980537109375 0.2083474609375 0.7325216796875 0.22041123046875 0.7669896484375 0.2083474609375 0.808351171875 0.1911134765625 0.8324787109375 0.16181572265625 0.83937236328125 0.13424140625 0.808351171875 0.09632666015625 0.772159765625
0 0.00326318359375 0.6532453125 0 0.667603125 0 0.64961962890625 0.00326318359375 0.6532453125
0 0.013603515625 0.59809658203125 0.01015673828125 0.637734765625 0 0.6391857421875 0 0.57088955078125 0.013603515625 0.59809658203125
0 0.24798564453125 0.6635857421875 0.2255814453125 0.6618623046875 0.19973046875 0.64290498046875 0.1911134765625 0.6118837890625 0.1756029296875 0.5860328125 0.1756029296875 0.54811806640625 0.184219921875 0.50675654296875 0.21351767578125 0.48435234375 0.2410919921875 0.48435234375 0.26694296875 0.501586328125 0.29796416015625 0.5119267578125 0.3014109375 0.54811806640625 0.29624072265625 0.572245703125 0.28934716796875 0.603266796875 0.28762373046875 0.64462841796875 0.25487919921875 0.64979853515625 0.24798564453125 0.6635857421875
0 0.07047568359375 0.4447142578125 0.11011376953125 0.44643759765625 0.148028515625 0.47228857421875 0.149751953125 0.51537353515625 0.1066669921875 0.5463947265625 0.05151826171875 0.53433095703125 0.046348046875 0.4791822265625 0.07047568359375 0.4447142578125
0 0.03428427734375 0.3585443359375 0.05324169921875 0.38611865234375 0.06530546875 0.41196962890625 0.06530546875 0.43954404296875 0.046348046875 0.4585013671875 0.046348046875 0.48435234375 0.03428427734375 0.51365009765625 0 0.52079267578125 0 0.34654482421875 0.03428427734375 0.3585443359375
0 0.243246875 0.27380419921875 0.2643998046875 0.30797431640625 0.259518359375 0.348653125 0.253009765625 0.40234912109375 0.22372109375 0.42838359375 0.19117802734375 0.4332650390625 0.1570078125 0.4300107421875 0.12446484375 0.37956904296875 0.13748203125 0.35516171875 0.15863505859375 0.345398828125 0.18141513671875 0.27217705078125 0.243246875 0.27380419921875
0 0.02563837890625 0.190591796875 0.0748783203125 0.1692544921875 0.1257595703125 0.1791025390625 0.16186884765625 0.20208115234375 0.1684341796875 0.2546037109375 0.155303515625 0.33010498046875 0.1142703125 0.3498009765625 0.0568236328125 0.362931640625 0.02235576171875 0.33010498046875 0 0.303491015625 0 0.22205712890625 0.02563837890625 0.190591796875
0 0.1553806640625 0.19895517578125 0.16677080078125 0.15502216796875 0.2286025390625 0.15176787109375 0.27578994140625 0.15990361328125 0.29857001953125 0.20058232421875 0.26277265625 0.2477697265625 0.2188396484375 0.27217705078125 0.18141513671875 0.2542783203125 0.1553806640625 0.19895517578125
0 0.002659765625 0.16761318359375 0.002659765625 0.12001455078125 0.02235576171875 0.07898134765625 0.06503037109375 0.06256796875 0.1093462890625 0.088829296875 0.1142703125 0.13314521484375 0.0912916015625 0.1692544921875 0.02235576171875 0.18895048828125 0.002659765625 0.16761318359375
0 0.002659765625 0.00019736328125 0 0.02214033203125 0 0 0.0025138671875 0 0.002659765625 0.00019736328125
0 0.0272796875 0.0510787109375 0.03056240234375 0.08226396484375 0.00922509765625 0.1282212890625 0 0.13451103515625 0 0.05355869140625 0.0272796875 0.0510787109375
0 0.1282708984375 0 0.27840341796875 0 0.27840341796875 0.01004541015625 0.275120703125 0.03630673828125 0.2455767578125 0.06913330078125 0.20618486328125 0.0756986328125 0.16351025390625 0.06913330078125 0.12411826171875 0.06420927734375 0.1257595703125 0.01004541015625 0.1282708984375 0
0 0.069954296875 0.019893359375 0.0239970703125 0.02317607421875 0.0059423828125 0.01332802734375 0 0.0019384765625 0 0 0.09316328125 0 0.069954296875 0.019893359375