0 0.3408943359375 0.98187509765625 0.3427802734375 0.964901171875 0.34843828125 0.95169921875 0.361640234375 0.93472529296875 0.37295615234375 0.9196373046875 0.3805001953125 0.90077744140625 0.39936005859375 0.89511943359375 0.4087900390625 0.89511943359375 0.43330791015625 0.89889140625 0.469141796875 0.9177513671875 0.469141796875 0.938497265625 0.4634837890625 0.96678720703125 0.45971181640625 0.98753310546875 0.4526408203125 0.9990234375 0.33975107421875 0.9990234375 0.3408943359375 0.98187509765625
0 0.567527734375 0.8731162109375 0.53483720703125 0.8303669921875 0.46191220703125 0.7775591796875 0.46694150390625 0.7247513671875 0.509690625 0.67697294921875 0.547410546875 0.6618849609375 0.63290888671875 0.70211953125 0.6756580078125 0.759956640625 0.67817265625 0.832881640625 0.6228501953125 0.8706015625 0.567527734375 0.8731162109375
0 0.3596494140625 0.770015234375 0.3127091796875 0.80354404296875 0.27247470703125 0.80354404296875 0.15847685546875 0.759956640625 0.1182423828125 0.70295771484375 0.15847685546875 0.63925302734375 0.18529990234375 0.60572431640625 0.23224013671875 0.5990185546875 0.3227677734375 0.612430078125 0.3596494140625 0.770015234375
0 0.40313203125 0.7140640625 0.38662958984375 0.698033203125 0.37814267578125 0.6805876953125 0.3814431640625 0.64946884765625 0.3960595703125 0.6112775390625 0.39370205078125 0.6065625 0.39370205078125 0.59524658203125 0.3941736328125 0.5872310546875 0.41350498046875 0.5730861328125 0.41916298828125 0.567428125 0.43990888671875 0.567428125 0.45169638671875 0.5716716796875 0.46584130859375 0.58251611328125 0.4752712890625 0.59383203125 0.47998623046875 0.5990185546875 0.4804578125 0.6268369140625 0.47951474609375 0.63485244140625 0.48611572265625 0.647111328125 0.496488671875 0.65654130859375 0.49177373046875 0.67068623046875 0.49790322265625 0.6928466796875 0.49413125 0.69944765625 0.4875302734375 0.71642158203125 0.48611572265625 0.7192505859375 0.454525390625 0.74046796875 0.40313203125 0.7140640625
0 0.68571669921875 0.64176767578125 0.720921875 0.51854951171875 0.7661857421875 0.4783150390625 0.831566796875 0.50597626953125 0.86928662109375 0.57638662109375 0.8768306640625 0.611591796875 0.85168408203125 0.66942890625 0.8391107421875 0.7046341796875 0.7737296875 0.73732470703125 0.68571669921875 0.64176767578125
0 0.3012884765625 0.54243876953125 0.3008169921875 0.552340234375 0.29798798828125 0.5603556640625 0.29327294921875 0.56931416015625 0.2890294921875 0.5730861328125 0.267812109375 0.578744140625 0.25319560546875 0.57638662109375 0.243765625 0.57544365234375 0.24093671875 0.579215625 0.2357501953125 0.58015859375 0.2216052734375 0.58298759765625 0.2084033203125 0.578744140625 0.19331533203125 0.566013671875 0.188600390625 0.55469775390625 0.17775595703125 0.5452677734375 0.17162646484375 0.53725224609375 0.1683259765625 0.5193353515625 0.18718583984375 0.49811796875 0.1961443359375 0.48915947265625 0.21547578125 0.4811439453125 0.2343357421875 0.474071484375 0.26026806640625 0.47548603515625 0.2753560546875 0.4934029296875 0.2829 0.51084833984375 0.3012884765625 0.54243876953125
0 0.8768306640625 0.5361521484375 0.83659609375 0.500946875 0.8441400390625 0.41293388671875 0.90952119140625 0.36515546875 0.98747548828125 0.3777287109375 0.9990234375 0.39553173828125 0.9990234375 0.6513091796875 0.9547849609375 0.61913583984375 0.8994625 0.62165048828125 0.8768306640625 0.5361521484375
0 0.5071759765625 0.56884267578125 0.46945615234375 0.5336375 0.4895734375 0.45819775390625 0.52980791015625 0.41041923828125 0.55243984375 0.42047783203125 0.600218359375 0.4456244140625 0.63542353515625 0.47077099609375 0.64799677734375 0.5034615234375 0.65805546875 0.51100556640625 0.6555408203125 0.5411814453125 0.57004248046875 0.59650390625 0.5071759765625 0.56884267578125
0 0.13956455078125 0.43729462890625 0.14616552734375 0.43776611328125 0.16738291015625 0.44389560546875 0.203216796875 0.45804052734375 0.20698876953125 0.47265703125 0.1961443359375 0.48302998046875 0.17964189453125 0.4990609375 0.16266796875 0.527822265625 0.17304091796875 0.538666796875 0.18529990234375 0.56318466796875 0.1824708984375 0.57497216796875 0.17162646484375 0.57450068359375 0.15229501953125 0.5811015625 0.1089171875 0.58204462890625 0.094772265625 0.578744140625 0.08534228515625 0.58157314453125 0.069311328125 0.58817412109375 0.05280888671875 0.5858166015625 0.04007841796875 0.57827265625 0.03442041015625 0.55658369140625 0.03913544921875 0.539609765625 0.02640498046875 0.52405029296875 0.03159150390625 0.499532421875 0.04007841796875 0.484916015625 0.06506787109375 0.473128515625 0.07449775390625 0.46464150390625 0.08534228515625 0.4396521484375 0.07261181640625 0.4259787109375 0.05988134765625 0.40617578125 0.06648232421875 0.38212939453125 0.11410361328125 0.38401533203125 0.124005078125 0.39674580078125 0.13437802734375 0.4132482421875 0.14710849609375 0.43022216796875 0.13956455078125 0.43729462890625
0 0.28384296875 0.5056619140625 0.2744130859375 0.48633046875 0.27299853515625 0.46888505859375 0.27818505859375 0.4523826171875 0.29280146484375 0.44200966796875 0.310246875 0.4396521484375 0.3154333984375 0.4410666015625 0.3239203125 0.447667578125 0.336179296875 0.45804052734375 0.34560927734375 0.46888505859375 0.348909765625 0.4797294921875 0.336179296875 0.4934029296875 0.31118994140625 0.52169287109375 0.31118994140625 0.52216435546875 0.30411748046875 0.514148828125 0.28384296875 0.5056619140625
0 0.18011337890625 0.44389560546875 0.1697404296875 0.43776611328125 0.15323798828125 0.4255072265625 0.134849609375 0.4052328125 0.137678515625 0.39721728515625 0.14757998046875 0.3863728515625 0.14097900390625 0.379771875 0.19001484375 0.38260087890625 0.20180234375 0.36939892578125 0.21358974609375 0.36326943359375 0.22679169921875 0.36374091796875 0.23857919921875 0.36515546875 0.25130966796875 0.36845595703125 0.27912802734375 0.36939892578125 0.28431455078125 0.3745853515625 0.29138701171875 0.3882587890625 0.28478603515625 0.405704296875 0.2767705078125 0.41890625 0.281485546875 0.4415380859375 0.2772419921875 0.45756904296875 0.2574390625 0.47265703125 0.25461015625 0.474071484375 0.22443427734375 0.46888505859375 0.18011337890625 0.44389560546875
0 0.63228017578125 0.3863728515625 0.6360521484375 0.39816025390625 0.6360521484375 0.40711875 0.63228017578125 0.41984921875 0.61860673828125 0.4278646484375 0.61247724609375 0.43116513671875 0.58560185546875 0.433994140625 0.57805791015625 0.4259787109375 0.5672134765625 0.41089072265625 0.5540115234375 0.39674580078125 0.53703759765625 0.37599990234375 0.53279404296875 0.341108984375 0.53939501953125 0.33073603515625 0.57522890625 0.3198916015625 0.6016328125 0.33827998046875 0.61907822265625 0.353839453125 0.63228017578125 0.3863728515625
0 0.31071845703125 0.41796318359375 0.29563046875 0.38873037109375 0.2904439453125 0.36374091796875 0.29845947265625 0.33026455078125 0.32061982421875 0.2920732421875 0.33193583984375 0.28264326171875 0.3630546875 0.28311474609375 0.38427216796875 0.2802857421875 0.40690400390625 0.26991279296875 0.442737890625 0.260954296875 0.48234375 0.259068359375 0.50591865234375 0.25953984375 0.53232255859375 0.272741796875 0.53845205078125 0.287358203125 0.5290220703125 0.3345080078125 0.51770615234375 0.36845595703125 0.5002607421875 0.4137197265625 0.48611572265625 0.4382376953125 0.47149931640625 0.45662607421875 0.4413234375 0.4679419921875 0.3960595703125 0.46369853515625 0.3805001953125 0.4528541015625 0.3696556640625 0.445781640625 0.33240732421875 0.45521162109375 0.31071845703125 0.41796318359375
0 0.168535546875 0.34755283203125 0.168535546875 0.28720107421875 0.21882861328125 0.17320322265625 0.31941494140625 0.1564388671875 0.35294365234375 0.23690791015625 0.31606201171875 0.32072978515625 0.25571025390625 0.38443447265625 0.168535546875 0.34755283203125
0 0.20746025390625 0.2142759765625 0.19142939453125 0.24256591796875 0.17634140625 0.27179873046875 0.1706833984375 0.27839970703125 0.1546525390625 0.2812287109375 0.12541962890625 0.29065869140625 0.09618671875 0.326492578125 0.06883984375 0.328378515625 0.056580859375 0.31611962890625 0.05846689453125 0.28500068359375 0.05469482421875 0.248223828125 0.00754501953125 0.23690791015625 0.003773046875 0.2133330078125 0.0150890625 0.1746701171875 0.04526494140625 0.167126171875 0.109388671875 0.166183203125 0.164082421875 0.17655615234375 0.20746025390625 0.2142759765625
0 0.55071103515625 0.23596494140625 0.5469390625 0.2529388671875 0.5431669921875 0.25953984375 0.533737109375 0.2661408203125 0.51959208984375 0.26991279296875 0.50544716796875 0.274627734375 0.48564423828125 0.26519775390625 0.4752712890625 0.2529388671875 0.4762142578125 0.235021875 0.49978916015625 0.2142759765625 0.53279404296875 0.20861796875 0.55071103515625 0.23596494140625
0 0.8887751953125 0.1473232421875 0.895376171875 0.16524013671875 0.88311728515625 0.1727841796875 0.853884375 0.192587109375 0.840682421875 0.20390302734375 0.83219541015625 0.22370595703125 0.81144951171875 0.23124990234375 0.77655869140625 0.21050400390625 0.78410263671875 0.192587109375 0.787874609375 0.1737271484375 0.7737296875 0.1595822265625 0.77844462890625 0.1001734375 0.8086205078125 0.0671685546875 0.868029296875 0.061510546875 0.8887751953125 0.1473232421875
0 0.629451171875 0.21144697265625 0.6068193359375 0.192587109375 0.59078837890625 0.16995517578125 0.60399033203125 0.15203818359375 0.63133720703125 0.1218623046875 0.65774111328125 0.0954583984375 0.66905703125 0.07376953125 0.67188603515625 0.05679560546875 0.6747150390625 0.0549095703125 0.6756580078125 0.0549095703125 0.71997890625 0.088857421875 0.7294087890625 0.086971484375 0.7407248046875 0.08980048828125 0.75864169921875 0.1077173828125 0.75864169921875 0.11714736328125 0.759584765625 0.15581025390625 0.76429970703125 0.1756130859375 0.762413671875 0.21710498046875 0.75769873046875 0.221819921875 0.67094306640625 0.23407890625 0.629451171875 0.21144697265625
0 0.49790322265625 0.1355357421875 0.49413125 0.11620439453125 0.5012037109375 0.0954583984375 0.533737109375 0.06999755859375 0.55306845703125 0.048780078125 0.5624984375 0.0412361328125 0.5676849609375 0.03793564453125 0.5799439453125 0.035106640625 0.59220283203125 0.03793564453125 0.60493330078125 0.04547958984375 0.61766376953125 0.0558525390625 0.62615068359375 0.0610390625 0.63652373046875 0.0728265625 0.63982421875 0.08980048828125 0.62992275390625 0.11478984375 0.61200576171875 0.13742177734375 0.60351884765625 0.14449423828125 0.59078837890625 0.15109521484375 0.57900087890625 0.153452734375 0.509219140625 0.14968076171875 0.49790322265625 0.1355357421875
0 0.1752412109375 0.0558525390625 0.24229873046875 0.0927341796875 0.20877001953125 0.13296875 0.1752412109375 0.13296875 0.09812509765625 0.16314462890625 0.0075974609375 0.14302734375 0.01095029296875 0.1094986328125 0.04783193359375 0.05249970703125 0.0628318359375 0 0.1623521484375 0 0.1752412109375 0.0558525390625
0 0.4337794921875 0.1077173828125 0.41774853515625 0.08508544921875 0.41209052734375 0.0544380859375 0.41209052734375 0.0275626953125 0.4219919921875 0.00917421875 0.4316955078125 0 0.561025390625 0 0.562026953125 0.00304482421875 0.547410546875 0.034163671875 0.54552451171875 0.0417076171875 0.5294935546875 0.05915302734375 0.51299111328125 0.074241015625 0.50686171875 0.08932900390625 0.47810029296875 0.1463802734375 0.4337794921875 0.1077173828125
0 0.99816279296875 0.1595822265625 0.99533388671875 0.1595822265625 0.97647392578125 0.15203818359375 0.9670439453125 0.14449423828125 0.9528990234375 0.13600732421875 0.93781103515625 0.12846328125 0.9132931640625 0.1218623046875 0.90952119140625 0.09640146484375 0.9142361328125 0.08414248046875 0.9151791015625 0.0813134765625 0.91612216796875 0.06999755859375 0.9151791015625 0.0530236328125 0.91140712890625 0.02473369140625 0.90480615234375 0.008702734375 0.89972958984375 0 0.9990234375 0 0.9990234375 0.15867099609375 0.99816279296875 0.1595822265625
0 0.67000009765625 0.02944873046875 0.66434208984375 0.04547958984375 0.653969140625 0.05679560546875 0.64171015625 0.05868154296875 0.629451171875 0.05019462890625 0.60587626953125 0.03887861328125 0.587959375 0.0266197265625 0.56438447265625 0.007759765625 0.56438447265625 0 0.67220869140625 0 0.67000009765625 0.02944873046875