0 0.21836171875 0.53350556640625 0.21836171875 0.53414404296875 0.23049189453125 0.5475509765625 0.23496083984375 0.57372646484375 0.23304560546875 0.58074921875 0.2087853515625 0.58649501953125 0.18644033203125 0.59734833984375 0.165372265625 0.61203212890625 0.1455810546875 0.6107552734375 0.13089716796875 0.60756318359375 0.12642822265625 0.5884103515625 0.137919921875 0.5698958984375 0.14685791015625 0.55904267578125 0.16345703125 0.5443587890625 0.1883556640625 0.53350556640625 0.21197744140625 0.527759765625 0.21836171875 0.53350556640625
0 0.012628515625 0.4560962890625 0.0407193359375 0.47269541015625 0.07008701171875 0.50653203125 0.06497958984375 0.539091796875 0.06689482421875 0.55632939453125 0.02379853515625 0.5759560546875 0.00432900390625 0.6131494140625 0 0.61355888671875 0 0.450930078125 0.012628515625 0.4560962890625
0 0.264328515625 0.439018359375 0.2636900390625 0.44731787109375 0.2617748046875 0.4588095703125 0.26049794921875 0.4690244140625 0.2515599609375 0.48753876953125 0.243898828125 0.5124375 0.23496083984375 0.5252060546875 0.2087853515625 0.534782421875 0.182609765625 0.5303134765625 0.15388056640625 0.51116064453125 0.148134765625 0.48179296875 0.15451904296875 0.45817109375 0.16345703125 0.4466794921875 0.1749486328125 0.44221044921875 0.21836171875 0.43518779296875 0.264328515625 0.439018359375
0 0.142229296875 0.440135546875 0.142229296875 0.4554578125 0.1447830078125 0.48227177734375 0.14286767578125 0.5110009765625 0.1364833984375 0.53526123046875 0.12818388671875 0.54611455078125 0.1090310546875 0.5499451171875 0.08477080078125 0.542283984375 0.073917578125 0.5365380859375 0.0713638671875 0.52313115234375 0.05923369140625 0.48929443359375 0.02412021484375 0.4631189453125 0.019651171875 0.44205087890625 0.0356119140625 0.4254517578125 0.06178740234375 0.41076787109375 0.09817783203125 0.3999146484375 0.142229296875 0.440135546875
0 0.0087146484375 0.40732685546875 0 0.42646201171875 0 0.39848779296875 0.0087146484375 0.40732685546875
0 0.7310189453125 0.59319853515625 0.73006123046875 0.57021513671875 0.735487890625 0.55585048828125 0.74187216796875 0.5475509765625 0.75400224609375 0.53957060546875 0.76677080078125 0.533186328125 0.7782625 0.5306326171875 0.79230791015625 0.52999423828125 0.80348037109375 0.53510166015625 0.810503125 0.53988984375 0.827421484375 0.5440396484375 0.84944716796875 0.55648896484375 0.86157734375 0.5817068359375 0.84709052734375 0.6329392578125 0.78830234375 0.63861181640625 0.74761796875 0.613308984375 0.7310189453125 0.59319853515625
0 0.7361263671875 0.52584443359375 0.738680078125 0.529675 0.73676474609375 0.55329677734375 0.73038046875 0.5833029296875 0.720165625 0.60181728515625 0.738538671875 0.62314130859375 0.71069169921875 0.65124609375 0.6668583984375 0.6360333984375 0.62895546875 0.62468837890625 0.629508984375 0.59798671875 0.62503994140625 0.5801107421875 0.621209375 0.55585048828125 0.6218478515625 0.534782421875 0.6288705078125 0.52392919921875 0.65963876953125 0.49705615234375 0.69335166015625 0.5124375 0.7361263671875 0.52584443359375
0 0.294973046875 0.51626806640625 0.29816513671875 0.51818330078125 0.30391103515625 0.51626806640625 0.32370224609375 0.51626806640625 0.33838603515625 0.5200986328125 0.3454087890625 0.5271212890625 0.35690048828125 0.56159638671875 0.35881572265625 0.5698958984375 0.35434677734375 0.5781955078125 0.34604716796875 0.58904873046875 0.33583232421875 0.60181728515625 0.315402734375 0.61267060546875 0.29050400390625 0.61458583984375 0.27645859375 0.6082015625 0.25730576171875 0.60437099609375 0.24581416015625 0.60117890625 0.24581416015625 0.58968720703125 0.24517568359375 0.58138759765625 0.2445373046875 0.57181123046875 0.2413451171875 0.55904267578125 0.23815302734375 0.54116669921875 0.23879140625 0.53159033203125 0.27326650390625 0.5098837890625 0.294973046875 0.51626806640625
0 0.595672265625 0.54563564453125 0.6167404296875 0.5647884765625 0.61993251953125 0.57181123046875 0.61290986328125 0.6082015625 0.61035615234375 0.613308984375 0.57971162109375 0.61011689453125 0.54715185546875 0.61267060546875 0.51842255859375 0.61713955078125 0.4922470703125 0.6056478515625 0.479478515625 0.58202607421875 0.4718173828125 0.5545736328125 0.47884013671875 0.5322287109375 0.49416240234375 0.51371435546875 0.51586884765625 0.4945615234375 0.53629853515625 0.49009248046875 0.5637509765625 0.4913693359375 0.6007796875 0.504137890625 0.59758759765625 0.52648291015625 0.595672265625 0.54563564453125
0 0.9959662109375 0.52329072265625 0.9793671875 0.52265234375 0.96276806640625 0.5200986328125 0.94872265625 0.5220138671875 0.93148505859375 0.5303134765625 0.9155244140625 0.52329072265625 0.90211748046875 0.5098837890625 0.902755859375 0.497115234375 0.900840625 0.48306982421875 0.895733203125 0.46455537109375 0.89892529296875 0.44540263671875 0.9085017578125 0.43263408203125 0.9308466796875 0.4179501953125 0.95446845703125 0.40198955078125 0.98319775390625 0.398158984375 0.9990234375 0.39846923828125 0.9990234375 0.52405498046875 0.9959662109375 0.52329072265625
0 0.98958203125 0.06426142578125 0.98575146484375 0.075753125 0.9793671875 0.08596796875 0.96532177734375 0.09809814453125 0.95191474609375 0.10958984375 0.94872265625 0.111505078125 0.9385078125 0.1198046875 0.92956982421875 0.12682734375 0.9225470703125 0.13065791015625 0.90914013671875 0.14598017578125 0.8976484375 0.15044912109375 0.882326171875 0.14853388671875 0.85998125 0.157471875 0.834444140625 0.162579296875 0.81784501953125 0.17598623046875 0.8012458984375 0.179816796875 0.773155078125 0.16768671875 0.77762412109375 0.14725703125 0.793584765625 0.14725703125 0.79550009765625 0.14406484375 0.79486162109375 0.131934765625 0.7891158203125 0.11278193359375 0.78017783203125 0.1038439453125 0.77443193359375 0.0987365234375 0.7584712890625 0.0783068359375 0.7686861328125 0.06170771484375 0.773155078125 0.053408203125 0.7859236328125 0.03425537109375 0.79741533203125 0.0182947265625 0.81460126953125 0 0.959936328125 0 0.974259765625 0.0080798828125 0.98958203125 0.06426142578125
0 0.49863134765625 0.46008642578125 0.5018234375 0.4658322265625 0.51331513671875 0.48817724609375 0.5043771484375 0.50222265625 0.49607763671875 0.5117990234375 0.4718173828125 0.56415009765625 0.489693359375 0.6088400390625 0.487778125 0.6139474609375 0.4564951171875 0.61267060546875 0.4341501953125 0.61522431640625 0.41946630859375 0.616501171875 0.393929296875 0.603094140625 0.38179912109375 0.587771875 0.38179912109375 0.57181123046875 0.40542099609375 0.5469125 0.42712744140625 0.51371435546875 0.448833984375 0.48562353515625 0.47054052734375 0.4658322265625 0.49863134765625 0.46008642578125
0 0.40478251953125 0.4262498046875 0.42010478515625 0.428803515625 0.43542705078125 0.4339109375 0.46096416015625 0.44284892578125 0.46096416015625 0.46008642578125 0.45266455078125 0.47732392578125 0.43287333984375 0.49009248046875 0.4207431640625 0.5124375 0.41499736328125 0.52839814453125 0.39903671875 0.5526583984375 0.36903056640625 0.58713349609375 0.35817734375 0.5730880859375 0.34668564453125 0.55393525390625 0.3447703125 0.53350556640625 0.33455546875 0.51052216796875 0.3320017578125 0.48753876953125 0.349877734375 0.4658322265625 0.3658384765625 0.4537021484375 0.39712138671875 0.446041015625 0.40478251953125 0.4262498046875
0 0.60014130859375 0.45497900390625 0.59503388671875 0.483708203125 0.585457421875 0.4964767578125 0.571412109375 0.5015841796875 0.54395966796875 0.4964767578125 0.5254453125 0.483708203125 0.5177841796875 0.47030126953125 0.51842255859375 0.4511484375 0.52672216796875 0.4339109375 0.55608984375 0.43199560546875 0.58418056640625 0.4364646484375 0.60014130859375 0.45497900390625
0 0.67445849609375 0.29657099609375 0.72207880859375 0.29498369140625 0.77287392578125 0.28228486328125 0.8284310546875 0.27276083984375 0.853828515625 0.2616494140625 0.8839880859375 0.2775228515625 0.89509951171875 0.31879384765625 0.9062109375 0.34260400390625 0.90303623046875 0.3822876953125 0.8760513671875 0.404510546875 0.86346357421875 0.48042529296875 0.81241064453125 0.5229693359375 0.74936806640625 0.494348828125 0.7335107421875 0.45567236328125 0.70461806640625 0.40927255859375 0.66652177734375 0.37752568359375 0.6189013671875 0.3537154296875 0.62048876953125 0.32514326171875 0.67445849609375 0.29657099609375
0 0.4639361328125 0.39030927734375 0.4903263671875 0.37117626953125 0.50778720703125 0.34419140625 0.5354875 0.321851953125 0.5950912109375 0.34895341796875 0.62048876953125 0.3664142578125 0.64112421875 0.412447265625 0.6298580078125 0.4460033203125 0.61748154296875 0.447937109375 0.54322275390625 0.4266650390625 0.49487724609375 0.4297591796875 0.46200234375 0.4162224609375 0.4639361328125 0.39030927734375
0 0.4545798828125 0.3138865234375 0.45521826171875 0.316440234375 0.4564951171875 0.32027080078125 0.46032568359375 0.3324009765625 0.462241015625 0.34580791015625 0.46032568359375 0.36240703125 0.45777197265625 0.372621875 0.44819560546875 0.39432841796875 0.4411728515625 0.40007421875 0.42521220703125 0.40965068359375 0.40988994140625 0.41220439453125 0.39520615234375 0.41667333984375 0.3626462890625 0.41667333984375 0.34413193359375 0.408373828125 0.32178701171875 0.387944140625 0.31859482421875 0.3681529296875 0.325617578125 0.35666123046875 0.342855078125 0.3445310546875 0.35945419921875 0.3343162109375 0.3862681640625 0.3221861328125 0.4156357421875 0.31069443359375 0.4545798828125 0.3138865234375
0 0.60556796875 0.2974470703125 0.60604677734375 0.30032001953125 0.60620634765625 0.3113328125 0.6057275390625 0.32154765625 0.60620634765625 0.32872998046875 0.603971875 0.336071875 0.59998173828125 0.34054091796875 0.59519345703125 0.3435734375 0.5835421875 0.3426158203125 0.57444462890625 0.33766796875 0.567421875 0.33048564453125 0.563910546875 0.3221861328125 0.56359130859375 0.31420576171875 0.5663046875 0.30047958984375 0.58146728515625 0.28930712890625 0.60556796875 0.2974470703125
0 0.71952724609375 0.21269580078125 0.71952724609375 0.21429189453125 0.7211232421875 0.2251451171875 0.7227193359375 0.2404673828125 0.725273046875 0.25483203125 0.73516865234375 0.268558203125 0.7415529296875 0.27813466796875 0.738680078125 0.28707265625 0.728465234375 0.29377607421875 0.70867392578125 0.29632978515625 0.69271328125 0.29888349609375 0.68090234375 0.29696826171875 0.6681337890625 0.290903125 0.6646224609375 0.29217998046875 0.656961328125 0.29792587890625 0.6374892578125 0.3103751953125 0.62344384765625 0.307821484375 0.612590625 0.29984111328125 0.610675390625 0.27558095703125 0.609079296875 0.26025869140625 0.61290986328125 0.24653251953125 0.621209375 0.2359984375 0.63844697265625 0.230891015625 0.66238798828125 0.22099541015625 0.67036826171875 0.21556875 0.7058009765625 0.21014208984375 0.71952724609375 0.21269580078125
0 0.34746533203125 0.35530283203125 0.3220677734375 0.3616521484375 0.2776220703125 0.3457787109375 0.268098046875 0.315619140625 0.29667021484375 0.27434814453125 0.307781640625 0.25053798828125 0.307781640625 0.21244169921875 0.32048046875 0.18228212890625 0.3458779296875 0.16005927734375 0.36810078125 0.1616466796875 0.404609765625 0.139423828125 0.4506427734375 0.139423828125 0.46334150390625 0.1648212890625 0.46334150390625 0.21402900390625 0.46175419921875 0.2553 0.46175419921875 0.3060951171875 0.428419921875 0.30292041015625 0.38397421875 0.3219685546875 0.34746533203125 0.35530283203125
0 0.747298828125 0.28707265625 0.74091455078125 0.281965234375 0.738680078125 0.2762193359375 0.73357265625 0.2691966796875 0.7227193359375 0.258343359375 0.7160158203125 0.2490861328125 0.71793115234375 0.2359984375 0.725273046875 0.22099541015625 0.73038046875 0.21524951171875 0.7412337890625 0.20663076171875 0.75400224609375 0.19896962890625 0.76230185546875 0.19801201171875 0.7891158203125 0.19801201171875 0.8028419921875 0.207269140625 0.817206640625 0.22099541015625 0.82391005859375 0.2318486328125 0.82965595703125 0.2446171875 0.8354017578125 0.2557896484375 0.8309328125 0.266962109375 0.82135634765625 0.27749619140625 0.810503125 0.28579580078125 0.79135029296875 0.290583984375 0.76740927734375 0.28419970703125 0.747298828125 0.28707265625
0 0.5876919921875 0.11118583984375 0.59439541015625 0.1089513671875 0.60205654296875 0.10607841796875 0.6116330078125 0.1054400390625 0.6202517578125 0.10671689453125 0.624720703125 0.10767451171875 0.6330203125 0.11278193359375 0.6371701171875 0.113101171875 0.656961328125 0.113101171875 0.66526083984375 0.11693173828125 0.66941064453125 0.1207623046875 0.6697298828125 0.12970029296875 0.66909140625 0.140553515625 0.66206875 0.1498107421875 0.660153515625 0.15555654296875 0.66494169921875 0.1549181640625 0.665580078125 0.1549181640625 0.66781455078125 0.153960546875 0.67547568359375 0.153960546875 0.677391015625 0.15364130859375 0.6866482421875 0.1517259765625 0.69750146484375 0.1533220703125 0.70165126953125 0.159387109375 0.70867392578125 0.174709375 0.708035546875 0.18875478515625 0.702928125 0.19896962890625 0.69335166015625 0.20695 0.6866482421875 0.2114189453125 0.67260283203125 0.21716484375 0.65887666015625 0.21365341796875 0.65313076171875 0.2130150390625 0.65313076171875 0.21333427734375 0.64866181640625 0.2248259765625 0.64323515625 0.22546435546875 0.63333955078125 0.22131455078125 0.6323818359375 0.22131455078125 0.6269552734375 0.23312548828125 0.62057099609375 0.2436595703125 0.61131376953125 0.24940537109375 0.6014181640625 0.24493642578125 0.6007796875 0.23280625 0.6014181640625 0.22354912109375 0.59343779296875 0.21620712890625 0.58833037109375 0.2283373046875 0.58673427734375 0.24749013671875 0.56790068359375 0.2676005859375 0.55832431640625 0.26823896484375 0.5487478515625 0.270154296875 0.54395966796875 0.271750390625 0.530552734375 0.27526171875 0.52767978515625 0.27749619140625 0.527360546875 0.28834951171875 0.52001865234375 0.3017564453125 0.51235751953125 0.311013671875 0.50310029296875 0.31771708984375 0.4836283203125 0.31324814453125 0.4750095703125 0.306225390625 0.47213662109375 0.29952197265625 0.4651138671875 0.2880302734375 0.46447548828125 0.27813466796875 0.46447548828125 0.27143115234375 0.46639072265625 0.26121630859375 0.46958291015625 0.2541935546875 0.472775 0.24397880859375 0.472775 0.23376396484375 0.4759671875 0.22035693359375 0.4855435546875 0.20918447265625 0.49448154296875 0.20216181640625 0.491289453125 0.1992888671875 0.48490517578125 0.19226611328125 0.4855435546875 0.18875478515625 0.488097265625 0.1807744140625 0.4887357421875 0.1753478515625 0.487778125 0.1686443359375 0.48745888671875 0.1635369140625 0.4852244140625 0.159387109375 0.477882421875 0.1517259765625 0.47373271484375 0.14534169921875 0.47564794921875 0.13321162109375 0.48298984375 0.12108154296875 0.49256630859375 0.11629326171875 0.4973544921875 0.11342041015625 0.498312109375 0.10799375 0.5091654296875 0.0917138671875 0.52257236328125 0.0866064453125 0.549386328125 0.08979853515625 0.5640701171875 0.10320556640625 0.5876919921875 0.11118583984375
0 0.3968021484375 0.1140587890625 0.399355859375 0.12299677734375 0.39807900390625 0.13544609375 0.390737109375 0.1462994140625 0.37222275390625 0.1542796875 0.35690048828125 0.1482146484375 0.3473240234375 0.1328923828125 0.34604716796875 0.1175701171875 0.35370830078125 0.102886328125 0.3642423828125 0.09777890625 0.3865873046875 0.099375 0.3968021484375 0.1140587890625
0 0.42872353515625 0.0799029296875 0.4325541015625 0.08469111328125 0.43638466796875 0.09299072265625 0.4411728515625 0.094267578125 0.4459611328125 0.0920330078125 0.4564951171875 0.082456640625 0.46383701171875 0.07766845703125 0.45872958984375 0.08916015625 0.45777197265625 0.0968212890625 0.4616025390625 0.0968212890625 0.4647947265625 0.10001337890625 0.46256015625 0.11597412109375 0.45234541015625 0.12299677734375 0.4376615234375 0.1242736328125 0.4204240234375 0.12746572265625 0.4051017578125 0.1258697265625 0.39807900390625 0.1172509765625 0.40127119140625 0.1054400390625 0.402548046875 0.09809814453125 0.40222880859375 0.09809814453125 0.390737109375 0.09745966796875 0.38690654296875 0.08884091796875 0.38531044921875 0.073837890625 0.39967509765625 0.0508544921875 0.42872353515625 0.0799029296875
0 0.556994921875 0.07434267578125 0.56175693359375 0.02196025390625 0.5941744140625 0 0.66834658203125 0 0.67445849609375 0.0203728515625 0.701443359375 0.034658984375 0.717316796875 0.07751728515625 0.6950939453125 0.11561357421875 0.6474736328125 0.11878828125 0.588741796875 0.09974013671875 0.556994921875 0.07434267578125
0 0.3678126953125 0 0.5518177734375 0 0.55382021484375 0.00926142578125 0.5268353515625 0.06164384765625 0.48556435546875 0.08227939453125 0.44111865234375 0.09180341796875 0.4141337890625 0.07434267578125 0.388736328125 0.04577041015625 0.3678126953125 0
0 0.80212373046875 0.0194119140625 0.78169404296875 0.03601103515625 0.7536033203125 0.04367216796875 0.740834765625 0.01175078125 0.740834765625 0 0.82153564453125 0 0.80212373046875 0.0194119140625
0 0.32114853515625 0.35857646484375 0.32051015625 0.3630455078125 0.32370224609375 0.38858251953125 0.3300865234375 0.4007126953125 0.3281712890625 0.41156591796875 0.31859482421875 0.4211423828125 0.30008046875 0.43008037109375 0.28028916015625 0.4332724609375 0.25028310546875 0.43454931640625 0.22155390625 0.425611328125 0.21516962890625 0.41731181640625 0.22538447265625 0.40007421875 0.23496083984375 0.38411357421875 0.24581416015625 0.367514453125 0.23815302734375 0.355384375 0.22283076171875 0.336869921875 0.2413451171875 0.32537822265625 0.2739048828125 0.316440234375 0.32114853515625 0.35857646484375
0 0.22985341796875 0.387944140625 0.2113390625 0.40965068359375 0.20687001953125 0.42752666015625 0.19154775390625 0.43454931640625 0.175587109375 0.4364646484375 0.16154169921875 0.4332724609375 0.134727734375 0.4211423828125 0.1302587890625 0.4077353515625 0.1149365234375 0.3924130859375 0.10599853515625 0.38602880859375 0.10536005859375 0.37134501953125 0.107275390625 0.3649607421875 0.114298046875 0.34836162109375 0.117490234375 0.3349546875 0.1270666015625 0.3241013671875 0.14430419921875 0.316440234375 0.1698412109375 0.3036716796875 0.18133291015625 0.30431015625 0.1877171875 0.30750224609375 0.20687001953125 0.31771708984375 0.21197744140625 0.32090927734375 0.2464525390625 0.35666123046875 0.22985341796875 0.387944140625
0 0.21692529296875 0.2789326171875 0.217563671875 0.2848380859375 0.21532919921875 0.2907435546875 0.21117939453125 0.29888349609375 0.21006220703125 0.30047958984375 0.2044759765625 0.30718310546875 0.194420703125 0.3092580078125 0.18101376953125 0.30462939453125 0.1781408203125 0.296489453125 0.1808541015625 0.29202041015625 0.183088671875 0.286274609375 0.18388662109375 0.281965234375 0.18372705078125 0.27669814453125 0.18564228515625 0.27095234375 0.1902708984375 0.26776015625 0.19904931640625 0.264248828125 0.20687001953125 0.26568525390625 0.21692529296875 0.2789326171875
0 0.16473388671875 0.2676005859375 0.1663298828125 0.266962109375 0.16888359375 0.2660044921875 0.173991015625 0.26377001953125 0.17766201171875 0.266962109375 0.18101376953125 0.27318681640625 0.183088671875 0.2805287109375 0.18117333984375 0.288987890625 0.17941767578125 0.29521259765625 0.17861962890625 0.29968154296875 0.1749486328125 0.303512109375 0.17159697265625 0.30590625 0.16473388671875 0.30989638671875 0.1569130859375 0.31165205078125 0.15148642578125 0.306225390625 0.1451021484375 0.3001603515625 0.13664306640625 0.29632978515625 0.13073759765625 0.2931376953125 0.1254705078125 0.288987890625 0.1227572265625 0.28340166015625 0.12307646484375 0.27733662109375 0.12658779296875 0.27079267578125 0.13169521484375 0.2652064453125 0.13935634765625 0.25866259765625 0.14941162109375 0.2549916015625 0.16473388671875 0.2676005859375
0 0.003011328125 0.30292041015625 0.003011328125 0.2457759765625 0.02205947265625 0.19021884765625 0.09507734375 0.18386943359375 0.1490470703125 0.223553125 0.1569837890625 0.25688740234375 0.11412548828125 0.27276083984375 0.13476103515625 0.2933962890625 0.1569837890625 0.3013330078125 0.12206220703125 0.3299052734375 0.1188875 0.35054072265625 0.09190263671875 0.36482685546875 0.04586962890625 0.34736611328125 0.003011328125 0.30292041015625
0 0.0030521484375 0.28499775390625 0 0.2846162109375 0 0.22660859375 0.0049673828125 0.22690078125 0.0030521484375 0.28499775390625
0 0.280448828125 0.2396693359375 0.28076796875 0.2404673828125 0.281566015625 0.24573447265625 0.2833216796875 0.25291669921875 0.2823640625 0.25914140625 0.28172568359375 0.2652064453125 0.28539658203125 0.2703138671875 0.285875390625 0.27637890625 0.28364091796875 0.2837208984375 0.28172568359375 0.28499775390625 0.27326650390625 0.28755146484375 0.26720146484375 0.28659375 0.26129599609375 0.28787060546875 0.25523095703125 0.28659375 0.25012353515625 0.2845189453125 0.244696875 0.2813267578125 0.2403875 0.28020947265625 0.236876171875 0.27574052734375 0.236397265625 0.26903701171875 0.2362376953125 0.26217392578125 0.23735498046875 0.2573857421875 0.23655693359375 0.2538744140625 0.23416279296875 0.25004384765625 0.2338435546875 0.2455748046875 0.232087890625 0.23647724609375 0.237993359375 0.23136982421875 0.24756982421875 0.23009296875 0.25299638671875 0.226581640625 0.2695955078125 0.227698828125 0.280448828125 0.2396693359375
0 0.2903208984375 0.10450224609375 0.33317919921875 0.11878828125 0.3284171875 0.1648212890625 0.31095634765625 0.19815556640625 0.2982576171875 0.22037841796875 0.25698662109375 0.23148984375 0.215715625 0.22831513671875 0.22682705078125 0.18863154296875 0.23635107421875 0.14418583984375 0.2903208984375 0.10450224609375
0 0.015341796875 0.1847646484375 0.015341796875 0.19561787109375 0.008319140625 0.21413232421875 0 0.21881181640625 0 0.17277880859375 0.015341796875 0.1847646484375
0 0.16650791015625 0.09180341796875 0.20460419921875 0.06640595703125 0.2252396484375 0.0854541015625 0.2379384765625 0.1251376953125 0.2331763671875 0.163233984375 0.215715625 0.20291767578125 0.17603193359375 0.2076796875 0.1490470703125 0.1933935546875 0.1490470703125 0.13466181640625 0.16650791015625 0.09180341796875
0 0.14621943359375 0.184126171875 0.1353662109375 0.1968947265625 0.114298046875 0.19817158203125 0.09259150390625 0.1822109375 0.079823046875 0.184126171875 0.069608203125 0.1592275390625 0.08046142578125 0.1413515625 0.0893994140625 0.12730615234375 0.0887609375 0.11964501953125 0.07343876953125 0.115814453125 0.0721619140625 0.0909158203125 0.08493037109375 0.0755935546875 0.10025263671875 0.07176298828125 0.114298046875 0.0583560546875 0.13919677734375 0.05644072265625 0.148134765625 0.074955078125 0.14621943359375 0.184126171875
0 0.06769287109375 0.09219267578125 0.0689697265625 0.1081533203125 0.0689697265625 0.119006640625 0.0887609375 0.1215603515625 0.08301513671875 0.1439052734375 0.069608203125 0.1509279296875 0.06322392578125 0.1662501953125 0.05811650390625 0.18859521484375 0.0383251953125 0.19817158203125 0.02364140625 0.1796572265625 0.0127880859375 0.17838037109375 0.0006580078125 0.16816552734375 0 0.16684951171875 0 0.07363251953125 0.01661865234375 0.05644072265625 0.04981689453125 0.05261015625 0.07024658203125 0.06920927734375 0.06769287109375 0.09219267578125
0 0.00704228515625 0.03968203125 0.0049673828125 0.05420625 0.0025732421875 0.06234619140625 0 0.0666626953125 0 0.0308572265625 0.00704228515625 0.03968203125
0 0.12563017578125 0.030265234375 0.12211884765625 0.0331380859375 0.11222314453125 0.0382455078125 0.0886013671875 0.03920322265625 0.060510546875 0.04175693359375 0.04646513671875 0.04462978515625 0.03018525390625 0.050694921875 0.00784033203125 0.04686435546875 0 0.03622392578125 0 0 0.1230796875 0 0.12563017578125 0.030265234375
0 0.28873349609375 0.02196025390625 0.2220650390625 0.00767412109375 0.2182279296875 0 0.31715263671875 0 0.28873349609375 0.02196025390625