0 0.02787255859375 0.90368193359375 0.0558611328125 0.92224794921875 0.08199501953125 0.94640068359375 0.10253115234375 0.96684013671875 0.11187646484375 0.98264501953125 0.1091005859375 0.9947474609375 0.1073642578125 0.9990234375 0 0.9990234375 0 0.903727734375 0.02787255859375 0.90368193359375
0 0.412182421875 0.83316337890625 0.385359375 0.8633392578125 0.26800869140625 0.8834564453125 0.17412822265625 0.83316337890625 0.18083388671875 0.7627529296875 0.24789150390625 0.70910693359375 0.2780673828125 0.70575400390625 0.3216546875 0.78287021484375 0.412182421875 0.83316337890625
0 0.75129443359375 0.60359609375 0.77204033203125 0.61208310546875 0.8022162109375 0.65168896484375 0.80693115234375 0.67903583984375 0.80787421875 0.7026107421875 0.8031591796875 0.73372958984375 0.79090029296875 0.7573044921875 0.7758123046875 0.77144951171875 0.74657939453125 0.78653740234375 0.67774072265625 0.7950244140625 0.65416572265625 0.78559443359375 0.62776181640625 0.76390546875 0.56552412109375 0.72712861328125 0.557980078125 0.7026107421875 0.63247685546875 0.61396904296875 0.67774072265625 0.5969951171875 0.75129443359375 0.60359609375
0 0.9945875 0.70543974609375 0.99553046875 0.66017587890625 0.9990234375 0.65668291015625 0.9990234375 0.7122953125 0.9945875 0.70543974609375
0 0.822019140625 0.696009765625 0.80693115234375 0.668662890625 0.79844423828125 0.6498029296875 0.78052724609375 0.6243419921875 0.7767552734375 0.60831103515625 0.7899572265625 0.58662216796875 0.80598818359375 0.56776220703125 0.81730419921875 0.564933203125 0.8361640625 0.57624921875 0.85973896484375 0.59228017578125 0.8804849609375 0.60642509765625 0.91254677734375 0.63848701171875 0.9229197265625 0.64697392578125 0.93234970703125 0.65357490234375 0.9361216796875 0.66771982421875 0.9361216796875 0.68375078125 0.928577734375 0.69978173828125 0.91348974609375 0.71204072265625 0.85313798828125 0.72618564453125 0.822019140625 0.696009765625
0 0.9747845703125 0.58567919921875 0.9738416015625 0.59322314453125 0.9691265625 0.61962705078125 0.96535458984375 0.6233990234375 0.9606396484375 0.62905703125 0.954981640625 0.63377197265625 0.94083671875 0.644144921875 0.92480576171875 0.64508798828125 0.89934482421875 0.63377197265625 0.89840185546875 0.63 0.8814279296875 0.59982412109375 0.86256796875 0.5696482421875 0.85785302734375 0.55173125 0.86445400390625 0.538529296875 0.88802890625 0.53287138671875 0.91537578125 0.53381435546875 0.9483806640625 0.5423013671875 0.9747845703125 0.58567919921875
0 0.13389365234375 0.675578125 0.0768947265625 0.63534365234375 0.0400130859375 0.59175625 0.0299544921875 0.5414630859375 0.03666025390625 0.51128720703125 0.0768947265625 0.417406640625 0.1774810546875 0.42411240234375 0.24453857421875 0.4475826171875 0.26800869140625 0.471052734375 0.2780673828125 0.491169921875 0.29483173828125 0.49787568359375 0.33171337890625 0.51799296875 0.34512490234375 0.53475732421875 0.37530078125 0.554874609375 0.37530078125 0.60181484375 0.284773046875 0.66216669921875 0.2780673828125 0.66551953125 0.18418681640625 0.73257705078125 0.13389365234375 0.675578125
0 0.99081552734375 0.58096416015625 0.9691265625 0.5705912109375 0.95781064453125 0.55456025390625 0.95215263671875 0.5300423828125 0.955924609375 0.510239453125 0.967240625 0.49798046875 0.981385546875 0.49420849609375 0.9990234375 0.49792177734375 0.9990234375 0.58614814453125 0.99081552734375 0.58096416015625
0 0.9691265625 0.4630896484375 0.9747845703125 0.47346259765625 0.9691265625 0.48572158203125 0.95120966796875 0.50175244140625 0.929520703125 0.51401142578125 0.91820478515625 0.5168404296875 0.8870859375 0.5158974609375 0.87859892578125 0.51306845703125 0.85125205078125 0.50175244140625 0.84653701171875 0.482892578125 0.850308984375 0.46120361328125 0.85785302734375 0.4357427734375 0.89274384765625 0.42065478515625 0.92574873046875 0.42065478515625 0.9691265625 0.4630896484375
0 0.72583349609375 0.5158974609375 0.69188564453125 0.47346259765625 0.690942578125 0.4508306640625 0.70508759765625 0.42819873046875 0.7352634765625 0.40179482421875 0.7484654296875 0.39990888671875 0.8022162109375 0.4168828125 0.80504521484375 0.4442296875 0.83522109375 0.44800166015625 0.8418220703125 0.4489447265625 0.82673408203125 0.49892353515625 0.81730419921875 0.51495439453125 0.81258916015625 0.524384375 0.75223740234375 0.5290994140625 0.72583349609375 0.5158974609375
0 0.983271484375 0.47063359375 0.9757275390625 0.46026064453125 0.980442578125 0.44140068359375 0.9990234375 0.42281982421875 0.9990234375 0.47819453125 0.983271484375 0.47063359375
0 0.99835947265625 0.41971181640625 0.98610048828125 0.38670693359375 0.9898724609375 0.36313203125 0.99835947265625 0.3565310546875 0.9990234375 0.3565974609375 0.9990234375 0.4217037109375 0.99835947265625 0.41971181640625
0 0.4019142578125 0.0863625 0.41323017578125 0.08824853515625 0.42831806640625 0.09390654296875 0.4490640625 0.11088046875 0.462266015625 0.13539833984375 0.5094158203125 0.1316263671875 0.52638974609375 0.1184244140625 0.56788154296875 0.10710849609375 0.58296953125 0.12031044921875 0.596171484375 0.1448283203125 0.5905134765625 0.15425830078125 0.569767578125 0.18820615234375 0.5622236328125 0.24101396484375 0.57165361328125 0.2768478515625 0.58108349609375 0.29382177734375 0.59428544921875 0.3183396484375 0.60560146484375 0.337199609375 0.6037154296875 0.36171748046875 0.59994345703125 0.3711474609375 0.5622236328125 0.390007421875 0.543363671875 0.4107533203125 0.516959765625 0.42584130859375 0.42454609375 0.43904326171875 0.383054296875 0.44847314453125 0.3434484375 0.44847314453125 0.3095005859375 0.43149921875 0.2453767578125 0.39377939453125 0.23971884765625 0.38057744140625 0.2566927734375 0.2919357421875 0.27366669921875 0.27307587890625 0.3095005859375 0.22026806640625 0.3227025390625 0.1900921875 0.303842578125 0.13539833984375 0.31893056640625 0.11276640625 0.36042236328125 0.07504658203125 0.4019142578125 0.0863625
0 0.85879599609375 0.258459375 0.8427650390625 0.24242841796875 0.82484814453125 0.22734052734375 0.8408791015625 0.1849056640625 0.861625 0.1783046875 0.87765595703125 0.1783046875 0.89085791015625 0.18867763671875 0.89934482421875 0.1990505859375 0.9078318359375 0.1971646484375 0.91726181640625 0.19339267578125 0.92386279296875 0.19339267578125 0.93895068359375 0.2122525390625 0.9351787109375 0.22734052734375 0.93046376953125 0.24620048828125 0.92386279296875 0.26128837890625 0.902173828125 0.2839203125 0.8870859375 0.297122265625 0.874826953125 0.272604296875 0.85879599609375 0.258459375
0 0.0053841796875 0.10663701171875 0.0704509765625 0.1170099609375 0.10911376953125 0.15001484375 0.1374037109375 0.20659462890625 0.1383466796875 0.24714345703125 0.12608779296875 0.28014833984375 0.0968548828125 0.298065234375 0.0704509765625 0.29523623046875 0.03461708984375 0.272604296875 0 0.270782421875 0 0.106038671875 0.0053841796875 0.10663701171875
0 0.67349716796875 0.16934619140625 0.67349716796875 0.176890234375 0.6678392578125 0.2240400390625 0.66029521484375 0.2372419921875 0.64520732421875 0.2504439453125 0.6169173828125 0.25610185546875 0.569767578125 0.25421591796875 0.55467958984375 0.229698046875 0.5622236328125 0.191978125 0.59239951171875 0.1580302734375 0.6150314453125 0.1448283203125 0.63766328125 0.14294228515625 0.67349716796875 0.16934619140625
0 0.79420078125 0.0929634765625 0.79891572265625 0.098621484375 0.8026876953125 0.1052224609375 0.80457373046875 0.11088046875 0.79891572265625 0.12974033203125 0.7894857421875 0.13822734375 0.77345478515625 0.15331533203125 0.75836689453125 0.15614423828125 0.73856396484375 0.151429296875 0.716875 0.1438853515625 0.71121708984375 0.14199931640625 0.70650205078125 0.11465244140625 0.70555908203125 0.099564453125 0.7215900390625 0.0844765625 0.75836689453125 0.07410361328125 0.79420078125 0.0929634765625
0 0.95451015625 0.16557421875 0.96676904296875 0.1306833984375 0.9629970703125 0.1033365234375 0.969598046875 0.06844560546875 0.98374306640625 0.0382697265625 0.9990234375 0.0335275390625 0.9990234375 0.16950185546875 0.95451015625 0.16557421875
0 0.58296953125 0.03544072265625 0.56599560546875 0.01469482421875 0.562655859375 0 0.67879619140625 0 0.68481318359375 0.00526484375 0.701787109375 0.01658076171875 0.716875 0.03166875 0.71121708984375 0.044870703125 0.60560146484375 0.07504658203125 0.58296953125 0.03544072265625
0 0.37928232421875 0.06938857421875 0.3434484375 0.00903681640625 0.346323828125 0 0.52626435546875 0 0.5377056640625 0.00715087890625 0.5490216796875 0.0260107421875 0.556565625 0.06750263671875 0.55467958984375 0.08259052734375 0.543363671875 0.0901345703125 0.4170021484375 0.0863625 0.37928232421875 0.06938857421875
0 0.053424609375 0.03517880859375 0.04839912109375 0 0.33151748046875 0 0.2981845703125 0.04523740234375 0.2043041015625 0.11900068359375 0.053424609375 0.03517880859375
0 0.75082294921875 0.00715087890625 0.6837837890625 0 0.7634419921875 0 0.75082294921875 0.00715087890625