0 0.01378193359375 0.9753046875 0.03750068359375 0.9990234375 0 0.9990234375 0 0.98124521484375 0.01378193359375 0.9753046875
0 0.0954689453125 0.95833076171875 0.18246044921875 0.9349916015625 0.2200791015625 0.9990234375 0.06208017578125 0.9990234375 0.0954689453125 0.95833076171875
0 0.24399091796875 0.6740173828125 0.329921484375 0.67826083984375 0.355382421875 0.69735654296875 0.37129541015625 0.7238783203125 0.3511388671875 0.77161748046875 0.3331041015625 0.79707841796875 0.317191015625 0.8161740234375 0.28748662109375 0.82784365234375 0.26945185546875 0.832087109375 0.2577822265625 0.832087109375 0.205799609375 0.71433046875 0.24399091796875 0.6740173828125
0 0.72244375 0.6230955078125 0.74684375 0.63476513671875 0.7574525390625 0.6602259765625 0.7563916015625 0.69311298828125 0.74366123046875 0.7238783203125 0.7319916015625 0.73660869140625 0.703348046875 0.745095703125 0.68000888671875 0.73448701171875 0.6481828125 0.64643466796875 0.72244375 0.6230955078125
0 0.7818525390625 0.61354765625 0.8126177734375 0.620973828125 0.84020048828125 0.6294607421875 0.852930859375 0.645373828125 0.8699048828125 0.66234775390625 0.87414833984375 0.67826083984375 0.86460048828125 0.69629560546875 0.828530859375 0.719634765625 0.79033955078125 0.73130439453125 0.76063515625 0.73766962890625 0.75533076171875 0.73766962890625 0.74684375 0.64643466796875 0.7818525390625 0.61354765625
0 0.6451001953125 0.58082548828125 0.628727734375 0.616459765625 0.599353515625 0.61983056640625 0.59887197265625 0.631869140625 0.57768408203125 0.6443892578125 0.54782841796875 0.635721484375 0.54493916015625 0.61694130859375 0.54782841796875 0.59141943359375 0.5675716796875 0.5899748046875 0.56901630859375 0.56734228515625 0.583944140625 0.548562109375 0.608984375 0.5514513671875 0.63209853515625 0.55771142578125 0.6451001953125 0.58082548828125
0 0.866722265625 0.33453857421875 0.92082666015625 0.33772119140625 0.940983203125 0.39182568359375 0.93886142578125 0.41940830078125 0.92082666015625 0.44168662109375 0.87627001953125 0.45972138671875 0.83701787109375 0.46926923828125 0.815800390625 0.45972138671875 0.8126177734375 0.41940830078125 0.828530859375 0.3748517578125 0.866722265625 0.33453857421875
0 0.91021796875 0.18813837890625 0.9494701171875 0.20405146484375 0.952652734375 0.24224287109375 0.9505310546875 0.27619072265625 0.93249619140625 0.30377333984375 0.9134005859375 0.31650380859375 0.89006142578125 0.31650380859375 0.8561134765625 0.28255595703125 0.82322646484375 0.25391240234375 0.8635396484375 0.2305732421875 0.91021796875 0.18813837890625
0 0.23762568359375 0.61885205078125 0.28854755859375 0.5806607421875 0.354321484375 0.582782421875 0.4009998046875 0.608243359375 0.392512890625 0.65916513671875 0.36068671875 0.69311298828125 0.3521998046875 0.7100869140625 0.267330078125 0.695234765625 0.23762568359375 0.61885205078125
0 0.42433896484375 0.5170083984375 0.49647822265625 0.55095634765625 0.54952177734375 0.59763466796875 0.53679130859375 0.6485564453125 0.517695703125 0.6676521484375 0.42433896484375 0.6761390625 0.392512890625 0.570051953125 0.42433896484375 0.5170083984375
0 0 0.65622841796875 0 0.508784765625 0.03181669921875 0.50215625 0.0997125 0.5361041015625 0.11032119140625 0.55944326171875 0.1018341796875 0.59763466796875 0.01059931640625 0.66340859375 0 0.65622841796875
0 0.2578216796875 0.51993681640625 0.27832080078125 0.48747978515625 0.31931904296875 0.49260458984375 0.3381099609375 0.5113955078125 0.38081650390625 0.51993681640625 0.38081650390625 0.5472689453125 0.35348427734375 0.56093505859375 0.310777734375 0.562643359375 0.2766125 0.550685546875 0.2578216796875 0.51993681640625
0 0.0657646484375 0.48518232421875 0.093347265625 0.4172865234375 0.1591212890625 0.4172865234375 0.19731259765625 0.41516484375 0.22489521484375 0.44699091796875 0.25672138671875 0.483060546875 0.2142865234375 0.54671279296875 0.193069140625 0.5615650390625 0.106077734375 0.53822587890625 0.0657646484375 0.48518232421875
0 0.55588701171875 0.4183474609375 0.59938271484375 0.470330078125 0.6078697265625 0.50003447265625 0.579226171875 0.52867802734375 0.5516435546875 0.55626064453125 0.51875654296875 0.54777373046875 0.46146953125 0.53822587890625 0.4635912109375 0.46502578125 0.55588701171875 0.4183474609375
0 0.38614765625 0.321808203125 0.47207822265625 0.29740810546875 0.504965234375 0.3281734375 0.48056513671875 0.39500830078125 0.516634765625 0.4236517578125 0.51557392578125 0.4491126953125 0.48480869140625 0.4809388671875 0.48586953125 0.50746064453125 0.47101728515625 0.5276171875 0.42433896484375 0.52655625 0.3511388671875 0.5117041015625 0.33204326171875 0.46502578125 0.2959736328125 0.4682083984375 0.3150693359375 0.40667783203125 0.3087041015625 0.39076474609375 0.32779970703125 0.378034375 0.38614765625 0.321808203125
0 0.024390625 0.33453857421875 0.0275732421875 0.3493908203125 0.02863408203125 0.3684865234375 0.01166015625 0.3812169921875 0 0.3904646484375 0 0.31218056640625 0.024390625 0.33453857421875
0 0.11138203125 0.3302951171875 0.1516951171875 0.34196474609375 0.1644255859375 0.358938671875 0.17609521484375 0.3769734375 0.168669140625 0.39500830078125 0.1463908203125 0.407738671875 0.11138203125 0.40986044921875 0.0837994140625 0.4109212890625 0.06682548828125 0.40667783203125 0.06364287109375 0.35999951171875 0.11138203125 0.3302951171875
0 0.49117392578125 0.3239298828125 0.53997392578125 0.3027125 0.58559140625 0.3271125 0.58453056640625 0.36530390625 0.566495703125 0.39819091796875 0.55588701171875 0.43426044921875 0.5208783203125 0.4363822265625 0.49435654296875 0.38864306640625 0.49117392578125 0.3239298828125
0 0.05091240234375 0.28998203125 0.0901646484375 0.2783125 0.1156255859375 0.2867994140625 0.12517333984375 0.32605166015625 0.0965298828125 0.35681689453125 0.0498515625 0.3674255859375 0.04454716796875 0.36636474609375 0.02545146484375 0.320747265625 0.05091240234375 0.28998203125
0 0.2588431640625 0.26027763671875 0.29066923828125 0.30483427734375 0.3150693359375 0.32923427734375 0.3023388671875 0.35681689453125 0.26626923828125 0.378034375 0.22489521484375 0.3812169921875 0.19519091796875 0.3610603515625 0.199434375 0.29422548828125 0.2588431640625 0.26027763671875
0 0.043486328125 0.2125384765625 0.05409501953125 0.2783125 0 0.3197853515625 0 0.199303515625 0.043486328125 0.2125384765625
0 0.33204326171875 0.26982548828125 0.36599111328125 0.19768623046875 0.455104296875 0.18283408203125 0.51026953125 0.1934427734375 0.53360869140625 0.2677037109375 0.455104296875 0.29528642578125 0.33204326171875 0.26982548828125
0 0.25672138671875 0.09478173828125 0.32779970703125 0.07992958984375 0.368112890625 0.10326875 0.39145205078125 0.14570361328125 0.37766064453125 0.18495576171875 0.35644326171875 0.2061732421875 0.3203736328125 0.2125384765625 0.28748662109375 0.21359931640625 0.27475615234375 0.21359931640625 0.267330078125 0.21466015625 0.22807783203125 0.159494921875 0.25672138671875 0.09478173828125
0 0.38508681640625 0.108573046875 0.392512890625 0.0873556640625 0.42115634765625 0.07886875 0.44979990234375 0.0778078125 0.47526083984375 0.09796435546875 0.47844345703125 0.122364453125 0.47419990234375 0.14888623046875 0.48374775390625 0.17010361328125 0.4763216796875 0.1775296875 0.43388681640625 0.18495576171875 0.398878125 0.19026015625 0.39357373046875 0.18813837890625 0.38614765625 0.1372166015625 0.38508681640625 0.108573046875
0 0.02651240234375 0.03855556640625 0.0901646484375 0.0194599609375 0.12623427734375 0.0183990234375 0.15381689453125 0.0258251953125 0.168669140625 0.04916435546875 0.19094736328125 0.09478173828125 0.1898865234375 0.12660791015625 0.17821689453125 0.13827744140625 0.130477734375 0.1563123046875 0.06364287109375 0.16479921875 0.02226884765625 0.1690427734375 0 0.16499384765625 0 0.0637423828125 0.02651240234375 0.03855556640625
0 0.52433720703125 0 0.5759958984375 0 0.59301748046875 0.0067294921875 0.60893056640625 0.0534078125 0.61105234375 0.07356435546875 0.6015044921875 0.10114697265625 0.567556640625 0.1191818359375 0.52830439453125 0.13615576171875 0.4986 0.1181208984375 0.4763216796875 0.108573046875 0.467834765625 0.10432958984375 0.49329560546875 0.01521640625 0.52433720703125 0
0 0.217469140625 0.009912109375 0.2752896484375 0 0.3597900390625 0 0.37766064453125 0.0565904296875 0.329921484375 0.10220791015625 0.31931279296875 0.11493828125 0.21640830078125 0.0873556640625 0.217469140625 0.009912109375
0 0.385825 0 0.467834765625 0 0.467834765625 0.027946875 0.46571298828125 0.0502251953125 0.454043359375 0.06719912109375 0.43494775390625 0.0778078125 0.39675634765625 0.0809904296875 0.379782421875 0.0746251953125 0.3829650390625 0.00460771484375 0.385825 0
0 0.91764404296875 0.78328701171875 0.93567880859375 0.79283486328125 0.94204404296875 0.825721875 0.94204404296875 0.83314794921875 0.94310498046875 0.84269580078125 0.928252734375 0.857548046875 0.89642666015625 0.88088720703125 0.86035703125 0.87133935546875 0.8497482421875 0.83951318359375 0.8688439453125 0.81299140625 0.91764404296875 0.78328701171875
0 0.99566376953125 0.46092119140625 0.9951822265625 0.42432392578125 0.9990234375 0.41655791015625 0.9990234375 0.47483994140625 0.99566376953125 0.46092119140625
0 0.70336689453125 0.15947509765625 0.7221470703125 0.184996875 0.74092734375 0.19896162109375 0.746705859375 0.247116015625 0.7765615234375 0.287565625 0.75681826171875 0.31019814453125 0.71973935546875 0.331867578125 0.68410517578125 0.331867578125 0.6585833984375 0.33331220703125 0.65424951171875 0.2981595703125 0.63835859375 0.274082421875 0.6123552734375 0.24759755859375 0.60657666015625 0.18644150390625 0.6080212890625 0.15465966796875 0.6060951171875 0.10313447265625 0.62728310546875 0.06557412109375 0.6971068359375 0.09831904296875 0.70336689453125 0.15947509765625
0 0.7001654296875 0.022642578125 0.68743505859375 0.03643388671875 0.6503044921875 0.05446865234375 0.6195392578125 0.04916435546875 0.5912529296875 0 0.709534765625 0 0.7001654296875 0.022642578125
0 0.1463908203125 0.009912109375 0.0742515625 0.0120337890625 0.04951533203125 0 0.15878095703125 0 0.1463908203125 0.009912109375