0 0.2417025390625 0.99537197265625 0.352033203125 0.9890068359375 0.36551708984375 0.9990234375 0.2402087890625 0.9990234375 0.2417025390625 0.99537197265625
0 0.63316396484375 0.98582421875 0.64589443359375 0.96885029296875 0.67029443359375 0.95930244140625 0.687268359375 0.9752154296875 0.707215625 0.9990234375 0.62128466796875 0.9990234375 0.63316396484375 0.98582421875
0 0.71432060546875 0.978928515625 0.7037119140625 0.9693806640625 0.69204228515625 0.9577111328125 0.69310322265625 0.94391982421875 0.69522490234375 0.93331103515625 0.71432060546875 0.8951197265625 0.75251201171875 0.86859794921875 0.78221640625 0.8823892578125 0.83313818359375 0.91845888671875 0.84162509765625 0.93649365234375 0.8341990234375 0.97468505859375 0.8278337890625 0.9821111328125 0.80449462890625 0.99059814453125 0.76868701171875 0.9990234375 0.73664833984375 0.9990234375 0.71432060546875 0.978928515625
0 0.5578421875 0.89034580078125 0.551476953125 0.8945892578125 0.53238125 0.90838056640625 0.513285546875 0.916867578125 0.4846419921875 0.90944150390625 0.48039853515625 0.897771875 0.4793376953125 0.88610234375 0.46130283203125 0.88610234375 0.4475115234375 0.86064140625 0.44963330078125 0.8394240234375 0.463424609375 0.8203283203125 0.487824609375 0.78744130859375 0.51116376953125 0.77152822265625 0.55572041015625 0.76198037109375 0.5726943359375 0.78531953125 0.56951171875 0.8266935546875 0.5578421875 0.89034580078125
0 0.9466513671875 0.98105029296875 0.96044267578125 0.94816328125 0.97953837890625 0.93118935546875 0.9990234375 0.92444453125 0.9990234375 0.9990234375 0.9435255859375 0.9990234375 0.9466513671875 0.98105029296875
0 0.9689296875 0.86859794921875 0.96362529296875 0.84950224609375 0.95513837890625 0.82828486328125 0.93179921875 0.79964130859375 0.94240791015625 0.7582673828125 0.96044267578125 0.75614560546875 0.99120791015625 0.76251083984375 0.9990234375 0.7632671875 0.9990234375 0.8757630859375 0.9689296875 0.86859794921875
0 0.9906775390625 0.56359755859375 0.96733837890625 0.56571923828125 0.94506005859375 0.5901193359375 0.92596435546875 0.5901193359375 0.9036861328125 0.5837541015625 0.9089904296875 0.5731453125 0.92702529296875 0.54768447265625 0.92066005859375 0.54131923828125 0.9058078125 0.530710546875 0.8654947265625 0.51904091796875 0.86337294921875 0.5084322265625 0.862312109375 0.48191044921875 0.87610341796875 0.4522060546875 0.886712109375 0.442658203125 0.92702529296875 0.42568427734375 0.97900791015625 0.4203798828125 0.9990234375 0.4573783203125 0.9990234375 0.56518720703125 0.9906775390625 0.56359755859375
0 0.98537314453125 0.3026232421875 0.99492099609375 0.27610146484375 0.9990234375 0.27148623046875 0.9990234375 0.3213923828125 0.98537314453125 0.3026232421875
0 0.99492099609375 0.21244921875 0.986433984375 0.2209361328125 0.97264267578125 0.23260576171875 0.96097314453125 0.23578837890625 0.950364453125 0.23791015625 0.91959912109375 0.2347275390625 0.90792958984375 0.22624052734375 0.9026251953125 0.20820576171875 0.900503515625 0.20502314453125 0.8898947265625 0.20396220703125 0.88565126953125 0.19865791015625 0.87610341796875 0.193353515625 0.86443388671875 0.193353515625 0.8570078125 0.19229267578125 0.84533818359375 0.1848666015625 0.83897294921875 0.17001435546875 0.83260771484375 0.15197958984375 0.82730341796875 0.14455341796875 0.82412080078125 0.13818828125 0.8156337890625 0.1212142578125 0.80820771484375 0.09893603515625 0.81139033203125 0.0787794921875 0.81457294921875 0.06817080078125 0.81987724609375 0.0501359375 0.82624248046875 0.0352837890625 0.8410947265625 0.01406630859375 0.851459375 0 0.9990234375 0 0.9990234375 0.209924609375 0.99492099609375 0.21244921875
0 0.6167205078125 0.85268486328125 0.61778134765625 0.83783271484375 0.6220248046875 0.817676171875 0.61778134765625 0.78372822265625 0.6347552734375 0.7582673828125 0.65172919921875 0.729623828125 0.687798828125 0.7200759765625 0.719625 0.754023828125 0.7217466796875 0.7603890625 0.75145107421875 0.78478916015625 0.7716076171875 0.79433701171875 0.774790234375 0.817676171875 0.75145107421875 0.83677177734375 0.73872060546875 0.84950224609375 0.70265107421875 0.87496318359375 0.6167205078125 0.85268486328125
0 0.81669462890625 0.891406640625 0.81032939453125 0.88716318359375 0.7912337890625 0.8754935546875 0.76365107421875 0.867006640625 0.75516416015625 0.85851962890625 0.76152939453125 0.8319978515625 0.76895546875 0.81184130859375 0.7816859375 0.79698916015625 0.750920703125 0.778954296875 0.73288583984375 0.75879775390625 0.75198154296875 0.7206064453125 0.7594076171875 0.71211943359375 0.78062509765625 0.704693359375 0.79547724609375 0.69090205078125 0.81775556640625 0.67498896484375 0.83366865234375 0.6951455078125 0.855946875 0.72166728515625 0.886712109375 0.7386412109375 0.89413828125 0.741823828125 0.90686875 0.7513716796875 0.91111220703125 0.77471083984375 0.92702529296875 0.81502392578125 0.91853828125 0.841545703125 0.83366865234375 0.8829197265625 0.81669462890625 0.891406640625
0 0.3849201171875 0.792745703125 0.3233896484375 0.83730224609375 0.28413740234375 0.83730224609375 0.252311328125 0.79380654296875 0.2353373046875 0.7513716796875 0.28732001953125 0.693023828125 0.3573375 0.7322759765625 0.3849201171875 0.792745703125
0 0.18282421875 0.74606728515625 0.18176337890625 0.75561513671875 0.17858076171875 0.767284765625 0.1679720703125 0.78744130859375 0.15630244140625 0.79911083984375 0.15418076171875 0.80017177734375 0.15099814453125 0.8012326171875 0.14993720703125 0.80229345703125 0.11917197265625 0.83093701171875 0.10856328125 0.8319978515625 0.10325888671875 0.8330587890625 0.0926501953125 0.83518046875 0.07249365234375 0.84897177734375 0.0682501953125 0.85003271484375 0.05339794921875 0.85215439453125 0.03218056640625 0.86170224609375 0.00778056640625 0.85958056640625 0 0.85408837890625 0 0.62901826171875 0.0120240234375 0.62300625 0.05021533203125 0.63467587890625 0.05764150390625 0.6484671875 0.0682501953125 0.6643802734375 0.09689365234375 0.67817158203125 0.1244763671875 0.68559765625 0.15099814453125 0.69938896484375 0.18282421875 0.74606728515625
0 0.50904208984375 0.62300625 0.48039853515625 0.67180634765625 0.46130283203125 0.698328125 0.43372021484375 0.729093359375 0.38704189453125 0.73121513671875 0.326572265625 0.69726728515625 0.35945927734375 0.66650205078125 0.35309404296875 0.64952802734375 0.302172265625 0.59860625 0.28413740234375 0.530710546875 0.3361201171875 0.517980078125 0.432659375 0.5020669921875 0.48039853515625 0.5328322265625 0.52071162109375 0.56041494140625 0.50904208984375 0.62300625
0 0 0.61125712890625 0 0.45608623046875 0.0178587890625 0.44690166015625 0.05923271484375 0.4458408203125 0.088937109375 0.4585712890625 0.1080328125 0.4713017578125 0.1366763671875 0.48721484375 0.16001552734375 0.50418876953125 0.17168505859375 0.51055400390625 0.176989453125 0.5211626953125 0.1801720703125 0.53707578125 0.16956337890625 0.56359755859375 0.1674416015625 0.6081541015625 0.12182412109375 0.630432421875 0.11015458984375 0.64634541015625 0.064537109375 0.63573671875 0 0.61125712890625
0 0.61831181640625 0.59860625 0.62149443359375 0.5731453125 0.61512919921875 0.5264669921875 0.6098248046875 0.4903974609375 0.6225552734375 0.46917998046875 0.64271181640625 0.46705830078125 0.6978771484375 0.4766060546875 0.71166845703125 0.5084322265625 0.71909453125 0.5455626953125 0.7042423828125 0.5731453125 0.64377265625 0.5890583984375 0.61831181640625 0.59860625
0 0.74561630859375 0.42568427734375 0.76789462890625 0.42250166015625 0.79547724609375 0.418258203125 0.81032939453125 0.41931904296875 0.82093818359375 0.4585712890625 0.81881640625 0.49676259765625 0.81881640625 0.505249609375 0.831546875 0.51904091796875 0.83897294921875 0.5275279296875 0.825181640625 0.55935400390625 0.80502509765625 0.5731453125 0.786990234375 0.5773888671875 0.756225 0.5763279296875 0.737129296875 0.56041494140625 0.72015537109375 0.54450185546875 0.71060751953125 0.5264669921875 0.7095466796875 0.50631044921875 0.71060751953125 0.492519140625 0.725459765625 0.480849609375 0.6904509765625 0.46069306640625 0.6851466796875 0.443719140625 0.7095466796875 0.41189296875 0.74561630859375 0.42568427734375
0 0.002476171875 0.3959798828125 0.0205109375 0.40658857421875 0.03324140625 0.42568427734375 0.03430224609375 0.43735390625 0.02263271484375 0.44477998046875 0 0.45421025390625 0 0.39573232421875 0.002476171875 0.3959798828125
0 0.7064220703125 0.32371865234375 0.7405873046875 0.316885546875 0.79183515625 0.28955341796875 0.8311251953125 0.304927734375 0.8550408203125 0.3459259765625 0.8550408203125 0.395465625 0.8208755859375 0.4022986328125 0.81062607421875 0.42621435546875 0.7645029296875 0.4245060546875 0.74912861328125 0.38692431640625 0.72692119140625 0.3835078125 0.69275595703125 0.37496650390625 0.6842146484375 0.35959208984375 0.7064220703125 0.32371865234375
0 0.74879892578125 0.21669267578125 0.7541033203125 0.23791015625 0.7657728515625 0.24427529296875 0.78062509765625 0.26973623046875 0.76683369140625 0.2845884765625 0.756225 0.3089884765625 0.7530423828125 0.31111025390625 0.72439892578125 0.3217189453125 0.712729296875 0.331266796875 0.67347705078125 0.3524841796875 0.675598828125 0.3705189453125 0.6787814453125 0.3768841796875 0.67453798828125 0.38855380859375 0.6533205078125 0.3991625 0.625737890625 0.40340595703125 0.607703125 0.40128427734375 0.56738994140625 0.41401474609375 0.55253779296875 0.3991625 0.53132041015625 0.380066796875 0.51222470703125 0.3493015625 0.51222470703125 0.33763203125 0.550416015625 0.30792763671875 0.5663291015625 0.29201455078125 0.56738994140625 0.2707970703125 0.563146484375 0.24427529296875 0.56526826171875 0.21138837890625 0.5907291015625 0.16683173828125 0.66499013671875 0.15410126953125 0.74455546875 0.17531875 0.74879892578125 0.21669267578125
0 0.496305859375 0.14947587890625 0.5355958984375 0.19047412109375 0.53047109375 0.2212228515625 0.4980140625 0.23488896484375 0.50143056640625 0.2758873046875 0.49459755859375 0.31517734375 0.46555712890625 0.34080126953125 0.42626708984375 0.35275908203125 0.37672744140625 0.36471689453125 0.3442705078125 0.33738466796875 0.3681861328125 0.2980947265625 0.3733109375 0.25197158203125 0.3886853515625 0.21609814453125 0.3886853515625 0.20243203125 0.43139189453125 0.1648501953125 0.496305859375 0.14947587890625
0 0.79335546875 0.28777109375 0.76895546875 0.25700576171875 0.75834677734375 0.23260576171875 0.77956416015625 0.21138837890625 0.786990234375 0.19971875 0.79229462890625 0.1785013671875 0.81032939453125 0.17319697265625 0.82093818359375 0.17319697265625 0.83897294921875 0.1785013671875 0.8538251953125 0.18804921875 0.8591294921875 0.1901708984375 0.88034697265625 0.19971875 0.887773046875 0.20502314453125 0.89307734375 0.22305791015625 0.89519912109375 0.2336666015625 0.8962599609375 0.24745791015625 0.89201650390625 0.25700576171875 0.88246865234375 0.2739796875 0.83260771484375 0.2962580078125 0.79335546875 0.28777109375
0 0.0364240234375 0.081962109375 0.05658056640625 0.1031794921875 0.0671892578125 0.11272734375 0.0608240234375 0.11803173828125 0.0427892578125 0.1286404296875 0.04172841796875 0.130762109375 0.03536318359375 0.14243173828125 0.0300587890625 0.14455341796875 0.021571875 0.14773603515625 0.00671962890625 0.143492578125 0 0.14199931640625 0 0.06676591796875 0.00884140625 0.0660490234375 0.0205109375 0.07347509765625 0.0364240234375 0.081962109375
0 0.37398037109375 0 0.57364287109375 0 0.58001064453125 0.0059818359375 0.5595115234375 0.05893798828125 0.576594140625 0.0726041015625 0.60221806640625 0.099936328125 0.59538505859375 0.1341015625 0.5714693359375 0.1631419921875 0.54072060546875 0.14947587890625 0.50143056640625 0.1528923828125 0.4348083984375 0.15460068359375 0.4023513671875 0.1170189453125 0.3886853515625 0.1067693359375 0.36989443359375 0.1409345703125 0.30156396484375 0.12726845703125 0.29302265625 0.0743123046875 0.34768701171875 0.05381318359375 0.36476962890625 0.01281494140625 0.37398037109375 0
0 0.712729296875 0.0787794921875 0.71060751953125 0.07665771484375 0.69893798828125 0.0915099609375 0.6851466796875 0.11484912109375 0.67772060546875 0.124396875 0.6575640625 0.14561435546875 0.63316396484375 0.14773603515625 0.625737890625 0.1403099609375 0.62679873046875 0.1159099609375 0.62998134765625 0.0915099609375 0.62361611328125 0.06392724609375 0.625737890625 0.0501359375 0.63316396484375 0.03740546875 0.64271181640625 0.01830986328125 0.63952919921875 0.0034576171875 0.6382208984375 0 0.82904306640625 0 0.82305986328125 0.0289185546875 0.8039642578125 0.05119677734375 0.78062509765625 0.075596875 0.77744248046875 0.07984033203125 0.73076416015625 0.07984033203125 0.73606845703125 0.10742294921875 0.712729296875 0.0787794921875