0 0.39766396484375 0.97016103515625 0.44172744140625 0.92325478515625 0.50284765625 0.92325478515625 0.5412255859375 0.95878984375 0.5458236328125 0.9990234375 0.3936232421875 0.9990234375 0.39766396484375 0.97016103515625
0 0.02218037109375 0.80530615234375 0.0250544921875 0.8699732421875 0.05092138671875 0.920269921875 0.020743359375 0.95619609375 0 0.95230673828125 0 0.806193359375 0.02218037109375 0.80530615234375
0 0.3065072265625 0.751297265625 0.33625810546875 0.7932984375 0.32400771484375 0.8422998046875 0.30300712890625 0.88955107421875 0.26100595703125 0.9140517578125 0.23125517578125 0.87380068359375 0.21200458984375 0.83879970703125 0.2085044921875 0.7915484375 0.26975625 0.777548046875 0.3065072265625 0.751297265625
0 0.4691021484375 0.803869140625 0.5007171875 0.73632783203125 0.56682138671875 0.7435130859375 0.58119189453125 0.80099501953125 0.5696955078125 0.84554345703125 0.50933955078125 0.8441064453125 0.4691021484375 0.803869140625
0 0.12450224609375 0.66204482421875 0.14550283203125 0.609543359375 0.2207548828125 0.60604326171875 0.24525556640625 0.67079501953125 0.2767564453125 0.7022958984375 0.28900673828125 0.74604716796875 0.229505078125 0.7915484375 0.19450419921875 0.779298046875 0.1507529296875 0.735546875 0.12450224609375 0.66204482421875
0 0.2707896484375 0.68746826171875 0.247796875 0.65872724609375 0.2348634765625 0.6113046875 0.2420486328125 0.5538228515625 0.2707896484375 0.53370419921875 0.32683447265625 0.558133984375 0.35413837890625 0.5897490234375 0.34982724609375 0.6429197265625 0.311026953125 0.694653515625 0.2707896484375 0.68746826171875
0 0.00724892578125 0.48178984375 0.01949931640625 0.5167908203125 0.0089990234375 0.5605419921875 0 0.5633109375 0 0.47976005859375 0.00724892578125 0.48178984375
0 0.45329462890625 0.58256376953125 0.447546484375 0.520770703125 0.45616875 0.46472587890625 0.4877837890625 0.438858984375 0.52802109375 0.4072439453125 0.5869400390625 0.4158662109375 0.584066015625 0.4676 0.5696955078125 0.5078373046875 0.5696955078125 0.53801533203125 0.5696955078125 0.576815625 0.57544375 0.60124541015625 0.5423916015625 0.6156158203125 0.5423916015625 0.6213640625 0.50359130859375 0.62280107421875 0.45329462890625 0.58256376953125
0 0.03019775390625 0.362541796875 0.0306765625 0.36318017578125 0.03338984375 0.37419306640625 0.03131494140625 0.38456748046875 0.032591796875 0.38967490234375 0.03450712890625 0.39909169921875 0.03370908203125 0.4011666015625 0.028282421875 0.39973017578125 0.00801240234375 0.40084736328125 0 0.4004365234375 0 0.35468134765625 0.00434140625 0.35711513671875 0.0233345703125 0.365255078125 0.03019775390625 0.362541796875
0 0.4432353515625 0.28653193359375 0.5237099609375 0.28796904296875 0.5696955078125 0.30952470703125 0.546702734375 0.3713177734375 0.52227294921875 0.4072439453125 0.45616875 0.42305146484375 0.42599072265625 0.358384375 0.4432353515625 0.28653193359375
0 0.350448828125 0.28960146484375 0.3510873046875 0.29407041015625 0.34853359375 0.30939267578125 0.35491787109375 0.325991796875 0.36704794921875 0.338121875 0.3683248046875 0.34833671875 0.3734322265625 0.37004326171875 0.3734322265625 0.3847271484375 0.35747158203125 0.40324150390625 0.333211328125 0.42047900390625 0.31661220703125 0.435162890625 0.3051205078125 0.42877861328125 0.29362880859375 0.41792529296875 0.28086025390625 0.40387998046875 0.27319912109375 0.39238828125 0.26617646484375 0.3994109375 0.254684765625 0.40579521484375 0.24319306640625 0.404518359375 0.22020966796875 0.411541015625 0.2061642578125 0.402603125 0.20871796875 0.38919609375 0.20999482421875 0.3713201171875 0.20871796875 0.353444140625 0.20169521484375 0.33492978515625 0.19914150390625 0.3234380859375 0.200418359375 0.30173154296875 0.2131869140625 0.28449404296875 0.23808564453125 0.2806634765625 0.25596162109375 0.28130185546875 0.27639130859375 0.29151669921875 0.28022177734375 0.28640927734375 0.282137109375 0.280025 0.292351953125 0.26342587890625 0.3223580078125 0.2602337890625 0.350448828125 0.28960146484375
0 0.81306923828125 0.3065197265625 0.8168998046875 0.355040234375 0.81434609375 0.39462275390625 0.81051552734375 0.40739130859375 0.778594140625 0.4086681640625 0.7517802734375 0.406114453125 0.7364580078125 0.41249873046875 0.7211357421875 0.406114453125 0.69176806640625 0.3678087890625 0.67644580078125 0.32311884765625 0.69432177734375 0.3014123046875 0.703259765625 0.2911974609375 0.70709033203125 0.2669373046875 0.7262431640625 0.24012333984375 0.80285439453125 0.2516150390625 0.81306923828125 0.3065197265625
0 0.00250595703125 0.2782693359375 0.02485087890625 0.27699248046875 0.03698095703125 0.280823046875 0.04208837890625 0.28593046875 0.043365234375 0.3089138671875 0.0337888671875 0.321682421875 0.0242125 0.32551298828125 0 0.3335837890625 0 0.27730556640625 0.00250595703125 0.2782693359375
0 0.597280859375 0.2822595703125 0.59600400390625 0.3014123046875 0.597280859375 0.32567255859375 0.57046689453125 0.32822626953125 0.515562109375 0.29885859375 0.49130185546875 0.2822595703125 0.48619443359375 0.25033818359375 0.525776953125 0.22735478515625 0.5589751953125 0.22480107421875 0.576851171875 0.24012333984375 0.597280859375 0.2822595703125
0 0.20424892578125 0.338121875 0.20169521484375 0.34195244140625 0.17679658203125 0.35216728515625 0.15892060546875 0.3489751953125 0.1193380859375 0.3336529296875 0.10912333984375 0.31513857421875 0.10337744140625 0.2927935546875 0.097631640625 0.27108701171875 0.09060888671875 0.257680078125 0.0797556640625 0.23341982421875 0.07337138671875 0.22575869140625 0.0644333984375 0.21362861328125 0.0746482421875 0.19447578125 0.08613994140625 0.1836224609375 0.097631640625 0.1842609375 0.1346603515625 0.2142669921875 0.14870576171875 0.21873603515625 0.15700537109375 0.22575869140625 0.16977392578125 0.24108095703125 0.1908419921875 0.27938662109375 0.20424892578125 0.338121875
0 0.04017314453125 0.2142669921875 0.03985390625 0.21458623046875 0.02804306640625 0.2244818359375 0.02836220703125 0.23948486328125 0.02261640625 0.26087216796875 0.01112470703125 0.27300234375 0 0.27161171875 0 0.15817587890625 0.0098478515625 0.15489326171875 0.02133955078125 0.1593623046875 0.036342578125 0.17691904296875 0.04017314453125 0.2142669921875
0 0.9990234375 0.3708634765625 0.9990234375 0.38985234375 0.9965373046875 0.39637841796875 0.99270673828125 0.40914697265625 0.978661328125 0.42383076171875 0.95759326171875 0.4359609375 0.93971728515625 0.45192158203125 0.908434375 0.46532861328125 0.88098193359375 0.4659669921875 0.8445916015625 0.46341328125 0.8292693359375 0.456390625 0.81267021484375 0.4353224609375 0.8062859375 0.41425439453125 0.80820126953125 0.3995705078125 0.81586240234375 0.38424833984375 0.8190544921875 0.37339501953125 0.82033134765625 0.35551904296875 0.82096982421875 0.33508935546875 0.82352353515625 0.31274443359375 0.81586240234375 0.294230078125 0.83565361328125 0.26486240234375 0.8643828125 0.263585546875 0.9007732421875 0.273800390625 0.92694873046875 0.28273837890625 0.9588701171875 0.2961453125 0.98823779296875 0.3210439453125 0.9990234375 0.3708634765625
0 0.9764560546875 0.11468623046875 0.9990234375 0.113850390625 0.9990234375 0.256480078125 0.95951171875 0.25024140625 0.94256728515625 0.22694287109375 0.9446853515625 0.18034580078125 0.9764560546875 0.11468623046875
0 0.8707771484375 0 0.878166015625 0 0.93197705078125 0.03843642578125 0.94680341796875 0.09985986328125 0.93833125 0.12739453125 0.87478974609375 0.1422208984375 0.84301904296875 0.05749892578125 0.8707771484375 0
0 0.20125009765625 0.137984765625 0.249965234375 0.10409599609375 0.27749990234375 0.14010283203125 0.239375 0.20152626953125 0.1779515625 0.20788037109375 0.20125009765625 0.137984765625
0 0.48739150390625 0.0902525390625 0.48739150390625 0.09280625 0.48515703125 0.101744140625 0.4774958984375 0.1094052734375 0.4672810546875 0.115151171875 0.46440810546875 0.1196201171875 0.47206923828125 0.13111181640625 0.47558056640625 0.14388037109375 0.46536572265625 0.159521875 0.48196484375 0.17292880859375 0.497287109375 0.19176240234375 0.49441416015625 0.209 0.48898759765625 0.2131498046875 0.4640888671875 0.22144931640625 0.44908583984375 0.2271951171875 0.43184833984375 0.22815283203125 0.42610244140625 0.2217685546875 0.40822646484375 0.2083615234375 0.406949609375 0.19686982421875 0.39354267578125 0.18665498046875 0.370878515625 0.174844140625 0.3587484375 0.15505283203125 0.34661826171875 0.13206953125 0.352044921875 0.11036298828125 0.3581099609375 0.08067607421875 0.3648134765625 0.0631193359375 0.38843525390625 0.04173203125 0.4168453125 0.0308787109375 0.4280177734375 0.0289634765625 0.4663234375 0.036624609375 0.4758998046875 0.05035078125 0.48547626953125 0.075887890625 0.48739150390625 0.0902525390625
0 0.01479560546875 0.05402177734375 0.02756416015625 0.0706208984375 0.03841748046875 0.088816015625 0.03586376953125 0.1338251953125 0.02979873046875 0.14723212890625 0.02469130859375 0.15233955078125 0.0049 0.15074345703125 0 0.16586962890625 0 0.06050361328125 0.01479560546875 0.05402177734375
0 0.58578916015625 0.167342578125 0.5334380859375 0.20309453125 0.50407041015625 0.19160283203125 0.48619443359375 0.16095830078125 0.47853330078125 0.126483203125 0.48364072265625 0.06519423828125 0.490025 0.04604140625 0.50662412109375 0.0332728515625 0.5283306640625 0.03199599609375 0.55003720703125 0.03199599609375 0.5742974609375 0.0358265625 0.59345029296875 0.03454970703125 0.6138798828125 0.0434876953125 0.6189873046875 0.04731826171875 0.6240947265625 0.12265263671875 0.58578916015625 0.167342578125
0 0.68666064453125 0.03965712890625 0.67772265625 0.06008681640625 0.63047900390625 0.061363671875 0.6087724609375 0.04476455078125 0.6240947265625 0.00390517578125 0.635029296875 0 0.65767158203125 0 0.66623095703125 0.00135146484375 0.68666064453125 0.03965712890625
0 0.54748349609375 0.015396875 0.4874712890625 0.0383802734375 0.45018759765625 0 0.54953642578125 0 0.54748349609375 0.015396875
0 0.588853125 0.013019921875 0.54861015625 0.00666572265625 0.5467056640625 0 0.60417060546875 0 0.588853125 0.013019921875