0 0.02476376953125 0.7624427734375 0.03855517578125 0.8006341796875 0.03855517578125 0.8218515625 0.03218994140625 0.83988642578125 0.0237029296875 0.84625166015625 0 0.85598671875 0 0.7511865234375 0.02476376953125 0.7624427734375
0 0.223274609375 0.8291734375 0.26109453125 0.83116396484375 0.28299033203125 0.8570408203125 0.26308505859375 0.89685126953125 0.22128408203125 0.868983984375 0.223274609375 0.8291734375
0 0.2113314453125 0.775429296875 0.2431798828125 0.7495525390625 0.28697138671875 0.775429296875 0.2650755859375 0.8251923828125 0.22924619140625 0.81723037109375 0.2113314453125 0.775429296875
0 0.1786794921875 0.22923720703125 0.2191453125 0.23803408203125 0.2560923828125 0.26970302734375 0.2684080078125 0.31896572265625 0.251954296875 0.3404142578125 0.2209046875 0.3488751953125 0.20155146484375 0.32600322265625 0.15187900390625 0.35259736328125 0.08617744140625 0.3186587890625 0.0800859375 0.2825447265625 0.10314677734375 0.2499115234375 0.1786794921875 0.22923720703125
0 0.065076953125 0.2213986328125 0.0682595703125 0.3274857421875 0.05977255859375 0.3274857421875 0.05022470703125 0.3264248046875 0.00778984375 0.31581611328125 0 0.31028125 0 0.2014744140625 0.0173376953125 0.19169423828125 0.0491638671875 0.19169423828125 0.065076953125 0.2213986328125
0 0.21760595703125 0.15381875 0.19541748046875 0.08429501953125 0.2397943359375 0.06210654296875 0.278254296875 0.05471044921875 0.31375576171875 0.06210654296875 0.3418611328125 0.0990873046875 0.3374234375 0.127192578125 0.321151953125 0.1567771484375 0.27973359375 0.16861103515625 0.21760595703125 0.15381875
0 0.30565107421875 0.0226943359375 0.3410171875 0.00619013671875 0.381098828125 0.01090556640625 0.3881720703125 0.08399560546875 0.35280595703125 0.1122884765625 0.32687080078125 0.079280078125 0.30565107421875 0.0226943359375
0 0.31375576171875 0.026605078125 0.28121279296875 0.05323115234375 0.24275283203125 0.05027275390625 0.20873056640625 0.0310427734375 0.177666796875 0.00737509765625 0.1801251953125 0 0.32787275390625 0 0.31375576171875 0.026605078125
0 0.766283203125 0.97512900390625 0.79837119140625 0.922278125 0.84555947265625 0.899627734375 0.88331005859375 0.899627734375 0.91917314453125 0.92982822265625 0.91288271484375 0.9990234375 0.77464619140625 0.9990234375 0.766283203125 0.97512900390625
0 0.85825185546875 0.88888916015625 0.86223291015625 0.83514501953125 0.904033984375 0.8291734375 0.91796767578125 0.79334404296875 0.94782548828125 0.81324931640625 0.965740234375 0.8490787109375 0.99360751953125 0.884908203125 0.9856455078125 0.9187470703125 0.957778125 0.93666181640625 0.8920908203125 0.91675654296875 0.85825185546875 0.88888916015625
0 0.97957421875 0.86753974609375 0.9493736328125 0.8297890625 0.9474861328125 0.7712755859375 0.99089931640625 0.73730009765625 0.9990234375 0.73265771484375 0.9990234375 0.92012158203125 0.98901181640625 0.9128404296875 0.97957421875 0.86753974609375
0 0.90218544921875 0.64669853515625 0.9210607421875 0.61838564453125 0.960698828125 0.63159833984375 0.97768662109375 0.661798828125 0.93993603515625 0.707099609375 0.9342734375 0.7467376953125 0.9323859375 0.77693818359375 0.9002978515625 0.7920384765625 0.88897265625 0.76372548828125 0.87009736328125 0.7429626953125 0.8738724609375 0.6957744140625 0.90218544921875 0.64669853515625
0 0.79837119140625 0.57119736328125 0.8304591796875 0.544771875 0.88142255859375 0.55798466796875 0.913510546875 0.59196015625 0.91728564453125 0.6278232421875 0.89086025390625 0.66557392578125 0.8776474609375 0.68633671875 0.8531095703125 0.69011181640625 0.817246484375 0.69011181640625 0.78327099609375 0.67878662109375 0.77194580078125 0.663686328125 0.7776083984375 0.62971083984375 0.79837119140625 0.57119736328125
0 0.3529138671875 0.98645419921875 0.37178916015625 0.9619162109375 0.4227525390625 0.96946640625 0.4718283203125 0.99022919921875 0.474393359375 0.9990234375 0.3501814453125 0.9990234375 0.3529138671875 0.98645419921875
0 0.671906640625 0.8297890625 0.69078193359375 0.79770107421875 0.7341951171875 0.78448837890625 0.77194580078125 0.7712755859375 0.78893359375 0.81280126953125 0.813471484375 0.8637646484375 0.8266841796875 0.897740234375 0.78893359375 0.92794072265625 0.76250810546875 0.9619162109375 0.75508671875 0.9990234375 0.5974365234375 0.9990234375 0.59451787109375 0.9826791015625 0.6115056640625 0.93171572265625 0.61716826171875 0.86753974609375 0.671906640625 0.85998955078125 0.671906640625 0.8297890625
0 0.47371591796875 0.83733916015625 0.456728125 0.78826337890625 0.4944787109375 0.7712755859375 0.54544208984375 0.7920384765625 0.59829296875 0.8430017578125 0.58130517578125 0.901515234375 0.532229296875 0.94304091796875 0.4699408203125 0.92982822265625 0.43785283203125 0.8883025390625 0.47371591796875 0.83733916015625
0 0.5643173828125 0.66746142578125 0.6379310546875 0.68633671875 0.62849345703125 0.708987109375 0.65303134765625 0.7240873046875 0.6851193359375 0.7429626953125 0.69266943359375 0.7675005859375 0.6133931640625 0.8297890625 0.575642578125 0.8297890625 0.54732958984375 0.7901509765625 0.50202880859375 0.76561298828125 0.4944787109375 0.733525 0.52279169921875 0.707099609375 0.5643173828125 0.66746142578125
0 0.34725126953125 0.8901900390625 0.34347626953125 0.84488935546875 0.33026357421875 0.84488935546875 0.288737890625 0.83733916015625 0.288737890625 0.74862529296875 0.245324609375 0.7203123046875 0.24909970703125 0.69199931640625 0.27552509765625 0.6372609375 0.33592607421875 0.6240482421875 0.341588671875 0.59762275390625 0.3755642578125 0.5560970703125 0.43030263671875 0.57119736328125 0.460503125 0.6032853515625 0.4454029296875 0.65424873046875 0.45295302734375 0.68822421875 0.47749091796875 0.71464970703125 0.483153515625 0.756175390625 0.44162783203125 0.7448501953125 0.43974033203125 0.7712755859375 0.46427822265625 0.80147607421875 0.460503125 0.850551953125 0.43974033203125 0.89585263671875 0.3774517578125 0.90340283203125 0.34725126953125 0.8901900390625
0 0.460503125 0.58252255859375 0.45484052734375 0.53533427734375 0.52090419921875 0.520233984375 0.5548796875 0.49003349609375 0.59263037109375 0.48625849609375 0.6398185546875 0.49947119140625 0.671906640625 0.516458984375 0.69455703125 0.50135869140625 0.70210712890625 0.53910927734375 0.7058822265625 0.567422265625 0.722869921875 0.58441005859375 0.720982421875 0.612723046875 0.70210712890625 0.65802373046875 0.6832318359375 0.69388681640625 0.6379310546875 0.6995494140625 0.6133931640625 0.6731240234375 0.57375498046875 0.659911328125 0.5435544921875 0.659911328125 0.49825380859375 0.64669853515625 0.47560341796875 0.62027314453125 0.460503125 0.58252255859375
0 0.51492734375 0.37673720703125 0.56797646484375 0.36691328125 0.62102568359375 0.40031455078125 0.62692001953125 0.43371591796875 0.59351875 0.4631876953125 0.54439912109375 0.4651525390625 0.5208216796875 0.43371591796875 0.51492734375 0.37673720703125
0 0.67104326171875 0.40547607421875 0.67104326171875 0.34950673828125 0.70173623046875 0.3043701171875 0.7450673828125 0.3025646484375 0.77576025390625 0.33686845703125 0.81186953125 0.34770126953125 0.84617333984375 0.376588671875 0.84617333984375 0.43616904296875 0.82811875 0.4831111328125 0.75951103515625 0.49755478515625 0.7107634765625 0.4668619140625 0.69090341796875 0.43255810546875 0.67104326171875 0.40547607421875
0 0.55487001953125 0.1671318359375 0.59332998046875 0.170090234375 0.64066533203125 0.18192412109375 0.64362373046875 0.21890478515625 0.64806142578125 0.281032421875 0.61847685546875 0.29878310546875 0.57705849609375 0.2839908203125 0.55191162109375 0.24701015625 0.52528544921875 0.21890478515625 0.52084775390625 0.1745279296875 0.55487001953125 0.1671318359375
0 0.38327958984375 0.18636171875 0.39955107421875 0.17156943359375 0.43653173828125 0.1671318359375 0.47499169921875 0.18044482421875 0.4942216796875 0.20559169921875 0.5371193359375 0.23221787109375 0.5622662109375 0.281032421875 0.50161787109375 0.29582470703125 0.4350525390625 0.29138701171875 0.3847587890625 0.26624013671875 0.39067568359375 0.21890478515625 0.38327958984375 0.18636171875
0 0.8564052734375 0.37060810546875 0.8925966796875 0.3395869140625 0.93740498046875 0.3430337890625 0.94946884765625 0.40679951171875 0.95636240234375 0.44643759765625 0.92017099609375 0.46367158203125 0.87191591796875 0.470565234375 0.8564052734375 0.4274802734375 0.8564052734375 0.37060810546875
0 0.94205390625 0.20043984375 0.99457646484375 0.21028779296875 0.9990234375 0.20213505859375 0.9990234375 0.29386669921875 0.9798044921875 0.27922373046875 0.96010849609375 0.27429970703125 0.94697783203125 0.267734375 0.94205390625 0.20043984375
0 0.86061708984375 0.11840732421875 0.8840880859375 0.076881640625 0.92922470703125 0.03896689453125 0.99061044921875 0.03535595703125 0.9990234375 0.0427791015625 0.9990234375 0.1256931640625 0.94908486328125 0.1346564453125 0.8895044921875 0.1454892578125 0.86061708984375 0.11840732421875
0 0.446886328125 0.08725341796875 0.4942216796875 0.0902119140625 0.5119724609375 0.14198486328125 0.48386708984375 0.17748642578125 0.43209404296875 0.14790185546875 0.446886328125 0.08725341796875
0 0.40071181640625 0 0.49150419921875 0 0.50605546875 0.0310427734375 0.5104931640625 0.0680234375 0.48830478515625 0.09317041015625 0.4276564453125 0.08281572265625 0.396592578125 0.05766884765625 0.40071181640625 0
0 0.58148349609375 0 0.6914064453125 0 0.701313671875 0.0310427734375 0.676166796875 0.07541962890625 0.633269140625 0.078378125 0.6036845703125 0.0487935546875 0.57262080078125 0.0147712890625 0.58148349609375 0