0 0.294151171875 0.9990234375 0.247933203125 0.9990234375 0.27919677734375 0.990091015625 0.294151171875 0.9990234375
0 0.10745986328125 0.997113671875 0.12597421875 0.990091015625 0.12533583984375 0.98306826171875 0.11767470703125 0.96263857421875 0.12533583984375 0.94795478515625 0.151511328125 0.951146875 0.19109384765625 0.97476875 0.21152353515625 0.97540712890625 0.230037890625 0.97796083984375 0.23800751953125 0.9990234375 0.10496884765625 0.9990234375 0.10745986328125 0.997113671875
0 0.844205078125 0.9827490234375 0.8486740234375 0.99679443359375 0.84861826171875 0.9990234375 0.75665244140625 0.9990234375 0.76120947265625 0.9910486328125 0.7752548828125 0.97955693359375 0.8052609375 0.97381103515625 0.82441376953125 0.9757263671875 0.844205078125 0.9827490234375
0 0.018102734375 0.92060361328125 0.04768046875 0.95215322265625 0.05162421875 0.99159013671875 0.05245009765625 0.9990234375 0 0.9990234375 0 0.939712109375 0.018102734375 0.92060361328125
0 0.70822001953125 0.96231943359375 0.711412109375 0.96487314453125 0.72098857421875 0.97317265625 0.75035625 0.9725341796875 0.7548251953125 0.988494921875 0.74692880859375 0.9990234375 0.5734017578125 0.9990234375 0.574788671875 0.9910486328125 0.57925771484375 0.97381103515625 0.57606552734375 0.9635962890625 0.57159658203125 0.95210458984375 0.55818955078125 0.93869755859375 0.54797470703125 0.92146005859375 0.5601048828125 0.8991150390625 0.58436513671875 0.88060068359375 0.60926376953125 0.88123916015625 0.6284166015625 0.89592294921875 0.6507615234375 0.90103037109375 0.67885234375 0.899753515625 0.70822001953125 0.96231943359375
0 0.91227734375 0.9586484375 0.92568427734375 0.922896484375 0.9607978515625 0.89161357421875 0.9990234375 0.88093291015625 0.9990234375 0.9990234375 0.93774462890625 0.9990234375 0.91227734375 0.9586484375
0 0.4988158203125 0.8726203125 0.4969005859375 0.87453564453125 0.49243154296875 0.88921943359375 0.48413203125 0.9160333984375 0.470725 0.928801953125 0.458594921875 0.94412421875 0.4681712890625 0.9639154296875 0.47008662109375 0.97859931640625 0.45699423828125 0.9990234375 0.310471484375 0.9990234375 0.308564453125 0.9977521484375 0.2906884765625 0.98306826171875 0.2734509765625 0.9773224609375 0.2581287109375 0.96263857421875 0.26195927734375 0.946039453125 0.2804736328125 0.92050244140625 0.27472783203125 0.87964306640625 0.29260380859375 0.860490234375 0.3040955078125 0.84516796875 0.33537841796875 0.8202693359375 0.359638671875 0.81643876953125 0.380068359375 0.80622392578125 0.40177490234375 0.79537060546875 0.42411982421875 0.788986328125 0.44135732421875 0.79856279296875 0.47008662109375 0.82090771484375 0.494346875 0.847083203125 0.4988158203125 0.8726203125
0 0.7873849609375 0.8640015625 0.79121552734375 0.87293955078125 0.80972998046875 0.90805302734375 0.79887666015625 0.94125126953125 0.76695537109375 0.95401982421875 0.71588115234375 0.942528125 0.7018357421875 0.9125220703125 0.71588115234375 0.8697474609375 0.752271484375 0.85761728515625 0.7873849609375 0.8640015625
0 0.16993505859375 0.812151953125 0.23106240234375 0.82003935546875 0.29021787109375 0.8575044921875 0.2645837890625 0.92257548828125 0.24289345703125 0.95806875 0.2093720703125 0.989618359375 0.1521884765625 0.96595615234375 0.11669521484375 0.93637841796875 0.11275146484375 0.90285703125 0.1226107421875 0.8555326171875 0.16993505859375 0.812151953125
0 0.09894853515625 0.8417296875 0.11472333984375 0.871307421875 0.09697666015625 0.9186318359375 0.05359599609375 0.93637841796875 0.02796201171875 0.90482880859375 0.03979306640625 0.87919482421875 0.05753974609375 0.86539189453125 0.0634552734375 0.83581416015625 0.09894853515625 0.8417296875
0 0.05638564453125 0.82154619140625 0.05638564453125 0.822823046875 0.05383193359375 0.83686845703125 0.04680927734375 0.8553828125 0.03850966796875 0.8649591796875 0.02829482421875 0.8681513671875 0.00594990234375 0.87198193359375 0 0.86784287109375 0 0.811337109375 0.00403466796875 0.8017548828125 0.03084853515625 0.79281689453125 0.04936298828125 0.80367021484375 0.05638564453125 0.82154619140625
0 0.97500283203125 0.84452958984375 0.9584037109375 0.83431474609375 0.9481888671875 0.8406990234375 0.90222216796875 0.8151619140625 0.8983916015625 0.7640876953125 0.94563515625 0.70152177734375 0.99032509765625 0.70535234375 0.9990234375 0.7068021484375 0.9990234375 0.855616015625 0.97500283203125 0.84452958984375
0 0.38581416015625 0.78707109375 0.38198359375 0.79792431640625 0.359638671875 0.8119697265625 0.332186328125 0.81899248046875 0.28621953125 0.80622392578125 0.25940556640625 0.75578818359375 0.30345703125 0.7130134765625 0.3264404296875 0.69896806640625 0.3641076171875 0.7079060546875 0.395390625 0.72961259765625 0.38581416015625 0.78707109375
0 0.6494048828125 0.64725546875 0.65068173828125 0.64853232421875 0.66345029296875 0.66768515625 0.6621734375 0.69960654296875 0.6647271484375 0.7391890625 0.70175595703125 0.77238720703125 0.70686337890625 0.82856884765625 0.667280859375 0.85410595703125 0.62003720703125 0.85410595703125 0.566409375 0.8528291015625 0.52171943359375 0.82601513671875 0.479583203125 0.75068076171875 0.47830634765625 0.6804537109375 0.52555 0.642148046875 0.59194638671875 0.62810263671875 0.6494048828125 0.64725546875
0 0.11001357421875 0.68811484375 0.11448251953125 0.68811484375 0.12916640625 0.6823689453125 0.1419349609375 0.683007421875 0.15534189453125 0.69960654296875 0.14065810546875 0.73280478515625 0.124058984375 0.7660029296875 0.11256728515625 0.77749462890625 0.096606640625 0.79026318359375 0.08511494140625 0.78834794921875 0.0736232421875 0.7794099609375 0.06213154296875 0.76983349609375 0.05447041015625 0.76217236328125 0.03595595703125 0.77047197265625 0.02574111328125 0.761533984375 0.018080078125 0.7391890625 0.018080078125 0.71684404296875 0.02893330078125 0.69641435546875 0.04936298828125 0.67406943359375 0.06468525390625 0.665769921875 0.0806458984375 0.67406943359375 0.11001357421875 0.68811484375
0 0.932946484375 0.70311787109375 0.92400849609375 0.7069484375 0.89591767578125 0.72099384765625 0.881872265625 0.73120869140625 0.8461203125 0.76185322265625 0.78866181640625 0.78228291015625 0.7171580078125 0.78228291015625 0.6762986328125 0.7554689453125 0.6660837890625 0.7095021484375 0.6967283203125 0.6660890625 0.74907939453125 0.626506640625 0.81419892578125 0.6137380859375 0.8639962890625 0.61756865234375 0.941884375 0.645659375 0.932946484375 0.70311787109375
0 0.23602314453125 0.62618740234375 0.24176904296875 0.62618740234375 0.255814453125 0.645340234375 0.25964501953125 0.66768515625 0.24368427734375 0.69449912109375 0.22708515625 0.7027986328125 0.20027119140625 0.68875322265625 0.1919716796875 0.66704677734375 0.20346337890625 0.645340234375 0.2194240234375 0.63384853515625 0.23602314453125 0.62618740234375
0 0.20641611328125 0.6376791015625 0.20641611328125 0.6402328125 0.1898169921875 0.67215419921875 0.16364150390625 0.690030078125 0.12278212890625 0.6734310546875 0.096606640625 0.6600240234375 0.0755384765625 0.6402328125 0.083199609375 0.619803125 0.10490615234375 0.61086513671875 0.13810439453125 0.60831142578125 0.16874892578125 0.60511923828125 0.17896376953125 0.6140572265625 0.20641611328125 0.6376791015625
0 0.44670419921875 0.65938564453125 0.44478896484375 0.65619345703125 0.4275513671875 0.662577734375 0.40839853515625 0.66385458984375 0.39052255859375 0.64853232421875 0.409675390625 0.6172494140625 0.43202041015625 0.61852626953125 0.457557421875 0.63384853515625 0.44670419921875 0.65938564453125
0 0.50799326171875 0.6376791015625 0.50799326171875 0.63895595703125 0.4990552734375 0.64725546875 0.48628671875 0.652362890625 0.4652185546875 0.65044765625 0.44415048828125 0.6344869140625 0.44478896484375 0.614695703125 0.47415654296875 0.59809658203125 0.50224736328125 0.604480859375 0.50799326171875 0.6376791015625
0 0.75889521484375 0.5952236328125 0.75825673828125 0.60224638671875 0.757618359375 0.62012236328125 0.7467650390625 0.6360830078125 0.7212279296875 0.64948994140625 0.66696162109375 0.65204365234375 0.6375939453125 0.63033720703125 0.628017578125 0.5933083984375 0.64972412109375 0.55564111328125 0.6937755859375 0.53840361328125 0.74357294921875 0.5530875 0.75889521484375 0.5952236328125
0 0.2143166015625 0.53170009765625 0.221977734375 0.5304232421875 0.2328310546875 0.515739453125 0.262837109375 0.525954296875 0.2826283203125 0.53936123046875 0.31008076171875 0.53999970703125 0.31965712890625 0.5591525390625 0.30241962890625 0.57192109375 0.28454365234375 0.58277431640625 0.26156025390625 0.5993734375 0.2551759765625 0.6172494140625 0.2430458984375 0.6274642578125 0.23155419921875 0.62682578125 0.204740234375 0.62810263671875 0.1823953125 0.62107998046875 0.18367216796875 0.60575771484375 0.19835595703125 0.59362763671875 0.2124013671875 0.58788173828125 0.2245314453125 0.5744748046875 0.21878564453125 0.5489376953125 0.2143166015625 0.53170009765625
0 0.41109013671875 0.56750625 0.405174609375 0.5260974609375 0.43475234375 0.48666044921875 0.49390771484375 0.480744921875 0.5333447265625 0.51032265625 0.5333447265625 0.565534375 0.49982333984375 0.61483056640625 0.45447080078125 0.61877431640625 0.43278046875 0.599055859375 0.41109013671875 0.56750625
0 0.31710341796875 0.50743994140625 0.31518818359375 0.525954296875 0.30178115234375 0.53936123046875 0.28518203125 0.54255341796875 0.2577296875 0.52978486328125 0.252622265625 0.51701630859375 0.25389912109375 0.49467138671875 0.26794453125 0.47424169921875 0.2979505859375 0.4518966796875 0.31901875 0.4570041015625 0.31710341796875 0.50743994140625
0 0.99742763671875 0.38198896484375 0.9990234375 0.3828482421875 0.9990234375 0.61563271484375 0.99423544921875 0.61501494140625 0.97125205078125 0.62267607421875 0.93869228515625 0.63544462890625 0.91315517578125 0.6360830078125 0.8812337890625 0.61820703125 0.85761201171875 0.5952236328125 0.8416513671875 0.57734765625 0.83909765625 0.55564111328125 0.8212216796875 0.529465625 0.80206884765625 0.46434609375 0.81419892578125 0.41901767578125 0.83590546875 0.40305703125 0.858250390625 0.38390419921875 0.8895333984375 0.357090234375 0.91379365234375 0.33793740234375 0.95082236328125 0.35645185546875 0.98721279296875 0.38709638671875 0.99742763671875 0.38198896484375
0 0.27408935546875 0.45413125 0.2734509765625 0.45540810546875 0.26578984375 0.4637076171875 0.2511060546875 0.49052158203125 0.24855234375 0.50775908203125 0.230037890625 0.52882724609375 0.21918466796875 0.5301041015625 0.1968396484375 0.52371982421875 0.182155859375 0.517335546875 0.15661875 0.51031279296875 0.154703515625 0.49818271484375 0.16044931640625 0.4860525390625 0.1598109375 0.4688150390625 0.1470423828125 0.4534927734375 0.14959609375 0.44263955078125 0.164918359375 0.418379296875 0.18087900390625 0.39667275390625 0.19620126953125 0.39667275390625 0.212800390625 0.41135654296875 0.21918466796875 0.4177408203125 0.2459986328125 0.4075259765625 0.260682421875 0.428594140625 0.27408935546875 0.45413125
0 0.1179140625 0.31144267578125 0.12429833984375 0.31271953125 0.13195947265625 0.3357029296875 0.13962060546875 0.36251689453125 0.14983544921875 0.35357890625 0.1817568359375 0.348471484375 0.19324853515625 0.35357890625 0.214955078125 0.3612400390625 0.184310546875 0.399545703125 0.14472802734375 0.42635966796875 0.143451171875 0.45828095703125 0.14472802734375 0.48637177734375 0.163880859375 0.5182931640625 0.1817568359375 0.52212373046875 0.214955078125 0.54255341796875 0.22133935546875 0.58341279296875 0.184310546875 0.60511923828125 0.17281884765625 0.60767294921875 0.13451318359375 0.6166109375 0.1115298828125 0.6140572265625 0.088546484375 0.6191646484375 0.0757779296875 0.63065634765625 0.047687109375 0.64342490234375 0.03364169921875 0.6447017578125 0 0.64566298828125 0 0.40851044921875 0.017042578125 0.38294658203125 0.04896396484375 0.358686328125 0.03236484375 0.328041796875 0 0.30603369140625 0 0.2720130859375 0.04130283203125 0.2641990234375 0.0859927734375 0.28590556640625 0.1179140625 0.31144267578125
0 0.73910390625 0.44966220703125 0.74101923828125 0.4668998046875 0.71803583984375 0.48796787109375 0.68292236328125 0.50201328125 0.6273791015625 0.483498828125 0.6126953125 0.4483853515625 0.63184814453125 0.4126333984375 0.675899609375 0.38198896484375 0.71867421875 0.37688154296875 0.73910390625 0.44966220703125
0 0.62203232421875 0.408164453125 0.6233091796875 0.4107181640625 0.61756328125 0.43242470703125 0.5907494140625 0.45987705078125 0.56138173828125 0.4566849609375 0.53903671875 0.435616796875 0.537121484375 0.39858798828125 0.5977720703125 0.380712109375 0.62203232421875 0.408164453125
0 0.288835546875 0.26975712890625 0.3617939453125 0.252010546875 0.462358203125 0.28947568359375 0.47024560546875 0.3229970703125 0.4919359375 0.338771875 0.49785146484375 0.37032138671875 0.4919359375 0.40187099609375 0.4761611328125 0.44327978515625 0.4426396484375 0.4669419921875 0.375596875 0.44130791015625 0.31249775390625 0.44130791015625 0.26517333984375 0.423561328125 0.231651953125 0.34468740234375 0.288835546875 0.26975712890625
0 0.9987044921875 0.348471484375 0.99609453125 0.306295703125 0.9990234375 0.3048603515625 0.9990234375 0.35293720703125 0.9987044921875 0.348471484375
0 0.0244642578125 0.319423046875 0.025102734375 0.32836103515625 0.03084853515625 0.35836708984375 0.02382587890625 0.38198896484375 0.00084248046875 0.41135654296875 0 0.41214384765625 0 0.30206806640625 0.0244642578125 0.319423046875
0 0.86463466796875 0.23610830078125 0.8710189453125 0.23738515625 0.8863412109375 0.2552611328125 0.8965560546875 0.2897361328125 0.89527919921875 0.322934375 0.88251064453125 0.3408103515625 0.8556966796875 0.3816697265625 0.833990234375 0.4020994140625 0.79951513671875 0.409760546875 0.77397802734375 0.41359111328125 0.72545751953125 0.404653125 0.70247412109375 0.35996318359375 0.711412109375 0.322934375 0.742056640625 0.28845927734375 0.76120947265625 0.266752734375 0.77908544921875 0.23866201171875 0.81866796875 0.21567861328125 0.86463466796875 0.23610830078125
0 0.99830546875 0.230681640625 0.99830546875 0.2332353515625 0.99798623046875 0.24472705078125 0.99447490234375 0.25845322265625 0.9957517578125 0.2622837890625 0.9990234375 0.26690263671875 0.9990234375 0.29371689453125 0.99894384765625 0.2938859375 0.9839408203125 0.3101658203125 0.97596044921875 0.31655009765625 0.96127666015625 0.31750771484375 0.953934765625 0.32325361328125 0.94435830078125 0.33187236328125 0.933505078125 0.3286802734375 0.9268015625 0.31495400390625 0.92137490234375 0.30442001953125 0.90924482421875 0.3082505859375 0.89711474609375 0.30090869140625 0.892645703125 0.28239423828125 0.8865806640625 0.2476 0.88945361328125 0.2281279296875 0.92392861328125 0.2159978515625 0.9788333984375 0.2112095703125 0.99830546875 0.230681640625
0 0.2404921875 0.24376943359375 0.2404921875 0.2450462890625 0.24368427734375 0.25909169921875 0.24432275390625 0.2673912109375 0.23921533203125 0.2776060546875 0.23027734375 0.28909775390625 0.2168703125 0.29165146484375 0.19835595703125 0.28335185546875 0.19069482421875 0.27313701171875 0.19133330078125 0.25845322265625 0.194525390625 0.2399388671875 0.2021865234375 0.2316392578125 0.214955078125 0.22333974609375 0.2404921875 0.24376943359375
0 0.21112451171875 0.18248037109375 0.21623193359375 0.1863109375 0.2194240234375 0.19716416015625 0.21878564453125 0.2144017578125 0.211762890625 0.2297240234375 0.18877958984375 0.2399388671875 0.16898828125 0.229085546875 0.15813505859375 0.21376328125 0.16579619140625 0.19205673828125 0.18622587890625 0.1837572265625 0.21112451171875 0.18248037109375
0 0.28837421875 0.1837572265625 0.2928431640625 0.19269521484375 0.28645888671875 0.21695546875 0.26922138671875 0.22780869140625 0.232192578125 0.22014755859375 0.2277236328125 0.19014150390625 0.2704982421875 0.1786498046875 0.28837421875 0.1837572265625
0 0.12749052734375 0.191418359375 0.12749052734375 0.21248642578125 0.12110625 0.23291611328125 0.10514560546875 0.25909169921875 0.0879080078125 0.2673912109375 0.0451333984375 0.26611435546875 0.01576572265625 0.24887685546875 0 0.23032890625 0 0.13476396484375 0.0049125 0.1282140625 0.03874912109375 0.123106640625 0.0674783203125 0.1307677734375 0.098761328125 0.15566640625 0.12749052734375 0.191418359375
0 0.17090361328125 0.133321484375 0.174095703125 0.1358751953125 0.1817568359375 0.1428978515625 0.1951638671875 0.16268916015625 0.1951638671875 0.17928828125 0.18303369140625 0.18950302734375 0.1587734375 0.1958873046875 0.136428515625 0.18758779296875 0.1179140625 0.1735423828125 0.12493681640625 0.153751171875 0.14025908203125 0.1377904296875 0.16260400390625 0.1358751953125 0.17090361328125 0.133321484375
0 0.97699794921875 0.1563048828125 0.97252890625 0.172584765625 0.9536953125 0.19365283203125 0.91123994140625 0.2025908203125 0.8809146484375 0.19109912109375 0.8793185546875 0.1767345703125 0.87357265625 0.15885859375 0.8777224609375 0.14321708984375 0.88825654296875 0.1326830078125 0.8949599609375 0.1170416015625 0.8965560546875 0.09278134765625 0.93709619140625 0.09278134765625 0.9696560546875 0.11065732421875 0.97699794921875 0.1563048828125
0 0.12174462890625 0.0541564453125 0.13195947265625 0.0745861328125 0.1306826171875 0.092462109375 0.115998828125 0.11480703125 0.08407744140625 0.11927607421875 0.05407138671875 0.10650751953125 0.057901953125 0.082247265625 0.08471591796875 0.0675634765625 0.12174462890625 0.0541564453125
0 0.00108193359375 0.07075556640625 0 0.0752798828125 0 0.06805078125 0.00108193359375 0.07075556640625
0 0.881872265625 0.0113818359375 0.88059541015625 0.02734248046875 0.89081025390625 0.05862548828125 0.89591767578125 0.090546875 0.87995693359375 0.123106640625 0.8461203125 0.18056513671875 0.82505224609375 0.188226171875 0.762486328125 0.17992666015625 0.711412109375 0.1684349609375 0.6935361328125 0.13842890625 0.68012919921875 0.10650751953125 0.66991435546875 0.0643712890625 0.67246806640625 0.03564208984375 0.69289775390625 0.0094666015625 0.70841240234375 0 0.8883322265625 0 0.881872265625 0.0113818359375
0 0.03108798828125 0.03947265625 0.0400259765625 0.04777216796875 0.04960234375 0.07650146484375 0.02342685546875 0.090546875 0 0.072051953125 0 0.06611591796875 0.0049125 0.03500361328125 0.03108798828125 0.03947265625
0 0.98465908203125 0.099484765625 0.96837919921875 0.09756953125 0.94220361328125 0.10076162109375 0.92400849609375 0.0959734375 0.91475126953125 0.08352412109375 0.90645166015625 0.05702939453125 0.89719453125 0.03755732421875 0.89942900390625 0.02031982421875 0.90613251953125 0.0078705078125 0.91360947265625 0 0.9990234375 0 0.9990234375 0.10384541015625 0.98465908203125 0.099484765625
0 0.00810458984375 0.00180546875 0.0049125 0.0292578125 0 0.0303361328125 0 0 0.0059982421875 0 0.00810458984375 0.00180546875
0 0.37879150390625 0.002124609375 0.38134521484375 0.02766171875 0.34878544921875 0.03468447265625 0.31494873046875 0.03149228515625 0.27983525390625 0.04234560546875 0.2428064453125 0.0557525390625 0.22620732421875 0.0557525390625 0.21152353515625 0.02702333984375 0.22288115234375 0 0.37699375 0 0.37879150390625 0.002124609375
0 0.1562197265625 0.02031982421875 0.10386875 0.05096435546875 0.07386259765625 0.03308837890625 0.0749130859375 0 0.17025009765625 0 0.1562197265625 0.02031982421875
0 0.53839833984375 0.032769140625 0.5326697265625 0.06127939453125 0.4988158203125 0.06979794921875 0.47119814453125 0.07788125 0.4528490234375 0.060221484375 0.43799462890625 0.0330115234375 0.39092158203125 0.00914736328125 0.38222744140625 0 0.5497185546875 0 0.53839833984375 0.032769140625
0 0.06683994140625 0.00755126953125 0.0125736328125 0.0184044921875 0 0.01296220703125 0 0 0.06683994140625 0 0.06683994140625 0.00755126953125