0 0.69664853515625 0.4361205078125 0.69760615234375 0.44090869140625 0.69696767578125 0.4533580078125 0.6870720703125 0.4616576171875 0.673984375 0.465807421875 0.65483154296875 0.4635728515625 0.6407861328125 0.45974228515625 0.63152890625 0.4488890625 0.62833681640625 0.43867421875 0.62929443359375 0.42303271484375 0.64046689453125 0.40579521484375 0.65674677734375 0.4019646484375 0.66919609375 0.4054759765625 0.677495703125 0.40898740234375 0.69664853515625 0.4361205078125
0 0.72218564453125 0.3917498046875 0.725377734375 0.39238828125 0.7400615234375 0.40068779296875 0.74357294921875 0.4080296875 0.74931875 0.41952138671875 0.7483611328125 0.4326091796875 0.74357294921875 0.44090869140625 0.73271962890625 0.45782705078125 0.70526728515625 0.4514427734375 0.7004791015625 0.44410087890625 0.69313720703125 0.42367119140625 0.68643369140625 0.40834892578125 0.68547607421875 0.39366513671875 0.70686337890625 0.3907921875 0.72218564453125 0.3917498046875
0 0.213917578125 0.29806064453125 0.22860146484375 0.30763701171875 0.25094638671875 0.34275048828125 0.26690712890625 0.36828759765625 0.268183984375 0.39127099609375 0.26435341796875 0.41170068359375 0.2420083984375 0.43404560546875 0.22860146484375 0.44298359375 0.196680078125 0.45192158203125 0.1685892578125 0.45958271484375 0.14688271484375 0.451283203125 0.1309220703125 0.427661328125 0.11176923828125 0.39829365234375 0.1060234375 0.36764921875 0.11176923828125 0.3414736328125 0.13028359375 0.316575 0.1813578125 0.2967837890625 0.213917578125 0.29806064453125
0 0.818987109375 0.372277734375 0.818987109375 0.382492578125 0.80111123046875 0.40930654296875 0.75195224609375 0.40930654296875 0.735353125 0.39653798828125 0.70790078125 0.375469921875 0.74492958984375 0.324395703125 0.79536533203125 0.34418701171875 0.818987109375 0.372277734375
0 0.1002775390625 0.382971484375 0.0951701171875 0.39637841796875 0.09133955078125 0.40914697265625 0.077294140625 0.42383076171875 0.05622607421875 0.4359609375 0.03835009765625 0.45192158203125 0.0070671875 0.46532861328125 0 0.46549296875 0 0.27400322265625 0.02558154296875 0.28273837890625 0.0575029296875 0.2961453125 0.08687060546875 0.3210439453125 0.1002775390625 0.382971484375
0 0.6238677734375 0.3113080078125 0.6321673828125 0.3215228515625 0.63535947265625 0.35982841796875 0.6136529296875 0.397495703125 0.57215517578125 0.407710546875 0.537680078125 0.39621884765625 0.5281037109375 0.373873828125 0.537680078125 0.35152890625 0.54661806640625 0.31258486328125 0.55938662109375 0.28960146484375 0.5830083984375 0.280025 0.6238677734375 0.3113080078125
0 0.9925595703125 0.37610830078125 0.96574560546875 0.39398427734375 0.91977890625 0.38696162109375 0.8865806640625 0.37163935546875 0.87700419921875 0.32567255859375 0.9140330078125 0.279705859375 0.98617529296875 0.2745984375 0.9990234375 0.27632421875 0.9990234375 0.36392646484375 0.9925595703125 0.37610830078125
0 0.41486259765625 0.45718857421875 0.40528623046875 0.45718857421875 0.3893255859375 0.4488890625 0.36698056640625 0.4316515625 0.3586810546875 0.416329296875 0.34718935546875 0.395899609375 0.34974306640625 0.37866201171875 0.36187314453125 0.35950927734375 0.38996396484375 0.33971796875 0.41230888671875 0.32056513671875 0.4008171875 0.31864990234375 0.38294130859375 0.31801142578125 0.37719541015625 0.30268916015625 0.35995791015625 0.2637451171875 0.34974306640625 0.2465076171875 0.337612890625 0.21905517578125 0.3331439453125 0.196071875 0.36251162109375 0.17181162109375 0.39315615234375 0.167342578125 0.4340154296875 0.17117314453125 0.46146787109375 0.18266484375 0.4818974609375 0.18458017578125 0.50615771484375 0.18968759765625 0.53999443359375 0.205009765625 0.555955078125 0.2331005859375 0.56489306640625 0.26310673828125 0.55212451171875 0.33077998046875 0.53169482421875 0.37610830078125 0.50168876953125 0.42143671875 0.41486259765625 0.45718857421875
0 0.3759185546875 0.276513671875 0.37719541015625 0.2790673828125 0.37655703125 0.2994970703125 0.36761904296875 0.3199267578125 0.34144345703125 0.33844111328125 0.317183203125 0.344825390625 0.29803046875 0.33907958984375 0.27313173828125 0.31354248046875 0.28590029296875 0.2567224609375 0.33186708984375 0.24523076171875 0.3759185546875 0.276513671875
0 0.6717498046875 0.25576474609375 0.68068779296875 0.26151064453125 0.694733203125 0.278109765625 0.69090263671875 0.298539453125 0.6819646484375 0.31450009765625 0.6564275390625 0.33109921875 0.63599794921875 0.3304607421875 0.61492978515625 0.30683896484375 0.5964154296875 0.2832171875 0.6085455078125 0.2602337890625 0.6391900390625 0.24171943359375 0.6717498046875 0.25576474609375
0 0.3056916015625 0.1750037109375 0.31590634765625 0.197987109375 0.3107990234375 0.20884033203125 0.2903693359375 0.23246220703125 0.2673859375 0.25544560546875 0.238656640625 0.27842900390625 0.2220576171875 0.27140625 0.1933283203125 0.25416875 0.18694404296875 0.190964453125 0.21056591796875 0.16606572265625 0.25078681640625 0.16223515625 0.3056916015625 0.1750037109375
0 0.7738982421875 0.2225666015625 0.76176806640625 0.22065126953125 0.74644580078125 0.2276740234375 0.71133232421875 0.25129580078125 0.6698345703125 0.25257265625 0.6621734375 0.23086611328125 0.6647271484375 0.20022158203125 0.699840625 0.161916015625 0.73367734375 0.14531689453125 0.7738982421875 0.158723828125 0.7738982421875 0.2225666015625
0 0.0750888671875 0.11468623046875 0.13227626953125 0.1125681640625 0.170401171875 0.148575 0.16404697265625 0.21211650390625 0.1153318359375 0.2290609375 0.0983875 0.2565955078125 0.05814453125 0.25024140625 0.04120009765625 0.22694287109375 0.0433181640625 0.18034580078125 0.0750888671875 0.11468623046875
0 0.9990234375 0.1122669921875 0.9990234375 0.20564833984375 0.9852974609375 0.21299013671875 0.94060751953125 0.22065126953125 0.907409375 0.20341376953125 0.87804169921875 0.17723818359375 0.868465234375 0.1510626953125 0.87293427734375 0.11658759765625 0.90102509765625 0.0948810546875 0.977636328125 0.0897736328125 0.9990234375 0.1122669921875
0 0.54529580078125 0.08291552734375 0.58130263671875 0.1422208984375 0.58130263671875 0.19093603515625 0.53894169921875 0.20788037109375 0.51352509765625 0.1951720703125 0.51776123046875 0.1528111328125 0.54529580078125 0.08291552734375
0 0.8278453125 0.18394169921875 0.8099693359375 0.1730884765625 0.80166982421875 0.15138193359375 0.77996328125 0.1322291015625 0.7620873046875 0.1200990234375 0.76847158203125 0.08817763671875 0.77868642578125 0.08051650390625 0.80103134765625 0.0862623046875 0.82465322265625 0.0811548828125 0.84125234375 0.0792396484375 0.85976669921875 0.0690248046875 0.89041123046875 0.0530640625 0.8967955078125 0.07540908203125 0.8859421875 0.09073134765625 0.87700419921875 0.11626845703125 0.87508896484375 0.13031376953125 0.87700419921875 0.14563603515625 0.87955791015625 0.15585087890625 0.87445048828125 0.17691904296875 0.87445048828125 0.1781958984375 0.85976669921875 0.18713388671875 0.8278453125 0.18394169921875
0 0.38070673828125 0.09935009765625 0.380068359375 0.112437890625 0.3759185546875 0.12584482421875 0.36538447265625 0.14372080078125 0.34910458984375 0.146912890625 0.31750244140625 0.14020947265625 0.31047978515625 0.1306330078125 0.30952216796875 0.10094619140625 0.31750244140625 0.07732431640625 0.3449548828125 0.064875 0.36187314453125 0.069982421875 0.38070673828125 0.09935009765625
0 0.03060986328125 0.03843642578125 0.04543623046875 0.09985986328125 0.0369640625 0.12739453125 0 0.13601943359375 0 0.016572265625 0.03060986328125 0.03843642578125
0 0.77262138671875 0.0776435546875 0.77006767578125 0.0878583984375 0.7553837890625 0.105734375 0.73367734375 0.1204181640625 0.71452451171875 0.1261640625 0.697925390625 0.122971875 0.66345029296875 0.105734375 0.64174375 0.08402783203125 0.64365908203125 0.0469990234375 0.6525970703125 0.00294755859375 0.7110568359375 0 0.7303359375 0 0.7707060546875 0.02018505859375 0.77262138671875 0.0776435546875
0 0.86072431640625 0.03359208984375 0.86647021484375 0.0450837890625 0.86136279296875 0.062959765625 0.844763671875 0.07700517578125 0.8217802734375 0.0878583984375 0.79560478515625 0.0795587890625 0.776451953125 0.059767578125 0.77262138671875 0.0214619140625 0.79408330078125 0 0.84602783203125 0 0.86072431640625 0.03359208984375
0 0.27630361328125 0.05326279296875 0.22123427734375 0.06385302734375 0.19369970703125 0.08503359375 0.16404697265625 0.04690869140625 0.1571486328125 0 0.29342373046875 0 0.27630361328125 0.05326279296875
0 0.36083681640625 0 0.51719853515625 0 0.52411533203125 0.013019921875 0.4648099609375 0.05326279296875 0.3673796875 0.07232529296875 0.3419630859375 0.01725595703125 0.36083681640625 0
0 0.64717041015625 0.0109279296875 0.6305712890625 0.020504296875 0.60439580078125 0.01731220703125 0.575028125 0.0007130859375 0.57496474609375 0 0.676503125 0 0.64717041015625 0.0109279296875