0 0.92787958984375 0.93992275390625 0.9915318359375 0.9208271484375 0.9990234375 0.92060673828125 0.9990234375 0.9990234375 0.8886919921875 0.9990234375 0.8854447265625 0.9802359375 0.92787958984375 0.93992275390625
0 0.8101228515625 0.979175 0.86316640625 0.9950880859375 0.86382236328125 0.9990234375 0.789140234375 0.9990234375 0.8101228515625 0.979175
0 0.7040357421875 0.96538369140625 0.745409765625 0.979175 0.7578859375 0.9990234375 0.647494140625 0.9990234375 0.65947919921875 0.985540234375 0.7040357421875 0.96538369140625
0 0.24149599609375 0.8211052734375 0.2929294921875 0.8802427734375 0.31599033203125 0.87023525390625 0.33167001953125 0.824287890625 0.37940927734375 0.8295921875 0.41653974609375 0.84020087890625 0.455225390625 0.8328158203125 0.491774609375 0.84108291015625 0.52701845703125 0.8615330078125 0.52745361328125 0.9389826171875 0.50395771484375 0.977272265625 0.50955087890625 0.9990234375 0.1629240234375 0.9990234375 0.15344375 0.9515923828125 0.14495673828125 0.93780107421875 0.159808984375 0.85611396484375 0.24149599609375 0.8211052734375
0 0.78041845703125 0.89642705078125 0.82815771484375 0.89218359375 0.85892294921875 0.9271923828125 0.84407080078125 0.96644453125 0.82709677734375 0.985540234375 0.778942578125 0.9990234375 0.77344248046875 0.9990234375 0.74328798828125 0.93143583984375 0.78041845703125 0.89642705078125
0 0.70615751953125 0.8635400390625 0.69024443359375 0.83171396484375 0.68918359375 0.81898349609375 0.7358619140625 0.7956443359375 0.76344453125 0.79033994140625 0.782540234375 0.79140087890625 0.80906201171875 0.80731396484375 0.8016359375 0.84338349609375 0.800575 0.84656611328125 0.758140234375 0.8646009765625 0.70615751953125 0.8635400390625
0 0.53747900390625 0.75002685546875 0.5268703125 0.7086529296875 0.5491486328125 0.67894853515625 0.583096484375 0.67894853515625 0.6117400390625 0.660913671875 0.64718515625 0.68451611328125 0.6731884765625 0.72135419921875 0.64144443359375 0.77548779296875 0.61492265625 0.8051921875 0.57673125 0.7521486328125 0.53747900390625 0.75002685546875
0 0.68175751953125 0.68425283203125 0.67857490234375 0.65667021484375 0.69024443359375 0.6333310546875 0.73055751953125 0.6333310546875 0.776175 0.64287890625 0.79102724609375 0.649244140625 0.8037576171875 0.6831919921875 0.7973923828125 0.70122685546875 0.7422271484375 0.7203224609375 0.68175751953125 0.68425283203125
0 0.02401748046875 0.78185302734375 0.046295703125 0.81261826171875 0.0775501953125 0.83934248046875 0.03038271484375 0.89112275390625 0.0028 0.930375 0 0.94087509765625 0 0.7619923828125 0.02401748046875 0.78185302734375
0 0.9990234375 0.814671875 0.9990234375 0.91271259765625 0.97561875 0.9134009765625 0.93636650390625 0.89430537109375 0.93954912109375 0.835957421875 0.9990234375 0.814671875
0 0.9724361328125 0.71926162109375 0.957583984375 0.6778876953125 0.99365361328125 0.6280267578125 0.9990234375 0.6263181640625 0.9990234375 0.74238095703125 0.9724361328125 0.71926162109375