0 0.852872265625 0.9732416015625 0.92182880859375 0.945658984375 0.983359375 0.945658984375 0.9990234375 0.958816796875 0.9990234375 0.9990234375 0.8462044921875 0.9990234375 0.852872265625 0.9732416015625
0 0.70872548828125 0.98466142578125 0.74289072265625 0.95732919921875 0.773639453125 0.95732919921875 0.7787642578125 0.9709953125 0.8009716796875 0.960745703125 0.830012109375 0.97270361328125 0.83342861328125 0.9983275390625 0.83302578125 0.9990234375 0.70918876953125 0.9990234375 0.70872548828125 0.98466142578125
0 0.18710693359375 0.9972978515625 0.19370791015625 0.9888109375 0.17956298828125 0.9576919921875 0.1701330078125 0.92563017578125 0.18239189453125 0.90865615234375 0.22859873046875 0.8897962890625 0.26066064453125 0.88413828125 0.2898935546875 0.88225234375 0.31346845703125 0.88602431640625 0.3313853515625 0.9171431640625 0.33987236328125 0.94166103515625 0.3294994140625 0.9558060546875 0.33515732421875 0.98598193359375 0.3410853515625 0.9990234375 0.1852087890625 0.9990234375 0.18710693359375 0.9972978515625
0 0.56556279296875 0.97120830078125 0.55047490234375 0.99886953125 0.55035517578125 0.9990234375 0.35186826171875 0.9990234375 0.34175830078125 0.96869365234375 0.33672900390625 0.9385177734375 0.364390234375 0.85804873046875 0.4146833984375 0.8228435546875 0.48509384765625 0.8303875 0.56556279296875 0.97120830078125
0 0.914402734375 0.39931044921875 0.914402734375 0.32929296875 0.98442021484375 0.2380580078125 0.9990234375 0.2399794921875 0.9990234375 0.43711962890625 0.914402734375 0.39931044921875
0 0.99715068359375 0.185014453125 0.958959375 0.1256056640625 0.9990234375 0.09250927734375 0.9990234375 0.18710751953125 0.99715068359375 0.185014453125
0 0.13807109375 0.69459599609375 0.16070302734375 0.709683984375 0.1883642578125 0.7172279296875 0.21602548828125 0.73985986328125 0.24368671875 0.80021162109375 0.2361427734375 0.8429607421875 0.20596689453125 0.87313662109375 0.1456150390625 0.8957685546875 0.0827486328125 0.8957685546875 0.00227958984375 0.84044609375 0 0.83543095703125 0 0.7259599609375 0.00982353515625 0.7172279296875 0.10035126953125 0.69711064453125 0.13807109375 0.69459599609375
0 0.709526953125 0.6857947265625 0.70764091796875 0.70465458984375 0.7038689453125 0.70936962890625 0.70009697265625 0.7131416015625 0.6897240234375 0.72445751953125 0.6755791015625 0.7272865234375 0.655776171875 0.7395455078125 0.6435171875 0.74426044921875 0.630315234375 0.7404884765625 0.6105123046875 0.7404884765625 0.602968359375 0.74991845703125 0.58033642578125 0.7800943359375 0.57184951171875 0.80932724609375 0.5690205078125 0.83856015625 0.55959052734375 0.84799013671875 0.5379015625 0.84138916015625 0.5152697265625 0.81498525390625 0.49923876953125 0.78858134765625 0.48132177734375 0.74991845703125 0.4766068359375 0.71691357421875 0.49358076171875 0.6452458984375 0.52564267578125 0.614126953125 0.56807744140625 0.57829306640625 0.6095693359375 0.5528322265625 0.6491751953125 0.5481171875 0.681237109375 0.56980615234375 0.69349599609375 0.60469697265625 0.69255302734375 0.6537328125 0.709526953125 0.6857947265625
0 0.75997333984375 0.56442890625 0.8078046875 0.530263671875 0.96838134765625 0.5353884765625 0.9990234375 0.583905078125 0.9990234375 0.61147626953125 0.94446572265625 0.6703412109375 0.93421611328125 0.71817255859375 0.9478822265625 0.77454521484375 0.918841796875 0.8172517578125 0.83172041015625 0.8462921875 0.78047255859375 0.82066826171875 0.75997333984375 0.7728369140625 0.7104337890625 0.7574625 0.6779767578125 0.711339453125 0.70189248046875 0.66521640625 0.71897509765625 0.63959248046875 0.7343494140625 0.63446767578125 0.75997333984375 0.56442890625
0 0.43480068359375 0.58505126953125 0.4310287109375 0.5878802734375 0.39519482421875 0.59448125 0.3659619140625 0.59731015625 0.34898798828125 0.583165234375 0.34144404296875 0.56807734375 0.33012802734375 0.555818359375 0.30938212890625 0.5237564453125 0.320698046875 0.4954666015625 0.33767197265625 0.47943564453125 0.37067685546875 0.46151875 0.38576484375 0.45208876953125 0.42159873046875 0.43322880859375 0.43857265625 0.42757080078125 0.47063447265625 0.43511484375 0.49609541015625 0.46246171875 0.517784375 0.48509365234375 0.43480068359375 0.58505126953125
0 0.62151396484375 0.40776787109375 0.62717197265625 0.4171978515625 0.66960673828125 0.4841505859375 0.66960673828125 0.49169462890625 0.66300576171875 0.50018154296875 0.64697490234375 0.502067578125 0.62339990234375 0.503010546875 0.61491298828125 0.503010546875 0.60925498046875 0.502067578125 0.5903951171875 0.49829560546875 0.56116220703125 0.4907515625 0.54607421875 0.4945236328125 0.532872265625 0.48792265625 0.5130693359375 0.47849267578125 0.46780556640625 0.44737373046875 0.4649765625 0.42757080078125 0.4649765625 0.41153994140625 0.4715775390625 0.3889080078125 0.48289345703125 0.3643900390625 0.48949443359375 0.33892919921875 0.4989244140625 0.315354296875 0.50835439453125 0.30592431640625 0.5649341796875 0.2823494140625 0.5913380859375 0.2964943359375 0.61491298828125 0.31252529296875 0.64697490234375 0.32101220703125 0.664891796875 0.3247841796875 0.64980380859375 0.3775919921875 0.62151396484375 0.40776787109375
0 0.42222734375 0.25704560546875 0.38953681640625 0.27213359375 0.33421435546875 0.224355078125 0.306553125 0.1539447265625 0.32667041015625 0.1111955078125 0.38953681640625 0.1162248046875 0.44737392578125 0.13885673828125 0.470005859375 0.16651796875 0.45491787109375 0.21932578125 0.42222734375 0.25704560546875
0 0.30938212890625 0.1918216796875 0.30938212890625 0.20690966796875 0.30561015625 0.21445361328125 0.2867501953125 0.22671259765625 0.24431533203125 0.2502875 0.21131044921875 0.2436865234375 0.1801916015625 0.22105458984375 0.1537876953125 0.1918216796875 0.1396427734375 0.14844384765625 0.158502734375 0.117325 0.20376650390625 0.1097810546875 0.23488544921875 0.105066015625 0.26977626953125 0.10129404296875 0.30938212890625 0.1918216796875
0 0.5731068359375 0.14137138671875 0.5705921875 0.14640068359375 0.55047490234375 0.151430078125 0.50521103515625 0.1539447265625 0.47503515625 0.14137138671875 0.4624619140625 0.108680859375 0.48509384765625 0.0483291015625 0.5202990234375 0.02569716796875 0.56053349609375 0.02318251953125 0.60831201171875 0.0483291015625 0.5731068359375 0.14137138671875
0 0.7243005859375 0.06640322265625 0.717699609375 0.09563603515625 0.6997826171875 0.1116669921875 0.68940966796875 0.117325 0.67432177734375 0.12015400390625 0.64697490234375 0.1248689453125 0.62434296875 0.10695205078125 0.61397001953125 0.08054814453125 0.6054830078125 0.06263125 0.613026953125 0.0305693359375 0.64791787109375 0.02113935546875 0.70921259765625 0.01076640625 0.7243005859375 0.06640322265625
0 0.28957919921875 0.06074521484375 0.2858072265625 0.06546015625 0.26977626953125 0.078662109375 0.22922744140625 0.0965791015625 0.1990515625 0.0975220703125 0.16227470703125 0.0852630859375 0.12361181640625 0.0296263671875 0.13755361328125 0 0.2883763671875 0 0.28957919921875 0.06074521484375
0 0.87621142578125 0.0577099609375 0.82953310546875 0.08741435546875 0.81680263671875 0.08741435546875 0.7680025390625 0.0577099609375 0.744606640625 0 0.90999287109375 0 0.87621142578125 0.0577099609375