0 0.93944052734375 0.9890908203125 0.9397509765625 0.9990234375 0.86476201171875 0.9990234375 0.86570224609375 0.9973904296875 0.88804716796875 0.98015283203125 0.91103056640625 0.96961884765625 0.93848291015625 0.969299609375 0.93944052734375 0.9890908203125
0 0.9705638671875 0.969299609375 0.98620537109375 0.99547509765625 0.9868953125 0.9990234375 0.9444078125 0.9990234375 0.9431115234375 0.98589873046875 0.928427734375 0.9600423828125 0.9482189453125 0.95270048828125 0.9705638671875 0.969299609375
0 0.97694814453125 0.98015283203125 0.9990234375 0.974008203125 0.9990234375 0.9990234375 0.98585341796875 0.9990234375 0.97694814453125 0.98015283203125
0 0.98524775390625 0.97440703125 0.9791826171875 0.95876552734375 0.9990234375 0.9392166015625 0.9990234375 0.97347626953125 0.98524775390625 0.97440703125
0 0.99817587890625 0.90162626953125 0.9990234375 0.90239501953125 0.9990234375 0.93959560546875 0.99211083984375 0.9463162109375 0.982215234375 0.9444009765625 0.97615009765625 0.93737822265625 0.972000390625 0.93227080078125 0.9595509765625 0.92492890625 0.958593359375 0.91758701171875 0.95827412109375 0.91503330078125 0.9509322265625 0.91152197265625 0.939759765625 0.9086490234375 0.932737109375 0.902583984375 0.91901083984375 0.8968380859375 0.9116689453125 0.8824734375 0.91198818359375 0.86300146484375 0.9218837890625 0.85470185546875 0.92316064453125 0.85023291015625 0.9132650390625 0.84097568359375 0.91103056640625 0.8352298828125 0.9116689453125 0.829483984375 0.92284140625 0.820865234375 0.931141015625 0.810650390625 0.9250759765625 0.7924552734375 0.931141015625 0.7806443359375 0.94327109375 0.7771330078125 0.95316669921875 0.77426005859375 0.95220908203125 0.759576171875 0.97678857421875 0.76500283203125 0.9898763671875 0.77074873046875 0.99721826171875 0.78511328125 0.9990234375 0.78899453125 0.9990234375 0.808594921875 0.996260546875 0.81448095703125 0.9990234375 0.8144390625 0.9990234375 0.89166748046875 0.99817587890625 0.90162626953125
0 0.99873447265625 0.7247021484375 0.99777685546875 0.73044794921875 0.9939462890625 0.7400244140625 0.98564677734375 0.74640869140625 0.98149697265625 0.75247373046875 0.96298251953125 0.75758115234375 0.94670263671875 0.757900390625 0.93904150390625 0.7505583984375 0.931699609375 0.7572619140625 0.9272306640625 0.7502392578125 0.92435771484375 0.7282134765625 0.92180400390625 0.7144873046875 0.91158916015625 0.70554931640625 0.90297041015625 0.6959728515625 0.90903544921875 0.67905458984375 0.919888671875 0.6701166015625 0.9374455078125 0.657348046875 0.9546830078125 0.65192138671875 0.9751126953125 0.654155859375 0.982773828125 0.66820126953125 0.9990234375 0.67662705078125 0.9990234375 0.72446474609375 0.99873447265625 0.7247021484375
0 0.987083203125 0.6179251953125 0.98772158203125 0.6182443359375 0.9889984375 0.62207490234375 0.99059453125 0.62622470703125 0.99187138671875 0.62782080078125 0.99442509765625 0.62973603515625 0.9990234375 0.63126884765625 0.9990234375 0.67609150390625 0.98484873046875 0.67506435546875 0.9778259765625 0.65846533203125 0.9656958984375 0.6524001953125 0.947819921875 0.65591162109375 0.93473212890625 0.65686923828125 0.93952041015625 0.63739716796875 0.947819921875 0.6316513671875 0.958034765625 0.6316513671875 0.96697275390625 0.62973603515625 0.987083203125 0.6179251953125
0 0.98421025390625 0.56046669921875 0.98995615234375 0.56812783203125 0.99602119140625 0.57578896484375 0.99761728515625 0.5754697265625 0.9990234375 0.5754697265625 0.9990234375 0.60880791015625 0.9982556640625 0.6102640625 0.98421025390625 0.61760595703125 0.9708033203125 0.6265439453125 0.95420419921875 0.63388583984375 0.94111640625 0.62813994140625 0.9471814453125 0.60132607421875 0.94558544921875 0.58121552734375 0.9545234375 0.56748935546875 0.9717609375 0.55791298828125 0.98421025390625 0.56046669921875
0 0.9186119140625 0.472842578125 0.9205271484375 0.47443857421875 0.92850751953125 0.48561103515625 0.92850751953125 0.4961451171875 0.9265921875 0.5047638671875 0.9224423828125 0.510509765625 0.9138236328125 0.5200861328125 0.9093546875 0.5267896484375 0.895628515625 0.5389197265625 0.88190224609375 0.5405158203125 0.8742412109375 0.52966259765625 0.8710490234375 0.50923291015625 0.87136826171875 0.4875263671875 0.87839091796875 0.472842578125 0.90137431640625 0.46422373046875 0.9186119140625 0.472842578125
0 0.8261197265625 0.9814296875 0.8280349609375 0.9753646484375 0.830588671875 0.9737685546875 0.839207421875 0.97217255859375 0.84814541015625 0.9728109375 0.8551681640625 0.97440703125 0.85931796875 0.976003125 0.866340625 0.9836642578125 0.86921357421875 0.99260224609375 0.86921357421875 0.9957943359375 0.868255859375 0.99707119140625 0.86665859375 0.9990234375 0.7749349609375 0.9990234375 0.77791845703125 0.99515595703125 0.79355986328125 0.988133203125 0.7970712890625 0.977918359375 0.80537080078125 0.959084765625 0.8261197265625 0.9814296875
0 0.58192119140625 0.94057041015625 0.58830546875 0.937058984375 0.60043564453125 0.93897431640625 0.60905439453125 0.9565310546875 0.61416181640625 0.95397734375 0.625653515625 0.948869921875 0.6368259765625 0.95333896484375 0.647679296875 0.9549349609375 0.651190625 0.97249169921875 0.6607669921875 0.99196376953125 0.66459755859375 0.9820681640625 0.671939453125 0.9769607421875 0.68151591796875 0.97983369140625 0.693965234375 0.98941005859375 0.69331572265625 0.9990234375 0.58357841796875 0.9990234375 0.58192119140625 0.94057041015625
0 0.79770966796875 0.97121484375 0.79515595703125 0.976003125 0.79419833984375 0.98685634765625 0.791325390625 0.98941005859375 0.7801529296875 0.99451748046875 0.77902646484375 0.9990234375 0.75670556640625 0.9990234375 0.7546158203125 0.996751953125 0.74887001953125 0.99802880859375 0.7394212890625 0.9990234375 0.7196044921875 0.9990234375 0.70801064453125 0.99292138671875 0.71152197265625 0.9785568359375 0.7092875 0.96546904296875 0.7169486328125 0.95365810546875 0.71503330078125 0.9495083984375 0.7210984375 0.93386689453125 0.7389744140625 0.93035556640625 0.752062109375 0.92205595703125 0.7581271484375 0.9223751953125 0.77376865234375 0.93514375 0.7868564453125 0.931632421875 0.80377470703125 0.93067470703125 0.8123935546875 0.9428048828125 0.803136328125 0.959084765625 0.79770966796875 0.97121484375
0 0.891877734375 0.86300146484375 0.89506982421875 0.86300146484375 0.89985810546875 0.8626822265625 0.9072 0.86683203125 0.91039208984375 0.8709818359375 0.91358427734375 0.87864296875 0.91581875 0.88438876953125 0.91645712890625 0.89045380859375 0.917733984375 0.90162626953125 0.919330078125 0.908010546875 0.9199685546875 0.908010546875 0.93146025390625 0.9070529296875 0.93944052734375 0.9086490234375 0.9423134765625 0.91088349609375 0.94103662109375 0.91790625 0.93465234375 0.9258865234375 0.9269912109375 0.9293978515625 0.9202876953125 0.93322841796875 0.9151802734375 0.94408173828125 0.912307421875 0.95397734375 0.91198818359375 0.9616384765625 0.90943447265625 0.9686611328125 0.89858125 0.97408779296875 0.880066796875 0.97919521484375 0.86953271484375 0.97823759765625 0.86921357421875 0.969299609375 0.86921357421875 0.95940400390625 0.86251005859375 0.96131923828125 0.85325283203125 0.96451142578125 0.8372921875 0.959084765625 0.82420439453125 0.947273828125 0.82420439453125 0.9290787109375 0.82771572265625 0.91662939453125 0.8296310546875 0.90577607421875 0.8315462890625 0.89204990234375 0.83697294921875 0.878962109375 0.83952666015625 0.863320703125 0.82995029296875 0.8473599609375 0.83601533203125 0.83044169921875 0.85836025390625 0.82565341796875 0.86314853515625 0.84193330078125 0.8704904296875 0.853105859375 0.891877734375 0.86300146484375
0 0.7424857421875 0.90769140625 0.7383359375 0.9086490234375 0.7357822265625 0.90896826171875 0.731632421875 0.90928740234375 0.723013671875 0.9086490234375 0.7134373046875 0.90449921875 0.70705302734375 0.8933267578125 0.70769140625 0.878962109375 0.71662939453125 0.8591708984375 0.72429052734375 0.85629794921875 0.73003642578125 0.85629794921875 0.74823154296875 0.8661935546875 0.75493505859375 0.87257783203125 0.7597232421875 0.8850271484375 0.7424857421875 0.90769140625
0 0.83761142578125 0.8652359375 0.83761142578125 0.87066259765625 0.83569609375 0.873535546875 0.83026943359375 0.88087744140625 0.82228916015625 0.88694248046875 0.80888212890625 0.897795703125 0.7964328125 0.90066865234375 0.78749482421875 0.8974765625 0.78206826171875 0.89109228515625 0.77696083984375 0.87513154296875 0.78047216796875 0.85693642578125 0.7989865234375 0.8454447265625 0.8194162109375 0.84161416015625 0.83761142578125 0.8652359375
0 0.6083361328125 0.8341923828125 0.61184755859375 0.83036181640625 0.61727412109375 0.82780810546875 0.62206240234375 0.8255736328125 0.63131953125 0.823019921875 0.63770380859375 0.82333916015625 0.64313046875 0.82844658203125 0.64887626953125 0.83770380859375 0.6424919921875 0.84376884765625 0.646641796875 0.85142998046875 0.65111083984375 0.8495146484375 0.66164482421875 0.8495146484375 0.6705828125 0.8527068359375 0.6712212890625 0.86164482421875 0.66834833984375 0.87377490234375 0.66324091796875 0.87888232421875 0.648237890625 0.88558583984375 0.64025751953125 0.8887779296875 0.63515009765625 0.89771591796875 0.63163876953125 0.901546484375 0.61791259765625 0.904738671875 0.60961298828125 0.9021849609375 0.60163271484375 0.89165087890625 0.59429072265625 0.89069326171875 0.586948828125 0.8868626953125 0.58822568359375 0.85685654296875 0.6029095703125 0.84887626953125 0.6083361328125 0.8341923828125
0 0.62557373046875 0.70235712890625 0.6297234375 0.68607724609375 0.6405767578125 0.68448115234375 0.6491955078125 0.68448115234375 0.65813349609375 0.6857580078125 0.66483701171875 0.69118466796875 0.6696251953125 0.69214228515625 0.67537099609375 0.69469599609375 0.6782439453125 0.7058685546875 0.68079765625 0.7164025390625 0.6817552734375 0.72246767578125 0.6833513671875 0.72885185546875 0.6868626953125 0.742578125 0.6900548828125 0.75247373046875 0.7002697265625 0.7537505859375 0.71016533203125 0.76109248046875 0.7069732421875 0.7709880859375 0.69484306640625 0.78088369140625 0.70058896484375 0.78758720703125 0.71271904296875 0.7879064453125 0.723572265625 0.79620595703125 0.70825009765625 0.811208984375 0.69228935546875 0.80769765625 0.68622431640625 0.8169548828125 0.68015927734375 0.8383421875 0.65047236328125 0.84121513671875 0.65111083984375 0.82525439453125 0.65462216796875 0.80929375 0.6440880859375 0.80961298828125 0.6252544921875 0.81057060546875 0.6048248046875 0.80801689453125 0.58790654296875 0.79620595703125 0.586948828125 0.7630078125 0.595567578125 0.7486431640625 0.5930138671875 0.73619384765625 0.5930138671875 0.7135296875 0.61631650390625 0.71257197265625 0.62557373046875 0.70235712890625
0 0.7602818359375 0.80897451171875 0.74272509765625 0.79524833984375 0.7286796875 0.7879064453125 0.725168359375 0.76875361328125 0.72708369140625 0.7435357421875 0.72708369140625 0.72917109375 0.718145703125 0.7195947265625 0.72740283203125 0.71161435546875 0.74080986328125 0.71672177734375 0.74240595703125 0.70459169921875 0.76219716796875 0.69118466796875 0.7823076171875 0.68831171875 0.78773427734375 0.695015234375 0.78996875 0.70139951171875 0.8011412109375 0.703633984375 0.81582509765625 0.7112951171875 0.822209375 0.71991396484375 0.82380537109375 0.73459775390625 0.83210498046875 0.74640869140625 0.8404044921875 0.76013486328125 0.8388083984375 0.775137890625 0.84072373046875 0.78184140625 0.8490232421875 0.79333310546875 0.85604599609375 0.80769765625 0.85444990234375 0.81503955078125 0.8506193359375 0.82270068359375 0.841362109375 0.82940419921875 0.83050888671875 0.8341923828125 0.8250822265625 0.83546923828125 0.82029404296875 0.8306810546875 0.82029404296875 0.82685048828125 0.8094408203125 0.82685048828125 0.7985875 0.82589287109375 0.78518056640625 0.82429677734375 0.783265234375 0.81408193359375 0.78262685546875 0.80897451171875 0.7602818359375 0.80897451171875
0 0.91829267578125 0.768434375 0.90552412109375 0.77801083984375 0.890840234375 0.77737236328125 0.88254072265625 0.782160546875 0.87871015625 0.7965251953125 0.85796123046875 0.7965251953125 0.85189619140625 0.7690728515625 0.841362109375 0.75247373046875 0.82635908203125 0.737470703125 0.82540146484375 0.71161435546875 0.83242421875 0.6889501953125 0.853173046875 0.677777734375 0.87551806640625 0.6771392578125 0.8949900390625 0.6819275390625 0.901055078125 0.6975689453125 0.9093546875 0.70235712890625 0.91765419921875 0.70906064453125 0.92340009765625 0.7307671875 0.92691142578125 0.7505583984375 0.91829267578125 0.768434375
0 0.82875322265625 0.6763412109375 0.82971083984375 0.67538359375 0.83066845703125 0.66644560546875 0.837052734375 0.6524001953125 0.8443947265625 0.65655 0.85429033203125 0.661657421875 0.86227060546875 0.67251064453125 0.848863671875 0.678894921875 0.831626171875 0.69357880859375 0.82364580078125 0.71624296875 0.8086427734375 0.70379365234375 0.802896875 0.7034744140625 0.78885146484375 0.69772861328125 0.778955859375 0.6913443359375 0.76810263671875 0.69102509765625 0.75884541015625 0.6916634765625 0.7508650390625 0.68687529296875 0.74192705078125 0.67059541015625 0.74352314453125 0.65782685546875 0.74639609375 0.64346220703125 0.7575685546875 0.63803564453125 0.77672138671875 0.6421853515625 0.79204365234375 0.639631640625 0.79619345703125 0.632608984375 0.80672744140625 0.63292822265625 0.800981640625 0.6606998046875 0.82875322265625 0.6763412109375
0 0.72165703125 0.64489873046875 0.723253125 0.64266416015625 0.73570244140625 0.6378759765625 0.7436828125 0.63979130859375 0.74687490234375 0.6445794921875 0.74591728515625 0.6496869140625 0.744001953125 0.6512830078125 0.7395330078125 0.660859375 0.7436828125 0.6720318359375 0.74687490234375 0.68288515625 0.74336357421875 0.68958857421875 0.735383203125 0.69182314453125 0.72229541015625 0.68416201171875 0.7175072265625 0.6752240234375 0.716549609375 0.69214228515625 0.71271904296875 0.6991650390625 0.70410029296875 0.70331484375 0.69835439453125 0.70395322265625 0.69133173828125 0.7010802734375 0.68462822265625 0.69182314453125 0.68079765625 0.686396484375 0.6705828125 0.68256591796875 0.66164482421875 0.6787353515625 0.65398369140625 0.676181640625 0.648237890625 0.66979736328125 0.64025751953125 0.65702880859375 0.63259638671875 0.648729296875 0.62653134765625 0.6461755859375 0.6217431640625 0.638514453125 0.6217431640625 0.62383056640625 0.6211046875 0.614892578125 0.617593359375 0.60435859375 0.61950869140625 0.59414375 0.63674619140625 0.596058984375 0.6507916015625 0.5966974609375 0.6680291015625 0.60244326171875 0.68271298828125 0.607869921875 0.70058896484375 0.6190423828125 0.71782646484375 0.6222345703125 0.72899892578125 0.6324494140625 0.72165703125 0.64489873046875
0 0.87009140625 0.5334931640625 0.88764814453125 0.54083505859375 0.89020185546875 0.5370044921875 0.9061625 0.5287048828125 0.91956953125 0.541154296875 0.92691142578125 0.54690009765625 0.9291458984375 0.55615732421875 0.94319130859375 0.56637216796875 0.94829873046875 0.58360966796875 0.94414892578125 0.61616943359375 0.9393607421875 0.6413873046875 0.93042275390625 0.66245546875 0.90967392578125 0.67298955078125 0.86721845703125 0.66724365234375 0.84774638671875 0.6583056640625 0.83785078125 0.64777158203125 0.82284775390625 0.6327685546875 0.81742109375 0.61361572265625 0.82029404296875 0.5883978515625 0.82348623046875 0.5711603515625 0.825720703125 0.55168828125 0.8368931640625 0.5386005859375 0.87009140625 0.5334931640625
0 0.617593359375 0.60850830078125 0.61950869140625 0.6225537109375 0.6064208984375 0.61680791015625 0.60259033203125 0.60755068359375 0.59588681640625 0.59701669921875 0.5930138671875 0.59414375 0.58631044921875 0.587440234375 0.5866296875 0.5781830078125 0.59652529296875 0.56988349609375 0.60674013671875 0.56413759765625 0.61695498046875 0.5577533203125 0.6233392578125 0.55488046875 0.6338732421875 0.55360361328125 0.6424919921875 0.5523267578125 0.650153125 0.55871103515625 0.65142998046875 0.5676490234375 0.65174921875 0.57499091796875 0.6533453125 0.5880787109375 0.65302607421875 0.59414375 0.6523876953125 0.59701669921875 0.61982783203125 0.5935052734375 0.617593359375 0.60850830078125
0 0.8282744140625 0.541154296875 0.8250822265625 0.5491345703125 0.82125166015625 0.558391796875 0.82093251953125 0.578821484375 0.81933642578125 0.59190927734375 0.81678271484375 0.6037201171875 0.81774033203125 0.616488671875 0.82029404296875 0.62702275390625 0.81742109375 0.62702275390625 0.8145482421875 0.6241498046875 0.80497177734375 0.6171271484375 0.79699140625 0.614892578125 0.78837265625 0.6206384765625 0.795076171875 0.63053408203125 0.7941185546875 0.635322265625 0.7931609375 0.63979130859375 0.79124560546875 0.64202578125 0.7807115234375 0.64521787109375 0.7756041015625 0.6445794921875 0.76475087890625 0.63979130859375 0.755812890625 0.63819521484375 0.7497478515625 0.63819521484375 0.73985224609375 0.6378759765625 0.72804130859375 0.63340703125 0.72452998046875 0.6276611328125 0.7123998046875 0.62095771484375 0.69963125 0.62127685546875 0.6849474609375 0.60914677734375 0.6782439453125 0.59988955078125 0.66898681640625 0.59254765625 0.6629216796875 0.5829712890625 0.66643310546875 0.5727564453125 0.66834833984375 0.5650953125 0.67696708984375 0.55871103515625 0.68367060546875 0.55168828125 0.68303212890625 0.54753857421875 0.68015927734375 0.54498486328125 0.6712212890625 0.53508916015625 0.6610064453125 0.51593642578125 0.658452734375 0.49646435546875 0.65111083984375 0.47954599609375 0.6440880859375 0.47316171875 0.64313046875 0.459435546875 0.6456841796875 0.445709375 0.64313046875 0.43836748046875 0.64696103515625 0.4310255859375 0.65909111328125 0.428471875 0.67090205078125 0.428791015625 0.684308984375 0.43230244140625 0.69292783203125 0.43836748046875 0.696119921875 0.4415595703125 0.70250419921875 0.4431556640625 0.709526953125 0.440601953125 0.72133779296875 0.4399634765625 0.728360546875 0.439005859375 0.73761767578125 0.44634775390625 0.74527880859375 0.4533705078125 0.74847099609375 0.4517744140625 0.76155869140625 0.45400888671875 0.76730458984375 0.4603931640625 0.76570849609375 0.48369580078125 0.76666611328125 0.49997568359375 0.78198837890625 0.49997568359375 0.79826826171875 0.5028486328125 0.81774033203125 0.5028486328125 0.82699755859375 0.5069984375 0.83561630859375 0.5334931640625 0.8282744140625 0.541154296875
0 0.64185361328125 0.46885234375 0.64887626953125 0.482259375 0.660048828125 0.49311259765625 0.660048828125 0.5020505859375 0.66324091796875 0.51833046875 0.6629216796875 0.52152265625 0.6610064453125 0.52375712890625 0.6574951171875 0.52822607421875 0.65557978515625 0.5285453125 0.6472802734375 0.5310990234375 0.63834228515625 0.5317375 0.63131953125 0.53397197265625 0.6322771484375 0.53748330078125 0.63131953125 0.53844091796875 0.626212109375 0.54003701171875 0.61727412109375 0.5397177734375 0.6048248046875 0.53237587890625 0.59844052734375 0.5378025390625 0.5875873046875 0.53301435546875 0.58311826171875 0.5113078125 0.5824798828125 0.48960126953125 0.58311826171875 0.4643833984375 0.586948828125 0.45384931640625 0.58375673828125 0.43341962890625 0.58918330078125 0.424481640625 0.60003662109375 0.4490611328125 0.6182318359375 0.44842265625 0.64025751953125 0.4509763671875 0.64185361328125 0.46885234375
0 0.895628515625 0.4208107421875 0.89882060546875 0.4243220703125 0.9068009765625 0.42815263671875 0.9087162109375 0.42974873046875 0.90712021484375 0.4399634765625 0.9052048828125 0.4517744140625 0.89882060546875 0.46422373046875 0.89211708984375 0.46837353515625 0.8831791015625 0.47188486328125 0.87647568359375 0.47794990234375 0.87328349609375 0.48529189453125 0.873602734375 0.49742197265625 0.87328349609375 0.5242359375 0.87072978515625 0.53317392578125 0.86689921875 0.53668525390625 0.86019580078125 0.53828134765625 0.8490232421875 0.54019658203125 0.83817001953125 0.537962109375 0.832743359375 0.52902412109375 0.82891279296875 0.51593642578125 0.82093251953125 0.5063599609375 0.81327138671875 0.50508310546875 0.80497177734375 0.5047638671875 0.79124560546875 0.50221015625 0.77656181640625 0.49901806640625 0.76985830078125 0.49646435546875 0.764431640625 0.4894416015625 0.76475087890625 0.47443857421875 0.7704966796875 0.4575203125 0.7874150390625 0.45273203125 0.8078447265625 0.43262158203125 0.81007919921875 0.41698017578125 0.81869794921875 0.40644609375 0.8215708984375 0.39942333984375 0.83114736328125 0.384101171875 0.84742724609375 0.382505078125 0.87647568359375 0.3885701171875 0.895628515625 0.4208107421875
0 0.6543029296875 0.3756419921875 0.6705828125 0.3689384765625 0.674094140625 0.37436513671875 0.66356015625 0.3842607421875 0.65494140625 0.39351796875 0.66675224609375 0.40852099609375 0.66834833984375 0.40947861328125 0.68718193359375 0.40596728515625 0.68622431640625 0.40852099609375 0.67856318359375 0.4200126953125 0.6814361328125 0.42639697265625 0.6798400390625 0.4270353515625 0.670263671875 0.4286314453125 0.64855712890625 0.4286314453125 0.6447265625 0.43405810546875 0.6440880859375 0.44938037109375 0.64089599609375 0.45129560546875 0.63355400390625 0.45001875 0.6131244140625 0.44969951171875 0.60163271484375 0.44874189453125 0.60003662109375 0.4407615234375 0.6064208984375 0.43118515625 0.6134435546875 0.41650126953125 0.60354794921875 0.41298994140625 0.6083361328125 0.40500966796875 0.615678125 0.39479482421875 0.6185509765625 0.385218359375 0.626212109375 0.36989609375 0.64313046875 0.36510791015625 0.6543029296875 0.3756419921875
0 0.71351708984375 0.4423576171875 0.702025390625 0.44714580078125 0.68957607421875 0.4388462890625 0.6822341796875 0.426077734375 0.6771267578125 0.41969345703125 0.6841494140625 0.4082017578125 0.69212978515625 0.404051953125 0.66499658203125 0.4082017578125 0.65573935546875 0.39256025390625 0.6704232421875 0.37947255859375 0.679999609375 0.37308828125 0.6908529296875 0.36415029296875 0.70585595703125 0.3603197265625 0.7116017578125 0.36670400390625 0.71511318359375 0.359362109375 0.7250087890625 0.3552123046875 0.7352236328125 0.34244375 0.7422462890625 0.34052841796875 0.75022666015625 0.33957080078125 0.75820703125 0.34084765625 0.76139912109375 0.34276298828125 0.7693794921875 0.3469126953125 0.78342490234375 0.36000048828125 0.787574609375 0.383303125 0.789170703125 0.39160263671875 0.79906630859375 0.3963908203125 0.802577734375 0.40181748046875 0.80672744140625 0.409159375 0.81087724609375 0.4184166015625 0.808004296875 0.4305466796875 0.80225849609375 0.436292578125 0.7898091796875 0.4474650390625 0.78885146484375 0.44938037109375 0.7824671875 0.45289169921875 0.77512529296875 0.45576455078125 0.77065634765625 0.45704140625 0.76650654296875 0.45736064453125 0.7591646484375 0.4532109375 0.75373798828125 0.4525724609375 0.74863056640625 0.45033798828125 0.74416162109375 0.45480693359375 0.742884765625 0.45001875 0.7336275390625 0.44203837890625 0.7285201171875 0.4382078125 0.724051171875 0.44299609375 0.71351708984375 0.4423576171875
0 0.773050390625 0.31993916015625 0.78358447265625 0.31642783203125 0.7992259765625 0.3218544921875 0.80816396484375 0.3253658203125 0.82284775390625 0.3323884765625 0.8352970703125 0.33781513671875 0.842958203125 0.3406880859375 0.84327744140625 0.34643388671875 0.8490232421875 0.35473349609375 0.85444990234375 0.3697365234375 0.86626083984375 0.3764400390625 0.87807177734375 0.37899375 0.8761564453125 0.38793173828125 0.86626083984375 0.38601640625 0.84966171875 0.38218583984375 0.83146650390625 0.38729326171875 0.827316796875 0.3971888671875 0.80497177734375 0.398146484375 0.793480078125 0.39335830078125 0.78837265625 0.373886328125 0.78294609375 0.3579255859375 0.77113515625 0.3473916015625 0.7516630859375 0.33941123046875 0.73410634765625 0.34388017578125 0.7286796875 0.34036884765625 0.7226146484375 0.33366533203125 0.72165703125 0.31738544921875 0.72484912109375 0.30365927734375 0.7360216796875 0.3030208984375 0.7411291015625 0.3090859375 0.75038623046875 0.31930078125 0.7551744140625 0.314193359375 0.76251640625 0.31642783203125 0.7685814453125 0.32504658203125 0.7787962890625 0.33366533203125 0.773050390625 0.31993916015625
0 0.90153388671875 0.38298388671875 0.89802255859375 0.385218359375 0.8938728515625 0.38649521484375 0.8890845703125 0.38745283203125 0.8814234375 0.383622265625 0.8769544921875 0.37787646484375 0.87312392578125 0.3759611328125 0.85971689453125 0.375003515625 0.85620556640625 0.3670232421875 0.8546095703125 0.3628734375 0.848863671875 0.35585068359375 0.8447138671875 0.3520201171875 0.84152177734375 0.3469126953125 0.84407548828125 0.34244375 0.847267578125 0.333825 0.850459765625 0.32744072265625 0.85524794921875 0.3229716796875 0.8555671875 0.31658740234375 0.85173662109375 0.3108416015625 0.847267578125 0.30605341796875 0.8479060546875 0.30381884765625 0.8581208984375 0.30126513671875 0.8651435546875 0.29934990234375 0.87248544921875 0.29009267578125 0.87918896484375 0.29264638671875 0.8814234375 0.29105029296875 0.891319140625 0.28562373046875 0.8938728515625 0.28562373046875 0.90025703125 0.28402763671875 0.90664130859375 0.29264638671875 0.9130255859375 0.29775380859375 0.91398330078125 0.310203125 0.9197291015625 0.3133953125 0.93026318359375 0.3159490234375 0.93728583984375 0.32839833984375 0.93122080078125 0.33861318359375 0.92707099609375 0.359362109375 0.9111103515625 0.375003515625 0.90153388671875 0.38298388671875
0 0.6260525390625 0.26168271484375 0.62317958984375 0.25689443359375 0.62126435546875 0.25497919921875 0.6199875 0.2530638671875 0.61966826171875 0.25051015625 0.62126435546875 0.2444451171875 0.6228603515625 0.24221064453125 0.62317958984375 0.24221064453125 0.6260525390625 0.24061455078125 0.62637177734375 0.24061455078125 0.63020234375 0.238380078125 0.63435205078125 0.236783984375 0.6404171875 0.23454951171875 0.64105556640625 0.2339111328125 0.64775908203125 0.2307189453125 0.65031279296875 0.2291228515625 0.65542021484375 0.22752685546875 0.65893154296875 0.228165234375 0.659569921875 0.22848447265625 0.6618044921875 0.23008056640625 0.66467734375 0.2316765625 0.66563505859375 0.2323150390625 0.66786953125 0.2339111328125 0.67106162109375 0.23518798828125 0.67425380859375 0.23774169921875 0.67776513671875 0.2390185546875 0.68351103515625 0.23869931640625 0.6841494140625 0.23869931640625 0.6873416015625 0.24316826171875 0.6892568359375 0.24572197265625 0.69468349609375 0.248594921875 0.69500263671875 0.24891416015625 0.6962794921875 0.25051015625 0.69819482421875 0.25497919921875 0.69819482421875 0.2581712890625 0.7010677734375 0.26359794921875 0.70234462890625 0.26455556640625 0.70266376953125 0.26455556640625 0.7045791015625 0.2629595703125 0.7096865234375 0.2629595703125 0.71096337890625 0.26200185546875 0.71192099609375 0.26200185546875 0.7214974609375 0.2648748046875 0.7214974609375 0.27381279296875 0.720858984375 0.27955869140625 0.7218166015625 0.2817931640625 0.7250087890625 0.2869005859375 0.72564716796875 0.28753896484375 0.72596640625 0.28913505859375 0.7266048828125 0.2923271484375 0.72628564453125 0.29839228515625 0.72564716796875 0.3006267578125 0.724051171875 0.30318046875 0.72373193359375 0.30349970703125 0.7234126953125 0.30381884765625 0.72117822265625 0.3073302734375 0.72053974609375 0.308287890625 0.7167091796875 0.31179921875 0.7157515625 0.3127568359375 0.7157515625 0.3133953125 0.71798603515625 0.316906640625 0.72053974609375 0.32073720703125 0.7218166015625 0.3245677734375 0.72213583984375 0.3280791015625 0.72213583984375 0.33861318359375 0.7214974609375 0.34084765625 0.72022060546875 0.34308212890625 0.7183052734375 0.34627431640625 0.7167091796875 0.3485087890625 0.7157515625 0.349147265625 0.71032490234375 0.3542546875 0.709048046875 0.356169921875 0.70681357421875 0.359362109375 0.7029830078125 0.36127734375 0.7013869140625 0.36159658203125 0.6962794921875 0.3619158203125 0.6908529296875 0.3619158203125 0.686703125 0.36127734375 0.6790419921875 0.36063896484375 0.6748921875 0.3622349609375 0.6720193359375 0.36574638671875 0.6720193359375 0.369576953125 0.669784765625 0.37308828125 0.662762109375 0.37468427734375 0.65797392578125 0.37468427734375 0.65382412109375 0.37276904296875 0.6515896484375 0.3714921875 0.6480783203125 0.3689384765625 0.64584375 0.3673423828125 0.6429708984375 0.36351181640625 0.643928515625 0.3552123046875 0.63945947265625 0.3571275390625 0.635309765625 0.36063896484375 0.6311599609375 0.36159658203125 0.62669091796875 0.35968125 0.61966826171875 0.35393544921875 0.61551845703125 0.34723193359375 0.61200712890625 0.34882802734375 0.606261328125 0.347551171875 0.6037076171875 0.34403984375 0.60243076171875 0.3418052734375 0.6005154296875 0.33957080078125 0.59413115234375 0.33510185546875 0.59508876953125 0.32839833984375 0.59476962890625 0.32329091796875 0.5851931640625 0.31403369140625 0.5835970703125 0.2904119140625 0.58934296875 0.29328486328125 0.59317353515625 0.29136953125 0.58806611328125 0.279239453125 0.59796171875 0.27221669921875 0.60658046875 0.27445126953125 0.61200712890625 0.27445126953125 0.6142416015625 0.26774775390625 0.633713671875 0.27189755859375 0.6260525390625 0.26168271484375
0 0.84088330078125 0.29136953125 0.84503310546875 0.2990306640625 0.84535234375 0.3057341796875 0.84758681640625 0.30892626953125 0.85333271484375 0.3127568359375 0.85588642578125 0.3194603515625 0.85014052734375 0.32648310546875 0.84503310546875 0.3382939453125 0.82715712890625 0.33701708984375 0.8351375 0.32935595703125 0.81598466796875 0.32680224609375 0.8086427734375 0.32361015625 0.799385546875 0.32073720703125 0.78725546875 0.31658740234375 0.77065634765625 0.3220140625 0.7607607421875 0.3178642578125 0.751503515625 0.30701103515625 0.7403310546875 0.3047765625 0.73458515625 0.3006267578125 0.73139306640625 0.2904119140625 0.72277431640625 0.27381279296875 0.72117822265625 0.26359794921875 0.70330224609375 0.2632787109375 0.70234462890625 0.26008662109375 0.70074853515625 0.25178701171875 0.69500263671875 0.24476435546875 0.69819482421875 0.23454951171875 0.703940625 0.2221001953125 0.71255947265625 0.21571591796875 0.7147939453125 0.21986572265625 0.71798603515625 0.2256115234375 0.7234126953125 0.22688837890625 0.729477734375 0.22848447265625 0.7320314453125 0.22273857421875 0.73618125 0.2138005859375 0.74001181640625 0.21220458984375 0.74511923828125 0.21060849609375 0.74958818359375 0.2032666015625 0.7505458984375 0.19369013671875 0.75724931640625 0.19241328125 0.7677833984375 0.19081728515625 0.771933203125 0.1981591796875 0.77863662109375 0.2058203125 0.78278642578125 0.2134814453125 0.78278642578125 0.21731201171875 0.797789453125 0.23103818359375 0.8191767578125 0.23454951171875 0.83545673828125 0.2434875 0.84343701171875 0.2460412109375 0.85365185546875 0.2562560546875 0.84854443359375 0.27892021484375 0.8479060546875 0.294880859375 0.84088330078125 0.29136953125
0 0.8498212890625 0.25402158203125 0.8469484375 0.250191015625 0.8463099609375 0.24731806640625 0.84375625 0.24380673828125 0.837052734375 0.24221064453125 0.83322216796875 0.239976171875 0.828433984375 0.238380078125 0.82460341796875 0.23646484375 0.82268818359375 0.2339111328125 0.82268818359375 0.2323150390625 0.8239650390625 0.22433466796875 0.82971083984375 0.22497314453125 0.830030078125 0.22241943359375 0.8293916015625 0.22146171875 0.8293916015625 0.21922724609375 0.828433984375 0.2138005859375 0.828433984375 0.21156611328125 0.83034931640625 0.207735546875 0.8319453125 0.2051818359375 0.83737197265625 0.20198974609375 0.84758681640625 0.20103212890625 0.85269423828125 0.199116796875 0.85429033203125 0.1965630859375 0.86099375 0.19337099609375 0.86642041015625 0.1946478515625 0.87759287109375 0.19879755859375 0.8804658203125 0.20198974609375 0.8820619140625 0.21220458984375 0.88270029296875 0.2205041015625 0.8820619140625 0.22752685546875 0.8820619140625 0.23454951171875 0.88589248046875 0.23965693359375 0.88748857421875 0.246998828125 0.8855732421875 0.25178701171875 0.88301953125 0.25689443359375 0.8734431640625 0.26168271484375 0.86897412109375 0.26168271484375 0.860674609375 0.25657529296875 0.86227060546875 0.26232109375 0.8498212890625 0.25402158203125
0 0.63243681640625 0.23774169921875 0.6279677734375 0.2390185546875 0.62126435546875 0.23550712890625 0.61902978515625 0.2307189453125 0.61711455078125 0.2358263671875 0.6158376953125 0.241572265625 0.6167953125 0.24380673828125 0.6199875 0.24923330078125 0.62158349609375 0.25689443359375 0.6167953125 0.2552984375 0.614880078125 0.2562560546875 0.60945341796875 0.25593681640625 0.60274990234375 0.25402158203125 0.60179228515625 0.26008662109375 0.59796171875 0.26104423828125 0.591258203125 0.2578521484375 0.58934296875 0.25242548828125 0.58966220703125 0.24667958984375 0.5883853515625 0.24508359375 0.584235546875 0.2434875 0.58487392578125 0.23454951171875 0.58551240234375 0.228165234375 0.5835970703125 0.2230578125 0.585831640625 0.2189080078125 0.58902373046875 0.22018486328125 0.59476962890625 0.21826962890625 0.60179228515625 0.21763115234375 0.601473046875 0.2144390625 0.6005154296875 0.20901240234375 0.59923857421875 0.20709716796875 0.59476962890625 0.200712890625 0.592854296875 0.1965630859375 0.596046484375 0.19273251953125 0.60274990234375 0.18858271484375 0.60658046875 0.1847521484375 0.6126455078125 0.185390625 0.6199875 0.1863482421875 0.6260525390625 0.18922119140625 0.62732939453125 0.19783994140625 0.63339443359375 0.20135126953125 0.63562890625 0.209331640625 0.63945947265625 0.21316220703125 0.6413748046875 0.21826962890625 0.64424775390625 0.22337705078125 0.6448861328125 0.23199580078125 0.63243681640625 0.23774169921875
0 0.75022666015625 0.2000744140625 0.749907421875 0.20390498046875 0.74639609375 0.209331640625 0.73777734375 0.21316220703125 0.73458515625 0.21731201171875 0.7320314453125 0.22273857421875 0.7301162109375 0.22688837890625 0.7269240234375 0.228165234375 0.720858984375 0.2272076171875 0.71702841796875 0.22497314453125 0.7131978515625 0.21667353515625 0.71032490234375 0.217950390625 0.70234462890625 0.22273857421875 0.70011005859375 0.22688837890625 0.69819482421875 0.23486875 0.69723720703125 0.2441259765625 0.693406640625 0.250191015625 0.6892568359375 0.2434875 0.68606474609375 0.238380078125 0.67840361328125 0.23869931640625 0.67361533203125 0.23550712890625 0.66403896484375 0.2307189453125 0.6566970703125 0.2288037109375 0.65127041015625 0.22497314453125 0.65063193359375 0.21252373046875 0.65286650390625 0.20135126953125 0.65573935546875 0.1972015625 0.6576546875 0.19528623046875 0.6570162109375 0.19017880859375 0.65893154296875 0.18602900390625 0.66467734375 0.1828369140625 0.67425380859375 0.18156005859375 0.683191796875 0.1828369140625 0.684787890625 0.18092158203125 0.69053369140625 0.178687109375 0.691810546875 0.17645263671875 0.69244892578125 0.1710259765625 0.691810546875 0.1694298828125 0.6873416015625 0.16464169921875 0.68861845703125 0.1553845703125 0.6927681640625 0.1537884765625 0.703621484375 0.1521923828125 0.719262890625 0.1553845703125 0.72532802734375 0.15857666015625 0.72883935546875 0.15761904296875 0.73745810546875 0.15410771484375 0.7489498046875 0.15761904296875 0.7559724609375 0.1640033203125 0.7591646484375 0.168472265625 0.76299521484375 0.17581416015625 0.7693794921875 0.1821984375 0.76650654296875 0.18666748046875 0.75884541015625 0.19177490234375 0.748311328125 0.1930517578125 0.75022666015625 0.2000744140625
0 0.80576982421875 0.177091015625 0.80768515625 0.17741025390625 0.8121541015625 0.178687109375 0.8121541015625 0.1821984375 0.81183486328125 0.18602900390625 0.80928115234375 0.1895404296875 0.8054505859375 0.19337099609375 0.8102388671875 0.20039365234375 0.8102388671875 0.20965087890625 0.80832353515625 0.21060849609375 0.80672744140625 0.21060849609375 0.79874716796875 0.211246875 0.7952357421875 0.21667353515625 0.79140517578125 0.2169927734375 0.7866169921875 0.2144390625 0.78534013671875 0.20422421875 0.7799134765625 0.2000744140625 0.7748060546875 0.1965630859375 0.77161396484375 0.19337099609375 0.77161396484375 0.18858271484375 0.77321005859375 0.18156005859375 0.77544453125 0.1761333984375 0.77863662109375 0.16974912109375 0.7850208984375 0.16336484375 0.79395888671875 0.16655703125 0.802896875 0.16879150390625 0.80576982421875 0.177091015625
0 0.93553017578125 0.4747578125 0.94382978515625 0.4670966796875 0.94478740234375 0.45049755859375 0.9617056640625 0.42687578125 0.9700052734375 0.4252796875 0.9818162109375 0.41283037109375 0.9965 0.4125111328125 0.9990234375 0.4151443359375 0.9990234375 0.5629943359375 0.99107333984375 0.561903125 0.974155078125 0.5574341796875 0.9613865234375 0.54849619140625 0.9530869140625 0.54243115234375 0.94319130859375 0.52966259765625 0.9409568359375 0.517532421875 0.94638349609375 0.5079560546875 0.9495755859375 0.5063599609375 0.94574501953125 0.49837958984375 0.93553017578125 0.4747578125
0 0.9896369140625 0.40692490234375 0.98995615234375 0.39734853515625 0.9947443359375 0.3912833984375 0.9915521484375 0.3877720703125 0.98772158203125 0.38394150390625 0.98580634765625 0.37213056640625 0.98740244140625 0.366384765625 0.9896369140625 0.36351181640625 0.994105859375 0.359362109375 0.9947443359375 0.35808525390625 0.99697880859375 0.3536162109375 0.99857490234375 0.34787041015625 0.9990234375 0.347421875 0.9990234375 0.4132671875 0.9896369140625 0.40692490234375
0 0.9990234375 0.27807197265625 0.9990234375 0.30150390625 0.997298046875 0.3022228515625 0.99250986328125 0.30892626953125 0.99059453125 0.31562978515625 0.98931767578125 0.31914111328125 0.98836005859375 0.32073720703125 0.9861255859375 0.3220140625 0.97910283203125 0.31818349609375 0.978464453125 0.31658740234375 0.975272265625 0.3127568359375 0.9727185546875 0.309883984375 0.9692072265625 0.306691796875 0.96473828125 0.305095703125 0.9625037109375 0.30445732421875 0.95931162109375 0.30796865234375 0.95580029296875 0.31562978515625 0.95356572265625 0.3159490234375 0.95165048828125 0.31562978515625 0.94750068359375 0.31211845703125 0.9420740234375 0.309883984375 0.937605078125 0.309883984375 0.93249765625 0.31179921875 0.92675185546875 0.3124376953125 0.9222828125 0.31211845703125 0.918771484375 0.3108416015625 0.91653701171875 0.305095703125 0.91526015625 0.29583857421875 0.908556640625 0.2920080078125 0.8989802734375 0.2869005859375 0.89514970703125 0.2817931640625 0.8938728515625 0.276047265625 0.89866103515625 0.269024609375 0.89961865234375 0.26615166015625 0.89961865234375 0.26232109375 0.89802255859375 0.25497919921875 0.896745703125 0.24731806640625 0.89610732421875 0.24221064453125 0.89770341796875 0.22848447265625 0.90217236328125 0.22178095703125 0.9130255859375 0.2240154296875 0.92068671875 0.22433466796875 0.92100595703125 0.2236962890625 0.92260205078125 0.22146171875 0.925794140625 0.21667353515625 0.92930556640625 0.21156611328125 0.94143564453125 0.20550107421875 0.9545234375 0.210927734375 0.956438671875 0.21220458984375 0.9570771484375 0.20294736328125 0.96793037109375 0.197520703125 0.98580634765625 0.20198974609375 0.99250986328125 0.20965087890625 0.99346748046875 0.2236962890625 0.9990234375 0.2285275390625 0.9990234375 0.27527734375 0.98197578125 0.2939232421875 0.9990234375 0.27807197265625