0 0.95723037109375 0.86084794921875 0.989763671875 0.81982763671875 0.9990234375 0.8173583984375 0.9990234375 0.9455486328125 0.96005927734375 0.9103552734375 0.95723037109375 0.86084794921875
0 0.159278515625 0.65875205078125 0.1444263671875 0.57388232421875 0.19534814453125 0.52932578125 0.26960908203125 0.4890126953125 0.2993134765625 0.522960546875 0.31416572265625 0.597221484375 0.3184091796875 0.63965634765625 0.246269921875 0.6693607421875 0.159278515625 0.65875205078125
0 0.16776552734375 0.55478671875 0.072287109375 0.5378126953125 0.059556640625 0.45506484375 0.12320888671875 0.41899521484375 0.271730859375 0.49962138671875 0.16776552734375 0.55478671875
0 0.588629296875 0.3441404296875 0.63816884765625 0.32876611328125 0.68258369140625 0.3338908203125 0.6962498046875 0.3765974609375 0.67745888671875 0.42101220703125 0.64671015625 0.44151142578125 0.60400361328125 0.4329701171875 0.5937541015625 0.40392958984375 0.588629296875 0.3441404296875
0 0.0754697265625 0.12884697265625 0.1624611328125 0.11823828125 0.2303568359375 0.13521220703125 0.25369599609375 0.15642958984375 0.26642646484375 0.19249921875 0.26006123046875 0.2264470703125 0.13275673828125 0.273125390625 0.0754697265625 0.12884697265625
0 0.6048443359375 0.19409052734375 0.6303052734375 0.124073046875 0.70668798828125 0.092246875 0.75548798828125 0.1389251953125 0.7979228515625 0.18136005859375 0.8170185546875 0.23016015625 0.7894359375 0.2768384765625 0.69395751953125 0.2959341796875 0.6048443359375 0.19409052734375
0 0.13988642578125 0 0.2512736328125 0 0.25793955078125 0.01851640625 0.2430873046875 0.06731640625 0.21126123046875 0.1139947265625 0.12639150390625 0.09277734375 0.13988642578125 0
0 0.315632421875 0 0.52861083984375 0 0.52846162109375 0.0031337890625 0.458444140625 0.06890771484375 0.42237451171875 0.0901251953125 0.32265263671875 0.05405556640625 0.315632421875 0
0 0.8785490234375 0.4890126953125 0.863696875 0.3956560546875 0.90613173828125 0.31502978515625 0.995244921875 0.32563857421875 0.9990234375 0.325720703125 0.9990234375 0.5307673828125 0.969783984375 0.548421484375 0.8785490234375 0.4890126953125
0 0.80906201171875 0.0031337890625 0.8128921875 0 0.86902568359375 0 0.87483603515625 0.011620703125 0.83452294921875 0.04769033203125 0.80906201171875 0.0031337890625
0 0.93000126953125 0.00101201171875 0.929679296875 0 0.9802376953125 0 0.9788013671875 0.0031337890625 0.93000126953125 0.00101201171875
0 0.3873658203125 0.897448046875 0.47647890625 0.8380392578125 0.53800947265625 0.86137841796875 0.620757421875 0.88896103515625 0.6483400390625 0.8995697265625 0.6610705078125 0.96110029296875 0.645455078125 0.9990234375 0.41593388671875 0.9990234375 0.3873658203125 0.897448046875
0 0.28626689453125 0.79341337890625 0.35288916015625 0.80537119140625 0.3785130859375 0.8532025390625 0.3443478515625 0.89420087890625 0.3101826171875 0.92324130859375 0.2657677734375 0.93007431640625 0.19402080078125 0.938615625 0.146189453125 0.9095751953125 0.146189453125 0.87199345703125 0.13935634765625 0.836119921875 0.16668857421875 0.8019546875 0.20085380859375 0.81049599609375 0.23672734375 0.8019546875 0.28626689453125 0.79341337890625
0 0.50406162109375 0.7383173828125 0.59741826171875 0.67042158203125 0.6292443359375 0.67466513671875 0.69077490234375 0.698004296875 0.7353314453125 0.76165654296875 0.75230537109375 0.7934826171875 0.72684453125 0.833795703125 0.6865314453125 0.86986533203125 0.6610705078125 0.8932044921875 0.65894873046875 0.89532626953125 0.495574609375 0.85501318359375 0.50193984375 0.81045654296875 0.50406162109375 0.7383173828125
0 0.08607841796875 0.547360546875 0.14124375 0.55372578125 0.1497306640625 0.62798681640625 0.11790458984375 0.66829990234375 0.09880888671875 0.6916390625 0 0.678637890625 0 0.5439849609375 0.08607841796875 0.547360546875
0 0.04063779296875 0.43508505859375 0.06185517578125 0.464789453125 0.0703421875 0.4973228515625 0.0392232421875 0.52844169921875 0.02224931640625 0.5383431640625 0.04063779296875 0.54683017578125 0 0.532052734375 0 0.42334521484375 0.04063779296875 0.43508505859375
0 0.03173583984375 0.32534951171875 0.04198544921875 0.35097353515625 0.0283193359375 0.37488916015625 0.01465322265625 0.40392958984375 0 0.40515068359375 0 0.32191865234375 0.03173583984375 0.32534951171875