0 0.78429931640625 0.98437001953125 0.78241328125 0.9334482421875 0.78241328125 0.8862984375 0.848423046875 0.79954267578125 0.876712890625 0.78445478515625 0.9219767578125 0.795770703125 0.93706474609375 0.8693244140625 0.9483806640625 0.8938423828125 0.98610048828125 0.90327236328125 0.97855654296875 0.96928212890625 0.99536689453125 0.9990234375 0.7908119140625 0.9990234375 0.78429931640625 0.98437001953125
0 0.2449052734375 0.79954267578125 0.21284345703125 0.7618228515625 0.19398349609375 0.69958505859375 0.20718544921875 0.65997919921875 0.26565126953125 0.62414541015625 0.3354330078125 0.6298033203125 0.3637228515625 0.6430052734375 0.37881083984375 0.6939271484375 0.37881083984375 0.75239287109375 0.3109150390625 0.81085869140625 0.2449052734375 0.79954267578125
0 0.0064828125 0.544350390625 0.024659375 0.54664697265625 0.04191767578125 0.5573205078125 0.043333203125 0.56802021484375 0.04895087890625 0.58383125 0.06015546875 0.5968412109375 0.06575087890625 0.59915859375 0.09324755859375 0.60190517578125 0.1105150390625 0.6181623046875 0.1217181640625 0.63024169921875 0.127794140625 0.6413990234375 0.1287498046875 0.65582177734375 0.1241123046875 0.66932314453125 0.115739453125 0.678177734375 0.11156181640625 0.68795595703125 0.11064677734375 0.69819404296875 0.10181552734375 0.71170234375 0.097621875 0.71170927734375 0.0836490234375 0.7154546875 0.0780650390625 0.72011689453125 0.075290625 0.73314990234375 0.0706494140625 0.7443248046875 0.066004296875 0.75317314453125 0.06461787109375 0.76015498046875 0.0553298828125 0.77924765625 0.0455751953125 0.79787578125 0.033473046875 0.805805859375 0.02368779296875 0.80582197265625 0.0106330078125 0.8011904296875 0 0.7976705078125 0 0.545440234375 0.0064828125 0.544350390625
0 0.97965673828125 0.7160875 0.92684892578125 0.6607650390625 0.94445146484375 0.605442578125 0.9990234375 0.5583978515625 0.9990234375 0.72118408203125 0.97965673828125 0.7160875
0 0.73149150390625 0.66422275390625 0.7032015625 0.61141494140625 0.716403515625 0.57746708984375 0.76543935546875 0.54540517578125 0.79372919921875 0.5227732421875 0.81258916015625 0.515229296875 0.848423046875 0.53974716796875 0.8804849609375 0.568037109375 0.89934482421875 0.6283888671875 0.901230859375 0.67176669921875 0.89180087890625 0.688740625 0.88802890625 0.69062666015625 0.7635533203125 0.6868546875 0.73149150390625 0.66422275390625
0 0.09213984375 0.55672109375 0.06007802734375 0.52654521484375 0.0563060546875 0.4699654296875 0.0563060546875 0.44733349609375 0.0657359375 0.4303595703125 0.08082392578125 0.407727734375 0.09213984375 0.39452578125 0.0977978515625 0.3907537109375 0.13551767578125 0.381323828125 0.169465625 0.383209765625 0.18832548828125 0.409613671875 0.2052994140625 0.42658759765625 0.22038740234375 0.4699654296875 0.2845111328125 0.4699654296875 0.29959912109375 0.52465927734375 0.2845111328125 0.55483515625 0.19964150390625 0.61707294921875 0.1524916015625 0.60387099609375 0.09213984375 0.55672109375
0 0.50517236328125 0.43413154296875 0.4693384765625 0.45299150390625 0.43916259765625 0.4699654296875 0.42030263671875 0.49071142578125 0.4033287109375 0.5095712890625 0.37881083984375 0.53220322265625 0.35617890625 0.543519140625 0.34109091796875 0.5472912109375 0.316573046875 0.53974716796875 0.3109150390625 0.5208873046875 0.30525703125 0.4812814453125 0.292055078125 0.47939541015625 0.23358935546875 0.46053544921875 0.21284345703125 0.43790361328125 0.2166154296875 0.409613671875 0.22227333984375 0.39452578125 0.22227333984375 0.3775517578125 0.19398349609375 0.38698173828125 0.184553515625 0.38698173828125 0.129859765625 0.3643498046875 0.13363173828125 0.33794599609375 0.131745703125 0.31908603515625 0.0695080078125 0.275708203125 0.131745703125 0.23798828125 0.12231572265625 0.21912841796875 0.09213984375 0.18706650390625 0.09213984375 0.1512326171875 0.10911376953125 0.11351279296875 0.14306171875 0.0965388671875 0.1506056640625 0.10031083984375 0.19964150390625 0.1097408203125 0.19964150390625 0.10031083984375 0.2052994140625 0.03430107421875 0.224159375 0.0041251953125 0.263765234375 0.00035322265625 0.292055078125 0.03430107421875 0.2977130859375 0.05881904296875 0.30148505859375 0.08145087890625 0.32034501953125 0.11917080078125 0.34674892578125 0.13991669921875 0.37315283203125 0.156890625 0.4184166015625 0.15877666015625 0.44104853515625 0.16066259765625 0.51648828125 0.102196875 0.53912021484375 0.10596884765625 0.5881560546875 0.1644345703125 0.60512998046875 0.2172423828125 0.5749541015625 0.29268212890625 0.50517236328125 0.43413154296875
0 0.80782177734375 0.2240529296875 0.77094013671875 0.2709931640625 0.73405849609375 0.2709931640625 0.62341357421875 0.23075869140625 0.596590625 0.173759765625 0.6200607421875 0.06982060546875 0.67370673828125 0.06311484375 0.75752861328125 0.05976201171875 0.83799765625 0.0396447265625 0.80782177734375 0.2240529296875
0 0.4957423828125 0.00601123046875 0.502343359375 0.011669140625 0.52497529296875 0.03995908203125 0.51460224609375 0.06824892578125 0.50045732421875 0.0833369140625 0.476882421875 0.10502578125 0.4551935546875 0.12860078125 0.3901267578125 0.13991669921875 0.35995087890625 0.12105673828125 0.3316609375 0.08050791015625 0.3363759765625 0.04561708984375 0.35900791015625 0.02675712890625 0.36749482421875 0.02487109375 0.40615771484375 0.010726171875 0.423855859375 0 0.47410205078125 0 0.4957423828125 0.00601123046875
0 0.98552421875 0.163701171875 0.9151138671875 0.1402310546875 0.8514091796875 0.09664365234375 0.87152646484375 0.0295861328125 0.87363974609375 0 0.9990234375 0 0.9990234375 0.163701171875 0.98552421875 0.163701171875
0 0.65888076171875 0.03524404296875 0.6305908203125 0.07579296875 0.60041494140625 0.102196875 0.54477822265625 0.1106837890625 0.52780419921875 0.08710888671875 0.51931728515625 0.0701349609375 0.5108302734375 0.0446740234375 0.50800126953125 0.02770009765625 0.502343359375 0.00789716796875 0.49951435546875 0.0022392578125 0.49916982421875 0 0.67062880859375 0 0.65888076171875 0.03524404296875
0 0.89745888671875 0.02204208984375 0.88519990234375 0.0314720703125 0.850308984375 0.0163841796875 0.83821591796875 0 0.89598935546875 0 0.89745888671875 0.02204208984375
0 0.78241328125 0.00695419921875 0.741864453125 0.01261220703125 0.73330615234375 0 0.79132333984375 0 0.78241328125 0.00695419921875