0 0.60166171875 0.97589384765625 0.632426953125 0.9239111328125 0.6791052734375 0.92285029296875 0.69714013671875 0.9302763671875 0.70880966796875 0.93982421875 0.72790537109375 0.9610416015625 0.732148828125 0.96634599609375 0.74892919921875 0.9990234375 0.60950927734375 0.9990234375 0.60166171875 0.97589384765625
0 0.096156640625 0.75364130859375 0.15344375 0.73454560546875 0.20436552734375 0.7122673828125 0.22240029296875 0.73772822265625 0.245739453125 0.77273701171875 0.25740908203125 0.7897109375 0.26377431640625 0.8119892578125 0.26589609375 0.83745009765625 0.2563482421875 0.8607892578125 0.253165625 0.87245888671875 0.2489220703125 0.88200673828125 0.24255693359375 0.8894328125 0.195878515625 0.92231982421875 0.17784375 0.92656328125 0.16086982421875 0.9170154296875 0.12055673828125 0.88731103515625 0.07706103515625 0.78758916015625 0.096156640625 0.75364130859375
0 0.74965322265625 0.71545 0.77511416015625 0.66346728515625 0.82815771484375 0.6624064453125 0.856801171875 0.6804412109375 0.86422734375 0.71332822265625 0.8504359375 0.73772822265625 0.8483142578125 0.7430326171875 0.78360107421875 0.770615234375 0.74965322265625 0.71545
0 0.32043212890625 0.6259263671875 0.3289734375 0.60713544921875 0.37167998046875 0.6208015625 0.39730390625 0.6361759765625 0.38705439453125 0.67888251953125 0.36484697265625 0.71817255859375 0.3050578125 0.7164642578125 0.26918427734375 0.70279814453125 0.2538099609375 0.68571552734375 0.27601728515625 0.66179990234375 0.2896833984375 0.6208015625 0.32043212890625 0.6259263671875
0 0.0070435546875 0.9483111328125 0 0.98176787109375 0 0.94294462890625 0.0070435546875 0.9483111328125
0 0.04311318359375 0.43537998046875 0.07281748046875 0.4746322265625 0.04841748046875 0.5372236328125 0 0.58479169921875 0 0.42222685546875 0.04311318359375 0.43537998046875
0 0.80216630859375 0.9737720703125 0.8350533203125 0.945128515625 0.91886220703125 0.93239814453125 0.94007958984375 0.97589384765625 0.94007958984375 0.9990234375 0.78156650390625 0.9990234375 0.80216630859375 0.9737720703125
0 0.94644482421875 0.91330244140625 0.9422013671875 0.86238056640625 0.9990234375 0.84022958984375 0.9990234375 0.9455322265625 0.9856970703125 0.9493720703125 0.94644482421875 0.91330244140625
0 0.932653515625 0.783876171875 0.9602361328125 0.77326748046875 0.9729666015625 0.7743283203125 0.994183984375 0.7923630859375 0.9990234375 0.80300986328125 0.9990234375 0.84642783203125 0.98994052734375 0.8560154296875 0.9729666015625 0.86450234375 0.95917529296875 0.8676849609375 0.9358361328125 0.86238056640625 0.92098388671875 0.851771875 0.91780126953125 0.8485892578125 0.90931435546875 0.8358587890625 0.90507080078125 0.82949365234375 0.9135578125 0.8050935546875 0.932653515625 0.783876171875
0 0.80110546875 0.86238056640625 0.7544271484375 0.7870587890625 0.78731416015625 0.76584130859375 0.831870703125 0.75098916015625 0.86263603515625 0.74038046875 0.881731640625 0.73931953125 0.894462109375 0.746745703125 0.90082734375 0.75735439453125 0.90294912109375 0.78175439453125 0.90188818359375 0.7987283203125 0.90188818359375 0.83161533203125 0.84990556640625 0.88465888671875 0.80110546875 0.86238056640625
0 0.875896875 0.546241015625 0.91302734375 0.47304091796875 0.956523046875 0.4380322265625 0.9968361328125 0.46773662109375 0.9990234375 0.4717306640625 0.9990234375 0.5431828125 0.9533404296875 0.6067107421875 0.875896875 0.546241015625
0 0.88332294921875 0.24177109375 0.9851666015625 0.17811884765625 0.9990234375 0.18435439453125 0.9990234375 0.3915048828125 0.99577529296875 0.3945365234375 0.970314453125 0.41151044921875 0.944853515625 0.428484375 0.870592578125 0.3690755859375 0.88332294921875 0.24177109375
0 0.0197740234375 0.70484130859375 0.0070435546875 0.61360634765625 0.07918271484375 0.572232421875 0.1438958984375 0.5690498046875 0.16723505859375 0.58284111328125 0.17572197265625 0.59132802734375 0.208608984375 0.621032421875 0.21497421875 0.63800634765625 0.21073076171875 0.6740759765625 0.208608984375 0.69104990234375 0.12692197265625 0.74197177734375 0.0197740234375 0.70484130859375
0 0.0876697265625 0.3876408203125 0.13965244140625 0.3070146484375 0.1990611328125 0.3133798828125 0.24043515625 0.36111904296875 0.24786123046875 0.38339736328125 0.24043515625 0.4003712890625 0.14283505859375 0.48630185546875 0.0876697265625 0.3876408203125
0 0.31469609375 0.00572724609375 0.3229134765625 0 0.4525294921875 0 0.4674615234375 0.03330986328125 0.4610962890625 0.10332744140625 0.45685283203125 0.1160578125 0.446244140625 0.122423046875 0.33803525390625 0.0672578125 0.31469609375 0.00572724609375