0 0.18290166015625 0.99562314453125 0.18661181640625 0.9850701171875 0.197158203125 0.97574658203125 0.2008806640625 0.97263837890625 0.20459501953125 0.96456689453125 0.20830830078125 0.95587509765625 0.22134697265625 0.950890234375 0.23563125 0.947764453125 0.24929736328125 0.9465009765625 0.26420400390625 0.94399453125 0.27289990234375 0.94273935546875 0.28346162109375 0.94272177734375 0.29280048828125 0.9544939453125 0.29716484375 0.9637927734375 0.2990689453125 0.9879853515625 0.29687724609375 0.9990234375 0.181287109375 0.9990234375 0.18290166015625 0.99562314453125
0 0.01749501953125 0.93239814453125 0.03871240234375 0.97589384765625 0.03871240234375 0.9990234375 0 0.9990234375 0 0.93505556640625 0.01749501953125 0.93239814453125
0 0.04507763671875 0.91330244140625 0.0408341796875 0.86238056640625 0.10342548828125 0.83798056640625 0.1373734375 0.8305544921875 0.1405560546875 0.86450234375 0.1405560546875 0.92178935546875 0.14692119140625 0.93133720703125 0.0843298828125 0.9493720703125 0.04507763671875 0.91330244140625
0 0.72241240234375 0.9512986328125 0.70841298828125 0.93891376953125 0.69845751953125 0.92993447265625 0.6987521484375 0.92031767578125 0.700916796875 0.91442021484375 0.69873671875 0.91101162109375 0.69158369140625 0.90606025390625 0.689403515625 0.90265166015625 0.69031796875 0.8921033203125 0.69712470703125 0.87565126953125 0.70021875 0.86820126953125 0.69926826171875 0.857035546875 0.69863046875 0.84711015625 0.6976841796875 0.83842607421875 0.69860322265625 0.83066943359375 0.702628125 0.8225974609375 0.70758955078125 0.8173158203125 0.71379521484375 0.8129626953125 0.71751826171875 0.8101646484375 0.7218671875 0.810157421875 0.7290134765625 0.811076171875 0.7364708984375 0.81230458984375 0.74392939453125 0.81415341796875 0.75169951171875 0.8166220703125 0.7625828125 0.82311826171875 0.7691072265625 0.82372783203125 0.7818451171875 0.8246373046875 0.78743662109375 0.82462802734375 0.791788671875 0.82648193359375 0.79645498046875 0.8305068359375 0.79832705078125 0.8354669921875 0.8011326171875 0.84135615234375 0.809214453125 0.8444447265625 0.82040625 0.849699609375 0.8294236328125 0.8549580078125 0.83440107421875 0.859292578125 0.83939345703125 0.872623046875 0.84252314453125 0.88657685546875 0.84627041015625 0.8983583984375 0.84814658203125 0.90580009765625 0.84909345703125 0.91479443359375 0.84817392578125 0.9222408203125 0.84196728515625 0.92597353515625 0.8283052734375 0.92971865234375 0.82303056640625 0.9334498046875 0.82365751953125 0.93686103515625 0.82677578125 0.94399052734375 0.82865 0.95019140625 0.83052158203125 0.95484140625 0.8317703125 0.95856171875 0.8289822265625 0.9632193359375 0.8237111328125 0.96912197265625 0.81534033203125 0.97906240234375 0.815047265625 0.989609765625 0.81412353515625 0.99457451171875 0.80169951171875 0.99552578125 0.783674609375 0.99090263671875 0.763786328125 0.98659287109375 0.75291396484375 0.9866109375 0.74638994140625 0.98631162109375 0.74729716796875 0.97142041015625 0.72241240234375 0.9512986328125
0 0.64606103515625 0.7303021484375 0.70971328125 0.6931716796875 0.75533076171875 0.7143890625 0.7723046875 0.75682392578125 0.7479046875 0.79395439453125 0.6821306640625 0.80668486328125 0.64606103515625 0.7303021484375
0 0.622721875 0.61095419921875 0.60574794921875 0.534571484375 0.63333056640625 0.46455400390625 0.69273935546875 0.4433365234375 0.7882177734375 0.447580078125 0.80519169921875 0.46667568359375 0.822165625 0.4624322265625 0.83065263671875 0.5494236328125 0.8200439453125 0.59822373046875 0.80519169921875 0.6555107421875 0.70546982421875 0.6809716796875 0.622721875 0.61095419921875
0 0.34848671875 0.86450234375 0.32833017578125 0.7775109375 0.36864326171875 0.7425021484375 0.429112890625 0.74144130859375 0.45669560546875 0.75417177734375 0.4704869140625 0.76371962890625 0.4885216796875 0.77645009765625 0.49064345703125 0.7806935546875 0.504434765625 0.7987283203125 0.52140869140625 0.8241892578125 0.52353046875 0.82843271484375 0.528834765625 0.85071103515625 0.51504345703125 0.88465888671875 0.50973916015625 0.8920849609375 0.41638251953125 0.93876328125 0.34848671875 0.86450234375
0 0.031286328125 0.783876171875 0.0588689453125 0.77326748046875 0.0715994140625 0.7743283203125 0.092816796875 0.7923630859375 0.09812119140625 0.80403271484375 0.10342548828125 0.82631103515625 0.10342548828125 0.82949365234375 0.10766904296875 0.8358587890625 0.08857333984375 0.8560154296875 0.0715994140625 0.86450234375 0.05780810546875 0.8676849609375 0.0344689453125 0.86238056640625 0.01961669921875 0.851771875 0.01643408203125 0.8485892578125 0.00794716796875 0.8358587890625 0.00370361328125 0.82949365234375 0.012190625 0.8050935546875 0.031286328125 0.783876171875
0 0.00158193359375 0.78175439453125 0.00052099609375 0.7987283203125 0.00052099609375 0.83161533203125 0 0.83214697265625 0 0.7635625 0.00158193359375 0.78175439453125
0 0.2328517578125 0.6438412109375 0.26679970703125 0.61095419921875 0.3267388671875 0.6061802734375 0.34954755859375 0.62686728515625 0.355382421875 0.65391943359375 0.34848671875 0.683093359375 0.34424326171875 0.696884765625 0.3389388671875 0.71385869140625 0.32514755859375 0.73560654296875 0.30923447265625 0.7552326171875 0.2980953125 0.76955439453125 0.28642578125 0.7812240234375 0.27475615234375 0.79183271484375 0.26308662109375 0.7934240234375 0.2492953125 0.79077177734375 0.22171259765625 0.77008486328125 0.20686044921875 0.695823828125 0.2328517578125 0.6438412109375
0 0.36864326171875 0.6491455078125 0.4020607421875 0.6183802734375 0.40046943359375 0.57700634765625 0.46306083984375 0.56003232421875 0.48693037109375 0.571171484375 0.50284345703125 0.60458896484375 0.49700869140625 0.64861513671875 0.4885216796875 0.6873369140625 0.4853390625 0.71598037109375 0.4853390625 0.74197177734375 0.48586953125 0.75735439453125 0.48427822265625 0.76425 0.48109560546875 0.771145703125 0.36546064453125 0.7143890625 0.36864326171875 0.6491455078125
0 0 0.56612880859375 0 0.496028125 0.01166015625 0.47304091796875 0.055155859375 0.4380322265625 0.0954689453125 0.46773662109375 0.11986904296875 0.5122931640625 0.0519732421875 0.6067107421875 0 0.56612880859375
0 0.36917373046875 0.36801474609375 0.4264607421875 0.38923212890625 0.45298251953125 0.40832783203125 0.47101728515625 0.4433365234375 0.47101728515625 0.46455400390625 0.4635912109375 0.47940615234375 0.42858251953125 0.497441015625 0.39675634765625 0.5186583984375 0.3331041015625 0.50380625 0.30976494140625 0.4878931640625 0.3140083984375 0.40832783203125 0.36917373046875 0.36801474609375
0 0.28642578125 0.37013642578125 0.3076431640625 0.38923212890625 0.30658232421875 0.41999736328125 0.292791015625 0.44121484375 0.28430400390625 0.47304091796875 0.25035615234375 0.4783453125 0.2142865234375 0.4783453125 0.17185166015625 0.4507626953125 0.16124296875 0.41999736328125 0.17291259765625 0.38286689453125 0.193069140625 0.35846689453125 0.2333822265625 0.34043203125 0.255660546875 0.36695380859375 0.28642578125 0.37013642578125
0 0.0837994140625 0.17811884765625 0.12623427734375 0.197214453125 0.13259951171875 0.2502580078125 0.13259951171875 0.284205859375 0.15381689453125 0.30542333984375 0.16018212890625 0.32664072265625 0.1516951171875 0.34149296875 0.12623427734375 0.36483212890625 0.09440810546875 0.3945365234375 0.068947265625 0.41151044921875 0.043486328125 0.428484375 0 0.3936953125 0 0.23049345703125 0.0837994140625 0.17811884765625
0 0.46146953125 0.12454482421875 0.4699564453125 0.0693794921875 0.54315654296875 0.0258837890625 0.57392177734375 0.0672578125 0.58134794921875 0.10651005859375 0.55906962890625 0.15531005859375 0.49117392578125 0.16804052734375 0.46146953125 0.12454482421875
0 0.26096484375 0.0757447265625 0.248234375 0.011031640625 0.264959765625 0 0.41800771484375 0 0.42752158203125 0.0078490234375 0.44979990234375 0.03012734375 0.4646521484375 0.04710126953125 0.467834765625 0.0640751953125 0.34159111328125 0.15000576171875 0.26096484375 0.0757447265625
0 0.914151953125 0.99564912109375 0.9228400390625 0.9897408203125 0.93091669921875 0.98972734375 0.939616796875 0.9909537109375 0.95142158203125 0.9912443359375 0.9725296875 0.981903125 0.97656240234375 0.9784841796875 0.98121318359375 0.97320302734375 0.98803544921875 0.96605703125 0.996419140625 0.9638716796875 0.9990234375 0.96390673828125 0.9990234375 0.9990234375 0.9129294921875 0.9990234375 0.914151953125 0.99564912109375
0 0.98087109375 0.95428125 0.95539189453125 0.950291015625 0.94326396484375 0.9425560546875 0.9360986328125 0.93015986328125 0.93763583984375 0.92054111328125 0.95067451171875 0.91555615234375 0.968991015625 0.90870126953125 0.9717697265625 0.8984599609375 0.97050654296875 0.88605400390625 0.9673826171875 0.8755123046875 0.970161328125 0.86527099609375 0.971696484375 0.854411328125 0.9741583984375 0.84044814453125 0.9809724609375 0.82833896484375 0.99617685546875 0.81807705078125 0.9990234375 0.81659501953125 0.9990234375 0.9567310546875 0.98087109375 0.95428125
0 0.8073134765625 0.38604951171875 0.82428740234375 0.29057109375 0.89854833984375 0.24177109375 0.953713671875 0.2375275390625 0.97280927734375 0.2820841796875 0.99190498046875 0.33088427734375 0.9940267578125 0.37756259765625 0.99827021484375 0.41575390625 0.97917451171875 0.46031044921875 0.8815744140625 0.4497017578125 0.8073134765625 0.38604951171875