0 0.70668798828125 0.9936140625 0.7123431640625 0.9990234375 0.69370556640625 0.9990234375 0.70668798828125 0.9936140625
0 0.1433654296875 0.87744873046875 0.23884384765625 0.8668400390625 0.25793955078125 0.91988359375 0.2430873046875 0.96868359375 0.22240107421875 0.9990234375 0.14590712890625 0.9990234375 0.12639150390625 0.99414453125 0.1433654296875 0.87744873046875
0 0.30143525390625 0.7920486328125 0.3990353515625 0.6923267578125 0.5051224609375 0.75810068359375 0.5242181640625 0.78356162109375 0.5305833984375 0.8599443359375 0.52846162109375 0.9045009765625 0.458444140625 0.97027490234375 0.42237451171875 0.9914923828125 0.32265263671875 0.95542275390625 0.30143525390625 0.7920486328125
0 0.68759228515625 0.74961376953125 0.78731416015625 0.6795962890625 0.870062109375 0.74324853515625 0.81489677734375 0.84933564453125 0.76609677734375 0.88964873046875 0.7236619140625 0.8408486328125 0.68759228515625 0.74961376953125
0 0.26006123046875 0.7098310546875 0.2558177734375 0.6610310546875 0.30037431640625 0.65254404296875 0.321591796875 0.6822484375 0.29188740234375 0.73104853515625 0.26006123046875 0.7098310546875
0 0.7141140625 0.6079875 0.76927939453125 0.60586572265625 0.7926185546875 0.64405712890625 0.7862533203125 0.675883203125 0.71623583984375 0.68649189453125 0.7141140625 0.6079875
0 0.80906201171875 0.9045009765625 0.832401171875 0.8854052734375 0.8663490234375 0.89601396484375 0.87483603515625 0.912987890625 0.83452294921875 0.94905751953125 0.80906201171875 0.9045009765625
0 0.93000126953125 0.90237919921875 0.91514912109375 0.85570087890625 0.9597056640625 0.81750947265625 0.98304482421875 0.8344833984375 0.9990234375 0.85046201171875 0.9990234375 0.860380078125 0.9788013671875 0.9045009765625 0.93000126953125 0.90237919921875
0 0.89340126953125 0.56290048828125 0.91461865234375 0.4674220703125 0.9990234375 0.472155078125 0.9990234375 0.64941220703125 0.987110546875 0.6654330078125 0.96129697265625 0.65837880859375 0.89340126953125 0.56290048828125
0 0.82288740234375 0.4291939453125 0.77510107421875 0.3746771484375 0.78731416015625 0.33163056640625 0.87642734375 0.33163056640625 0.9358361328125 0.36557841796875 0.9422013671875 0.38255234375 0.931592578125 0.4674220703125 0.8915380859375 0.48169150390625 0.8639431640625 0.56649521484375 0.7979228515625 0.57775263671875 0.82288740234375 0.4291939453125
0 0.88067080078125 0.20114345703125 0.85520986328125 0.1937173828125 0.85839248046875 0.12263896484375 0.9040099609375 0.05474326171875 0.95281005859375 0.0685345703125 0.99842744140625 0.06641279296875 0.9990234375 0.0687115234375 0.9990234375 0.17674736328125 0.95493173828125 0.1809869140625 0.88067080078125 0.20114345703125
0 0.76609677734375 0.0621693359375 0.770340234375 0.015491015625 0.80829326171875 0 0.84302607421875 0 0.8721837890625 0.00806494140625 0.8912794921875 0.0314041015625 0.87748818359375 0.06641279296875 0.882792578125 0.0961171875 0.8286880859375 0.10778681640625 0.76609677734375 0.0621693359375
0 0.08607841796875 0.59313525390625 0.183678515625 0.576161328125 0.209139453125 0.57828310546875 0.1815568359375 0.68437021484375 0.08607841796875 0.59313525390625
0 0.2563482421875 0.62867451171875 0.24149599609375 0.60904833984375 0.2558177734375 0.58464833984375 0.30673955078125 0.57881357421875 0.30780048828125 0.5798744140625 0.3178787109375 0.60056142578125 0.308330859375 0.6302658203125 0.30408740234375 0.64299619140625 0.30037431640625 0.64936142578125 0.27013955078125 0.6419353515625 0.2563482421875 0.62867451171875
0 0.3863048828125 0.6456484375 0.32265263671875 0.5607787109375 0.35235703125 0.51197861328125 0.41600927734375 0.49712646484375 0.45207890625 0.520465625 0.46905283203125 0.55017001953125 0.45207890625 0.66898759765625 0.3863048828125 0.6456484375
0 0.1619306640625 0.526300390625 0.17041767578125 0.54963955078125 0.1624611328125 0.57457001953125 0.15397412109375 0.58146572265625 0.122148046875 0.58093525390625 0.11472197265625 0.576691796875 0.11472197265625 0.52523955078125 0.1619306640625 0.526300390625
0 0.1879220703125 0.57244833984375 0.19216552734375 0.53372646484375 0.2064873046875 0.514100390625 0.22027861328125 0.50402216796875 0.24467861328125 0.50985693359375 0.25740908203125 0.520465625 0.2685482421875 0.53425693359375 0.271200390625 0.55017001953125 0.27279169921875 0.57775263671875 0.26642646484375 0.59048310546875 0.26642646484375 0.59101357421875 0.21391337890625 0.5926048828125 0.1879220703125 0.57244833984375
0 0.4796615234375 0.56502216796875 0.4796615234375 0.46530029296875 0.55392255859375 0.41650029296875 0.6366705078125 0.4483263671875 0.66637490234375 0.48439599609375 0.67486181640625 0.514100390625 0.67698359375 0.56926572265625 0.67698359375 0.5798744140625 0.57513994140625 0.63716142578125 0.4796615234375 0.56502216796875
0 0.68457646484375 0.5607744140625 0.67246162109375 0.44702958984375 0.7464966796875 0.3878015625 0.79832119140625 0.4039546875 0.81312822265625 0.45106787109375 0.79764814453125 0.5580822265625 0.7539001953125 0.57692744140625 0.68457646484375 0.5607744140625
0 0.13540888671875 0.41596982421875 0.158748046875 0.43506552734375 0.1624611328125 0.4732568359375 0.1566263671875 0.4918220703125 0.15079150390625 0.5045525390625 0.1370001953125 0.5172830078125 0.102521875 0.5231177734375 0.07387841796875 0.51250908203125 0.06167841796875 0.4981873046875 0.09244365234375 0.4361263671875 0.13540888671875 0.41596982421875
0 0.16776552734375 0.47590908203125 0.1810263671875 0.41596982421875 0.196408984375 0.39793505859375 0.2192177734375 0.389448046875 0.2399046875 0.3989958984375 0.24839169921875 0.40695244140625 0.2690787109375 0.4302916015625 0.2738525390625 0.43771767578125 0.27226123046875 0.451508984375 0.22027861328125 0.4950046875 0.16776552734375 0.47590908203125
0 0.2499830078125 0.414378515625 0.2494525390625 0.38785673828125 0.25422646484375 0.377248046875 0.26748740234375 0.35974365234375 0.271200390625 0.3560306640625 0.28870478515625 0.35019580078125 0.3056787109375 0.3486044921875 0.31310478515625 0.3560306640625 0.32265263671875 0.377248046875 0.32318310546875 0.39581328125 0.3242439453125 0.4170306640625 0.32053095703125 0.42870029296875 0.3152265625 0.4361263671875 0.26377431640625 0.43294375 0.2499830078125 0.414378515625
0 0.035156640625 0.40960458984375 0.0372783203125 0.44355244140625 0.021365234375 0.4706046875 0 0.49007080078125 0 0.39134140625 0.035156640625 0.40960458984375
0 0.01393916015625 0.20963037109375 0.01393916015625 0.22023916015625 0 0.23900341796875 0 0.1956912109375 0.01393916015625 0.20963037109375
0 0.6239400390625 0.2743435546875 0.664253125 0.27858701171875 0.72154013671875 0.32314365234375 0.732148828125 0.35072626953125 0.72790537109375 0.38255234375 0.6897140625 0.42286552734375 0.66637490234375 0.439839453125 0.6430357421875 0.4462046875 0.58150517578125 0.41862197265625 0.55604423828125 0.3422392578125 0.6239400390625 0.2743435546875
0 0.04894794921875 0.32314365234375 0.0754697265625 0.26055224609375 0.1370001953125 0.2361521484375 0.19004375 0.24145654296875 0.2399046875 0.2563087890625 0.26324384765625 0.28283046875 0.25369599609375 0.321021875 0.2377830078125 0.34117841796875 0.19534814453125 0.3857349609375 0.183678515625 0.4058916015625 0.1741306640625 0.42180458984375 0.0818349609375 0.401648046875 0.04894794921875 0.32314365234375
0 0.2738525390625 0.21281298828125 0.371452734375 0.1618912109375 0.4372267578125 0.22342177734375 0.45420068359375 0.26373486328125 0.45632236328125 0.31677841796875 0.45420068359375 0.327387109375 0.36084404296875 0.35072626953125 0.2738525390625 0.21281298828125
0 0.3990353515625 0.16401298828125 0.4308615234375 0.10884765625 0.570896484375 0.0876302734375 0.6430357421875 0.08550849609375 0.670618359375 0.13006513671875 0.67486181640625 0.17886513671875 0.62818349609375 0.253126171875 0.60908779296875 0.27222177734375 0.52633984375 0.2679783203125 0.3990353515625 0.16401298828125
0 0.67486181640625 0.05156064453125 0.733209765625 0.06429111328125 0.770340234375 0.07596064453125 0.80110546875 0.11945634765625 0.81489677734375 0.145978125 0.8170185546875 0.16613466796875 0.8170185546875 0.20114345703125 0.807470703125 0.23190869140625 0.78731416015625 0.25949130859375 0.76185322265625 0.289195703125 0.73745322265625 0.2987435546875 0.6928966796875 0.30086533203125 0.66637490234375 0.27858701171875 0.65364443359375 0.25418701171875 0.6419748046875 0.097178125 0.67486181640625 0.05156064453125
0 0.16988720703125 0.11733466796875 0.21656552734375 0.00700400390625 0.2305736328125 0 0.309148828125 0 0.32689609375 0.0494388671875 0.35023525390625 0.11309111328125 0.32689609375 0.214934765625 0.233539453125 0.2213 0.16988720703125 0.11733466796875
0 0.1932263671875 0.015491015625 0.17943505859375 0.0621693359375 0.1370001953125 0.0939955078125 0.07759140625 0.07914326171875 0.07016533203125 0.08020419921875 0.041681640625 0 0.18196015625 0 0.1932263671875 0.015491015625
0 0.3418119140625 0 0.46056591796875 0 0.46056591796875 0.003821484375 0.42873974609375 0.05898671875 0.3418119140625 0