0 0.757600390625 0.7786984375 0.75972216796875 0.785063671875 0.77669609375 0.8890291015625 0.76820908203125 0.910246484375 0.70947978515625 0.9990234375 0.4310900390625 0.9990234375 0.4372173828125 0.935707421875 0.47753046875 0.85508115234375 0.4987478515625 0.80628115234375 0.5433044921875 0.70019404296875 0.6387828125 0.6768548828125 0.72577431640625 0.74262890625 0.757600390625 0.7786984375
0 0.974725390625 0.7765767578125 0.90494365234375 0.76148876953125 0.89362763671875 0.73319892578125 0.895513671875 0.6860490234375 0.93323349609375 0.623811328125 0.98604130859375 0.5766615234375 0.9990234375 0.57779033203125 0.9990234375 0.7816388671875 0.974725390625 0.7765767578125
0 0.61827265625 0.5766615234375 0.60695673828125 0.597407421875 0.58809677734375 0.6049513671875 0.52774501953125 0.5634595703125 0.50699912109375 0.5653455078125 0.471165234375 0.58231943359375 0.38818154296875 0.5898634765625 0.35989169921875 0.5389416015625 0.40138349609375 0.46727392578125 0.43344541015625 0.42955400390625 0.50699912109375 0.43521201171875 0.6654224609375 0.42955400390625 0.61827265625 0.5766615234375
0 0.337259765625 0.4729318359375 0.33348779296875 0.48801982421875 0.32028583984375 0.51442373046875 0.286337890625 0.55591552734375 0.2373021484375 0.571003515625 0.18260830078125 0.572889453125 0.13923046875 0.56157353515625 0.09396669921875 0.48236181640625 0.11659853515625 0.4333259765625 0.18260830078125 0.384290234375 0.30708388671875 0.37108828125 0.337259765625 0.4729318359375
0 0.98038330078125 0.52196767578125 0.9709533203125 0.51442373046875 0.963409375 0.4842478515625 0.9577513671875 0.4333259765625 0.9558654296875 0.36920224609375 0.98981328125 0.31639443359375 0.9973572265625 0.3107365234375 0.9990234375 0.31040322265625 0.9990234375 0.51506396484375 0.98038330078125 0.52196767578125
0 0.1037109375 0.3704595703125 0.11879892578125 0.39309150390625 0.108740234375 0.4710458984375 0.06599111328125 0.4811044921875 0.01066865234375 0.46853125 0 0.45466201171875 0 0.229005859375 0.04084453125 0.21958017578125 0.12634287109375 0.27238798828125 0.161548046875 0.3025638671875 0.1037109375 0.3704595703125
0 0.36272060546875 0.367944921875 0.3174568359375 0.27993193359375 0.3224861328125 0.2019775390625 0.34763271484375 0.136596484375 0.40295517578125 0.10139130859375 0.50605615234375 0.093847265625 0.56892255859375 0.15671376953125 0.5915544921875 0.22963876953125 0.594069140625 0.27741728515625 0.6066423828125 0.2975345703125 0.60915703125 0.33273974609375 0.61921572265625 0.40063544921875 0.62173037109375 0.4182380859375 0.45073369140625 0.44087001953125 0.36272060546875 0.367944921875
0 0.0072109375 0.17494501953125 0.01475498046875 0.21077880859375 0 0.2255337890625 0 0.15411328125 0.0072109375 0.17494501953125
0 0.09019462890625 0.197576953125 0.08076474609375 0.1938048828125 0.01664091796875 0.173058984375 0.00155302734375 0.15797109375 0 0.1555306640625 0 0.0686244140625 0.0128689453125 0.05424140625 0.04304482421875 0.04292548828125 0.1052826171875 0.05046943359375 0.126028515625 0.08441728515625 0.1316865234375 0.118365234375 0.12225654296875 0.1655150390625 0.09019462890625 0.197576953125
0 0.5086658203125 0 0.84734580078125 0 0.75752177734375 0.06618603515625 0.76758046875 0.1315671875 0.75752177734375 0.17431630859375 0.709743359375 0.199462890625 0.666994140625 0.2070068359375 0.594069140625 0.1315671875 0.5086658203125 0
0 0.108740234375 0.073730078125 0.12102861328125 0 0.37785419921875 0 0.3803232421875 0.01086357421875 0.372779296875 0.05612744140625 0.35266201171875 0.0863033203125 0.319971484375 0.11647919921875 0.28979560546875 0.1541990234375 0.1690919921875 0.11144990234375 0.108740234375 0.073730078125