0 0.6796357421875 0.9311212890625 0.732679296875 0.89292998046875 0.7729923828125 0.8971734375 0.82391416015625 0.922634375 0.8854447265625 0.96719091796875 0.8854447265625 0.99901708984375 0.88543154296875 0.9990234375 0.68514130859375 0.9990234375 0.6796357421875 0.9311212890625
0 0.1682958984375 0.89611259765625 0.21497421875 0.85792119140625 0.27013955078125 0.85792119140625 0.29135693359375 0.89611259765625 0.321061328125 0.95976484375 0.221339453125 0.98310400390625 0.1682958984375 0.89611259765625
0 0.6669052734375 0.95233876953125 0.63932265625 0.9968953125 0.5799138671875 0.99265185546875 0.53747900390625 0.9629474609375 0.51626162109375 0.89929521484375 0.52262685546875 0.8504951171875 0.5862791015625 0.81018203125 0.6796357421875 0.83352119140625 0.6669052734375 0.95233876953125
0 0.29560048828125 0.866408203125 0.34015703125 0.828216796875 0.43139189453125 0.840947265625 0.42927021484375 0.90247783203125 0.36349619140625 0.947034375 0.29560048828125 0.866408203125
0 0.17041767578125 0.85792119140625 0.16405244140625 0.82397333984375 0.17678291015625 0.77092978515625 0.23194814453125 0.7263732421875 0.2998439453125 0.80275595703125 0.27013955078125 0.8473125 0.17041767578125 0.85792119140625
0 0.35076572265625 0.6224078125 0.39744404296875 0.59906865234375 0.46533984375 0.5884599609375 0.49716591796875 0.64362529296875 0.4186615234375 0.70515576171875 0.35076572265625 0.6224078125
0 0.3741048828125 0.548146875 0.42502666015625 0.49298154296875 0.46958330078125 0.45903369140625 0.53111376953125 0.49298154296875 0.533235546875 0.59270341796875 0.45048759765625 0.59694697265625 0.3741048828125 0.548146875
0 0.981983984375 0.29990302734375 0.9990234375 0.29876708984375 0.9990234375 0.37198994140625 0.9660708984375 0.355068359375 0.981983984375 0.29990302734375
0 0.8536185546875 0.10045927734375 0.91514912109375 0.0739375 0.94591435546875 0.10470283203125 0.9607666015625 0.167294140625 0.9990234375 0.1817697265625 0.9990234375 0.2368939453125 0.99365361328125 0.24367685546875 0.957583984375 0.25110302734375 0.88862734375 0.2457986328125 0.86316640625 0.2585291015625 0.83346201171875 0.181085546875 0.8536185546875 0.10045927734375
0 0.9597056640625 0.1651724609375 0.96288828125 0.09833759765625 0.9968361328125 0.05696357421875 0.9990234375 0.0563767578125 0.9990234375 0.17847998046875 0.9597056640625 0.1651724609375
0 0.21709599609375 0.58421650390625 0.22558291015625 0.5269294921875 0.18951337890625 0.42508583984375 0.208608984375 0.35719013671875 0.2871134765625 0.3826509765625 0.3741048828125 0.46539892578125 0.32530478515625 0.55026865234375 0.21709599609375 0.58421650390625
0 0.53960078125 0.50889462890625 0.4982267578125 0.4707033203125 0.51307900390625 0.41235537109375 0.53747900390625 0.38159013671875 0.5799138671875 0.38371181640625 0.64462705078125 0.43463369140625 0.59688779296875 0.51525986328125 0.53960078125 0.50889462890625
0 0.69342705078125 0.26595517578125 0.7507140625 0.2776248046875 0.74434892578125 0.31899873046875 0.7485923828125 0.348703125 0.72525322265625 0.35931181640625 0.69448798828125 0.36567705078125 0.620226953125 0.316876953125 0.69342705078125 0.26595517578125
0 0.76450546875 0.26065078125 0.8419490234375 0.255346484375 0.8663490234375 0.29990302734375 0.845131640625 0.3391552734375 0.84407080078125 0.34021611328125 0.7613228515625 0.32536396484375 0.76450546875 0.26065078125
0 0.29453955078125 0.26913779296875 0.34546142578125 0.1588072265625 0.36455703125 0.14819853515625 0.41547890625 0.1588072265625 0.4494267578125 0.192755078125 0.4685224609375 0.24155517578125 0.47276591796875 0.26913779296875 0.477009375 0.28398994140625 0.3560701171875 0.3327900390625 0.29453955078125 0.26913779296875
0 0.17572197265625 0.28505087890625 0.1682958984375 0.2394333984375 0.1629916015625 0.17259853515625 0.22027861328125 0.14501591796875 0.29135693359375 0.22245947265625 0.22982646484375 0.29353779296875 0.17572197265625 0.28505087890625
0 0.5612970703125 0.23525224609375 0.53054833984375 0.20108701171875 0.53054833984375 0.16862998046875 0.544214453125 0.1310482421875 0.59204580078125 0.1190904296875 0.62108623046875 0.13958955078125 0.64329365234375 0.17033828125 0.6279193359375 0.204503515625 0.5937541015625 0.22500263671875 0.5612970703125 0.23525224609375
0 0.6361400390625 0.17578115234375 0.63401826171875 0.08878974609375 0.68069658203125 0.05484189453125 0.79420986328125 0.1078853515625 0.75920107421875 0.23200732421875 0.6361400390625 0.17578115234375
0 0.48442529296875 0.0507599609375 0.52884013671875 0.09004990234375 0.508341015625 0.13275654296875 0.487841796875 0.16862998046875 0.44342705078125 0.16692177734375 0.4007205078125 0.1412978515625 0.38534609375 0.10029951171875 0.35459736328125 0.10029951171875 0.34947255859375 0.05759296875 0.3563056640625 0.03196904296875 0.38534609375 0.023427734375 0.4536765625 0.02513603515625 0.48442529296875 0.0507599609375
0 0.51688232421875 0.0849251953125 0.508341015625 0.03196904296875 0.50567685546875 0 0.60568369140625 0 0.61083671875 0.01488642578125 0.62279453125 0.0405103515625 0.62621103515625 0.06955078125 0.6176697265625 0.07809208984375 0.61425322265625 0.0985912109375 0.60400361328125 0.11225732421875 0.5612970703125 0.103716015625 0.51688232421875 0.0849251953125
0 0.03674794921875 0.9756779296875 0.05775888671875 0.9990234375 0 0.9990234375 0 0.972955859375 0.03674794921875 0.9756779296875
0 0.000987109375 0.03196904296875 0.02490283203125 0.01488642578125 0.05394326171875 0.0285525390625 0.04881845703125 0.05417646484375 0.0385689453125 0.07296728515625 0.04881845703125 0.0866333984375 0.0402771484375 0.0968830078125 0.0061119140625 0.0985912109375 0 0.0937017578125 0 0.03986611328125 0.000987109375 0.03196904296875
0 0.06751318359375 0.006041796875 0.059026171875 0.018772265625 0.00352568359375 0 0.07035634765625 0 0.06751318359375 0.006041796875
0 0.06433056640625 0.05378095703125 0.06565849609375 0 0.21282626953125 0 0.2245220703125 0.01346787109375 0.18845244140625 0.055902734375 0.08660888671875 0.0781810546875 0.06433056640625 0.05378095703125
0 0.32636572265625 0.0654505859375 0.240344921875 0 0.35500029296875 0 0.32636572265625 0.0654505859375