0 0.9990234375 0.99387646484375 0.9990234375 0.9990234375 0.99279287109375 0.9990234375 0.9990234375 0.99387646484375
0 0.58964765625 0.9990234375 0.46659609375 0.9990234375 0.48509384765625 0.9496962890625 0.5202990234375 0.92706435546875 0.56053349609375 0.92454970703125 0.60831201171875 0.9496962890625 0.58964765625 0.9990234375
0 0.7243005859375 0.96777041015625 0.717699609375 0.99700322265625 0.715441796875 0.9990234375 0.620691015625 0.9990234375 0.61397001953125 0.98191533203125 0.6054830078125 0.9639984375 0.613026953125 0.9319365234375 0.64791787109375 0.92250654296875 0.70921259765625 0.91213359375 0.7243005859375 0.96777041015625
0 0.28957919921875 0.96211240234375 0.2858072265625 0.96682734375 0.26977626953125 0.980029296875 0.22922744140625 0.9979462890625 0.1990515625 0.9988892578125 0.16227470703125 0.9866302734375 0.12361181640625 0.9309935546875 0.14624375 0.88290068359375 0.1933935546875 0.86309775390625 0.24337236328125 0.85461083984375 0.2876931640625 0.8668697265625 0.28957919921875 0.96211240234375
0 0.89990419921875 0.147864453125 0.84615341796875 0.07996865234375 0.902733203125 0.02055986328125 0.9904318359375 0.01207294921875 0.9990234375 0.01207294921875 0.9990234375 0.134521484375 0.89990419921875 0.147864453125
0 0 0.87971201171875 0 0.85880400390625 0.00730888671875 0.86168330078125 0 0.87971201171875
0 0.08526328125 0.20095712890625 0.06828935546875 0.20850107421875 0.043771484375 0.22358896484375 0.03622744140625 0.225475 0.004165625 0.23490498046875 0 0.2357380859375 0 0 0.05690595703125 0 0.08714931640625 0.01612978515625 0.13995712890625 0.04064765625 0.08526328125 0.20095712890625
0 0.92925498046875 0.8678421875 0.927133203125 0.8720857421875 0.87621142578125 0.9590771484375 0.82953310546875 0.98878154296875 0.81680263671875 0.98878154296875 0.7680025390625 0.9590771484375 0.73617646484375 0.88057265625 0.7743677734375 0.8147986328125 0.80407216796875 0.78933779296875 0.88469833984375 0.76387685546875 0.92925498046875 0.8678421875
0 0.4228560546875 0.84030869140625 0.39456611328125 0.849738671875 0.34930234375 0.85351064453125 0.29272255859375 0.8421947265625 0.2625466796875 0.8289927734375 0.24180068359375 0.8044748046875 0.230484765625 0.78750087890625 0.2229408203125 0.73469306640625 0.2644326171875 0.691315234375 0.27386259765625 0.67622734375 0.3719341796875 0.6705693359375 0.43417197265625 0.70828916015625 0.4756638671875 0.744123046875 0.4228560546875 0.84030869140625
0 0.2512306640625 0.55552373046875 0.256888671875 0.559295703125 0.2644326171875 0.56683974609375 0.26820458984375 0.585699609375 0.2644326171875 0.60833154296875 0.258774609375 0.62719150390625 0.2380287109375 0.65359541015625 0.2229408203125 0.69320126953125 0.21351083984375 0.7120611328125 0.18144892578125 0.74789501953125 0.15504501953125 0.757325 0.0796052734375 0.744123046875 0.08714931640625 0.72714912109375 0.08714931640625 0.6837712890625 0.070175390625 0.651709375 0.02868349609375 0.6177615234375 0.019253515625 0.59512958984375 0.0117095703125 0.58192763671875 0 0.5685453125 0 0.50946396484375 0.02679755859375 0.49517197265625 0.1060091796875 0.4914 0.1984228515625 0.50082998046875 0.2512306640625 0.55552373046875
0 0.7998287109375 0.4795634765625 0.83589833984375 0.53897216796875 0.85075048828125 0.56443310546875 0.8613591796875 0.6089896484375 0.85711572265625 0.6408158203125 0.84438525390625 0.6599115234375 0.827411328125 0.6662767578125 0.79558525390625 0.66415498046875 0.75102861328125 0.63657236328125 0.71071552734375 0.625963671875 0.70435029296875 0.625963671875 0.6873763671875 0.6195984375 0.67040244140625 0.587772265625 0.6555501953125 0.53260693359375 0.72556767578125 0.45622431640625 0.7998287109375 0.4795634765625
0 0.54544560546875 0.52723388671875 0.53224365234375 0.56023876953125 0.521870703125 0.5894716796875 0.49923876953125 0.62624853515625 0.496409765625 0.62813447265625 0.46529091796875 0.637564453125 0.4502029296875 0.65076640625 0.42851396484375 0.66585439453125 0.3775921875 0.65548134765625 0.3436443359375 0.61398955078125 0.32384140625 0.57532666015625 0.3162974609375 0.5234619140625 0.37476318359375 0.479141015625 0.47377783203125 0.449908203125 0.521870703125 0.46876806640625 0.54544560546875 0.52723388671875
0 0.13335615234375 0.38201240234375 0.1305271484375 0.34995048828125 0.152216015625 0.33014755859375 0.17484794921875 0.317888671875 0.22105478515625 0.32260361328125 0.24368671875 0.345235546875 0.25311669921875 0.3659814453125 0.21916875 0.40935927734375 0.21539677734375 0.42067529296875 0.205023828125 0.43387724609375 0.203137890625 0.43576318359375 0.1720189453125 0.4197322265625 0.13335615234375 0.38201240234375
0 0.6510611328125 0.00292783203125 0.6378591796875 0.0048138671875 0.61522734375 0.001041796875 0.58127939453125 0.0066998046875 0.5435595703125 0.01047177734375 0.5039537109375 0.001041796875 0.50166171875 0 0.65594091796875 0 0.6510611328125 0.00292783203125