0 0.5663609375 0.893213671875 0.6492333984375 0.9727712890625 0.6907513671875 0.9990234375 0.52392392578125 0.9990234375 0.5663609375 0.893213671875
0 0.42361611328125 0.94307431640625 0.44755712890625 0.97371884765625 0.45074931640625 0.98712578125 0.443408203125 0.9990234375 0.31876640625 0.9990234375 0.3214677734375 0.99159482421875 0.3284904296875 0.974995703125 0.3422166015625 0.95935419921875 0.3572197265625 0.94722412109375 0.3846720703125 0.93605166015625 0.42361611328125 0.94307431640625
0 0.52592412109375 0.9315826171875 0.52783935546875 0.93445556640625 0.53294677734375 0.95073544921875 0.52815859375 0.96126953125 0.51985908203125 0.98393369140625 0.5067712890625 0.9877642578125 0.48314951171875 0.9877642578125 0.46686962890625 0.9861681640625 0.45186650390625 0.97563408203125 0.44165166015625 0.96190791015625 0.446120703125 0.95073544921875 0.46176220703125 0.930625 0.4758076171875 0.9188140625 0.4997486328125 0.92264462890625 0.52592412109375 0.9315826171875
0 0.829576171875 0.92615595703125 0.8168076171875 0.95424677734375 0.79382421875 0.97978388671875 0.7146025390625 0.9990234375 0.700289453125 0.9990234375 0.66358505859375 0.97723017578125 0.61251083984375 0.9402013671875 0.60229599609375 0.89678837890625 0.621448828125 0.85592900390625 0.64691298828125 0.8335455078125 0.6830453125 0.79509267578125 0.7582935546875 0.797081640625 0.81425390625 0.85082158203125 0.829576171875 0.92615595703125
0 0.50868662109375 0.86710146484375 0.51155947265625 0.86614384765625 0.5220935546875 0.86039794921875 0.5240087890625 0.8613556640625 0.524647265625 0.8664630859375 0.52752021484375 0.87572021484375 0.52592412109375 0.88944638671875 0.5211359375 0.89104248046875 0.51315556640625 0.896469140625 0.504217578125 0.89934208984375 0.48187265625 0.90317265625 0.4742115234375 0.90891845703125 0.44995126953125 0.90987607421875 0.43877880859375 0.90381103515625 0.42760634765625 0.8974267578125 0.4231373046875 0.88912724609375 0.4212220703125 0.8785931640625 0.41771064453125 0.87125126953125 0.41228408203125 0.86295166015625 0.40717666015625 0.85050234375 0.4161146484375 0.83741455078125 0.43207529296875 0.8275189453125 0.44643994140625 0.82592294921875 0.46112373046875 0.83007265625 0.47899970703125 0.84220283203125 0.50868662109375 0.86710146484375
0 0.98958203125 0.97563408203125 0.98064404296875 0.98904111328125 0.95957587890625 0.9794646484375 0.935315625 0.96350400390625 0.940423046875 0.94882021484375 0.93659248046875 0.94052060546875 0.9225470703125 0.93924375 0.9085017578125 0.93094423828125 0.8931794921875 0.9111529296875 0.89637158203125 0.896469140625 0.92127021484375 0.881146875 0.9378693359375 0.86965517578125 0.97298291015625 0.848587109375 0.9990234375 0.83778974609375 0.9990234375 0.97716513671875 0.98958203125 0.97563408203125
0 0.148072265625 0.9990234375 0.022391015625 0.9990234375 0.02364140625 0.9955849609375 0.03353701171875 0.99239287109375 0.0434326171875 0.9888814453125 0.04407109375 0.98824306640625 0.044390234375 0.98600859375 0.044390234375 0.98313564453125 0.04407109375 0.9802626953125 0.04215576171875 0.97292080078125 0.04630556640625 0.96845185546875 0.0542859375 0.96430205078125 0.05907412109375 0.962067578125 0.06067021484375 0.95855615234375 0.0619470703125 0.9544064453125 0.07024658203125 0.94578759765625 0.074715625 0.9461068359375 0.08301513671875 0.95249111328125 0.088441796875 0.95759853515625 0.09354921875 0.96015224609375 0.10440244140625 0.9697287109375 0.1082330078125 0.970686328125 0.11014833984375 0.967494140625 0.1117443359375 0.96621728515625 0.1123828125 0.96557890625 0.11461728515625 0.9639828125 0.1200439453125 0.9579177734375 0.1251513671875 0.95344873046875 0.133131640625 0.95089501953125 0.14302734375 0.95919462890625 0.146538671875 0.9681326171875 0.148072265625 0.9990234375
0 0.0499765625 0.90796083984375 0.04965732421875 0.91306826171875 0.05061494140625 0.9296673828125 0.05476474609375 0.94115908203125 0.04901884765625 0.95807734375 0.0458267578125 0.96190791015625 0.040080859375 0.9692498046875 0.033058203125 0.97723017578125 0.0305044921875 0.98297607421875 0.0218857421875 0.98999873046875 0.01071328125 0.9912755859375 0.00017919921875 0.99063720703125 0 0.9905142578125 0 0.92166669921875 0.00209443359375 0.9197716796875 0.0084787109375 0.913706640625 0.01709755859375 0.90476865234375 0.02763154296875 0.89934208984375 0.0499765625 0.90796083984375
0 0.2038375 0.8664630859375 0.21277548828125 0.87476259765625 0.20575283203125 0.89104248046875 0.1993685546875 0.9006189453125 0.19745322265625 0.9108337890625 0.1920265625 0.91657958984375 0.1834078125 0.92168701171875 0.1687240234375 0.93764765625 0.14446376953125 0.94147822265625 0.13073759765625 0.9280712890625 0.12403408203125 0.91753720703125 0.11637294921875 0.9076416015625 0.108392578125 0.89678837890625 0.11381923828125 0.883062109375 0.123395703125 0.87316650390625 0.1329720703125 0.86614384765625 0.1412716796875 0.857205859375 0.15818994140625 0.8479486328125 0.1805349609375 0.85497138671875 0.2038375 0.8664630859375
0 0.184205859375 0.84571416015625 0.21804248046875 0.82847666015625 0.245494921875 0.8323072265625 0.2684783203125 0.83294560546875 0.30486865234375 0.82592294921875 0.33295947265625 0.83166875 0.34828173828125 0.84060673828125 0.34828173828125 0.85912109375 0.34764326171875 0.87572021484375 0.33487470703125 0.89104248046875 0.31955244140625 0.9101953125 0.30231494140625 0.93637080078125 0.2838005859375 0.9504162109375 0.25698662109375 0.95169306640625 0.22634208984375 0.94147822265625 0.20655078125 0.93764765625 0.20335869140625 0.935732421875 0.2020818359375 0.935732421875 0.21038134765625 0.91147216796875 0.21357353515625 0.88082763671875 0.211658203125 0.867420703125 0.2001666015625 0.85848271484375 0.18612119140625 0.86103642578125 0.184205859375 0.84571416015625
0 0 0.822497265625 0 0.59773271484375 0.01388662109375 0.59265224609375 0.03666279296875 0.59265224609375 0.09645029296875 0.6140048828125 0.127767578125 0.639628125 0.13346162109375 0.6652513671875 0.15054384765625 0.71934482421875 0.157661328125 0.76632080078125 0.142002734375 0.83180234375 0.09217978515625 0.81614375 0.0423568359375 0.81614375 0 0.822497265625