0 0.07394736328125 0.928733984375 0.08400595703125 0.9362779296875 0.116696484375 0.95890986328125 0.12172587890625 0.9840564453125 0.1223494140625 0.9990234375 0 0.9990234375 0 0.928733984375 0.07394736328125 0.928733984375
0 0.58599443359375 0.9353349609375 0.58599443359375 0.957023828125 0.575621484375 0.97965576171875 0.56619150390625 0.99380068359375 0.5564921875 0.9990234375 0.519362890625 0.9990234375 0.5105546875 0.99285771484375 0.50583974609375 0.9881427734375 0.4558609375 0.95230888671875 0.45963291015625 0.93250595703125 0.4643478515625 0.902330078125 0.470948828125 0.87781220703125 0.49358076171875 0.86649619140625 0.49923876953125 0.8693251953125 0.51998466796875 0.86649619140625 0.550160546875 0.8815841796875 0.58599443359375 0.9353349609375
0 0.7186720703125 0.8790400390625 0.75686337890625 0.81750947265625 0.83536787109375 0.80902255859375 0.86719404296875 0.8599443359375 0.86719404296875 0.90237919921875 0.86295048828125 0.919353125 0.7865677734375 0.94269228515625 0.7186720703125 0.8790400390625
0 0.6774650390625 0.8165173828125 0.68029404296875 0.8174603515625 0.68689501953125 0.8297193359375 0.69255302734375 0.8419783203125 0.7019830078125 0.85800927734375 0.709526953125 0.8693251953125 0.70764091796875 0.8834701171875 0.7019830078125 0.89384306640625 0.6906669921875 0.90610205078125 0.68500908203125 0.91930400390625 0.682180078125 0.927791015625 0.6755791015625 0.9343919921875 0.657662109375 0.9419359375 0.64163125 0.94570791015625 0.61711328125 0.94287890625 0.60013935546875 0.93250595703125 0.5699634765625 0.90044404296875 0.549217578125 0.8825271484375 0.53507265625 0.8551802734375 0.5445025390625 0.7910564453125 0.59353837890625 0.77408251953125 0.629372265625 0.7759685546875 0.6774650390625 0.8165173828125
0 0.8990201171875 0.887526953125 0.95418544921875 0.84933564453125 0.9987419921875 0.81114423828125 0.9990234375 0.81186796875 0.9990234375 0.970909765625 0.977524609375 0.987248828125 0.8990201171875 0.887526953125
0 0.939333203125 0.713013671875 0.976463671875 0.7289267578125 0.9990234375 0.748478515625 0.9990234375 0.7785171875 0.99131591796875 0.79682255859375 0.97540283203125 0.81167470703125 0.91387236328125 0.7734833984375 0.939333203125 0.713013671875
0 0.1619603515625 0.885984765625 0.14687236328125 0.928733984375 0.13681376953125 0.9262193359375 0.12926982421875 0.928733984375 0.106637890625 0.9362779296875 0.0513154296875 0.94633662109375 0 0.93234150390625 0 0.8009240234375 0.0387421875 0.76528125 0.09154990234375 0.7527080078125 0.1669896484375 0.7677958984375 0.232370703125 0.79545712890625 0.1619603515625 0.885984765625
0 0.8937158203125 0.77136162109375 0.946759375 0.80212685546875 0.95630712890625 0.8350138671875 0.9488810546875 0.8541095703125 0.90856796875 0.862596484375 0.87568095703125 0.8541095703125 0.8438548828125 0.8233443359375 0.8937158203125 0.77136162109375
0 0.4766068359375 0.8146314453125 0.4775498046875 0.8297193359375 0.46811982421875 0.8410353515625 0.42662802734375 0.83537734375 0.388908203125 0.81368837890625 0.38136416015625 0.7835125 0.38702216796875 0.75899462890625 0.4105970703125 0.7363626953125 0.44643095703125 0.72693271484375 0.48132177734375 0.73919169921875 0.4907517578125 0.76088056640625 0.4766068359375 0.8146314453125
0 0.4727267578125 0.7466080078125 0.452923828125 0.69285712890625 0.4840427734375 0.66173828125 0.56042548828125 0.6815412109375 0.585886328125 0.6942716796875 0.584471875 0.726805078125 0.5377935546875 0.767825390625 0.4727267578125 0.7466080078125
0 0.7685330078125 0.6048048828125 0.86295048828125 0.5984396484375 0.9117505859375 0.63450927734375 0.92023759765625 0.66527451171875 0.9297853515625 0.701344140625 0.90114189453125 0.7575703125 0.8990201171875 0.7596919921875 0.86931572265625 0.7819703125 0.79717646484375 0.78621376953125 0.75898515625 0.73423115234375 0.7303416015625 0.67482236328125 0.7685330078125 0.6048048828125
0 0.6897240234375 0.502499609375 0.7170708984375 0.54210546875 0.762334765625 0.59397021484375 0.7547908203125 0.61188720703125 0.73875986328125 0.63829111328125 0.735930859375 0.6712958984375 0.73310185546875 0.68732685546875 0.72272890625 0.69958583984375 0.709526953125 0.70712978515625 0.66049111328125 0.717502734375 0.63880224609375 0.71844580078125 0.59825341796875 0.70430078125 0.575621484375 0.6826119140625 0.5690205078125 0.662808984375 0.56713447265625 0.636405078125 0.55204658203125 0.59491318359375 0.5709064453125 0.544934375 0.59919638671875 0.50532861328125 0.6378591796875 0.49118359375 0.668978125 0.47232373046875 0.6897240234375 0.502499609375
0 0.38042119140625 0.590826953125 0.37727783203125 0.57259560546875 0.40179580078125 0.55436435546875 0.41939833984375 0.5505923828125 0.442658984375 0.54744912109375 0.45146025390625 0.544934375 0.46717685546875 0.55122109375 0.47283486328125 0.5612796875 0.475978125 0.5801396484375 0.47534951171875 0.5983708984375 0.4583755859375 0.6159734375 0.444544921875 0.62414609375 0.42819970703125 0.629175390625 0.40996845703125 0.63043271484375 0.39928115234375 0.6266607421875 0.39928115234375 0.61785947265625 0.38042119140625 0.590826953125
0 0.07583330078125 0.54399140625 0.05414443359375 0.5241884765625 0.06734638671875 0.4713806640625 0.1050662109375 0.4289458984375 0.11355322265625 0.40725693359375 0.123926171875 0.397826953125 0.16541796875 0.3827390625 0.203137890625 0.3921689453125 0.2172828125 0.40819990234375 0.23425673828125 0.42611689453125 0.2446296875 0.4421478515625 0.255945703125 0.46760869140625 0.255945703125 0.4958986328125 0.26726162109375 0.51853046875 0.28140654296875 0.54210546875 0.29649453125 0.568509375 0.27480556640625 0.6034001953125 0.25500263671875 0.62791806640625 0.21351083984375 0.637348046875 0.1710759765625 0.62037412109375 0.16258896484375 0.61377314453125 0.10789521484375 0.57133828125 0.07583330078125 0.54399140625
0 0.690028515625 0.464769921875 0.74201123046875 0.40005673828125 0.790811328125 0.39156982421875 0.83324609375 0.4308220703125 0.86082880859375 0.4679525390625 0.85764619140625 0.514630859375 0.86613310546875 0.55600478515625 0.86613310546875 0.563430859375 0.8374896484375 0.5920744140625 0.81096787109375 0.61223095703125 0.76004599609375 0.588891796875 0.72079384765625 0.56555263671875 0.690028515625 0.464769921875
0 0.01359560546875 0.40725693359375 0.02868349609375 0.4166869140625 0.043771484375 0.43460380859375 0.045657421875 0.451577734375 0.03622744140625 0.47232373046875 0.0249115234375 0.48552568359375 0.00888056640625 0.4968416015625 0 0.500474609375 0 0.408422265625 0.01359560546875 0.40725693359375
0 0.95418544921875 0.6578484375 0.9990234375 0.6279564453125 0.9990234375 0.75185888671875 0.9743419921875 0.7416572265625 0.95418544921875 0.6578484375
0 0.8735591796875 0.34807412109375 0.91387236328125 0.3109435546875 0.94782021484375 0.326856640625 0.9990234375 0.3655203125 0.9990234375 0.60280244140625 0.96373330078125 0.62496142578125 0.92235927734375 0.63344833984375 0.90644619140625 0.6323875 0.8809853515625 0.6048048828125 0.852341796875 0.5485787109375 0.8735591796875 0.34807412109375
0 0.964794140625 0.18894345703125 0.9990234375 0.18736357421875 0.9990234375 0.35605458984375 0.976463671875 0.34064794921875 0.96585498046875 0.34064794921875 0.95100283203125 0.33428271484375 0.9297853515625 0.2801783203125 0.964794140625 0.18894345703125
0 0.99096552734375 0 0.9990234375 0 0.9990234375 0.177334765625 0.95736806640625 0.15446513671875 0.92235927734375 0.11415205078125 0.914933203125 0.10460419921875 0.92023759765625 0.07277802734375 0.99096552734375 0
0 0.63880224609375 0.357278125 0.6227712890625 0.38651103515625 0.59353837890625 0.3893400390625 0.53978759765625 0.35916416015625 0.50772568359375 0.317672265625 0.5294146484375 0.28183837890625 0.55393251953125 0.263921484375 0.59165244140625 0.2563775390625 0.62088525390625 0.2705224609375 0.63408720703125 0.30541328125 0.63880224609375 0.357278125
0 0.02679755859375 0.212056640625 0.0513154296875 0.22620166015625 0.06734638671875 0.2573205078125 0.06263134765625 0.30729931640625 0.05414443359375 0.33558916015625 0.04188544921875 0.357278125 0.00322265625 0.37425205078125 0 0.37511142578125 0 0.215246875 0.02679755859375 0.212056640625
0 0.63880224609375 0.1988546875 0.64257421875 0.17999482421875 0.65389013671875 0.14793291015625 0.684066015625 0.11775703125 0.69538203125 0.091353125 0.7161279296875 0.08758115234375 0.75761982421875 0.10832705078125 0.77459375 0.15359091796875 0.7840236328125 0.17622275390625 0.79345361328125 0.18942470703125 0.80288359375 0.210170703125 0.80476962890625 0.22903056640625 0.7840236328125 0.2516625 0.76704970703125 0.27429443359375 0.7557337890625 0.3120142578125 0.73121591796875 0.3120142578125 0.655776171875 0.27429443359375 0.63880224609375 0.1988546875
0 0.25261953125 0.119762890625 0.29532607421875 0.0804728515625 0.331199609375 0.09755546875 0.3380326171875 0.12659599609375 0.3329078125 0.14880341796875 0.34144912109375 0.18296865234375 0.32436650390625 0.21884208984375 0.2850765625 0.22909169921875 0.26116083984375 0.188093359375 0.23895341796875 0.1590529296875 0.25261953125 0.119762890625
0 0.24085771484375 0.0583482421875 0.232370703125 0.06872119140625 0.20879580078125 0.10738408203125 0.1984228515625 0.1262439453125 0.17390498046875 0.1394458984375 0.1305271484375 0.14698994140625 0.11355322265625 0.1375599609375 0.0909212890625 0.1243580078125 0.08149130859375 0.1111560546875 0.08054833984375 0.0970111328125 0.0786623046875 0.08098017578125 0.0786623046875 0.06117724609375 0.06828935546875 0.04326025390625 0.05508740234375 0.01402744140625 0.0501365234375 0 0.21964013671875 0 0.24085771484375 0.0583482421875
0 0.25311669921875 0.0196853515625 0.23800927734375 0 0.376858203125 0 0.37664921875 0.0045974609375 0.3841931640625 0.02911533203125 0.3719341796875 0.04986123046875 0.32006943359375 0.06777822265625 0.3030955078125 0.06966416015625 0.2719765625 0.0658921875 0.26820458984375 0.04891826171875 0.25311669921875 0.0196853515625