0 0.1610814453125 0.9990234375 0.06270458984375 0.9990234375 0.068230859375 0.96981279296875 0.08237587890625 0.9396369140625 0.10972275390625 0.93114990234375 0.13329765625 0.9330359375 0.16441650390625 0.95566787109375 0.1610814453125 0.9990234375
0 0.46240341796875 0.8330783203125 0.4737193359375 0.8481662109375 0.4737193359375 0.86325419921875 0.47937734375 0.87645615234375 0.4850353515625 0.9009740234375 0.492579296875 0.92926396484375 0.49446533203125 0.9537818359375 0.4869212890625 0.9650978515625 0.46994736328125 0.9915017578125 0.4685146484375 0.9990234375 0.30363974609375 0.9990234375 0.2926640625 0.98961572265625 0.279462109375 0.974527734375 0.253058203125 0.9405798828125 0.25117216796875 0.8990880859375 0.27569013671875 0.8858861328125 0.30397998046875 0.8745701171875 0.34169990234375 0.8745701171875 0.46240341796875 0.8330783203125
0 0.67426328125 0.97342763671875 0.60385283203125 0.9801333984375 0.6005 0.84937119140625 0.65414599609375 0.8057837890625 0.76479091796875 0.71525615234375 0.81173125 0.70519755859375 0.96261064453125 0.82925390625 0.9089646484375 0.97007470703125 0.67426328125 0.97342763671875
0 0.98199443359375 0.65013701171875 0.9923673828125 0.60393017578125 0.9990234375 0.5942021484375 0.9990234375 0.70500283203125 0.997082421875 0.70388779296875 0.98199443359375 0.65013701171875
0 0.98608076171875 0.66161015625 0.96261064453125 0.7320205078125 0.91567041015625 0.7320205078125 0.784908203125 0.68843310546875 0.76814384765625 0.6079640625 0.848612890625 0.46714326171875 0.922376171875 0.423555859375 0.9990234375 0.46954423828125 0.9990234375 0.59925 0.98608076171875 0.66161015625
0 0.30574501953125 0.88227412109375 0.29175849609375 0.877644140625 0.26842958984375 0.8590705078125 0.26095107421875 0.84512373046875 0.25812470703125 0.82651630859375 0.25529365234375 0.80511708984375 0.25527216796875 0.792088671875 0.23849130859375 0.78839384765625 0.21050732421875 0.77261962890625 0.2011466796875 0.7475087890625 0.1852517578125 0.7158943359375 0.17496826171875 0.69636865234375 0.172125 0.66752451171875 0.192570703125 0.63305849609375 0.22420107421875 0.59950458984375 0.25025224609375 0.57340478515625 0.25860126953125 0.55012587890625 0.2697154296875 0.50823037109375 0.28552451171875 0.48773095703125 0.2901580078125 0.47190302734375 0.292929296875 0.4570087890625 0.3068990234375 0.4514021484375 0.32835029296875 0.461603515625 0.3432826171875 0.47460732421875 0.35258193359375 0.462494140625 0.3768212890625 0.468037890625 0.4029322265625 0.4782314453125 0.425321484375 0.4921537109375 0.45423583984375 0.506995703125 0.48035595703125 0.52277294921875 0.5008798828125 0.535767578125 0.5074263671875 0.54971591796875 0.5009412109375 0.57299169921875 0.484191015625 0.587908984375 0.46837431640625 0.6037552734375 0.45162412109375 0.61867255859375 0.45165478515625 0.63728466796875 0.45450419921875 0.66985107421875 0.45452724609375 0.68381015625 0.4526970703125 0.7042865234375 0.44714384765625 0.7275607421875 0.44996416015625 0.74244580078125 0.45464375 0.7545359375 0.452808984375 0.77222041015625 0.4407169921875 0.7861994140625 0.42116484375 0.79739892578125 0.40906044921875 0.80393310546875 0.3894869140625 0.80210419921875 0.383916796875 0.815141796875 0.38395205078125 0.836545703125 0.36164091796875 0.8700841796875 0.30574501953125 0.88227412109375
0 0.05078544921875 0.45729423828125 0.0621013671875 0.47143916015625 0.06398740234375 0.50444404296875 0.0621013671875 0.52424697265625 0.04418447265625 0.56479580078125 0.03758349609375 0.57516875 0.03003955078125 0.57611181640625 0.00929365234375 0.57611181640625 0 0.574046484375 0 0.42878310546875 0.05078544921875 0.45729423828125
0 0.3289169921875 0.23914775390625 0.406033203125 0.2056189453125 0.4663849609375 0.2324419921875 0.53344248046875 0.3062052734375 0.52003095703125 0.3900271484375 0.479796484375 0.45708466796875 0.406033203125 0.45708466796875 0.3188583984375 0.46714326171875 0.27862392578125 0.44702607421875 0.305446875 0.33302822265625 0.3289169921875 0.23914775390625
0 0.65414599609375 0.42020302734375 0.58038271484375 0.329675390625 0.54350107421875 0.22238330078125 0.63067587890625 0.16203154296875 0.73126220703125 0.13856142578125 0.7983197265625 0.18550166015625 0.7714966796875 0.265970703125 0.7614380859375 0.29614658203125 0.79161396484375 0.33302822265625 0.74467373046875 0.43361455078125 0.65414599609375 0.42020302734375
0 0.11768583984375 0.276029296875 0.14115595703125 0.18550166015625 0.22497783203125 0.11173837890625 0.29538828125 0.1217970703125 0.33562275390625 0.18885458984375 0.332269921875 0.24920634765625 0.29874111328125 0.32296962890625 0.23838935546875 0.33638115234375 0.11768583984375 0.276029296875
0 0.77820244140625 0.26261787109375 0.81508408203125 0.2156775390625 0.784908203125 0.09162119140625 0.86202431640625 0.02456357421875 0.932434765625 0.01450498046875 0.9990234375 0.0398720703125 0.9990234375 0.3134771484375 0.97602216796875 0.33302822265625 0.84190712890625 0.35649833984375 0.77820244140625 0.26261787109375
0 0.848612890625 0.00779921875 0.8451166015625 0 0.9990234375 0 0.9990234375 0.0270005859375 0.848612890625 0.00779921875
0 0.52086923828125 0.01832939453125 0.492579296875 0.03153134765625 0.4586314453125 0.03341728515625 0.4341134765625 0.03153134765625 0.38884970703125 0.016443359375 0.360559765625 0.00135546875 0.35935927734375 0 0.53919853515625 0 0.52086923828125 0.01832939453125