0 0.10586181640625 0.95542275390625 0.1780009765625 0.92147490234375 0.2289228515625 0.90874443359375 0.26499248046875 0.91510966796875 0.29894033203125 0.94269228515625 0.33076640625 0.96390966796875 0.349862109375 0.98937060546875 0.3450357421875 0.9990234375 0.1236984375 0.9990234375 0.10586181640625 0.95542275390625
0 0.6023494140625 0.87479658203125 0.6023494140625 0.82811826171875 0.6829755859375 0.80902255859375 0.748749609375 0.825996484375 0.79754970703125 0.84933564453125 0.8336193359375 0.8917705078125 0.8336193359375 0.9342052734375 0.82937578125 0.95542275390625 0.81876708984375 0.98088369140625 0.79754970703125 0.99573583984375 0.78828466796875 0.9990234375 0.65090859375 0.9990234375 0.6405408203125 0.98937060546875 0.6023494140625 0.87479658203125
0 0 0.8905083984375 0 0.8859021484375 0.05281826171875 0.84933564453125 0.0973748046875 0.81114423828125 0.12707919921875 0.887526953125 0.1292009765625 0.9469357421875 0.076157421875 0.987248828125 0 0.8905083984375
0 0.037966015625 0.713013671875 0.075096484375 0.7289267578125 0.10692265625 0.75650947265625 0.08994873046875 0.79682255859375 0.07403564453125 0.81167470703125 0.01250517578125 0.7734833984375 0.037966015625 0.713013671875
0 0.0453921875 0.80212685546875 0.05493994140625 0.8350138671875 0.0475138671875 0.8541095703125 0.00720078125 0.862596484375 0 0.86073828125 0 0.7757994140625 0.0453921875 0.80212685546875
0 0.0103833984375 0.63450927734375 0.01887041015625 0.66527451171875 0.0284181640625 0.701344140625 0 0.75712802734375 0 0.6268345703125 0.0103833984375 0.63450927734375
0 0.98744560546875 0.59313525390625 0.9990234375 0.59112177734375 0.9990234375 0.60419853515625 0.98744560546875 0.59313525390625
0 0.9990234375 0.43368095703125 0.9990234375 0.52131572265625 0.97524560546875 0.51250908203125 0.96304560546875 0.4981873046875 0.99381083984375 0.4361263671875 0.9990234375 0.43368095703125
0 0.05281826171875 0.6578484375 0.10692265625 0.62177880859375 0.16845322265625 0.64723974609375 0.18967060546875 0.688613671875 0.19285322265625 0.726805078125 0.187548828125 0.751205078125 0.15254013671875 0.77454423828125 0.0729748046875 0.7416572265625 0.05281826171875 0.6578484375
0 0.56415810546875 0.57138740234375 0.65114951171875 0.50985693359375 0.74662783203125 0.54380478515625 0.81664541015625 0.57563095703125 0.81028017578125 0.6668658203125 0.8017931640625 0.7050572265625 0.76360185546875 0.7453703125 0.65539296875 0.76870947265625 0.65327119140625 0.77083115234375 0.6023494140625 0.7347615234375 0.56415810546875 0.57138740234375
0 0.01250517578125 0.3109435546875 0.04645302734375 0.326856640625 0.09843564453125 0.36610888671875 0.1281400390625 0.39687412109375 0.1599662109375 0.4074828125 0.1907314453125 0.43188291015625 0.187548828125 0.44991767578125 0.16739228515625 0.4923525390625 0.15784443359375 0.52099609375 0.1599662109375 0.54539609375 0.1408705078125 0.57085703125 0.10798349609375 0.59631787109375 0.06236611328125 0.62496142578125 0.02099208984375 0.63344833984375 0.00507900390625 0.6323875 0 0.62688525390625 0 0.3224615234375 0.01250517578125 0.3109435546875
0 0.8023236328125 0.4297611328125 0.84369755859375 0.38838720703125 0.8956802734375 0.38838720703125 0.936523828125 0.40960458984375 0.9386455078125 0.44355244140625 0.922732421875 0.4706046875 0.898862890625 0.4923525390625 0.87234111328125 0.50349169921875 0.85324541015625 0.4865177734375 0.8023236328125 0.4297611328125
0 0.38593173828125 0.46211767578125 0.362592578125 0.4557525390625 0.33925341796875 0.45999599609375 0.30848818359375 0.4239263671875 0.31060986328125 0.3984654296875 0.3350099609375 0.36982197265625 0.374262109375 0.3242044921875 0.41351435546875 0.29450009765625 0.45064482421875 0.31571748046875 0.473983984375 0.38467412109375 0.487775390625 0.45044814453125 0.44215791015625 0.5172830078125 0.38593173828125 0.46211767578125
0 0.586966796875 0.34170888671875 0.63099296875 0.31943056640625 0.65539296875 0.31890009765625 0.674488671875 0.3358740234375 0.67607998046875 0.36027412109375 0.6649408203125 0.377778515625 0.636827734375 0.39369150390625 0.586966796875 0.34170888671875
0 0.69994951171875 0.3183697265625 0.736019140625 0.29821318359375 0.786410546875 0.30086533203125 0.80497578125 0.31943056640625 0.80338447265625 0.35656103515625 0.7901236328125 0.376717578125 0.724349609375 0.376717578125 0.69994951171875 0.3183697265625
0 0.063426953125 0.18894345703125 0.13238359375 0.18576083984375 0.1970966796875 0.19424775390625 0.19815751953125 0.1178650390625 0.25650546875 0.11362158203125 0.29894033203125 0.1242302734375 0.33182734375 0.14438681640625 0.3403142578125 0.17939560546875 0.31167080078125 0.227134765625 0.30530556640625 0.26638701171875 0.33076640625 0.28760439453125 0.3403142578125 0.31624794921875 0.3403142578125 0.31943056640625 0.338192578125 0.3236740234375 0.28620986328125 0.302456640625 0.25544462890625 0.33534365234375 0.23104453125 0.357621875 0.2161923828125 0.357621875 0.15147919921875 0.35019580078125 0.1292009765625 0.37247412109375 0.11859228515625 0.37035234375 0.075096484375 0.34064794921875 0.06448779296875 0.34064794921875 0.04963564453125 0.33428271484375 0.0284181640625 0.2801783203125 0.063426953125 0.18894345703125
0 0.71904521484375 0.2361521484375 0.72010615234375 0.18204775390625 0.7710279296875 0.13006513671875 0.81240185546875 0.089751953125 0.85271494140625 0.14173466796875 0.87181064453125 0.1682564453125 0.8962107421875 0.190534765625 0.91530634765625 0.20963037109375 0.91530634765625 0.22023916015625 0.88772373046875 0.25736962890625 0.835741015625 0.28176962890625 0.71904521484375 0.2361521484375
0 0.08959833984375 0 0.200279296875 0 0.200279296875 0.04837802734375 0.17057490234375 0.10884765625 0.13344443359375 0.16613466796875 0.1101052734375 0.18416953125 0.05600087890625 0.15446513671875 0.02099208984375 0.11415205078125 0.013566015625 0.10460419921875 0.01887041015625 0.07277802734375 0.08959833984375 0
0 0.95031513671875 0.32314365234375 0.9768369140625 0.26055224609375 0.9990234375 0.2517541015625 0.9990234375 0.4051033203125 0.9832021484375 0.401648046875 0.95031513671875 0.32314365234375
0 0.97895859375 0.07914326171875 0.97153251953125 0.08020419921875 0.943048828125 0 0.9990234375 0 0.9990234375 0.08415947265625 0.97895859375 0.07914326171875
0 0.72566240234375 0 0.77517314453125 0 0.76254091796875 0.0186736328125 0.74132353515625 0.01336923828125 0.72566240234375 0