0 0.26430478515625 0.972828515625 0.32979208984375 0.9990234375 0.24443271484375 0.9990234375 0.26430478515625 0.972828515625
0 0.6865314453125 0.9505501953125 0.696079296875 0.98343720703125 0.68926025390625 0.9990234375 0.598599609375 0.9990234375 0.595296484375 0.998289453125 0.59741826171875 0.9632806640625 0.6292443359375 0.93675888671875 0.6865314453125 0.9505501953125
0 0.5931748046875 0.86886318359375 0.61545302734375 0.9441849609375 0.60590517578125 0.960098046875 0.5804443359375 0.985558984375 0.51679208984375 0.997228515625 0.49769638671875 0.947367578125 0.50936591796875 0.8762892578125 0.5931748046875 0.86886318359375
0 0.22611337890625 0.9516111328125 0.1433654296875 0.89008056640625 0.19853076171875 0.7882369140625 0.283400390625 0.786115234375 0.34705263671875 0.8009673828125 0.3810005859375 0.873106640625 0.41919189453125 0.92827197265625 0.33856572265625 0.97070673828125 0.22611337890625 0.9516111328125
0 0.3937310546875 0.847645703125 0.434044140625 0.747923828125 0.51042685546875 0.7458021484375 0.54013125 0.76914130859375 0.54649638671875 0.8391587890625 0.46587021484375 0.89644580078125 0.3937310546875 0.847645703125
0 0.183678515625 0.747923828125 0.1815568359375 0.7521673828125 0.15821767578125 0.76489775390625 0.11790458984375 0.82218486328125 0.0945654296875 0.85613271484375 0.06061748046875 0.8455240234375 0.01181748046875 0.79672392578125 0 0.78899716796875 0 0.61788671875 0.01818271484375 0.5951583984375 0.06698271484375 0.55696708984375 0.13912197265625 0.6142541015625 0.17731328125 0.673662890625 0.183678515625 0.747923828125
0 0.0160609375 0.42329736328125 0.06061748046875 0.44239296875 0.0744087890625 0.4646712890625 0.0563740234375 0.485888671875 0.0404609375 0.50710615234375 0.02348701171875 0.5145322265625 0 0.521758984375 0 0.424062109375 0.0160609375 0.42329736328125
0 0.08607841796875 0.02653154296875 0.096687109375 0.081696875 0.035156640625 0.149592578125 0 0.1706865234375 0 0 0.069610546875 0 0.08607841796875 0.02653154296875
0 0.583626953125 0.3522189453125 0.59953994140625 0.3034189453125 0.633487890625 0.286444921875 0.65682705078125 0.3331232421875 0.66531396484375 0.3554015625 0.6356095703125 0.37555810546875 0.583626953125 0.3522189453125
0 0.3994392578125 0.23787841796875 0.44043759765625 0.23275361328125 0.46093671875 0.26521064453125 0.495101953125 0.261794140625 0.5361001953125 0.2464197265625 0.541225 0.29254287109375 0.517309375 0.33354111328125 0.49681025390625 0.34379072265625 0.45239541015625 0.3489154296875 0.416521875 0.3352494140625 0.39773095703125 0.31133369140625 0.39602275390625 0.27716845703125 0.3994392578125 0.23787841796875
0 0.345991796875 0.2217318359375 0.345991796875 0.23870576171875 0.3438701171875 0.24825361328125 0.3406875 0.25674052734375 0.3311396484375 0.2715927734375 0.3237134765625 0.27583623046875 0.31628740234375 0.281140625 0.29825263671875 0.2906884765625 0.2802177734375 0.300236328125 0.25051337890625 0.2906884765625 0.24733076171875 0.274775390625 0.259000390625 0.2312796875 0.2876439453125 0.20687958984375 0.345991796875 0.2217318359375
0 0.345991796875 0.14853173828125 0.34705263671875 0.150653515625 0.35447880859375 0.16444482421875 0.35447880859375 0.16762744140625 0.35660048828125 0.17293173828125 0.36296572265625 0.19308828125 0.36296572265625 0.20475791015625 0.35978310546875 0.212183984375 0.3555396484375 0.21854921875 0.34174833984375 0.22067099609375 0.3364439453125 0.21748837890625 0.31628740234375 0.2036970703125 0.3120439453125 0.2036970703125 0.2993134765625 0.20157529296875 0.27915693359375 0.20581875 0.26006123046875 0.20475791015625 0.265365625 0.18035791015625 0.283400390625 0.15807958984375 0.296130859375 0.1474708984375 0.345991796875 0.14853173828125
0 0.49981806640625 0.20794052734375 0.4923919921875 0.1464099609375 0.55604423828125 0.1092794921875 0.6143921875 0.12625341796875 0.61969658203125 0.1782361328125 0.6175748046875 0.21854921875 0.582566015625 0.25674052734375 0.49981806640625 0.20794052734375
0 0.022426171875 0.22915791015625 0.009695703125 0.18035791015625 0.03940009765625 0.11882734375 0.0818349609375 0.10715771484375 0.1370001953125 0.125192578125 0.17625244140625 0.136862109375 0.1126001953125 0.25674052734375 0.022426171875 0.22915791015625
0 0.7226009765625 0.19202744140625 0.7045662109375 0.1039751953125 0.79367939453125 0.06472294921875 0.832931640625 0.04880986328125 0.86263603515625 0.09548818359375 0.8796099609375 0.1156447265625 0.8796099609375 0.16656650390625 0.8668794921875 0.18566220703125 0.81277509765625 0.21006220703125 0.7226009765625 0.19202744140625
0 0.34705263671875 0.1315578125 0.36084404296875 0.087001171875 0.40433974609375 0.03607939453125 0.42555712890625 0.01061845703125 0.4488962890625 0.01910546875 0.46268759765625 0.038201171875 0.47647890625 0.06047939453125 0.4902703125 0.08275771484375 0.50193984375 0.10715771484375 0.50193984375 0.1092794921875 0.50724423828125 0.12625341796875 0.5146703125 0.14853173828125 0.5146703125 0.16020126953125 0.51042685546875 0.17929697265625 0.4934529296875 0.20794052734375 0.482844140625 0.21748837890625 0.47541806640625 0.2217318359375 0.38842666015625 0.18035791015625 0.34705263671875 0.1315578125
0 0.3056787109375 0.12307080078125 0.30037431640625 0.1283751953125 0.29507001953125 0.13580126953125 0.284461328125 0.14216650390625 0.27067001953125 0.1464099609375 0.25475693359375 0.136862109375 0.22293076171875 0.10821865234375 0.20171337890625 0.0785142578125 0.1815568359375 0.03926201171875 0.1741306640625 0.0095576171875 0.19266669921875 0 0.25293408203125 0 0.3056787109375 0.12307080078125
0 0.266782421875 0 0.38969580078125 0 0.39691357421875 0.01804462890625 0.3873658203125 0.06154033203125 0.3619048828125 0.09442734375 0.3396265625 0.125192578125 0.3396265625 0.14853173828125 0.31628740234375 0.1559578125 0.283400390625 0.06472294921875 0.266782421875 0
0 0.894462109375 0.97388935546875 0.96447958984375 0.99086328125 0.97012890625 0.9990234375 0.86147373046875 0.9990234375 0.894462109375 0.97388935546875
0 0.94326220703125 0.947367578125 0.9990234375 0.9424953125 0.9990234375 0.9990234375 0.96377255859375 0.9990234375 0.94326220703125 0.947367578125
0 0.7915576171875 0.82112392578125 0.88067080078125 0.81688046875 0.8912794921875 0.84128046875 0.88067080078125 0.88689794921875 0.857331640625 0.910237109375 0.84035771484375 0.91554150390625 0.7798880859375 0.86568056640625 0.7915576171875 0.82112392578125
0 0.688653125 0.62486279296875 0.79686201171875 0.64395849609375 0.80853154296875 0.7076107421875 0.82762724609375 0.77232392578125 0.81171416015625 0.8200630859375 0.73427060546875 0.8455240234375 0.64940087890625 0.81900224609375 0.6239400390625 0.810515234375 0.62606171875 0.72140205078125 0.688653125 0.62486279296875
0 0.22611337890625 0.6885150390625 0.23884384765625 0.6269845703125 0.29825263671875 0.58030625 0.3682701171875 0.60364541015625 0.41070498046875 0.6142541015625 0.4298005859375 0.6524455078125 0.43828759765625 0.68214990234375 0.334322265625 0.76489775390625 0.22611337890625 0.6885150390625
0 0.55922685546875 0.58454970703125 0.645157421875 0.58454970703125 0.6727400390625 0.61637587890625 0.62181826171875 0.6768455078125 0.59741826171875 0.7203412109375 0.583626953125 0.74049775390625 0.56347041015625 0.6948802734375 0.55922685546875 0.58454970703125
0 0.1560958984375 0.6078888671875 0.14548720703125 0.5463583984375 0.20701767578125 0.5145322265625 0.2367220703125 0.51028876953125 0.2749134765625 0.52938447265625 0.283400390625 0.56545400390625 0.24520908203125 0.62274111328125 0.1560958984375 0.6078888671875
0 0.7851923828125 0.58454970703125 0.77458369140625 0.6142541015625 0.73745322265625 0.61001064453125 0.71305322265625 0.5962193359375 0.695018359375 0.5707583984375 0.6918357421875 0.549541015625 0.71835751953125 0.50074091796875 0.76609677734375 0.52620185546875 0.7851923828125 0.58454970703125
0 0.63517939453125 0.4821599609375 0.67788603515625 0.50265908203125 0.69155205078125 0.5573234375 0.67276123046875 0.57782255859375 0.6420125 0.567573046875 0.60613896484375 0.5726978515625 0.5702654296875 0.57611435546875 0.52585068359375 0.56073994140625 0.50364326171875 0.53169951171875 0.5531828125 0.51461689453125 0.57880673828125 0.49753427734375 0.63517939453125 0.4821599609375
0 0.5361001953125 0.40699638671875 0.5583076171875 0.4326203125 0.55489111328125 0.47361865234375 0.5463498046875 0.50436728515625 0.51047626953125 0.52144990234375 0.4660615234375 0.545365625 0.4284796875 0.53682431640625 0.3994392578125 0.50436728515625 0.3994392578125 0.46507734375 0.43531279296875 0.47020205078125 0.46435322265625 0.442869921875 0.49681025390625 0.39503857421875 0.5361001953125 0.40699638671875
0 0.21974814453125 0.480584375 0.19004375 0.48482783203125 0.16033935546875 0.50392353515625 0.1157828125 0.50074091796875 0.0807740234375 0.46785390625 0.11472197265625 0.3967755859375 0.1815568359375 0.387227734375 0.21974814453125 0.480584375
0 0.41310537109375 0.35233203125 0.4438541015625 0.34379072265625 0.49339365234375 0.39503857421875 0.46947802734375 0.43603681640625 0.4336044921875 0.47361865234375 0.40285576171875 0.4616607421875 0.37381533203125 0.45311943359375 0.358441015625 0.4274955078125 0.38064833984375 0.4087046875 0.36869052734375 0.37795595703125 0.41310537109375 0.35233203125
0 0.32053095703125 0.28007978515625 0.37569619140625 0.26310576171875 0.3926701171875 0.2779580078125 0.4117658203125 0.31614931640625 0.42873974609375 0.34479287109375 0.42661796875 0.36070595703125 0.39160927734375 0.387227734375 0.3300787109375 0.41693212890625 0.2993134765625 0.3564625 0.32053095703125 0.28007978515625
0 0.76291416015625 0.5399931640625 0.7724619140625 0.48482783203125 0.8382359375 0.46785390625 0.9135578125 0.5018017578125 0.90188818359375 0.5399931640625 0.832931640625 0.585610546875 0.76291416015625 0.5399931640625
0 0.9888796875 0.00743583984375 0.99898486328125 0 0.9990234375 0 0.9990234375 0.0733705078125 0.9888796875 0.00743583984375